 -4.259517060942557E-017
 -3.442450770890175E-017
 -2.784929969427903E-017
 -2.262781097678452E-017
 -1.843611586746253E-017
 -1.508082589529476E-017
 -1.239756085991563E-017
 -1.025094883161233E-017
 -8.534626151324781E-018
 -7.161568007094743E-018
 -6.064088434065802E-018
 -5.184170890932468E-018
 -4.483137683491074E-018
 -3.922311117537959E-018
 -3.472199451242831E-018
 -3.112013423971218E-018
 -2.823864602153929E-018
 -2.593732321642133E-018
 -2.409529802997188E-018
 -2.262071093845722E-018
 -2.144104126524550E-018
 -2.049827246903121E-018
 -1.974405743205978E-018
 -1.913971846012754E-018
 -1.865624728258176E-018
 -1.817277610503597E-018
 -1.768930492749018E-018
 -1.720583374994439E-018
 -1.672575875674148E-018
 -1.625247480891432E-018
 -1.578597797744688E-018
 -1.532626180012470E-018
 -1.487331735424080E-018
 -1.442713332824471E-018
 -1.398769609233622E-018
 -1.355498976800560E-018
 -1.312899629652221E-018
 -1.270969550637431E-018
 -1.229706517966252E-018
 -1.189108111745041E-018
 -1.149171720407537E-018
 -1.109894547042379E-018
 -1.071273615617446E-018
 -1.033305777101462E-018
 -9.867593237050114E-019
 -9.300831076079687E-019
 -8.614249685843958E-019
 -7.788946891175019E-019
 -6.809270616237556E-019
 -5.664697773931056E-019
 -4.354438414087795E-019
 -2.893062267397375E-019
 -1.329297173666782E-019
  2.495286132812055E-020
  1.703378095193517E-019
  2.854577635300310E-019
  3.499886145858335E-019
  3.475263254321437E-019
  2.777077465976855E-019
  1.650804568356288E-019
  5.631040094730787E-020
 -5.241044378885235E-021
 -1.422858756218240E-020
 -3.468384139124960E-021
  6.618733209415690E-022
  7.853593990157753E-023
 -1.376735657101729E-023
