  1.720583374994440E-018
  1.720583374994440E-018
  1.720583374994440E-018
  1.720583374994440E-018
  1.720583374994440E-018
  1.720583374994440E-018
  1.720583374994440E-018
  1.720583374994440E-018
  1.720583374994440E-018
  1.720583374994440E-018
  1.720583374994440E-018
  1.720583374994440E-018
  1.720583374994440E-018
  1.720583374994440E-018
  1.720583374994440E-018
  1.720583374994440E-018
  1.720583374994440E-018
  1.720583374994440E-018
  1.720583374994440E-018
  1.720583374994440E-018
  1.720583374994440E-018
  1.720583374994440E-018
  1.720583374994440E-018
  1.720583374994440E-018
  1.720583374994440E-018
  1.720583374994440E-018
  1.720583374994440E-018
  1.720583374994440E-018
  1.720246915389057E-018
  1.719250126952653E-018
  1.717611694199505E-018
  1.715350033707607E-018
  1.712483294373554E-018
  1.709029357764556E-018
  1.705005838564772E-018
  1.700430085113163E-018
  1.695319180030121E-018
  1.689689940930183E-018
  1.683558921218149E-018
  1.676942410965996E-018
  1.669856437867999E-018
  1.662316768271532E-018
  1.654338908281037E-018
  1.645938104932712E-018
  1.634865147332905E-018
  1.620195463469639E-018
  1.600607833055882E-018
  1.574288188675075E-018
  1.538835089703377E-018
  1.491072348026283E-018
  1.426905118486206E-018
  1.341184054749867E-018
  1.228511570153089E-018
  1.083889964875218E-018
  9.052430753016015E-019
  6.950191466148165E-019
  4.647944879253197E-019
  2.410627388767208E-019
  5.844968889309309E-020
 -4.949910717145104E-020
 -7.320663158136423E-020
 -4.202246850709196E-020
 -7.257604034285320E-021
  3.208083839009142E-021
  7.970711285109671E-022
 -1.316590963359916E-022
  3.747187890935096E-024
