1.000000e+02 
1.000000e+02 
1.000000e+02 
1.000000e+02 
1.000000e+02 
1.000000e+02 
1.000000e+02 
1.000000e+02 
1.000000e+02 
1.000000e+02 
1.000000e+02 
1.000000e+02 
1.000000e+02 
1.000000e+02 
1.000000e+02 
1.000000e+02 
1.000000e+02 
1.000000e+02 
1.000000e+02 
1.000000e+02 
1.000000e+02 
1.000000e+02 
1.000000e+02 
1.000000e+02 
1.000000e+02 
1.000000e+02 
1.000000e+02 
1.000000e+02 
1.000000e+02 
1.000000e+02 
1.000000e+02 
1.000000e+02 
1.000000e+02 
1.000000e+02 
1.000000e+02 
1.000000e+02 
1.000000e+02 
1.000000e+02 
1.000000e+02 
1.000000e+02 
1.000000e+02 
1.000000e+02 
1.000000e+02 
1.000000e+02 
1.000000e+02 
1.000000e+02 
1.000000e+02 
1.000000e+02 
1.000000e+02 
1.000000e+02 
1.000000e+02 
1.000000e+02 
1.000000e+02 
1.000000e+02 
1.000000e+02 
1.000000e+02 
1.000000e+02 
1.000000e+02 
1.000000e+02 
1.000000e+02 
1.000000e+02 
1.000000e+02 
1.000000e+02 
1.000000e+02 
1.000000e+02 
1.000000e+02 

1.000000e+02 
1.000000e+02 
1.000000e+02 
1.000000e+02 
1.000000e+02 
1.000000e+02 
1.000000e+02 
1.000000e+02 
1.000000e+02 
1.000000e+02 
1.000000e+02 
1.000000e+02 
1.000000e+02 
1.000000e+02 
1.000000e+02 
1.000000e+02 
1.000000e+02 
1.000000e+02 
1.000000e+02 
1.000000e+02 
1.000000e+02 
1.000000e+02 
1.000000e+02 
1.000000e+02 
1.000000e+02 
1.000000e+02 
1.000000e+02 
1.000000e+02 
1.000000e+02 
1.000000e+02 
1.000000e+02 
1.000000e+02 
1.000000e+02 
1.000000e+02 
1.000000e+02 
1.000000e+02 
1.000000e+02 
1.000000e+02 
1.000000e+02 
1.000000e+02 
1.000000e+02 
1.000000e+02 
1.000000e+02 
1.000000e+02 
1.000000e+02 
1.000000e+02 
1.000000e+02 
1.000000e+02 
1.000000e+02 
1.000000e+02 
1.000000e+02 
1.000000e+02 
1.000000e+02 
1.000000e+02 
1.000000e+02 
1.000000e+02 
1.000000e+02 
1.000000e+02 
1.000000e+02 
1.000000e+02 
1.000000e+02 
1.000000e+02 
1.000000e+02 
1.000000e+02 
1.000000e+02 
1.000000e+02 

1.000000e+02 
1.000000e+02 
1.000000e+02 
1.000000e+02 
1.000000e+02 
1.000000e+02 
1.000000e+02 
1.000000e+02 
9.999999e+01 
9.999999e+01 
9.999999e+01 
9.999999e+01 
9.999999e+01 
9.999999e+01 
9.999999e+01 
9.999999e+01 
9.999999e+01 
9.999999e+01 
9.999999e+01 
9.999999e+01 
9.999999e+01 
9.999999e+01 
9.999999e+01 
9.999999e+01 
9.999999e+01 
9.999999e+01 
9.999999e+01 
9.999999e+01 
9.999999e+01 
9.999999e+01 
9.999999e+01 
9.999999e+01 
9.999999e+01 
9.999999e+01 
9.999999e+01 
9.999999e+01 
9.999999e+01 
9.999999e+01 
9.999999e+01 
9.999999e+01 
9.999999e+01 
9.999999e+01 
9.999999e+01 
9.999999e+01 
9.999999e+01 
9.999999e+01 
9.999999e+01 
9.999999e+01 
9.999999e+01 
9.999999e+01 
9.999999e+01 
9.999999e+01 
9.999999e+01 
9.999999e+01 
9.999999e+01 
9.999999e+01 
9.999999e+01 
9.999999e+01 
1.000000e+02 
1.000000e+02 
1.000000e+02 
1.000000e+02 
1.000000e+02 
1.000000e+02 
1.000000e+02 
1.000000e+02 

1.000000e+02 
1.000000e+02 
1.000000e+02 
1.000000e+02 
1.000000e+02 
9.999999e+01 
9.999999e+01 
9.999999e+01 
9.999999e+01 
9.999999e+01 
9.999999e+01 
9.999999e+01 
9.999999e+01 
9.999999e+01 
9.999999e+01 
9.999999e+01 
9.999999e+01 
9.999999e+01 
9.999999e+01 
9.999999e+01 
9.999999e+01 
9.999999e+01 
9.999999e+01 
9.999999e+01 
9.999999e+01 
9.999999e+01 
9.999999e+01 
9.999999e+01 
9.999999e+01 
9.999999e+01 
9.999999e+01 
9.999999e+01 
9.999999e+01 
9.999999e+01 
9.999999e+01 
9.999999e+01 
9.999999e+01 
9.999999e+01 
9.999999e+01 
9.999999e+01 
9.999999e+01 
9.999999e+01 
9.999999e+01 
9.999999e+01 
9.999999e+01 
9.999999e+01 
9.999999e+01 
9.999999e+01 
9.999999e+01 
9.999999e+01 
9.999999e+01 
9.999999e+01 
9.999999e+01 
9.999999e+01 
9.999999e+01 
9.999999e+01 
9.999999e+01 
9.999999e+01 
9.999999e+01 
9.999999e+01 
9.999999e+01 
1.000000e+02 
1.000000e+02 
1.000000e+02 
1.000000e+02 
1.000000e+02 

1.000000e+02 
1.000000e+02 
1.000000e+02 
1.000000e+02 
9.999999e+01 
9.999999e+01 
9.999999e+01 
9.999999e+01 
9.999999e+01 
9.999999e+01 
9.999999e+01 
1.000000e+02 
1.000000e+02 
1.000000e+02 
1.000000e+02 
1.000000e+02 
1.000000e+02 
1.000000e+02 
1.000000e+02 
1.000000e+02 
1.000000e+02 
1.000000e+02 
1.000000e+02 
1.000000e+02 
1.000000e+02 
1.000000e+02 
1.000000e+02 
1.000000e+02 
1.000000e+02 
1.000000e+02 
1.000000e+02 
1.000000e+02 
1.000000e+02 
1.000000e+02 
1.000000e+02 
1.000000e+02 
1.000000e+02 
1.000000e+02 
1.000000e+02 
1.000000e+02 
1.000000e+02 
1.000000e+02 
1.000000e+02 
1.000000e+02 
1.000000e+02 
1.000000e+02 
1.000000e+02 
1.000000e+02 
1.000000e+02 
1.000000e+02 
1.000000e+02 
1.000000e+02 
1.000000e+02 
1.000000e+02 
1.000000e+02 
9.999999e+01 
9.999999e+01 
9.999999e+01 
9.999999e+01 
9.999999e+01 
9.999999e+01 
9.999999e+01 
1.000000e+02 
1.000000e+02 
1.000000e+02 
1.000000e+02 

1.000000e+02 
1.000000e+02 
1.000000e+02 
9.999999e+01 
9.999999e+01 
9.999998e+01 
9.999998e+01 
9.999999e+01 
1.000000e+02 
1.000000e+02 
1.000000e+02 
1.000000e+02 
1.000000e+02 
1.000001e+02 
1.000001e+02 
1.000001e+02 
1.000001e+02 
1.000001e+02 
1.000001e+02 
1.000001e+02 
1.000001e+02 
1.000001e+02 
1.000001e+02 
1.000001e+02 
1.000001e+02 
1.000001e+02 
1.000001e+02 
1.000001e+02 
1.000001e+02 
1.000001e+02 
1.000001e+02 
1.000001e+02 
1.000001e+02 
1.000001e+02 
1.000001e+02 
1.000001e+02 
1.000001e+02 
1.000001e+02 
1.000001e+02 
1.000001e+02 
1.000001e+02 
1.000001e+02 
1.000001e+02 
1.000001e+02 
1.000001e+02 
1.000001e+02 
1.000001e+02 
1.000001e+02 
1.000001e+02 
1.000001e+02 
1.000001e+02 
1.000001e+02 
1.000001e+02 
1.000000e+02 
1.000000e+02 
1.000000e+02 
1.000000e+02 
1.000000e+02 
9.999999e+01 
9.999998e+01 
9.999998e+01 
9.999999e+01 
9.999999e+01 
1.000000e+02 
1.000000e+02 
1.000000e+02 

1.000000e+02 
1.000000e+02 
1.000000e+02 
9.999999e+01 
9.999998e+01 
9.999997e+01 
9.999997e+01 
9.999999e+01 
1.000000e+02 
1.000001e+02 
1.000001e+02 
1.000002e+02 
1.000002e+02 
1.000002e+02 
1.000002e+02 
1.000002e+02 
1.000003e+02 
1.000003e+02 
1.000003e+02 
1.000003e+02 
1.000003e+02 
1.000003e+02 
1.000003e+02 
1.000003e+02 
1.000003e+02 
1.000003e+02 
1.000003e+02 
1.000003e+02 
1.000003e+02 
1.000003e+02 
1.000003e+02 
1.000003e+02 
1.000003e+02 
1.000003e+02 
1.000003e+02 
1.000003e+02 
1.000003e+02 
1.000003e+02 
1.000003e+02 
1.000003e+02 
1.000003e+02 
1.000003e+02 
1.000003e+02 
1.000003e+02 
1.000003e+02 
1.000003e+02 
1.000003e+02 
1.000003e+02 
1.000003e+02 
1.000003e+02 
1.000003e+02 
1.000002e+02 
1.000002e+02 
1.000002e+02 
1.000002e+02 
1.000001e+02 
1.000001e+02 
1.000000e+02 
9.999999e+01 
9.999997e+01 
9.999997e+01 
9.999998e+01 
9.999999e+01 
1.000000e+02 
1.000000e+02 
1.000000e+02 

1.000000e+02 
1.000000e+02 
1.000000e+02 
9.999999e+01 
9.999997e+01 
9.999995e+01 
9.999994e+01 
9.999997e+01 
1.000000e+02 
1.000001e+02 
1.000003e+02 
1.000004e+02 
1.000005e+02 
1.000006e+02 
1.000006e+02 
1.000007e+02 
1.000007e+02 
1.000007e+02 
1.000007e+02 
1.000008e+02 
1.000008e+02 
1.000008e+02 
1.000008e+02 
1.000008e+02 
1.000008e+02 
1.000008e+02 
1.000008e+02 
1.000008e+02 
1.000008e+02 
1.000008e+02 
1.000008e+02 
1.000008e+02 
1.000008e+02 
1.000008e+02 
1.000008e+02 
1.000008e+02 
1.000008e+02 
1.000008e+02 
1.000008e+02 
1.000008e+02 
1.000008e+02 
1.000008e+02 
1.000008e+02 
1.000008e+02 
1.000008e+02 
1.000008e+02 
1.000008e+02 
1.000008e+02 
1.000007e+02 
1.000007e+02 
1.000007e+02 
1.000006e+02 
1.000006e+02 
1.000005e+02 
1.000004e+02 
1.000003e+02 
1.000002e+02 
1.000001e+02 
9.999998e+01 
9.999995e+01 
9.999995e+01 
9.999997e+01 
9.999999e+01 
1.000000e+02 
1.000000e+02 
1.000000e+02 

1.000000e+02 
1.000000e+02 
1.000000e+02 
9.999999e+01 
9.999996e+01 
9.999993e+01 
9.999991e+01 
9.999993e+01 
1.000000e+02 
1.000002e+02 
1.000005e+02 
1.000007e+02 
1.000010e+02 
1.000012e+02 
1.000014e+02 
1.000016e+02 
1.000017e+02 
1.000017e+02 
1.000018e+02 
1.000018e+02 
1.000018e+02 
1.000018e+02 
1.000019e+02 
1.000019e+02 
1.000019e+02 
1.000019e+02 
1.000019e+02 
1.000019e+02 
1.000019e+02 
1.000019e+02 
1.000019e+02 
1.000019e+02 
1.000019e+02 
1.000019e+02 
1.000019e+02 
1.000019e+02 
1.000019e+02 
1.000019e+02 
1.000019e+02 
1.000019e+02 
1.000019e+02 
1.000019e+02 
1.000019e+02 
1.000019e+02 
1.000019e+02 
1.000018e+02 
1.000018e+02 
1.000018e+02 
1.000017e+02 
1.000017e+02 
1.000016e+02 
1.000015e+02 
1.000013e+02 
1.000010e+02 
1.000008e+02 
1.000005e+02 
1.000002e+02 
1.000000e+02 
9.999994e+01 
9.999992e+01 
9.999994e+01 
9.999996e+01 
9.999999e+01 
1.000000e+02 
1.000000e+02 
1.000000e+02 

1.000000e+02 
1.000000e+02 
1.000000e+02 
9.999998e+01 
9.999996e+01 
9.999991e+01 
9.999987e+01 
9.999986e+01 
9.999994e+01 
1.000002e+02 
1.000006e+02 
1.000011e+02 
1.000017e+02 
1.000023e+02 
1.000028e+02 
1.000031e+02 
1.000034e+02 
1.000036e+02 
1.000038e+02 
1.000039e+02 
1.000040e+02 
1.000040e+02 
1.000041e+02 
1.000041e+02 
1.000041e+02 
1.000041e+02 
1.000041e+02 
1.000042e+02 
1.000042e+02 
1.000042e+02 
1.000042e+02 
1.000042e+02 
1.000042e+02 
1.000042e+02 
1.000042e+02 
1.000042e+02 
1.000042e+02 
1.000042e+02 
1.000042e+02 
1.000042e+02 
1.000041e+02 
1.000041e+02 
1.000041e+02 
1.000041e+02 
1.000040e+02 
1.000040e+02 
1.000039e+02 
1.000038e+02 
1.000037e+02 
1.000035e+02 
1.000032e+02 
1.000029e+02 
1.000024e+02 
1.000018e+02 
1.000012e+02 
1.000007e+02 
1.000002e+02 
9.999997e+01 
9.999988e+01 
9.999988e+01 
9.999992e+01 
9.999996e+01 
9.999998e+01 
1.000000e+02 
1.000000e+02 
1.000000e+02 

1.000000e+02 
1.000000e+02 
1.000000e+02 
9.999998e+01 
9.999995e+01 
9.999990e+01 
9.999983e+01 
9.999978e+01 
9.999980e+01 
1.000000e+02 
1.000005e+02 
1.000014e+02 
1.000025e+02 
1.000037e+02 
1.000048e+02 
1.000058e+02 
1.000065e+02 
1.000071e+02 
1.000075e+02 
1.000078e+02 
1.000080e+02 
1.000082e+02 
1.000083e+02 
1.000084e+02 
1.000085e+02 
1.000085e+02 
1.000086e+02 
1.000086e+02 
1.000086e+02 
1.000087e+02 
1.000087e+02 
1.000087e+02 
1.000087e+02 
1.000087e+02 
1.000087e+02 
1.000087e+02 
1.000087e+02 
1.000087e+02 
1.000086e+02 
1.000086e+02 
1.000086e+02 
1.000085e+02 
1.000085e+02 
1.000084e+02 
1.000083e+02 
1.000081e+02 
1.000079e+02 
1.000076e+02 
1.000072e+02 
1.000067e+02 
1.000059e+02 
1.000050e+02 
1.000039e+02 
1.000027e+02 
1.000015e+02 
1.000006e+02 
1.000001e+02 
9.999984e+01 
9.999979e+01 
9.999984e+01 
9.999990e+01 
9.999995e+01 
9.999998e+01 
1.000000e+02 
1.000000e+02 
1.000000e+02 

1.000000e+02 
1.000000e+02 
1.000000e+02 
9.999998e+01 
9.999995e+01 
9.999989e+01 
9.999980e+01 
9.999969e+01 
9.999963e+01 
9.999974e+01 
1.000002e+02 
1.000013e+02 
1.000030e+02 
1.000051e+02 
1.000074e+02 
1.000096e+02 
1.000114e+02 
1.000129e+02 
1.000140e+02 
1.000148e+02 
1.000155e+02 
1.000159e+02 
1.000162e+02 
1.000164e+02 
1.000166e+02 
1.000168e+02 
1.000169e+02 
1.000171e+02 
1.000172e+02 
1.000173e+02 
1.000174e+02 
1.000174e+02 
1.000174e+02 
1.000174e+02 
1.000174e+02 
1.000174e+02 
1.000173e+02 
1.000173e+02 
1.000172e+02 
1.000171e+02 
1.000169e+02 
1.000168e+02 
1.000166e+02 
1.000164e+02 
1.000161e+02 
1.000157e+02 
1.000151e+02 
1.000143e+02 
1.000132e+02 
1.000118e+02 
1.000099e+02 
1.000078e+02 
1.000054e+02 
1.000032e+02 
1.000015e+02 
1.000004e+02 
9.999982e+01 
9.999967e+01 
9.999971e+01 
9.999980e+01 
9.999989e+01 
9.999995e+01 
9.999998e+01 
1.000000e+02 
1.000000e+02 
1.000000e+02 

1.000000e+02 
1.000000e+02 
1.000000e+02 
9.999998e+01 
9.999995e+01 
9.999988e+01 
9.999977e+01 
9.999962e+01 
9.999945e+01 
9.999938e+01 
9.999967e+01 
1.000007e+02 
1.000027e+02 
1.000059e+02 
1.000100e+02 
1.000142e+02 
1.000183e+02 
1.000217e+02 
1.000245e+02 
1.000266e+02 
1.000282e+02 
1.000294e+02 
1.000303e+02 
1.000309e+02 
1.000314e+02 
1.000319e+02 
1.000323e+02 
1.000327e+02 
1.000330e+02 
1.000333e+02 
1.000335e+02 
1.000336e+02 
1.000337e+02 
1.000337e+02 
1.000337e+02 
1.000336e+02 
1.000334e+02 
1.000332e+02 
1.000329e+02 
1.000326e+02 
1.000322e+02 
1.000318e+02 
1.000313e+02 
1.000307e+02 
1.000299e+02 
1.000287e+02 
1.000272e+02 
1.000251e+02 
1.000224e+02 
1.000190e+02 
1.000149e+02 
1.000106e+02 
1.000065e+02 
1.000032e+02 
1.000010e+02 
9.999984e+01 
9.999947e+01 
9.999949e+01 
9.999963e+01 
9.999978e+01 
9.999988e+01 
9.999995e+01 
9.999998e+01 
1.000000e+02 
1.000000e+02 
1.000000e+02 

1.000000e+02 
1.000000e+02 
1.000000e+02 
9.999998e+01 
9.999994e+01 
9.999987e+01 
9.999975e+01 
9.999956e+01 
9.999929e+01 
9.999902e+01 
9.999897e+01 
9.999960e+01 
1.000016e+02 
1.000054e+02 
1.000113e+02 
1.000186e+02 
1.000263e+02 
1.000336e+02 
1.000399e+02 
1.000450e+02 
1.000490e+02 
1.000520e+02 
1.000542e+02 
1.000559e+02 
1.000573e+02 
1.000586e+02 
1.000597e+02 
1.000607e+02 
1.000616e+02 
1.000623e+02 
1.000628e+02 
1.000632e+02 
1.000634e+02 
1.000635e+02 
1.000633e+02 
1.000630e+02 
1.000626e+02 
1.000620e+02 
1.000612e+02 
1.000603e+02 
1.000592e+02 
1.000580e+02 
1.000567e+02 
1.000551e+02 
1.000530e+02 
1.000501e+02 
1.000462e+02 
1.000411e+02 
1.000349e+02 
1.000276e+02 
1.000198e+02 
1.000123e+02 
1.000062e+02 
1.000021e+02 
9.999993e+01 
9.999915e+01 
9.999911e+01 
9.999933e+01 
9.999957e+01 
9.999975e+01 
9.999987e+01 
9.999994e+01 
9.999998e+01 
1.000000e+02 
1.000000e+02 
1.000000e+02 

1.000000e+02 
1.000000e+02 
1.000000e+02 
9.999998e+01 
9.999994e+01 
9.999987e+01 
9.999973e+01 
9.999951e+01 
9.999917e+01 
9.999870e+01 
9.999826e+01 
9.999826e+01 
9.999955e+01 
1.000033e+02 
1.000103e+02 
1.000207e+02 
1.000335e+02 
1.000470e+02 
1.000598e+02 
1.000709e+02 
1.000800e+02 
1.000871e+02 
1.000926e+02 
1.000968e+02 
1.001003e+02 
1.001036e+02 
1.001065e+02 
1.001091e+02 
1.001114e+02 
1.001132e+02 
1.001147e+02 
1.001157e+02 
1.001163e+02 
1.001164e+02 
1.001160e+02 
1.001152e+02 
1.001140e+02 
1.001123e+02 
1.001102e+02 
1.001078e+02 
1.001050e+02 
1.001019e+02 
1.000986e+02 
1.000945e+02 
1.000892e+02 
1.000821e+02 
1.000732e+02 
1.000621e+02 
1.000493e+02 
1.000356e+02 
1.000226e+02 
1.000117e+02 
1.000043e+02 
1.000002e+02 
9.999861e+01 
9.999844e+01 
9.999879e+01 
9.999920e+01 
9.999952e+01 
9.999974e+01 
9.999987e+01 
9.999994e+01 
9.999998e+01 
1.000000e+02 
1.000000e+02 
1.000000e+02 

1.000000e+02 
1.000000e+02 
1.000000e+02 
9.999998e+01 
9.999994e+01 
9.999986e+01 
9.999972e+01 
9.999948e+01 
9.999907e+01 
9.999844e+01 
9.999762e+01 
9.999690e+01 
9.999706e+01 
9.999960e+01 
1.000064e+02 
1.000188e+02 
1.000366e+02 
1.000582e+02 
1.000809e+02 
1.001025e+02 
1.001213e+02 
1.001369e+02 
1.001494e+02 
1.001591e+02 
1.001674e+02 
1.001753e+02 
1.001825e+02 
1.001890e+02 
1.001947e+02 
1.001994e+02 
1.002031e+02 
1.002057e+02 
1.002071e+02 
1.002074e+02 
1.002064e+02 
1.002043e+02 
1.002010e+02 
1.001967e+02 
1.001914e+02 
1.001852e+02 
1.001783e+02 
1.001707e+02 
1.001627e+02 
1.001531e+02 
1.001409e+02 
1.001254e+02 
1.001066e+02 
1.000850e+02 
1.000620e+02 
1.000399e+02 
1.000213e+02 
1.000082e+02 
1.000008e+02 
9.999774e+01 
9.999725e+01 
9.999780e+01 
9.999852e+01 
9.999910e+01 
9.999949e+01 
9.999973e+01 
9.999987e+01 
9.999994e+01 
9.999998e+01 
1.000000e+02 
1.000000e+02 
1.000000e+02 

1.000000e+02 
1.000000e+02 
1.000000e+02 
9.999998e+01 
9.999994e+01 
9.999986e+01 
9.999972e+01 
9.999946e+01 
9.999900e+01 
9.999825e+01 
9.999711e+01 
9.999568e+01 
9.999453e+01 
9.999513e+01 
9.999996e+01 
1.000119e+02 
1.000328e+02 
1.000622e+02 
1.000972e+02 
1.001338e+02 
1.001686e+02 
1.001992e+02 
1.002248e+02 
1.002456e+02 
1.002638e+02 
1.002814e+02 
1.002980e+02 
1.003133e+02 
1.003268e+02 
1.003382e+02 
1.003471e+02 
1.003534e+02 
1.003568e+02 
1.003573e+02 
1.003548e+02 
1.003494e+02 
1.003413e+02 
1.003307e+02 
1.003179e+02 
1.003033e+02 
1.002872e+02 
1.002701e+02 
1.002522e+02 
1.002317e+02 
1.002063e+02 
1.001757e+02 
1.001408e+02 
1.001036e+02 
1.000678e+02 
1.000373e+02 
1.000152e+02 
1.000021e+02 
9.999640e+01 
9.999522e+01 
9.999602e+01 
9.999727e+01 
9.999832e+01 
9.999903e+01 
9.999947e+01 
9.999972e+01 
9.999986e+01 
9.999994e+01 
9.999998e+01 
1.000000e+02 
1.000000e+02 
1.000000e+02 

1.000000e+02 
1.000000e+02 
1.000000e+02 
9.999998e+01 
9.999994e+01 
9.999986e+01 
9.999971e+01 
9.999944e+01 
9.999895e+01 
9.999811e+01 
9.999672e+01 
9.999469e+01 
9.999227e+01 
9.999059e+01 
9.999220e+01 
1.000011e+02 
1.000213e+02 
1.000552e+02 
1.001014e+02 
1.001555e+02 
1.002116e+02 
1.002648e+02 
1.003120e+02 
1.003520e+02 
1.003884e+02 
1.004246e+02 
1.004598e+02 
1.004929e+02 
1.005228e+02 
1.005485e+02 
1.005690e+02 
1.005835e+02 
1.005913e+02 
1.005922e+02 
1.005861e+02 
1.005734e+02 
1.005545e+02 
1.005302e+02 
1.005015e+02 
1.004694e+02 
1.004351e+02 
1.003994e+02 
1.003635e+02 
1.003237e+02 
1.002765e+02 
1.002229e+02 
1.001660e+02 
1.001106e+02 
1.000626e+02 
1.000269e+02 
1.000048e+02 
9.999450e+01 
9.999188e+01 
9.999293e+01 
9.999500e+01 
9.999686e+01 
9.999817e+01 
9.999898e+01 
9.999945e+01 
9.999971e+01 
9.999986e+01 
9.999994e+01 
9.999998e+01 
1.000000e+02 
1.000000e+02 
1.000000e+02 

1.000000e+02 
1.000000e+02 
1.000000e+02 
9.999998e+01 
9.999994e+01 
9.999986e+01 
9.999971e+01 
9.999943e+01 
9.999892e+01 
9.999800e+01 
9.999643e+01 
9.999392e+01 
9.999040e+01 
9.998650e+01 
9.998432e+01 
9.998810e+01 
1.000037e+02 
1.000365e+02 
1.000888e+02 
1.001578e+02 
1.002369e+02 
1.003182e+02 
1.003951e+02 
1.004638e+02 
1.005290e+02 
1.005966e+02 
1.006645e+02 
1.007304e+02 
1.007917e+02 
1.008456e+02 
1.008893e+02 
1.009204e+02 
1.009373e+02 
1.009389e+02 
1.009253e+02 
1.008971e+02 
1.008561e+02 
1.008046e+02 
1.007453e+02 
1.006809e+02 
1.006140e+02 
1.005471e+02 
1.004821e+02 
1.004134e+02 
1.003358e+02 
1.002533e+02 
1.001723e+02 
1.001008e+02 
1.000456e+02 
1.000100e+02 
9.999213e+01 
9.998665e+01 
9.998774e+01 
9.999102e+01 
9.999420e+01 
9.999655e+01 
9.999806e+01 
9.999894e+01 
9.999944e+01 
9.999971e+01 
9.999986e+01 
9.999994e+01 
9.999998e+01 
1.000000e+02 
1.000000e+02 
1.000000e+02 

1.000000e+02 
1.000000e+02 
1.000000e+02 
9.999998e+01 
9.999994e+01 
9.999986e+01 
9.999971e+01 
9.999942e+01 
9.999890e+01 
9.999793e+01 
9.999622e+01 
9.999334e+01 
9.998894e+01 
9.998309e+01 
9.997718e+01 
9.997494e+01 
9.998289e+01 
1.000090e+02 
1.000597e+02 
1.001361e+02 
1.002334e+02 
1.003422e+02 
1.004528e+02 
1.005572e+02 
1.006615e+02 
1.007743e+02 
1.008925e+02 
1.010117e+02 
1.011263e+02 
1.012299e+02 
1.013160e+02 
1.013782e+02 
1.014120e+02 
1.014148e+02 
1.013863e+02 
1.013289e+02 
1.012473e+02 
1.011472e+02 
1.010354e+02 
1.009181e+02 
1.008010e+02 
1.006886e+02 
1.005840e+02 
1.004788e+02 
1.003665e+02 
1.002551e+02 
1.001544e+02 
1.000740e+02 
1.000194e+02 
9.998971e+01 
9.997904e+01 
9.997944e+01 
9.998425e+01 
9.998950e+01 
9.999360e+01 
9.999633e+01 
9.999798e+01 
9.999891e+01 
9.999943e+01 
9.999971e+01 
9.999986e+01 
9.999994e+01 
9.999998e+01 
1.000000e+02 
1.000000e+02 
1.000000e+02 

1.000000e+02 
1.000000e+02 
1.000000e+02 
9.999998e+01 
9.999994e+01 
9.999986e+01 
9.999970e+01 
9.999942e+01 
9.999888e+01 
9.999788e+01 
9.999607e+01 
9.999292e+01 
9.998784e+01 
9.998039e+01 
9.997116e+01 
9.996295e+01 
9.996188e+01 
9.997721e+01 
1.000187e+02 
1.000925e+02 
1.001976e+02 
1.003262e+02 
1.004667e+02 
1.006074e+02 
1.007558e+02 
1.009240e+02 
1.011084e+02 
1.013026e+02 
1.014969e+02 
1.016785e+02 
1.018334e+02 
1.019476e+02 
1.020100e+02 
1.020141e+02 
1.019599e+02 
1.018531e+02 
1.017045e+02 
1.015279e+02 
1.013373e+02 
1.011452e+02 
1.009616e+02 
1.007932e+02 
1.006437e+02 
1.005010e+02 
1.003573e+02 
1.002243e+02 
1.001140e+02 
1.000348e+02 
9.998828e+01 
9.996886e+01 
9.996698e+01 
9.997331e+01 
9.998147e+01 
9.998834e+01 
9.999315e+01 
9.999616e+01 
9.999792e+01 
9.999889e+01 
9.999942e+01 
9.999971e+01 
9.999986e+01 
9.999994e+01 
9.999998e+01 
1.000000e+02 
1.000000e+02 
1.000000e+02 

1.000000e+02 
1.000000e+02 
1.000000e+02 
9.999998e+01 
9.999994e+01 
9.999986e+01 
9.999970e+01 
9.999941e+01 
9.999887e+01 
9.999784e+01 
9.999596e+01 
9.999262e+01 
9.998702e+01 
9.997832e+01 
9.996635e+01 
9.995277e+01 
9.994268e+01 
9.994526e+01 
9.997232e+01 
1.000342e+02 
1.001350e+02 
1.002706e+02 
1.004300e+02 
1.005995e+02 
1.007882e+02 
1.010129e+02 
1.012714e+02 
1.015566e+02 
1.018543e+02 
1.021433e+02 
1.023973e+02 
1.025886e+02 
1.026938e+02 
1.026996e+02 
1.026055e+02 
1.024244e+02 
1.021790e+02 
1.018966e+02 
1.016033e+02 
1.013203e+02 
1.010620e+02 
1.008361e+02 
1.006450e+02 
1.004720e+02 
1.003076e+02 
1.001659e+02 
1.000582e+02 
9.998953e+01 
9.995663e+01 
9.994958e+01 
9.995663e+01 
9.996835e+01 
9.997930e+01 
9.998747e+01 
9.999282e+01 
9.999604e+01 
9.999788e+01 
9.999888e+01 
9.999942e+01 
9.999971e+01 
9.999986e+01 
9.999994e+01 
9.999998e+01 
1.000000e+02 
1.000000e+02 
1.000000e+02 

1.000000e+02 
1.000000e+02 
1.000000e+02 
9.999998e+01 
9.999994e+01 
9.999986e+01 
9.999970e+01 
9.999941e+01 
9.999886e+01 
9.999782e+01 
9.999588e+01 
9.999239e+01 
9.998641e+01 
9.997676e+01 
9.996259e+01 
9.994450e+01 
9.992621e+01 
9.991598e+01 
9.992616e+01 
9.996994e+01 
1.000561e+02 
1.001851e+02 
1.003488e+02 
1.005336e+02 
1.007508e+02 
1.010222e+02 
1.013504e+02 
1.017299e+02 
1.021441e+02 
1.025623e+02 
1.029419e+02 
1.032344e+02 
1.033970e+02 
1.034042e+02 
1.032557e+02 
1.029761e+02 
1.026075e+02 
1.021974e+02 
1.017885e+02 
1.014111e+02 
1.010825e+02 
1.008085e+02 
1.005875e+02 
1.003975e+02 
1.002269e+02 
1.000899e+02 
9.999540e+01 
9.994387e+01 
9.992731e+01 
9.993289e+01 
9.994815e+01 
9.996445e+01 
9.997766e+01 
9.998682e+01 
9.999257e+01 
9.999596e+01 
9.999785e+01 
9.999887e+01 
9.999942e+01 
9.999970e+01 
9.999986e+01 
9.999994e+01 
9.999998e+01 
1.000000e+02 
1.000000e+02 
1.000000e+02 

1.000000e+02 
1.000000e+02 
1.000000e+02 
9.999998e+01 
9.999994e+01 
9.999986e+01 
9.999970e+01 
9.999941e+01 
9.999885e+01 
9.999780e+01 
9.999582e+01 
9.999223e+01 
9.998596e+01 
9.997559e+01 
9.995971e+01 
9.993796e+01 
9.991267e+01 
9.989070e+01 
9.988389e+01 
9.990678e+01 
9.997162e+01 
1.000834e+02 
1.002378e+02 
1.004229e+02 
1.006523e+02 
1.009532e+02 
1.013345e+02 
1.017967e+02 
1.023239e+02 
1.028778e+02 
1.033972e+02 
1.038068e+02 
1.040369e+02 
1.040452e+02 
1.038313e+02 
1.034370e+02 
1.029310e+02 
1.023872e+02 
1.018662e+02 
1.014061e+02 
1.010234e+02 
1.007186e+02 
1.004837e+02 
1.002917e+02 
1.001287e+02 
1.000074e+02 
9.993302e+01 
9.990165e+01 
9.990179e+01 
9.991907e+01 
9.994139e+01 
9.996144e+01 
9.997641e+01 
9.998633e+01 
9.999239e+01 
9.999589e+01 
9.999783e+01 
9.999886e+01 
9.999941e+01 
9.999970e+01 
9.999986e+01 
9.999994e+01 
9.999998e+01 
1.000000e+02 
1.000000e+02 
1.000000e+02 

1.000000e+02 
1.000000e+02 
1.000000e+02 
9.999998e+01 
9.999994e+01 
9.999986e+01 
9.999970e+01 
9.999941e+01 
9.999885e+01 
9.999779e+01 
9.999578e+01 
9.999210e+01 
9.998560e+01 
9.997462e+01 
9.995729e+01 
9.993233e+01 
9.990066e+01 
9.986740e+01 
9.984308e+01 
9.984244e+01 
9.988002e+01 
9.996479e+01 
1.000968e+02 
1.002673e+02 
1.004916e+02 
1.008012e+02 
1.012142e+02 
1.017404e+02 
1.023700e+02 
1.030605e+02 
1.037315e+02 
1.042744e+02 
1.045832e+02 
1.045917e+02 
1.043005e+02 
1.037752e+02 
1.031207e+02 
1.024428e+02 
1.018208e+02 
1.012966e+02 
1.008810e+02 
1.005657e+02 
1.003342e+02 
1.001550e+02 
1.000127e+02 
9.991698e+01 
9.986889e+01 
9.986058e+01 
9.987808e+01 
9.990670e+01 
9.993552e+01 
9.995888e+01 
9.997537e+01 
9.998593e+01 
9.999225e+01 
9.999584e+01 
9.999781e+01 
9.999886e+01 
9.999941e+01 
9.999970e+01 
9.999986e+01 
9.999994e+01 
9.999998e+01 
1.000000e+02 
1.000000e+02 
1.000000e+02 

1.000000e+02 
1.000000e+02 
1.000000e+02 
9.999998e+01 
9.999994e+01 
9.999986e+01 
9.999970e+01 
9.999941e+01 
9.999884e+01 
9.999777e+01 
9.999574e+01 
9.999198e+01 
9.998526e+01 
9.997373e+01 
9.995503e+01 
9.992697e+01 
9.988892e+01 
9.984389e+01 
9.980031e+01 
9.977193e+01 
9.977444e+01 
9.982018e+01 
9.991381e+01 
1.000509e+02 
1.002473e+02 
1.005373e+02 
1.009490e+02 
1.015056e+02 
1.022096e+02 
1.030213e+02 
1.038432e+02 
1.045282e+02 
1.049231e+02 
1.049314e+02 
1.045545e+02 
1.038902e+02 
1.030890e+02 
1.022935e+02 
1.015983e+02 
1.010431e+02 
1.006270e+02 
1.003290e+02 
1.001232e+02 
9.997553e+01 
9.986986e+01 
9.981183e+01 
9.979805e+01 
9.981720e+01 
9.985398e+01 
9.989453e+01 
9.992988e+01 
9.995646e+01 
9.997440e+01 
9.998557e+01 
9.999211e+01 
9.999579e+01 
9.999779e+01 
9.999885e+01 
9.999941e+01 
9.999970e+01 
9.999986e+01 
9.999994e+01 
9.999998e+01 
1.000000e+02 
1.000000e+02 
1.000000e+02 

1.000000e+02 
1.000000e+02 
1.000000e+02 
9.999998e+01 
9.999994e+01 
9.999986e+01 
9.999970e+01 
9.999941e+01 
9.999884e+01 
9.999776e+01 
9.999570e+01 
9.999188e+01 
9.998497e+01 
9.997293e+01 
9.995296e+01 
9.992197e+01 
9.987772e+01 
9.982081e+01 
9.975685e+01 
9.969738e+01 
9.965777e+01 
9.965255e+01 
9.969057e+01 
9.977235e+01 
9.991211e+01 
1.001425e+02 
1.004995e+02 
1.010197e+02 
1.017219e+02 
1.025763e+02 
1.034751e+02 
1.042434e+02 
1.046942e+02 
1.047034e+02 
1.042735e+02 
1.035299e+02 
1.026560e+02 
1.018208e+02 
1.011276e+02 
1.006067e+02 
1.002421e+02 
1.000007e+02 
9.984900e+01 
9.975450e+01 
9.970280e+01 
9.969467e+01 
9.972254e+01 
9.977275e+01 
9.983012e+01 
9.988281e+01 
9.992458e+01 
9.995423e+01 
9.997351e+01 
9.998523e+01 
9.999199e+01 
9.999575e+01 
9.999778e+01 
9.999885e+01 
9.999941e+01 
9.999970e+01 
9.999986e+01 
9.999994e+01 
9.999998e+01 
1.000000e+02 
1.000000e+02 
1.000000e+02 

1.000000e+02 
1.000000e+02 
1.000000e+02 
9.999998e+01 
9.999994e+01 
9.999986e+01 
9.999970e+01 
9.999940e+01 
9.999884e+01 
9.999775e+01 
9.999567e+01 
9.999179e+01 
9.998471e+01 
9.997221e+01 
9.995111e+01 
9.991743e+01 
9.986733e+01 
9.979885e+01 
9.971422e+01 
9.962165e+01 
9.953466e+01 
9.946840e+01 
9.943490e+01 
9.943970e+01 
9.949200e+01 
9.961628e+01 
9.984988e+01 
1.002361e+02 
1.008062e+02 
1.015426e+02 
1.023544e+02 
1.030716e+02 
1.034983e+02 
1.035125e+02 
1.031154e+02 
1.024298e+02 
1.016463e+02 
1.009277e+02 
1.003628e+02 
9.997079e+01 
9.972477e+01 
9.958563e+01 
9.951864e+01 
9.949916e+01 
9.951765e+01 
9.956993e+01 
9.964513e+01 
9.972872e+01 
9.980719e+01 
9.987181e+01 
9.991970e+01 
9.995220e+01 
9.997272e+01 
9.998493e+01 
9.999188e+01 
9.999571e+01 
9.999777e+01 
9.999884e+01 
9.999941e+01 
9.999970e+01 
9.999986e+01 
9.999994e+01 
9.999998e+01 
1.000000e+02 
1.000000e+02 
1.000000e+02 

1.000000e+02 
1.000000e+02 
1.000000e+02 
9.999998e+01 
9.999994e+01 
9.999986e+01 
9.999970e+01 
9.999940e+01 
9.999884e+01 
9.999774e+01 
9.999565e+01 
9.999171e+01 
9.998449e+01 
9.997160e+01 
9.994951e+01 
9.991343e+01 
9.985802e+01 
9.977873e+01 
9.967410e+01 
9.954823e+01 
9.941138e+01 
9.927772e+01 
9.916114e+01 
9.907168e+01 
9.901007e+01 
9.898552e+01 
9.902764e+01 
9.917490e+01 
9.945877e+01 
9.988286e+01 
1.003850e+02 
1.008465e+02 
1.011391e+02 
1.011647e+02 
1.009214e+02 
1.005003e+02 
1.000248e+02 
9.961146e+01 
9.932292e+01 
9.916123e+01 
9.910022e+01 
9.910564e+01 
9.914996e+01 
9.922324e+01 
9.932408e+01 
9.944375e+01 
9.956926e+01 
9.968681e+01 
9.978590e+01 
9.986182e+01 
9.991533e+01 
9.995041e+01 
9.997202e+01 
9.998467e+01 
9.999179e+01 
9.999568e+01 
9.999776e+01 
9.999884e+01 
9.999941e+01 
9.999970e+01 
9.999986e+01 
9.999994e+01 
9.999998e+01 
1.000000e+02 
1.000000e+02 
1.000000e+02 

1.000000e+02 
1.000000e+02 
1.000000e+02 
9.999998e+01 
9.999994e+01 
9.999986e+01 
9.999970e+01 
9.999940e+01 
9.999883e+01 
9.999774e+01 
9.999563e+01 
9.999165e+01 
9.998431e+01 
9.997110e+01 
9.994817e+01 
9.991006e+01 
9.985004e+01 
9.976114e+01 
9.963824e+01 
9.948093e+01 
9.929533e+01 
9.909330e+01 
9.888932e+01 
9.869713e+01 
9.850655e+01 
9.830644e+01 
9.811154e+01 
9.794442e+01 
9.783201e+01 
9.779084e+01 
9.782123e+01 
9.789732e+01 
9.797093e+01 
9.801240e+01 
9.801243e+01 
9.798705e+01 
9.797882e+01 
9.801709e+01 
9.811102e+01 
9.825288e+01 
9.842213e+01 
9.859936e+01 
9.877084e+01 
9.894622e+01 
9.913465e+01 
9.932345e+01 
9.949876e+01 
9.964879e+01 
9.976698e+01 
9.985309e+01 
9.991157e+01 
9.994888e+01 
9.997143e+01 
9.998445e+01 
9.999171e+01 
9.999565e+01 
9.999775e+01 
9.999884e+01 
9.999940e+01 
9.999970e+01 
9.999986e+01 
9.999994e+01 
9.999998e+01 
1.000000e+02 
1.000000e+02 
1.000000e+02 

1.000000e+02 
1.000000e+02 
1.000000e+02 
9.999998e+01 
9.999994e+01 
9.999986e+01 
9.999970e+01 
9.999940e+01 
9.999883e+01 
9.999773e+01 
9.999561e+01 
9.999160e+01 
9.998417e+01 
9.997071e+01 
9.994712e+01 
9.990738e+01 
9.984362e+01 
9.974674e+01 
9.960832e+01 
9.942362e+01 
9.919435e+01 
9.892937e+01 
9.864279e+01 
9.835124e+01 
9.803304e+01 
9.765553e+01 
9.721631e+01 
9.672047e+01 
9.618698e+01 
9.565453e+01 
9.518001e+01 
9.483166e+01 
9.467232e+01 
9.472763e+01 
9.498214e+01 
9.538779e+01 
9.587706e+01 
9.639276e+01 
9.689434e+01 
9.735565e+01 
9.776428e+01 
9.811692e+01 
9.841573e+01 
9.869115e+01 
9.896348e+01 
9.921689e+01 
9.943753e+01 
9.961636e+01 
9.975110e+01 
9.984586e+01 
9.990847e+01 
9.994763e+01 
9.997094e+01 
9.998427e+01 
9.999164e+01 
9.999563e+01 
9.999774e+01 
9.999883e+01 
9.999940e+01 
9.999970e+01 
9.999986e+01 
9.999994e+01 
9.999998e+01 
1.000000e+02 
1.000000e+02 
1.000000e+02 

1.000000e+02 
1.000000e+02 
1.000000e+02 
9.999998e+01 
9.999994e+01 
9.999986e+01 
9.999970e+01 
9.999940e+01 
9.999883e+01 
9.999773e+01 
9.999560e+01 
9.999157e+01 
9.998407e+01 
9.997043e+01 
9.994637e+01 
9.990545e+01 
9.983892e+01 
9.973607e+01 
9.958581e+01 
9.937977e+01 
9.911576e+01 
9.879968e+01 
9.844481e+01 
9.806978e+01 
9.764292e+01 
9.711284e+01 
9.646266e+01 
9.568441e+01 
9.479389e+01 
9.384964e+01 
9.296269e+01 
9.227841e+01 
9.193032e+01 
9.199112e+01 
9.244211e+01 
9.318352e+01 
9.407807e+01 
9.499596e+01 
9.584667e+01 
9.658623e+01 
9.720480e+01 
9.771088e+01 
9.812011e+01 
9.848125e+01 
9.882446e+01 
9.913154e+01 
9.938916e+01 
9.959107e+01 
9.973885e+01 
9.984031e+01 
9.990611e+01 
9.994668e+01 
9.997057e+01 
9.998413e+01 
9.999159e+01 
9.999561e+01 
9.999773e+01 
9.999883e+01 
9.999940e+01 
9.999970e+01 
9.999986e+01 
9.999994e+01 
9.999998e+01 
1.000000e+02 
1.000000e+02 
1.000000e+02 

1.000000e+02 
1.000000e+02 
1.000000e+02 
9.999998e+01 
9.999994e+01 
9.999986e+01 
9.999970e+01 
9.999940e+01 
9.999883e+01 
9.999773e+01 
9.999560e+01 
9.999155e+01 
9.998402e+01 
9.997028e+01 
9.994593e+01 
9.990430e+01 
9.983609e+01 
9.972955e+01 
9.957183e+01 
9.935211e+01 
9.906546e+01 
9.871553e+01 
9.831473e+01 
9.788288e+01 
9.738122e+01 
9.674527e+01 
9.594811e+01 
9.497368e+01 
9.383757e+01 
9.261347e+01 
9.144654e+01 
9.053096e+01 
9.005000e+01 
9.010591e+01 
9.068006e+01 
9.164394e+01 
9.281177e+01 
9.400601e+01 
9.510236e+01 
9.604074e+01 
9.681022e+01 
9.742647e+01 
9.791453e+01 
9.833634e+01 
9.872926e+01 
9.907356e+01 
9.935655e+01 
9.957411e+01 
9.973065e+01 
9.983661e+01 
9.990453e+01 
9.994603e+01 
9.997032e+01 
9.998403e+01 
9.999156e+01 
9.999560e+01 
9.999773e+01 
9.999883e+01 
9.999940e+01 
9.999970e+01 
9.999986e+01 
9.999994e+01 
9.999998e+01 
1.000000e+02 
1.000000e+02 
1.000000e+02 

1.000000e+02 
1.000000e+02 
1.000000e+02 
9.999998e+01 
9.999994e+01 
9.999986e+01 
9.999970e+01 
9.999940e+01 
9.999883e+01 
9.999773e+01 
9.999560e+01 
9.999155e+01 
9.998401e+01 
9.997024e+01 
9.994582e+01 
9.990397e+01 
9.983521e+01 
9.972741e+01 
9.956704e+01 
9.934231e+01 
9.904710e+01 
9.868401e+01 
9.826489e+01 
9.780981e+01 
9.727677e+01 
9.659512e+01 
9.573228e+01 
9.466642e+01 
9.341025e+01 
9.204222e+01 
9.072379e+01 
8.967605e+01 
8.911143e+01 
8.915257e+01 
8.978444e+01 
9.086363e+01 
9.217687e+01 
9.351766e+01 
9.474166e+01 
9.578064e+01 
9.662455e+01 
9.729397e+01 
9.781944e+01 
9.826966e+01 
9.868560e+01 
9.904699e+01 
9.934156e+01 
9.956625e+01 
9.972681e+01 
9.983483e+01 
9.990376e+01 
9.994571e+01 
9.997019e+01 
9.998398e+01 
9.999154e+01 
9.999559e+01 
9.999772e+01 
9.999883e+01 
9.999940e+01 
9.999970e+01 
9.999986e+01 
9.999994e+01 
9.999998e+01 
1.000000e+02 
1.000000e+02 
1.000000e+02 

1.000000e+02 
1.000000e+02 
1.000000e+02 
9.999998e+01 
9.999994e+01 
9.999986e+01 
9.999970e+01 
9.999940e+01 
9.999883e+01 
9.999773e+01 
9.999560e+01 
9.999156e+01 
9.998404e+01 
9.997032e+01 
9.994602e+01 
9.990445e+01 
9.983629e+01 
9.972970e+01 
9.957161e+01 
9.935078e+01 
9.906163e+01 
9.870703e+01 
9.829868e+01 
9.785600e+01 
9.733789e+01 
9.667499e+01 
9.583368e+01 
9.478841e+01 
9.354517e+01 
9.217529e+01 
9.083814e+01 
8.975927e+01 
8.916107e+01 
8.917937e+01 
8.980584e+01 
9.089336e+01 
9.222046e+01 
9.357133e+01 
9.479638e+01 
9.582920e+01 
9.666391e+01 
9.732424e+01 
9.784208e+01 
9.828582e+01 
9.869615e+01 
9.905321e+01 
9.934483e+01 
9.956776e+01 
9.972741e+01 
9.983503e+01 
9.990380e+01 
9.994570e+01 
9.997018e+01 
9.998397e+01 
9.999153e+01 
9.999559e+01 
9.999772e+01 
9.999883e+01 
9.999940e+01 
9.999970e+01 
9.999986e+01 
9.999994e+01 
9.999998e+01 
1.000000e+02 
1.000000e+02 
1.000000e+02 

1.000000e+02 
1.000000e+02 
1.000000e+02 
9.999998e+01 
9.999994e+01 
9.999986e+01 
9.999970e+01 
9.999940e+01 
9.999883e+01 
9.999773e+01 
9.999561e+01 
9.999159e+01 
9.998412e+01 
9.997053e+01 
9.994654e+01 
9.990573e+01 
9.983928e+01 
9.973629e+01 
9.958517e+01 
9.937665e+01 
9.910718e+01 
9.878104e+01 
9.841009e+01 
9.801233e+01 
9.755143e+01 
9.696661e+01 
9.622893e+01 
9.531422e+01 
9.422304e+01 
9.301204e+01 
9.181431e+01 
9.082982e+01 
9.026796e+01 
9.025852e+01 
9.080159e+01 
9.176913e+01 
9.295423e+01 
9.415891e+01 
9.525036e+01 
9.616994e+01 
9.691484e+01 
9.750738e+01 
9.797550e+01 
9.838026e+01 
9.875823e+01 
9.909083e+01 
9.936573e+01 
9.957839e+01 
9.973237e+01 
9.983716e+01 
9.990465e+01 
9.994602e+01 
9.997028e+01 
9.998401e+01 
9.999154e+01 
9.999559e+01 
9.999772e+01 
9.999883e+01 
9.999940e+01 
9.999970e+01 
9.999986e+01 
9.999994e+01 
9.999998e+01 
1.000000e+02 
1.000000e+02 
1.000000e+02 

1.000000e+02 
1.000000e+02 
1.000000e+02 
9.999998e+01 
9.999994e+01 
9.999986e+01 
9.999970e+01 
9.999940e+01 
9.999883e+01 
9.999774e+01 
9.999563e+01 
9.999163e+01 
9.998424e+01 
9.997085e+01 
9.994737e+01 
9.990778e+01 
9.984409e+01 
9.974687e+01 
9.960688e+01 
9.941787e+01 
9.917937e+01 
9.889771e+01 
9.858496e+01 
9.825695e+01 
9.788519e+01 
9.742329e+01 
9.685265e+01 
9.615776e+01 
9.534020e+01 
9.443633e+01 
9.354167e+01 
9.279936e+01 
9.235625e+01 
9.231920e+01 
9.269783e+01 
9.339979e+01 
9.428141e+01 
9.519300e+01 
9.602918e+01 
9.674541e+01 
9.733582e+01 
9.781453e+01 
9.820005e+01 
9.854017e+01 
9.886431e+01 
9.915589e+01 
9.940243e+01 
9.959739e+01 
9.974141e+01 
9.984114e+01 
9.990628e+01 
9.994664e+01 
9.997051e+01 
9.998409e+01 
9.999157e+01 
9.999560e+01 
9.999773e+01 
9.999883e+01 
9.999940e+01 
9.999970e+01 
9.999986e+01 
9.999994e+01 
9.999998e+01 
1.000000e+02 
1.000000e+02 
1.000000e+02 

1.000000e+02 
1.000000e+02 
1.000000e+02 
9.999998e+01 
9.999994e+01 
9.999986e+01 
9.999970e+01 
9.999940e+01 
9.999884e+01 
9.999774e+01 
9.999565e+01 
9.999169e+01 
9.998440e+01 
9.997128e+01 
9.994849e+01 
9.991055e+01 
9.985055e+01 
9.976098e+01 
9.963550e+01 
9.947150e+01 
9.927197e+01 
9.904534e+01 
9.880347e+01 
9.855942e+01 
9.829391e+01 
9.797781e+01 
9.760550e+01 
9.717508e+01 
9.669165e+01 
9.617851e+01 
9.567696e+01 
9.525268e+01 
9.498542e+01 
9.492901e+01 
9.510003e+01 
9.546717e+01 
9.595510e+01 
9.648590e+01 
9.700034e+01 
9.746329e+01 
9.786391e+01 
9.820311e+01 
9.848698e+01 
9.874684e+01 
9.900332e+01 
9.924254e+01 
9.945215e+01 
9.962359e+01 
9.975412e+01 
9.984684e+01 
9.990866e+01 
9.994757e+01 
9.997086e+01 
9.998421e+01 
9.999161e+01 
9.999561e+01 
9.999773e+01 
9.999883e+01 
9.999940e+01 
9.999970e+01 
9.999986e+01 
9.999994e+01 
9.999998e+01 
1.000000e+02 
1.000000e+02 
1.000000e+02 

1.000000e+02 
1.000000e+02 
1.000000e+02 
9.999998e+01 
9.999994e+01 
9.999986e+01 
9.999970e+01 
9.999941e+01 
9.999884e+01 
9.999775e+01 
9.999567e+01 
9.999176e+01 
9.998460e+01 
9.997182e+01 
9.994989e+01 
9.991398e+01 
9.985847e+01 
9.977803e+01 
9.966951e+01 
9.953402e+01 
9.937777e+01 
9.921066e+01 
9.904359e+01 
9.888621e+01 
9.872807e+01 
9.855633e+01 
9.837653e+01 
9.819746e+01 
9.802906e+01 
9.787742e+01 
9.774616e+01 
9.763377e+01 
9.753943e+01 
9.747673e+01 
9.746346e+01 
9.751271e+01 
9.762889e+01 
9.779915e+01 
9.800162e+01 
9.821641e+01 
9.842759e+01 
9.862506e+01 
9.880374e+01 
9.897887e+01 
9.916239e+01 
9.934376e+01 
9.951151e+01 
9.965555e+01 
9.976993e+01 
9.985406e+01 
9.991171e+01 
9.994879e+01 
9.997131e+01 
9.998437e+01 
9.999166e+01 
9.999563e+01 
9.999774e+01 
9.999883e+01 
9.999940e+01 
9.999970e+01 
9.999986e+01 
9.999994e+01 
9.999998e+01 
1.000000e+02 
1.000000e+02 
1.000000e+02 

1.000000e+02 
1.000000e+02 
1.000000e+02 
9.999998e+01 
9.999994e+01 
9.999986e+01 
9.999970e+01 
9.999941e+01 
9.999884e+01 
9.999776e+01 
9.999570e+01 
9.999185e+01 
9.998484e+01 
9.997247e+01 
9.995154e+01 
9.991800e+01 
9.986761e+01 
9.979736e+01 
9.970725e+01 
9.960175e+01 
9.948947e+01 
9.938073e+01 
9.928454e+01 
9.920660e+01 
9.914346e+01 
9.909474e+01 
9.907179e+01 
9.908722e+01 
9.914940e+01 
9.925317e+01 
9.937195e+01 
9.946421e+01 
9.949099e+01 
9.943407e+01 
9.930887e+01 
9.915587e+01 
9.901854e+01 
9.892764e+01 
9.889379e+01 
9.891022e+01 
9.896255e+01 
9.903618e+01 
9.911968e+01 
9.921557e+01 
9.932870e+01 
9.945236e+01 
9.957689e+01 
9.969166e+01 
9.978821e+01 
9.986257e+01 
9.991539e+01 
9.995026e+01 
9.997187e+01 
9.998457e+01 
9.999173e+01 
9.999565e+01 
9.999774e+01 
9.999883e+01 
9.999940e+01 
9.999970e+01 
9.999986e+01 
9.999994e+01 
9.999998e+01 
1.000000e+02 
1.000000e+02 
1.000000e+02 

1.000000e+02 
1.000000e+02 
1.000000e+02 
9.999998e+01 
9.999994e+01 
9.999986e+01 
9.999970e+01 
9.999941e+01 
9.999885e+01 
9.999777e+01 
9.999574e+01 
9.999195e+01 
9.998512e+01 
9.997321e+01 
9.995343e+01 
9.992252e+01 
9.987772e+01 
9.981830e+01 
9.974708e+01 
9.967117e+01 
9.960047e+01 
9.954453e+01 
9.950954e+01 
9.949711e+01 
9.950835e+01 
9.955046e+01 
9.963513e+01 
9.977244e+01 
9.996447e+01 
1.001967e+02 
1.004327e+02 
1.006188e+02 
1.007028e+02 
1.006575e+02 
1.004939e+02 
1.002556e+02 
9.999880e+01 
9.977081e+01 
9.959754e+01 
9.948445e+01 
9.942395e+01 
9.940347e+01 
9.941063e+01 
9.943982e+01 
9.949105e+01 
9.956171e+01 
9.964477e+01 
9.973026e+01 
9.980828e+01 
9.987215e+01 
9.991960e+01 
9.995199e+01 
9.997253e+01 
9.998481e+01 
9.999182e+01 
9.999568e+01 
9.999775e+01 
9.999884e+01 
9.999940e+01 
9.999970e+01 
9.999986e+01 
9.999994e+01 
9.999998e+01 
1.000000e+02 
1.000000e+02 
1.000000e+02 

1.000000e+02 
1.000000e+02 
1.000000e+02 
9.999998e+01 
9.999994e+01 
9.999986e+01 
9.999970e+01 
9.999941e+01 
9.999885e+01 
9.999779e+01 
9.999578e+01 
9.999206e+01 
9.998543e+01 
9.997404e+01 
9.995552e+01 
9.992745e+01 
9.988855e+01 
9.984015e+01 
9.978743e+01 
9.973921e+01 
9.970546e+01 
9.969387e+01 
9.970731e+01 
9.974355e+01 
9.980614e+01 
9.990567e+01 
1.000508e+02 
1.002465e+02 
1.004881e+02 
1.007560e+02 
1.010134e+02 
1.012118e+02 
1.013065e+02 
1.012733e+02 
1.011190e+02 
1.008782e+02 
1.005998e+02 
1.003292e+02 
1.000974e+02 
9.991790e+01 
9.979066e+01 
9.970838e+01 
9.966122e+01 
9.963964e+01 
9.964093e+01 
9.966632e+01 
9.971203e+01 
9.976979e+01 
9.982947e+01 
9.988251e+01 
9.992425e+01 
9.995392e+01 
9.997329e+01 
9.998509e+01 
9.999191e+01 
9.999571e+01 
9.999776e+01 
9.999884e+01 
9.999941e+01 
9.999970e+01 
9.999986e+01 
9.999994e+01 
9.999998e+01 
1.000000e+02 
1.000000e+02 
1.000000e+02 

1.000000e+02 
1.000000e+02 
1.000000e+02 
9.999998e+01 
9.999994e+01 
9.999986e+01 
9.999970e+01 
9.999941e+01 
9.999886e+01 
9.999780e+01 
9.999582e+01 
9.999219e+01 
9.998578e+01 
9.997495e+01 
9.995778e+01 
9.993270e+01 
9.989982e+01 
9.986227e+01 
9.982696e+01 
9.980342e+01 
9.980065e+01 
9.982372e+01 
9.987215e+01 
9.994062e+01 
1.000336e+02 
1.001625e+02 
1.003320e+02 
1.005422e+02 
1.007845e+02 
1.010387e+02 
1.012731e+02 
1.014499e+02 
1.015354e+02 
1.015116e+02 
1.013826e+02 
1.011729e+02 
1.009192e+02 
1.006586e+02 
1.004197e+02 
1.002190e+02 
1.000617e+02 
9.994565e+01 
9.986484e+01 
9.980853e+01 
9.977285e+01 
9.976219e+01 
9.977613e+01 
9.980889e+01 
9.985113e+01 
9.989342e+01 
9.992927e+01 
9.995605e+01 
9.997412e+01 
9.998540e+01 
9.999202e+01 
9.999575e+01 
9.999777e+01 
9.999884e+01 
9.999941e+01 
9.999970e+01 
9.999986e+01 
9.999994e+01 
9.999998e+01 
1.000000e+02 
1.000000e+02 
1.000000e+02 

1.000000e+02 
1.000000e+02 
1.000000e+02 
9.999998e+01 
9.999994e+01 
9.999986e+01 
9.999970e+01 
9.999941e+01 
9.999886e+01 
9.999782e+01 
9.999588e+01 
9.999235e+01 
9.998621e+01 
9.997606e+01 
9.996050e+01 
9.993889e+01 
9.991272e+01 
9.988676e+01 
9.986902e+01 
9.986876e+01 
9.989297e+01 
9.994347e+01 
1.000165e+02 
1.001045e+02 
1.002122e+02 
1.003501e+02 
1.005195e+02 
1.007171e+02 
1.009329e+02 
1.011493e+02 
1.013419e+02 
1.014840e+02 
1.015529e+02 
1.015365e+02 
1.014370e+02 
1.012705e+02 
1.010617e+02 
1.008376e+02 
1.006211e+02 
1.004279e+02 
1.002657e+02 
1.001364e+02 
1.000375e+02 
9.995887e+01 
9.989617e+01 
9.985627e+01 
9.984204e+01 
9.985087e+01 
9.987531e+01 
9.990601e+01 
9.993523e+01 
9.995863e+01 
9.997516e+01 
9.998579e+01 
9.999216e+01 
9.999580e+01 
9.999779e+01 
9.999885e+01 
9.999941e+01 
9.999970e+01 
9.999986e+01 
9.999994e+01 
9.999998e+01 
1.000000e+02 
1.000000e+02 
1.000000e+02 

1.000000e+02 
1.000000e+02 
1.000000e+02 
9.999998e+01 
9.999994e+01 
9.999986e+01 
9.999970e+01 
9.999942e+01 
9.999887e+01 
9.999785e+01 
9.999595e+01 
9.999256e+01 
9.998679e+01 
9.997756e+01 
9.996408e+01 
9.994681e+01 
9.992868e+01 
9.991576e+01 
9.991638e+01 
9.993829e+01 
9.998531e+01 
1.000556e+02 
1.001426e+02 
1.002378e+02 
1.003455e+02 
1.004751e+02 
1.006250e+02 
1.007905e+02 
1.009626e+02 
1.011279e+02 
1.012701e+02 
1.013728e+02 
1.014225e+02 
1.014119e+02 
1.013423e+02 
1.012228e+02 
1.010682e+02 
1.008955e+02 
1.007206e+02 
1.005558e+02 
1.004090e+02 
1.002842e+02 
1.001819e+02 
1.000931e+02 
1.000137e+02 
9.995170e+01 
9.991299e+01 
9.989864e+01 
9.990423e+01 
9.992174e+01 
9.994293e+01 
9.996206e+01 
9.997657e+01 
9.998633e+01 
9.999236e+01 
9.999587e+01 
9.999781e+01 
9.999886e+01 
9.999941e+01 
9.999970e+01 
9.999986e+01 
9.999994e+01 
9.999998e+01 
1.000000e+02 
1.000000e+02 
1.000000e+02 

1.000000e+02 
1.000000e+02 
1.000000e+02 
9.999998e+01 
9.999994e+01 
9.999986e+01 
9.999971e+01 
9.999942e+01 
9.999888e+01 
9.999788e+01 
9.999606e+01 
9.999286e+01 
9.998759e+01 
9.997955e+01 
9.996872e+01 
9.995670e+01 
9.994765e+01 
9.994828e+01 
9.996593e+01 
1.000056e+02 
1.000672e+02 
1.001457e+02 
1.002333e+02 
1.003220e+02 
1.004161e+02 
1.005231e+02 
1.006404e+02 
1.007636e+02 
1.008858e+02 
1.009988e+02 
1.010931e+02 
1.011597e+02 
1.011916e+02 
1.011853e+02 
1.011412e+02 
1.010639e+02 
1.009611e+02 
1.008421e+02 
1.007164e+02 
1.005920e+02 
1.004752e+02 
1.003701e+02 
1.002787e+02 
1.001936e+02 
1.001108e+02 
1.000380e+02 
9.998273e+01 
9.994925e+01 
9.993700e+01 
9.994062e+01 
9.995265e+01 
9.996656e+01 
9.997848e+01 
9.998708e+01 
9.999264e+01 
9.999596e+01 
9.999784e+01 
9.999887e+01 
9.999941e+01 
9.999970e+01 
9.999986e+01 
9.999994e+01 
9.999998e+01 
1.000000e+02 
1.000000e+02 
1.000000e+02 

1.000000e+02 
1.000000e+02 
1.000000e+02 
9.999998e+01 
9.999994e+01 
9.999986e+01 
9.999971e+01 
9.999942e+01 
9.999890e+01 
9.999794e+01 
9.999621e+01 
9.999328e+01 
9.998867e+01 
9.998218e+01 
9.997458e+01 
9.996853e+01 
9.996889e+01 
9.998184e+01 
1.000124e+02 
1.000620e+02 
1.001270e+02 
1.002010e+02 
1.002768e+02 
1.003486e+02 
1.004204e+02 
1.004979e+02 
1.005789e+02 
1.006601e+02 
1.007375e+02 
1.008066e+02 
1.008626e+02 
1.009014e+02 
1.009198e+02 
1.009162e+02 
1.008908e+02 
1.008457e+02 
1.007843e+02 
1.007110e+02 
1.006306e+02 
1.005476e+02 
1.004659e+02 
1.003886e+02 
1.003176e+02 
1.002475e+02 
1.001742e+02 
1.001035e+02 
1.000426e+02 
9.999758e+01 
9.997130e+01 
9.996201e+01 
9.996440e+01 
9.997231e+01 
9.998101e+01 
9.998810e+01 
9.999302e+01 
9.999610e+01 
9.999789e+01 
9.999888e+01 
9.999942e+01 
9.999971e+01 
9.999986e+01 
9.999994e+01 
9.999998e+01 
1.000000e+02 
1.000000e+02 
1.000000e+02 

1.000000e+02 
1.000000e+02 
1.000000e+02 
9.999998e+01 
9.999994e+01 
9.999986e+01 
9.999971e+01 
9.999943e+01 
9.999892e+01 
9.999801e+01 
9.999642e+01 
9.999384e+01 
9.999010e+01 
9.998552e+01 
9.998164e+01 
9.998176e+01 
9.999055e+01 
1.000124e+02 
1.000493e+02 
1.000991e+02 
1.001568e+02 
1.002165e+02 
1.002731e+02 
1.003235e+02 
1.003713e+02 
1.004207e+02 
1.004700e+02 
1.005176e+02 
1.005615e+02 
1.005994e+02 
1.006294e+02 
1.006498e+02 
1.006594e+02 
1.006575e+02 
1.006441e+02 
1.006202e+02 
1.005870e+02 
1.005464e+02 
1.005005e+02 
1.004513e+02 
1.004009e+02 
1.003511e+02 
1.003032e+02 
1.002531e+02 
1.001975e+02 
1.001394e+02 
1.000839e+02 
1.000369e+02 
1.000031e+02 
9.998414e+01 
9.997772e+01 
9.997930e+01 
9.998427e+01 
9.998948e+01 
9.999356e+01 
9.999629e+01 
9.999796e+01 
9.999890e+01 
9.999942e+01 
9.999971e+01 
9.999986e+01 
9.999994e+01 
9.999998e+01 
1.000000e+02 
1.000000e+02 
1.000000e+02 

1.000000e+02 
1.000000e+02 
1.000000e+02 
9.999998e+01 
9.999994e+01 
9.999986e+01 
9.999971e+01 
9.999944e+01 
9.999896e+01 
9.999811e+01 
9.999671e+01 
9.999460e+01 
9.999194e+01 
9.998956e+01 
9.998953e+01 
9.999512e+01 
1.000098e+02 
1.000353e+02 
1.000709e+02 
1.001128e+02 
1.001564e+02 
1.001977e+02 
1.002343e+02 
1.002652e+02 
1.002932e+02 
1.003209e+02 
1.003477e+02 
1.003728e+02 
1.003951e+02 
1.004140e+02 
1.004286e+02 
1.004384e+02 
1.004429e+02 
1.004420e+02 
1.004355e+02 
1.004238e+02 
1.004075e+02 
1.003871e+02 
1.003634e+02 
1.003373e+02 
1.003096e+02 
1.002813e+02 
1.002529e+02 
1.002218e+02 
1.001854e+02 
1.001445e+02 
1.001019e+02 
1.000615e+02 
1.000278e+02 
1.000042e+02 
9.999136e+01 
9.998723e+01 
9.998828e+01 
9.999128e+01 
9.999429e+01 
9.999657e+01 
9.999805e+01 
9.999893e+01 
9.999943e+01 
9.999971e+01 
9.999986e+01 
9.999994e+01 
9.999998e+01 
1.000000e+02 
1.000000e+02 
1.000000e+02 

1.000000e+02 
1.000000e+02 
1.000000e+02 
9.999998e+01 
9.999994e+01 
9.999986e+01 
9.999972e+01 
9.999946e+01 
9.999901e+01 
9.999826e+01 
9.999710e+01 
9.999559e+01 
9.999418e+01 
9.999409e+01 
9.999745e+01 
1.000067e+02 
1.000234e+02 
1.000472e+02 
1.000757e+02 
1.001055e+02 
1.001337e+02 
1.001585e+02 
1.001792e+02 
1.001959e+02 
1.002104e+02 
1.002244e+02 
1.002375e+02 
1.002494e+02 
1.002599e+02 
1.002685e+02 
1.002751e+02 
1.002794e+02 
1.002813e+02 
1.002809e+02 
1.002779e+02 
1.002727e+02 
1.002652e+02 
1.002558e+02 
1.002446e+02 
1.002320e+02 
1.002184e+02 
1.002039e+02 
1.001890e+02 
1.001721e+02 
1.001512e+02 
1.001264e+02 
1.000984e+02 
1.000692e+02 
1.000416e+02 
1.000190e+02 
1.000035e+02 
9.999531e+01 
9.999283e+01 
9.999349e+01 
9.999525e+01 
9.999694e+01 
9.999819e+01 
9.999898e+01 
9.999945e+01 
9.999971e+01 
9.999986e+01 
9.999994e+01 
9.999998e+01 
1.000000e+02 
1.000000e+02 
1.000000e+02 

1.000000e+02 
1.000000e+02 
1.000000e+02 
9.999998e+01 
9.999994e+01 
9.999987e+01 
9.999973e+01 
9.999948e+01 
9.999908e+01 
9.999845e+01 
9.999761e+01 
9.999680e+01 
9.999670e+01 
9.999862e+01 
1.000042e+02 
1.000146e+02 
1.000297e+02 
1.000479e+02 
1.000671e+02 
1.000853e+02 
1.001011e+02 
1.001141e+02 
1.001245e+02 
1.001326e+02 
1.001394e+02 
1.001458e+02 
1.001516e+02 
1.001568e+02 
1.001613e+02 
1.001650e+02 
1.001677e+02 
1.001695e+02 
1.001703e+02 
1.001701e+02 
1.001688e+02 
1.001666e+02 
1.001634e+02 
1.001593e+02 
1.001545e+02 
1.001489e+02 
1.001427e+02 
1.001360e+02 
1.001290e+02 
1.001207e+02 
1.001101e+02 
1.000969e+02 
1.000811e+02 
1.000630e+02 
1.000441e+02 
1.000264e+02 
1.000120e+02 
1.000024e+02 
9.999744e+01 
9.999602e+01 
9.999644e+01 
9.999744e+01 
9.999837e+01 
9.999905e+01 
9.999947e+01 
9.999972e+01 
9.999986e+01 
9.999994e+01 
9.999998e+01 
1.000000e+02 
1.000000e+02 
1.000000e+02 

1.000000e+02 
1.000000e+02 
1.000000e+02 
9.999998e+01 
9.999994e+01 
9.999987e+01 
9.999974e+01 
9.999952e+01 
9.999917e+01 
9.999871e+01 
9.999824e+01 
9.999815e+01 
9.999920e+01 
1.000024e+02 
1.000086e+02 
1.000177e+02 
1.000289e+02 
1.000406e+02 
1.000517e+02 
1.000613e+02 
1.000691e+02 
1.000752e+02 
1.000799e+02 
1.000834e+02 
1.000863e+02 
1.000890e+02 
1.000915e+02 
1.000936e+02 
1.000954e+02 
1.000968e+02 
1.000979e+02 
1.000986e+02 
1.000989e+02 
1.000988e+02 
1.000983e+02 
1.000974e+02 
1.000961e+02 
1.000945e+02 
1.000925e+02 
1.000902e+02 
1.000876e+02 
1.000847e+02 
1.000817e+02 
1.000780e+02 
1.000732e+02 
1.000669e+02 
1.000590e+02 
1.000494e+02 
1.000383e+02 
1.000267e+02 
1.000159e+02 
1.000071e+02 
1.000014e+02 
9.999857e+01 
9.999780e+01 
9.999806e+01 
9.999863e+01 
9.999914e+01 
9.999950e+01 
9.999973e+01 
9.999987e+01 
9.999994e+01 
9.999998e+01 
1.000000e+02 
1.000000e+02 
1.000000e+02 

1.000000e+02 
1.000000e+02 
1.000000e+02 
9.999998e+01 
9.999994e+01 
9.999987e+01 
9.999975e+01 
9.999956e+01 
9.999930e+01 
9.999903e+01 
9.999895e+01 
9.999950e+01 
1.000013e+02 
1.000048e+02 
1.000101e+02 
1.000166e+02 
1.000235e+02 
1.000300e+02 
1.000355e+02 
1.000400e+02 
1.000435e+02 
1.000461e+02 
1.000480e+02 
1.000495e+02 
1.000506e+02 
1.000517e+02 
1.000526e+02 
1.000535e+02 
1.000541e+02 
1.000547e+02 
1.000551e+02 
1.000553e+02 
1.000554e+02 
1.000554e+02 
1.000552e+02 
1.000549e+02 
1.000544e+02 
1.000537e+02 
1.000529e+02 
1.000520e+02 
1.000510e+02 
1.000499e+02 
1.000486e+02 
1.000471e+02 
1.000451e+02 
1.000424e+02 
1.000389e+02 
1.000343e+02 
1.000287e+02 
1.000222e+02 
1.000154e+02 
1.000091e+02 
1.000040e+02 
1.000007e+02 
9.999917e+01 
9.999877e+01 
9.999894e+01 
9.999926e+01 
9.999955e+01 
9.999975e+01 
9.999987e+01 
9.999994e+01 
9.999998e+01 
1.000000e+02 
1.000000e+02 
1.000000e+02 

1.000000e+02 
1.000000e+02 
1.000000e+02 
9.999998e+01 
9.999995e+01 
9.999988e+01 
9.999977e+01 
9.999962e+01 
9.999946e+01 
9.999939e+01 
9.999965e+01 
1.000006e+02 
1.000025e+02 
1.000054e+02 
1.000091e+02 
1.000130e+02 
1.000167e+02 
1.000198e+02 
1.000223e+02 
1.000242e+02 
1.000256e+02 
1.000266e+02 
1.000274e+02 
1.000279e+02 
1.000284e+02 
1.000288e+02 
1.000291e+02 
1.000294e+02 
1.000297e+02 
1.000299e+02 
1.000300e+02 
1.000301e+02 
1.000301e+02 
1.000301e+02 
1.000300e+02 
1.000299e+02 
1.000297e+02 
1.000295e+02 
1.000292e+02 
1.000288e+02 
1.000285e+02 
1.000280e+02 
1.000276e+02 
1.000270e+02 
1.000262e+02 
1.000251e+02 
1.000236e+02 
1.000217e+02 
1.000192e+02 
1.000160e+02 
1.000124e+02 
1.000085e+02 
1.000049e+02 
1.000021e+02 
1.000003e+02 
9.999948e+01 
9.999930e+01 
9.999942e+01 
9.999960e+01 
9.999977e+01 
9.999988e+01 
9.999995e+01 
9.999998e+01 
1.000000e+02 
1.000000e+02 
1.000000e+02 

1.000000e+02 
1.000000e+02 
1.000000e+02 
9.999998e+01 
9.999995e+01 
9.999989e+01 
9.999980e+01 
9.999970e+01 
9.999964e+01 
9.999974e+01 
1.000002e+02 
1.000012e+02 
1.000028e+02 
1.000048e+02 
1.000069e+02 
1.000089e+02 
1.000106e+02 
1.000120e+02 
1.000130e+02 
1.000137e+02 
1.000142e+02 
1.000146e+02 
1.000149e+02 
1.000151e+02 
1.000153e+02 
1.000154e+02 
1.000155e+02 
1.000156e+02 
1.000157e+02 
1.000158e+02 
1.000158e+02 
1.000159e+02 
1.000159e+02 
1.000159e+02 
1.000158e+02 
1.000158e+02 
1.000157e+02 
1.000156e+02 
1.000155e+02 
1.000154e+02 
1.000153e+02 
1.000151e+02 
1.000149e+02 
1.000147e+02 
1.000144e+02 
1.000140e+02 
1.000135e+02 
1.000127e+02 
1.000116e+02 
1.000103e+02 
1.000086e+02 
1.000066e+02 
1.000045e+02 
1.000025e+02 
1.000010e+02 
1.000001e+02 
9.999966e+01 
9.999959e+01 
9.999968e+01 
9.999979e+01 
9.999989e+01 
9.999995e+01 
9.999998e+01 
1.000000e+02 
1.000000e+02 
1.000000e+02 

1.000000e+02 
1.000000e+02 
1.000000e+02 
9.999998e+01 
9.999995e+01 
9.999990e+01 
9.999983e+01 
9.999978e+01 
9.999981e+01 
1.000000e+02 
1.000005e+02 
1.000013e+02 
1.000024e+02 
1.000035e+02 
1.000046e+02 
1.000054e+02 
1.000061e+02 
1.000067e+02 
1.000070e+02 
1.000073e+02 
1.000075e+02 
1.000076e+02 
1.000077e+02 
1.000078e+02 
1.000078e+02 
1.000079e+02 
1.000079e+02 
1.000080e+02 
1.000080e+02 
1.000080e+02 
1.000080e+02 
1.000081e+02 
1.000081e+02 
1.000081e+02 
1.000080e+02 
1.000080e+02 
1.000080e+02 
1.000080e+02 
1.000079e+02 
1.000079e+02 
1.000078e+02 
1.000078e+02 
1.000077e+02 
1.000077e+02 
1.000075e+02 
1.000074e+02 
1.000072e+02 
1.000069e+02 
1.000065e+02 
1.000060e+02 
1.000053e+02 
1.000044e+02 
1.000033e+02 
1.000022e+02 
1.000012e+02 
1.000004e+02 
9.999996e+01 
9.999977e+01 
9.999976e+01 
9.999983e+01 
9.999990e+01 
9.999995e+01 
9.999998e+01 
1.000000e+02 
1.000000e+02 
1.000000e+02 

1.000000e+02 
1.000000e+02 
1.000000e+02 
9.999998e+01 
9.999996e+01 
9.999992e+01 
9.999987e+01 
9.999987e+01 
9.999995e+01 
1.000002e+02 
1.000006e+02 
1.000011e+02 
1.000017e+02 
1.000022e+02 
1.000026e+02 
1.000030e+02 
1.000033e+02 
1.000034e+02 
1.000036e+02 
1.000037e+02 
1.000037e+02 
1.000038e+02 
1.000038e+02 
1.000038e+02 
1.000038e+02 
1.000039e+02 
1.000039e+02 
1.000039e+02 
1.000039e+02 
1.000039e+02 
1.000039e+02 
1.000039e+02 
1.000039e+02 
1.000039e+02 
1.000039e+02 
1.000039e+02 
1.000039e+02 
1.000039e+02 
1.000039e+02 
1.000039e+02 
1.000038e+02 
1.000038e+02 
1.000038e+02 
1.000038e+02 
1.000037e+02 
1.000037e+02 
1.000036e+02 
1.000035e+02 
1.000034e+02 
1.000032e+02 
1.000029e+02 
1.000026e+02 
1.000021e+02 
1.000016e+02 
1.000010e+02 
1.000005e+02 
1.000001e+02 
9.999992e+01 
9.999985e+01 
9.999987e+01 
9.999991e+01 
9.999996e+01 
9.999998e+01 
1.000000e+02 
1.000000e+02 
1.000000e+02 

1.000000e+02 
1.000000e+02 
1.000000e+02 
9.999999e+01 
9.999996e+01 
9.999993e+01 
9.999991e+01 
9.999993e+01 
1.000000e+02 
1.000002e+02 
1.000004e+02 
1.000007e+02 
1.000010e+02 
1.000012e+02 
1.000014e+02 
1.000015e+02 
1.000016e+02 
1.000016e+02 
1.000017e+02 
1.000017e+02 
1.000017e+02 
1.000017e+02 
1.000018e+02 
1.000018e+02 
1.000018e+02 
1.000018e+02 
1.000018e+02 
1.000018e+02 
1.000018e+02 
1.000018e+02 
1.000018e+02 
1.000018e+02 
1.000018e+02 
1.000018e+02 
1.000018e+02 
1.000018e+02 
1.000018e+02 
1.000018e+02 
1.000018e+02 
1.000018e+02 
1.000018e+02 
1.000018e+02 
1.000018e+02 
1.000017e+02 
1.000017e+02 
1.000017e+02 
1.000017e+02 
1.000017e+02 
1.000016e+02 
1.000015e+02 
1.000015e+02 
1.000013e+02 
1.000012e+02 
1.000009e+02 
1.000007e+02 
1.000004e+02 
1.000002e+02 
1.000000e+02 
9.999992e+01 
9.999991e+01 
9.999993e+01 
9.999996e+01 
9.999999e+01 
1.000000e+02 
1.000000e+02 
1.000000e+02 

1.000000e+02 
1.000000e+02 
1.000000e+02 
9.999999e+01 
9.999997e+01 
9.999995e+01 
9.999995e+01 
9.999997e+01 
1.000000e+02 
1.000001e+02 
1.000003e+02 
1.000004e+02 
1.000005e+02 
1.000006e+02 
1.000006e+02 
1.000007e+02 
1.000007e+02 
1.000007e+02 
1.000007e+02 
1.000007e+02 
1.000007e+02 
1.000007e+02 
1.000007e+02 
1.000007e+02 
1.000007e+02 
1.000007e+02 
1.000007e+02 
1.000007e+02 
1.000007e+02 
1.000007e+02 
1.000007e+02 
1.000007e+02 
1.000007e+02 
1.000007e+02 
1.000007e+02 
1.000007e+02 
1.000007e+02 
1.000007e+02 
1.000007e+02 
1.000007e+02 
1.000007e+02 
1.000007e+02 
1.000007e+02 
1.000007e+02 
1.000007e+02 
1.000007e+02 
1.000007e+02 
1.000007e+02 
1.000007e+02 
1.000007e+02 
1.000006e+02 
1.000006e+02 
1.000005e+02 
1.000005e+02 
1.000004e+02 
1.000002e+02 
1.000001e+02 
1.000000e+02 
9.999996e+01 
9.999994e+01 
9.999995e+01 
9.999997e+01 
9.999999e+01 
1.000000e+02 
1.000000e+02 
1.000000e+02 

1.000000e+02 
1.000000e+02 
1.000000e+02 
9.999999e+01 
9.999998e+01 
9.999997e+01 
9.999997e+01 
9.999999e+01 
1.000000e+02 
1.000001e+02 
1.000001e+02 
1.000002e+02 
1.000002e+02 
1.000002e+02 
1.000002e+02 
1.000002e+02 
1.000002e+02 
1.000002e+02 
1.000003e+02 
1.000003e+02 
1.000003e+02 
1.000003e+02 
1.000003e+02 
1.000003e+02 
1.000003e+02 
1.000003e+02 
1.000003e+02 
1.000003e+02 
1.000003e+02 
1.000003e+02 
1.000003e+02 
1.000003e+02 
1.000003e+02 
1.000003e+02 
1.000003e+02 
1.000003e+02 
1.000003e+02 
1.000003e+02 
1.000003e+02 
1.000003e+02 
1.000003e+02 
1.000003e+02 
1.000003e+02 
1.000003e+02 
1.000003e+02 
1.000003e+02 
1.000003e+02 
1.000003e+02 
1.000002e+02 
1.000002e+02 
1.000002e+02 
1.000002e+02 
1.000002e+02 
1.000002e+02 
1.000001e+02 
1.000001e+02 
1.000001e+02 
1.000000e+02 
9.999998e+01 
9.999997e+01 
9.999997e+01 
9.999998e+01 
9.999999e+01 
1.000000e+02 
1.000000e+02 
1.000000e+02 

1.000000e+02 
1.000000e+02 
1.000000e+02 
9.999999e+01 
9.999999e+01 
9.999998e+01 
9.999998e+01 
9.999999e+01 
1.000000e+02 
1.000000e+02 
1.000000e+02 
1.000000e+02 
1.000000e+02 
1.000001e+02 
1.000001e+02 
1.000001e+02 
1.000001e+02 
1.000001e+02 
1.000001e+02 
1.000001e+02 
1.000001e+02 
1.000001e+02 
1.000001e+02 
1.000001e+02 
1.000001e+02 
1.000001e+02 
1.000001e+02 
1.000001e+02 
1.000001e+02 
1.000001e+02 
1.000001e+02 
1.000001e+02 
1.000001e+02 
1.000001e+02 
1.000001e+02 
1.000001e+02 
1.000001e+02 
1.000001e+02 
1.000001e+02 
1.000001e+02 
1.000001e+02 
1.000001e+02 
1.000001e+02 
1.000001e+02 
1.000001e+02 
1.000001e+02 
1.000001e+02 
1.000001e+02 
1.000001e+02 
1.000001e+02 
1.000001e+02 
1.000001e+02 
1.000000e+02 
1.000000e+02 
1.000000e+02 
1.000000e+02 
1.000000e+02 
1.000000e+02 
9.999999e+01 
9.999998e+01 
9.999998e+01 
9.999999e+01 
9.999999e+01 
1.000000e+02 
1.000000e+02 
1.000000e+02 

1.000000e+02 
1.000000e+02 
1.000000e+02 
1.000000e+02 
9.999999e+01 
9.999999e+01 
9.999999e+01 
9.999999e+01 
9.999999e+01 
9.999999e+01 
9.999999e+01 
9.999999e+01 
1.000000e+02 
1.000000e+02 
1.000000e+02 
1.000000e+02 
1.000000e+02 
1.000000e+02 
1.000000e+02 
1.000000e+02 
1.000000e+02 
1.000000e+02 
1.000000e+02 
1.000000e+02 
1.000000e+02 
1.000000e+02 
1.000000e+02 
1.000000e+02 
1.000000e+02 
1.000000e+02 
1.000000e+02 
1.000000e+02 
1.000000e+02 
1.000000e+02 
1.000000e+02 
1.000000e+02 
1.000000e+02 
1.000000e+02 
1.000000e+02 
1.000000e+02 
1.000000e+02 
1.000000e+02 
1.000000e+02 
1.000000e+02 
1.000000e+02 
1.000000e+02 
1.000000e+02 
1.000000e+02 
1.000000e+02 
1.000000e+02 
1.000000e+02 
1.000000e+02 
1.000000e+02 
1.000000e+02 
9.999999e+01 
9.999999e+01 
9.999999e+01 
9.999999e+01 
9.999999e+01 
9.999999e+01 
9.999999e+01 
9.999999e+01 
1.000000e+02 
1.000000e+02 
1.000000e+02 
1.000000e+02 

1.000000e+02 
1.000000e+02 
1.000000e+02 
1.000000e+02 
1.000000e+02 
9.999999e+01 
9.999999e+01 
9.999999e+01 
9.999999e+01 
9.999999e+01 
9.999999e+01 
9.999999e+01 
9.999999e+01 
9.999999e+01 
9.999999e+01 
9.999999e+01 
9.999999e+01 
9.999999e+01 
9.999999e+01 
9.999999e+01 
9.999999e+01 
9.999999e+01 
9.999999e+01 
9.999999e+01 
9.999999e+01 
9.999999e+01 
9.999999e+01 
9.999999e+01 
9.999999e+01 
9.999999e+01 
9.999999e+01 
9.999999e+01 
9.999999e+01 
9.999999e+01 
9.999999e+01 
9.999999e+01 
9.999999e+01 
9.999999e+01 
9.999999e+01 
9.999999e+01 
9.999999e+01 
9.999999e+01 
9.999999e+01 
9.999999e+01 
9.999999e+01 
9.999999e+01 
9.999999e+01 
9.999999e+01 
9.999999e+01 
9.999999e+01 
9.999999e+01 
9.999999e+01 
9.999999e+01 
9.999999e+01 
9.999999e+01 
9.999999e+01 
9.999999e+01 
9.999999e+01 
9.999999e+01 
9.999999e+01 
9.999999e+01 
1.000000e+02 
1.000000e+02 
1.000000e+02 
1.000000e+02 
1.000000e+02 

1.000000e+02 
1.000000e+02 
1.000000e+02 
1.000000e+02 
1.000000e+02 
1.000000e+02 
1.000000e+02 
1.000000e+02 
9.999999e+01 
9.999999e+01 
9.999999e+01 
9.999999e+01 
9.999999e+01 
9.999999e+01 
9.999999e+01 
9.999999e+01 
9.999999e+01 
9.999999e+01 
9.999999e+01 
9.999999e+01 
9.999999e+01 
9.999999e+01 
9.999999e+01 
9.999999e+01 
9.999999e+01 
9.999999e+01 
9.999999e+01 
9.999999e+01 
9.999999e+01 
9.999999e+01 
9.999999e+01 
9.999999e+01 
9.999999e+01 
9.999999e+01 
9.999999e+01 
9.999999e+01 
9.999999e+01 
9.999999e+01 
9.999999e+01 
9.999999e+01 
9.999999e+01 
9.999999e+01 
9.999999e+01 
9.999999e+01 
9.999999e+01 
9.999999e+01 
9.999999e+01 
9.999999e+01 
9.999999e+01 
9.999999e+01 
9.999999e+01 
9.999999e+01 
9.999999e+01 
9.999999e+01 
9.999999e+01 
9.999999e+01 
9.999999e+01 
9.999999e+01 
1.000000e+02 
1.000000e+02 
1.000000e+02 
1.000000e+02 
1.000000e+02 
1.000000e+02 
1.000000e+02 
1.000000e+02 

1.000000e+02 
1.000000e+02 
1.000000e+02 
1.000000e+02 
1.000000e+02 
1.000000e+02 
1.000000e+02 
1.000000e+02 
1.000000e+02 
1.000000e+02 
1.000000e+02 
1.000000e+02 
1.000000e+02 
1.000000e+02 
1.000000e+02 
1.000000e+02 
1.000000e+02 
1.000000e+02 
1.000000e+02 
1.000000e+02 
1.000000e+02 
1.000000e+02 
1.000000e+02 
1.000000e+02 
1.000000e+02 
1.000000e+02 
1.000000e+02 
1.000000e+02 
1.000000e+02 
1.000000e+02 
1.000000e+02 
1.000000e+02 
1.000000e+02 
1.000000e+02 
1.000000e+02 
1.000000e+02 
1.000000e+02 
1.000000e+02 
1.000000e+02 
1.000000e+02 
1.000000e+02 
1.000000e+02 
1.000000e+02 
1.000000e+02 
1.000000e+02 
1.000000e+02 
1.000000e+02 
1.000000e+02 
1.000000e+02 
1.000000e+02 
1.000000e+02 
1.000000e+02 
1.000000e+02 
1.000000e+02 
1.000000e+02 
1.000000e+02 
1.000000e+02 
1.000000e+02 
1.000000e+02 
1.000000e+02 
1.000000e+02 
1.000000e+02 
1.000000e+02 
1.000000e+02 
1.000000e+02 
1.000000e+02 

1.000000e+02 
1.000000e+02 
1.000000e+02 
1.000000e+02 
1.000000e+02 
1.000000e+02 
1.000000e+02 
1.000000e+02 
1.000000e+02 
1.000000e+02 
1.000000e+02 
1.000000e+02 
1.000000e+02 
1.000000e+02 
1.000000e+02 
1.000000e+02 
1.000000e+02 
1.000000e+02 
1.000000e+02 
1.000000e+02 
1.000000e+02 
1.000000e+02 
1.000000e+02 
1.000000e+02 
1.000000e+02 
1.000000e+02 
1.000000e+02 
1.000000e+02 
1.000000e+02 
1.000000e+02 
1.000000e+02 
1.000000e+02 
1.000000e+02 
1.000000e+02 
1.000000e+02 
1.000000e+02 
1.000000e+02 
1.000000e+02 
1.000000e+02 
1.000000e+02 
1.000000e+02 
1.000000e+02 
1.000000e+02 
1.000000e+02 
1.000000e+02 
1.000000e+02 
1.000000e+02 
1.000000e+02 
1.000000e+02 
1.000000e+02 
1.000000e+02 
1.000000e+02 
1.000000e+02 
1.000000e+02 
1.000000e+02 
1.000000e+02 
1.000000e+02 
1.000000e+02 
1.000000e+02 
1.000000e+02 
1.000000e+02 
1.000000e+02 
1.000000e+02 
1.000000e+02 
1.000000e+02 
1.000000e+02 

