1.000000e+02 
1.000000e+02 
1.000000e+02 
1.000000e+02 
1.000000e+02 
1.000000e+02 
1.000000e+02 
1.000000e+02 
1.000000e+02 
1.000000e+02 
1.000000e+02 
1.000000e+02 
1.000000e+02 
1.000000e+02 
1.000000e+02 
1.000000e+02 
1.000000e+02 
1.000000e+02 
1.000000e+02 
1.000000e+02 
1.000000e+02 
1.000000e+02 
1.000000e+02 
1.000000e+02 
1.000000e+02 
1.000000e+02 
1.000000e+02 
1.000000e+02 
1.000000e+02 
1.000000e+02 
1.000000e+02 
1.000000e+02 
1.000000e+02 
1.000000e+02 
1.000000e+02 
1.000000e+02 
1.000000e+02 
1.000000e+02 
1.000000e+02 
1.000000e+02 
1.000000e+02 
1.000000e+02 
1.000000e+02 
1.000000e+02 
1.000000e+02 
1.000000e+02 
1.000000e+02 
1.000000e+02 
1.000000e+02 
1.000000e+02 
1.000000e+02 
1.000000e+02 
1.000000e+02 
1.000000e+02 
1.000000e+02 
1.000000e+02 
1.000000e+02 
1.000000e+02 
1.000000e+02 
1.000000e+02 
1.000000e+02 
1.000000e+02 
1.000000e+02 
1.000000e+02 
1.000000e+02 
1.000000e+02 

1.000000e+02 
1.000000e+02 
1.000000e+02 
1.000000e+02 
1.000000e+02 
1.000000e+02 
1.000000e+02 
1.000000e+02 
1.000000e+02 
1.000000e+02 
1.000000e+02 
1.000000e+02 
1.000000e+02 
1.000000e+02 
1.000000e+02 
1.000000e+02 
1.000000e+02 
1.000000e+02 
1.000000e+02 
1.000000e+02 
1.000000e+02 
1.000000e+02 
1.000000e+02 
1.000000e+02 
1.000000e+02 
1.000000e+02 
1.000000e+02 
1.000000e+02 
1.000000e+02 
1.000000e+02 
1.000000e+02 
1.000000e+02 
1.000000e+02 
1.000000e+02 
1.000000e+02 
1.000000e+02 
1.000000e+02 
1.000000e+02 
1.000000e+02 
1.000000e+02 
1.000000e+02 
1.000000e+02 
1.000000e+02 
1.000000e+02 
1.000000e+02 
1.000000e+02 
1.000000e+02 
1.000000e+02 
1.000000e+02 
1.000000e+02 
1.000000e+02 
1.000000e+02 
1.000000e+02 
1.000000e+02 
1.000000e+02 
1.000000e+02 
1.000000e+02 
1.000000e+02 
1.000000e+02 
1.000000e+02 
1.000000e+02 
1.000000e+02 
1.000000e+02 
1.000000e+02 
1.000000e+02 
1.000000e+02 

1.000000e+02 
1.000000e+02 
1.000000e+02 
1.000000e+02 
1.000000e+02 
1.000000e+02 
1.000000e+02 
1.000000e+02 
1.000000e+02 
1.000000e+02 
1.000000e+02 
1.000000e+02 
1.000000e+02 
1.000000e+02 
1.000000e+02 
1.000000e+02 
1.000000e+02 
1.000000e+02 
1.000000e+02 
1.000000e+02 
1.000000e+02 
1.000000e+02 
1.000000e+02 
1.000000e+02 
1.000000e+02 
1.000000e+02 
1.000000e+02 
1.000000e+02 
1.000000e+02 
1.000000e+02 
1.000000e+02 
1.000000e+02 
1.000000e+02 
1.000000e+02 
1.000000e+02 
1.000000e+02 
1.000000e+02 
1.000000e+02 
1.000000e+02 
1.000000e+02 
1.000000e+02 
1.000000e+02 
1.000000e+02 
1.000000e+02 
1.000000e+02 
1.000000e+02 
1.000000e+02 
1.000000e+02 
1.000000e+02 
1.000000e+02 
1.000000e+02 
1.000000e+02 
1.000000e+02 
1.000000e+02 
1.000000e+02 
1.000000e+02 
1.000000e+02 
1.000000e+02 
1.000000e+02 
1.000000e+02 
1.000000e+02 
1.000000e+02 
1.000000e+02 
1.000000e+02 
1.000000e+02 
1.000000e+02 

1.000000e+02 
1.000000e+02 
1.000000e+02 
1.000000e+02 
1.000000e+02 
1.000000e+02 
1.000000e+02 
1.000000e+02 
1.000000e+02 
1.000000e+02 
1.000000e+02 
1.000000e+02 
1.000000e+02 
1.000000e+02 
1.000000e+02 
1.000000e+02 
1.000000e+02 
1.000000e+02 
1.000000e+02 
1.000000e+02 
1.000000e+02 
1.000000e+02 
1.000000e+02 
1.000000e+02 
1.000000e+02 
1.000000e+02 
1.000000e+02 
1.000000e+02 
1.000000e+02 
1.000000e+02 
1.000000e+02 
1.000000e+02 
1.000000e+02 
1.000000e+02 
1.000000e+02 
1.000000e+02 
1.000000e+02 
1.000000e+02 
1.000000e+02 
1.000000e+02 
1.000000e+02 
1.000000e+02 
1.000000e+02 
1.000000e+02 
1.000000e+02 
1.000000e+02 
1.000000e+02 
1.000000e+02 
1.000000e+02 
1.000000e+02 
1.000000e+02 
1.000000e+02 
1.000000e+02 
1.000000e+02 
1.000000e+02 
1.000000e+02 
1.000000e+02 
1.000000e+02 
1.000000e+02 
1.000000e+02 
1.000000e+02 
1.000000e+02 
1.000000e+02 
1.000000e+02 
1.000000e+02 
1.000000e+02 

1.000000e+02 
1.000000e+02 
1.000000e+02 
1.000000e+02 
1.000000e+02 
1.000000e+02 
1.000000e+02 
1.000000e+02 
1.000000e+02 
1.000000e+02 
1.000000e+02 
1.000000e+02 
1.000000e+02 
1.000000e+02 
1.000000e+02 
1.000000e+02 
1.000000e+02 
1.000000e+02 
1.000000e+02 
1.000000e+02 
1.000000e+02 
1.000000e+02 
1.000000e+02 
1.000000e+02 
1.000000e+02 
1.000000e+02 
1.000000e+02 
1.000000e+02 
1.000000e+02 
1.000000e+02 
1.000000e+02 
1.000000e+02 
1.000000e+02 
1.000000e+02 
1.000000e+02 
1.000000e+02 
1.000000e+02 
1.000000e+02 
1.000000e+02 
1.000000e+02 
1.000000e+02 
1.000000e+02 
1.000000e+02 
1.000000e+02 
1.000000e+02 
1.000000e+02 
1.000000e+02 
1.000000e+02 
1.000000e+02 
1.000000e+02 
1.000000e+02 
1.000000e+02 
1.000000e+02 
1.000000e+02 
1.000000e+02 
1.000000e+02 
1.000000e+02 
1.000000e+02 
1.000000e+02 
1.000000e+02 
1.000000e+02 
1.000000e+02 
1.000000e+02 
1.000000e+02 
1.000000e+02 
1.000000e+02 

1.000000e+02 
1.000000e+02 
1.000000e+02 
1.000000e+02 
1.000000e+02 
1.000000e+02 
1.000000e+02 
1.000000e+02 
1.000000e+02 
1.000000e+02 
1.000000e+02 
1.000000e+02 
9.999999e+01 
9.999999e+01 
9.999999e+01 
9.999998e+01 
9.999998e+01 
9.999998e+01 
9.999998e+01 
9.999998e+01 
9.999998e+01 
9.999998e+01 
9.999998e+01 
9.999998e+01 
9.999998e+01 
9.999998e+01 
9.999998e+01 
9.999998e+01 
9.999998e+01 
9.999998e+01 
9.999998e+01 
9.999998e+01 
9.999998e+01 
9.999998e+01 
9.999998e+01 
9.999998e+01 
9.999998e+01 
9.999998e+01 
9.999998e+01 
9.999998e+01 
9.999998e+01 
9.999998e+01 
9.999998e+01 
9.999997e+01 
9.999997e+01 
9.999997e+01 
9.999997e+01 
9.999997e+01 
9.999997e+01 
9.999997e+01 
9.999997e+01 
9.999997e+01 
9.999997e+01 
9.999997e+01 
9.999997e+01 
9.999998e+01 
9.999998e+01 
9.999998e+01 
9.999999e+01 
9.999999e+01 
1.000000e+02 
1.000000e+02 
1.000000e+02 
1.000000e+02 
1.000000e+02 
1.000000e+02 

1.000000e+02 
1.000000e+02 
1.000000e+02 
1.000000e+02 
1.000000e+02 
1.000000e+02 
1.000000e+02 
1.000000e+02 
1.000000e+02 
1.000000e+02 
9.999999e+01 
9.999998e+01 
9.999996e+01 
9.999995e+01 
9.999995e+01 
9.999994e+01 
9.999994e+01 
9.999993e+01 
9.999993e+01 
9.999993e+01 
9.999993e+01 
9.999993e+01 
9.999992e+01 
9.999992e+01 
9.999992e+01 
9.999992e+01 
9.999992e+01 
9.999992e+01 
9.999992e+01 
9.999992e+01 
9.999992e+01 
9.999992e+01 
9.999992e+01 
9.999992e+01 
9.999992e+01 
9.999992e+01 
9.999992e+01 
9.999992e+01 
9.999992e+01 
9.999992e+01 
9.999992e+01 
9.999992e+01 
9.999992e+01 
9.999992e+01 
9.999992e+01 
9.999992e+01 
9.999992e+01 
9.999992e+01 
9.999992e+01 
9.999992e+01 
9.999992e+01 
9.999992e+01 
9.999992e+01 
9.999993e+01 
9.999993e+01 
9.999994e+01 
9.999995e+01 
9.999996e+01 
9.999998e+01 
9.999999e+01 
9.999999e+01 
1.000000e+02 
1.000000e+02 
1.000000e+02 
1.000000e+02 
1.000000e+02 

1.000000e+02 
1.000000e+02 
1.000000e+02 
1.000000e+02 
1.000000e+02 
1.000000e+02 
1.000001e+02 
1.000001e+02 
1.000001e+02 
1.000000e+02 
9.999998e+01 
9.999994e+01 
9.999990e+01 
9.999988e+01 
9.999985e+01 
9.999984e+01 
9.999983e+01 
9.999982e+01 
9.999981e+01 
9.999981e+01 
9.999981e+01 
9.999980e+01 
9.999980e+01 
9.999980e+01 
9.999980e+01 
9.999980e+01 
9.999980e+01 
9.999980e+01 
9.999979e+01 
9.999979e+01 
9.999979e+01 
9.999979e+01 
9.999979e+01 
9.999979e+01 
9.999979e+01 
9.999979e+01 
9.999979e+01 
9.999979e+01 
9.999979e+01 
9.999979e+01 
9.999979e+01 
9.999979e+01 
9.999979e+01 
9.999979e+01 
9.999979e+01 
9.999979e+01 
9.999979e+01 
9.999979e+01 
9.999979e+01 
9.999980e+01 
9.999980e+01 
9.999981e+01 
9.999982e+01 
9.999984e+01 
9.999986e+01 
9.999989e+01 
9.999992e+01 
9.999994e+01 
9.999997e+01 
9.999998e+01 
9.999999e+01 
1.000000e+02 
1.000000e+02 
1.000000e+02 
1.000000e+02 
1.000000e+02 

1.000000e+02 
1.000000e+02 
1.000000e+02 
1.000000e+02 
1.000000e+02 
1.000001e+02 
1.000001e+02 
1.000001e+02 
1.000001e+02 
1.000000e+02 
9.999997e+01 
9.999988e+01 
9.999980e+01 
9.999973e+01 
9.999968e+01 
9.999963e+01 
9.999961e+01 
9.999958e+01 
9.999957e+01 
9.999956e+01 
9.999955e+01 
9.999955e+01 
9.999954e+01 
9.999954e+01 
9.999954e+01 
9.999954e+01 
9.999953e+01 
9.999953e+01 
9.999953e+01 
9.999953e+01 
9.999953e+01 
9.999953e+01 
9.999953e+01 
9.999953e+01 
9.999952e+01 
9.999952e+01 
9.999952e+01 
9.999952e+01 
9.999953e+01 
9.999953e+01 
9.999953e+01 
9.999953e+01 
9.999953e+01 
9.999953e+01 
9.999953e+01 
9.999953e+01 
9.999954e+01 
9.999955e+01 
9.999956e+01 
9.999957e+01 
9.999959e+01 
9.999962e+01 
9.999966e+01 
9.999971e+01 
9.999977e+01 
9.999983e+01 
9.999989e+01 
9.999993e+01 
9.999996e+01 
9.999998e+01 
9.999999e+01 
9.999999e+01 
1.000000e+02 
1.000000e+02 
1.000000e+02 
1.000000e+02 

1.000000e+02 
1.000000e+02 
1.000000e+02 
1.000000e+02 
1.000000e+02 
1.000001e+02 
1.000001e+02 
1.000002e+02 
1.000002e+02 
1.000001e+02 
9.999998e+01 
9.999982e+01 
9.999965e+01 
9.999949e+01 
9.999936e+01 
9.999926e+01 
9.999919e+01 
9.999914e+01 
9.999910e+01 
9.999907e+01 
9.999906e+01 
9.999904e+01 
9.999903e+01 
9.999903e+01 
9.999902e+01 
9.999902e+01 
9.999901e+01 
9.999901e+01 
9.999901e+01 
9.999901e+01 
9.999900e+01 
9.999900e+01 
9.999900e+01 
9.999900e+01 
9.999900e+01 
9.999901e+01 
9.999901e+01 
9.999901e+01 
9.999901e+01 
9.999902e+01 
9.999902e+01 
9.999902e+01 
9.999903e+01 
9.999904e+01 
9.999904e+01 
9.999906e+01 
9.999907e+01 
9.999910e+01 
9.999913e+01 
9.999918e+01 
9.999924e+01 
9.999933e+01 
9.999943e+01 
9.999955e+01 
9.999968e+01 
9.999979e+01 
9.999988e+01 
9.999993e+01 
9.999996e+01 
9.999998e+01 
9.999999e+01 
9.999999e+01 
1.000000e+02 
1.000000e+02 
1.000000e+02 
1.000000e+02 

1.000000e+02 
1.000000e+02 
1.000000e+02 
1.000000e+02 
1.000000e+02 
1.000001e+02 
1.000002e+02 
1.000002e+02 
1.000002e+02 
1.000002e+02 
1.000000e+02 
9.999981e+01 
9.999950e+01 
9.999917e+01 
9.999888e+01 
9.999864e+01 
9.999845e+01 
9.999832e+01 
9.999822e+01 
9.999815e+01 
9.999811e+01 
9.999807e+01 
9.999805e+01 
9.999804e+01 
9.999802e+01 
9.999801e+01 
9.999801e+01 
9.999800e+01 
9.999799e+01 
9.999799e+01 
9.999799e+01 
9.999799e+01 
9.999799e+01 
9.999799e+01 
9.999800e+01 
9.999801e+01 
9.999801e+01 
9.999802e+01 
9.999804e+01 
9.999805e+01 
9.999806e+01 
9.999808e+01 
9.999810e+01 
9.999812e+01 
9.999815e+01 
9.999819e+01 
9.999824e+01 
9.999832e+01 
9.999842e+01 
9.999855e+01 
9.999872e+01 
9.999893e+01 
9.999917e+01 
9.999941e+01 
9.999963e+01 
9.999979e+01 
9.999989e+01 
9.999994e+01 
9.999996e+01 
9.999997e+01 
9.999998e+01 
9.999999e+01 
1.000000e+02 
1.000000e+02 
1.000000e+02 
1.000000e+02 

1.000000e+02 
1.000000e+02 
1.000000e+02 
1.000000e+02 
1.000000e+02 
1.000001e+02 
1.000002e+02 
1.000003e+02 
1.000003e+02 
1.000003e+02 
1.000002e+02 
9.999989e+01 
9.999941e+01 
9.999883e+01 
9.999823e+01 
9.999769e+01 
9.999725e+01 
9.999691e+01 
9.999667e+01 
9.999649e+01 
9.999637e+01 
9.999629e+01 
9.999623e+01 
9.999619e+01 
9.999616e+01 
9.999613e+01 
9.999611e+01 
9.999610e+01 
9.999609e+01 
9.999608e+01 
9.999608e+01 
9.999608e+01 
9.999609e+01 
9.999610e+01 
9.999612e+01 
9.999614e+01 
9.999617e+01 
9.999620e+01 
9.999624e+01 
9.999628e+01 
9.999633e+01 
9.999637e+01 
9.999643e+01 
9.999649e+01 
9.999657e+01 
9.999669e+01 
9.999684e+01 
9.999704e+01 
9.999731e+01 
9.999764e+01 
9.999805e+01 
9.999850e+01 
9.999897e+01 
9.999937e+01 
9.999967e+01 
9.999985e+01 
9.999993e+01 
9.999996e+01 
9.999997e+01 
9.999997e+01 
9.999998e+01 
9.999999e+01 
1.000000e+02 
1.000000e+02 
1.000000e+02 
1.000000e+02 

1.000000e+02 
1.000000e+02 
1.000000e+02 
1.000000e+02 
1.000000e+02 
1.000001e+02 
1.000002e+02 
1.000003e+02 
1.000004e+02 
1.000005e+02 
1.000004e+02 
1.000001e+02 
9.999949e+01 
9.999860e+01 
9.999755e+01 
9.999650e+01 
9.999557e+01 
9.999482e+01 
9.999425e+01 
9.999383e+01 
9.999353e+01 
9.999332e+01 
9.999318e+01 
9.999308e+01 
9.999300e+01 
9.999294e+01 
9.999288e+01 
9.999284e+01 
9.999282e+01 
9.999280e+01 
9.999280e+01 
9.999281e+01 
9.999284e+01 
9.999288e+01 
9.999293e+01 
9.999299e+01 
9.999306e+01 
9.999315e+01 
9.999325e+01 
9.999336e+01 
9.999347e+01 
9.999360e+01 
9.999374e+01 
9.999390e+01 
9.999411e+01 
9.999440e+01 
9.999477e+01 
9.999525e+01 
9.999585e+01 
9.999658e+01 
9.999739e+01 
9.999822e+01 
9.999895e+01 
9.999950e+01 
9.999981e+01 
9.999994e+01 
9.999998e+01 
9.999997e+01 
9.999997e+01 
9.999997e+01 
9.999998e+01 
9.999999e+01 
1.000000e+02 
1.000000e+02 
1.000000e+02 
1.000000e+02 

1.000000e+02 
1.000000e+02 
1.000000e+02 
1.000000e+02 
1.000000e+02 
1.000001e+02 
1.000002e+02 
1.000003e+02 
1.000005e+02 
1.000006e+02 
1.000007e+02 
1.000004e+02 
9.999982e+01 
9.999869e+01 
9.999715e+01 
9.999542e+01 
9.999372e+01 
9.999224e+01 
9.999105e+01 
9.999015e+01 
9.998948e+01 
9.998901e+01 
9.998867e+01 
9.998843e+01 
9.998825e+01 
9.998809e+01 
9.998796e+01 
9.998787e+01 
9.998780e+01 
9.998776e+01 
9.998775e+01 
9.998778e+01 
9.998784e+01 
9.998793e+01 
9.998805e+01 
9.998820e+01 
9.998838e+01 
9.998858e+01 
9.998881e+01 
9.998906e+01 
9.998934e+01 
9.998963e+01 
9.998995e+01 
9.999031e+01 
9.999079e+01 
9.999141e+01 
9.999221e+01 
9.999320e+01 
9.999439e+01 
9.999572e+01 
9.999709e+01 
9.999832e+01 
9.999925e+01 
9.999980e+01 
1.000000e+02 
1.000001e+02 
1.000000e+02 
9.999998e+01 
9.999997e+01 
9.999997e+01 
9.999998e+01 
9.999999e+01 
1.000000e+02 
1.000000e+02 
1.000000e+02 
1.000000e+02 

1.000000e+02 
1.000000e+02 
1.000000e+02 
1.000000e+02 
1.000000e+02 
1.000001e+02 
1.000002e+02 
1.000004e+02 
1.000006e+02 
1.000008e+02 
1.000009e+02 
1.000009e+02 
1.000004e+02 
9.999921e+01 
9.999734e+01 
9.999492e+01 
9.999228e+01 
9.998974e+01 
9.998753e+01 
9.998575e+01 
9.998438e+01 
9.998336e+01 
9.998262e+01 
9.998209e+01 
9.998167e+01 
9.998131e+01 
9.998100e+01 
9.998076e+01 
9.998059e+01 
9.998049e+01 
9.998046e+01 
9.998051e+01 
9.998062e+01 
9.998081e+01 
9.998107e+01 
9.998140e+01 
9.998179e+01 
9.998224e+01 
9.998274e+01 
9.998329e+01 
9.998389e+01 
9.998451e+01 
9.998517e+01 
9.998594e+01 
9.998691e+01 
9.998815e+01 
9.998968e+01 
9.999149e+01 
9.999351e+01 
9.999558e+01 
9.999748e+01 
9.999895e+01 
9.999986e+01 
1.000002e+02 
1.000003e+02 
1.000002e+02 
1.000001e+02 
9.999999e+01 
9.999997e+01 
9.999997e+01 
9.999998e+01 
9.999999e+01 
1.000000e+02 
1.000000e+02 
1.000000e+02 
1.000000e+02 

1.000000e+02 
1.000000e+02 
1.000000e+02 
1.000000e+02 
1.000000e+02 
1.000001e+02 
1.000002e+02 
1.000004e+02 
1.000006e+02 
1.000009e+02 
1.000012e+02 
1.000013e+02 
1.000011e+02 
1.000001e+02 
9.999824e+01 
9.999540e+01 
9.999185e+01 
9.998803e+01 
9.998435e+01 
9.998113e+01 
9.997850e+01 
9.997645e+01 
9.997489e+01 
9.997374e+01 
9.997281e+01 
9.997198e+01 
9.997127e+01 
9.997069e+01 
9.997025e+01 
9.996997e+01 
9.996986e+01 
9.996991e+01 
9.997013e+01 
9.997051e+01 
9.997105e+01 
9.997174e+01 
9.997258e+01 
9.997353e+01 
9.997459e+01 
9.997575e+01 
9.997697e+01 
9.997825e+01 
9.997957e+01 
9.998107e+01 
9.998293e+01 
9.998520e+01 
9.998786e+01 
9.999081e+01 
9.999382e+01 
9.999657e+01 
9.999873e+01 
1.000001e+02 
1.000007e+02 
1.000007e+02 
1.000005e+02 
1.000002e+02 
1.000001e+02 
1.000000e+02 
9.999997e+01 
9.999997e+01 
9.999998e+01 
9.999999e+01 
1.000000e+02 
1.000000e+02 
1.000000e+02 
1.000000e+02 

1.000000e+02 
1.000000e+02 
1.000000e+02 
1.000000e+02 
1.000000e+02 
1.000001e+02 
1.000002e+02 
1.000004e+02 
1.000006e+02 
1.000010e+02 
1.000014e+02 
1.000017e+02 
1.000018e+02 
1.000013e+02 
9.999975e+01 
9.999693e+01 
9.999281e+01 
9.998773e+01 
9.998225e+01 
9.997696e+01 
9.997226e+01 
9.996835e+01 
9.996524e+01 
9.996284e+01 
9.996083e+01 
9.995898e+01 
9.995735e+01 
9.995597e+01 
9.995489e+01 
9.995414e+01 
9.995376e+01 
9.995375e+01 
9.995413e+01 
9.995489e+01 
9.995602e+01 
9.995747e+01 
9.995923e+01 
9.996124e+01 
9.996346e+01 
9.996582e+01 
9.996829e+01 
9.997081e+01 
9.997334e+01 
9.997613e+01 
9.997947e+01 
9.998333e+01 
9.998754e+01 
9.999181e+01 
9.999569e+01 
9.999874e+01 
1.000007e+02 
1.000015e+02 
1.000015e+02 
1.000011e+02 
1.000006e+02 
1.000003e+02 
1.000001e+02 
1.000000e+02 
9.999997e+01 
9.999997e+01 
9.999998e+01 
9.999999e+01 
1.000000e+02 
1.000000e+02 
1.000000e+02 
1.000000e+02 

1.000000e+02 
1.000000e+02 
1.000000e+02 
1.000000e+02 
1.000001e+02 
1.000001e+02 
1.000002e+02 
1.000004e+02 
1.000007e+02 
1.000010e+02 
1.000015e+02 
1.000021e+02 
1.000025e+02 
1.000025e+02 
1.000016e+02 
9.999926e+01 
9.999512e+01 
9.998918e+01 
9.998190e+01 
9.997403e+01 
9.996638e+01 
9.995951e+01 
9.995370e+01 
9.994899e+01 
9.994489e+01 
9.994097e+01 
9.993738e+01 
9.993423e+01 
9.993165e+01 
9.992976e+01 
9.992865e+01 
9.992839e+01 
9.992901e+01 
9.993049e+01 
9.993280e+01 
9.993584e+01 
9.993951e+01 
9.994368e+01 
9.994819e+01 
9.995292e+01 
9.995771e+01 
9.996244e+01 
9.996703e+01 
9.997190e+01 
9.997744e+01 
9.998343e+01 
9.998942e+01 
9.999485e+01 
9.999910e+01 
1.000018e+02 
1.000030e+02 
1.000030e+02 
1.000023e+02 
1.000015e+02 
1.000008e+02 
1.000003e+02 
1.000001e+02 
9.999999e+01 
9.999997e+01 
9.999997e+01 
9.999998e+01 
9.999999e+01 
1.000000e+02 
1.000000e+02 
1.000000e+02 
1.000000e+02 

1.000000e+02 
1.000000e+02 
1.000000e+02 
1.000000e+02 
1.000001e+02 
1.000001e+02 
1.000002e+02 
1.000004e+02 
1.000007e+02 
1.000011e+02 
1.000016e+02 
1.000023e+02 
1.000031e+02 
1.000036e+02 
1.000035e+02 
1.000020e+02 
9.999845e+01 
9.999232e+01 
9.998368e+01 
9.997323e+01 
9.996201e+01 
9.995109e+01 
9.994120e+01 
9.993273e+01 
9.992499e+01 
9.991729e+01 
9.990990e+01 
9.990315e+01 
9.989737e+01 
9.989290e+01 
9.989002e+01 
9.988897e+01 
9.988985e+01 
9.989266e+01 
9.989729e+01 
9.990348e+01 
9.991093e+01 
9.991926e+01 
9.992809e+01 
9.993705e+01 
9.994582e+01 
9.995416e+01 
9.996189e+01 
9.996969e+01 
9.997804e+01 
9.998636e+01 
9.999389e+01 
9.999982e+01 
1.000036e+02 
1.000053e+02 
1.000053e+02 
1.000043e+02 
1.000029e+02 
1.000017e+02 
1.000008e+02 
1.000003e+02 
1.000001e+02 
9.999999e+01 
9.999996e+01 
9.999997e+01 
9.999998e+01 
9.999999e+01 
1.000000e+02 
1.000000e+02 
1.000000e+02 
1.000000e+02 

1.000000e+02 
1.000000e+02 
1.000000e+02 
1.000000e+02 
1.000001e+02 
1.000001e+02 
1.000002e+02 
1.000004e+02 
1.000007e+02 
1.000011e+02 
1.000017e+02 
1.000026e+02 
1.000036e+02 
1.000046e+02 
1.000053e+02 
1.000048e+02 
1.000023e+02 
9.999669e+01 
9.998755e+01 
9.997510e+01 
9.996038e+01 
9.994481e+01 
9.992969e+01 
9.991597e+01 
9.990276e+01 
9.988898e+01 
9.987513e+01 
9.986185e+01 
9.984993e+01 
9.984021e+01 
9.983347e+01 
9.983038e+01 
9.983133e+01 
9.983638e+01 
9.984522e+01 
9.985725e+01 
9.987162e+01 
9.988737e+01 
9.990359e+01 
9.991945e+01 
9.993434e+01 
9.994783e+01 
9.995970e+01 
9.997100e+01 
9.998228e+01 
9.999253e+01 
1.000007e+02 
1.000061e+02 
1.000086e+02 
1.000087e+02 
1.000073e+02 
1.000053e+02 
1.000034e+02 
1.000019e+02 
1.000009e+02 
1.000004e+02 
1.000001e+02 
9.999999e+01 
9.999996e+01 
9.999997e+01 
9.999998e+01 
9.999999e+01 
1.000000e+02 
1.000000e+02 
1.000000e+02 
1.000000e+02 

1.000000e+02 
1.000000e+02 
1.000000e+02 
1.000000e+02 
1.000001e+02 
1.000001e+02 
1.000002e+02 
1.000004e+02 
1.000007e+02 
1.000012e+02 
1.000018e+02 
1.000027e+02 
1.000040e+02 
1.000054e+02 
1.000068e+02 
1.000074e+02 
1.000061e+02 
1.000017e+02 
9.999296e+01 
9.997957e+01 
9.996217e+01 
9.994224e+01 
9.992153e+01 
9.990162e+01 
9.988143e+01 
9.985930e+01 
9.983589e+01 
9.981229e+01 
9.978999e+01 
9.977079e+01 
9.975657e+01 
9.974901e+01 
9.974925e+01 
9.975760e+01 
9.977344e+01 
9.979532e+01 
9.982123e+01 
9.984901e+01 
9.987663e+01 
9.990253e+01 
9.992568e+01 
9.994555e+01 
9.996205e+01 
9.997679e+01 
9.999038e+01 
1.000015e+02 
1.000092e+02 
1.000130e+02 
1.000135e+02 
1.000117e+02 
1.000089e+02 
1.000061e+02 
1.000037e+02 
1.000020e+02 
1.000009e+02 
1.000004e+02 
1.000001e+02 
9.999999e+01 
9.999996e+01 
9.999996e+01 
9.999998e+01 
9.999999e+01 
1.000000e+02 
1.000000e+02 
1.000000e+02 
1.000000e+02 

1.000000e+02 
1.000000e+02 
1.000000e+02 
1.000000e+02 
1.000001e+02 
1.000001e+02 
1.000002e+02 
1.000004e+02 
1.000007e+02 
1.000012e+02 
1.000019e+02 
1.000029e+02 
1.000043e+02 
1.000061e+02 
1.000081e+02 
1.000096e+02 
1.000097e+02 
1.000067e+02 
9.999917e+01 
9.998599e+01 
9.996722e+01 
9.994406e+01 
9.991843e+01 
9.989241e+01 
9.986470e+01 
9.983280e+01 
9.979732e+01 
9.975963e+01 
9.972208e+01 
9.968790e+01 
9.966090e+01 
9.964484e+01 
9.964250e+01 
9.965497e+01 
9.968114e+01 
9.971802e+01 
9.976134e+01 
9.980665e+01 
9.985008e+01 
9.988898e+01 
9.992195e+01 
9.994867e+01 
9.996952e+01 
9.998689e+01 
1.000016e+02 
1.000122e+02 
1.000181e+02 
1.000196e+02 
1.000178e+02 
1.000142e+02 
1.000102e+02 
1.000067e+02 
1.000039e+02 
1.000020e+02 
1.000009e+02 
1.000004e+02 
1.000001e+02 
9.999999e+01 
9.999996e+01 
9.999996e+01 
9.999998e+01 
9.999999e+01 
1.000000e+02 
1.000000e+02 
1.000000e+02 
1.000000e+02 

1.000000e+02 
1.000000e+02 
1.000000e+02 
1.000000e+02 
1.000001e+02 
1.000001e+02 
1.000002e+02 
1.000004e+02 
1.000007e+02 
1.000012e+02 
1.000019e+02 
1.000030e+02 
1.000045e+02 
1.000066e+02 
1.000091e+02 
1.000115e+02 
1.000128e+02 
1.000114e+02 
1.000055e+02 
9.999343e+01 
9.997463e+01 
9.994979e+01 
9.992071e+01 
9.988972e+01 
9.985521e+01 
9.981366e+01 
9.976518e+01 
9.971106e+01 
9.965419e+01 
9.959945e+01 
9.955339e+01 
9.952318e+01 
9.951480e+01 
9.953111e+01 
9.957067e+01 
9.962797e+01 
9.969497e+01 
9.976342e+01 
9.982666e+01 
9.988070e+01 
9.992407e+01 
9.995717e+01 
9.998139e+01 
1.000001e+02 
1.000145e+02 
1.000234e+02 
1.000267e+02 
1.000254e+02 
1.000213e+02 
1.000161e+02 
1.000111e+02 
1.000070e+02 
1.000040e+02 
1.000021e+02 
1.000009e+02 
1.000003e+02 
1.000001e+02 
9.999998e+01 
9.999996e+01 
9.999996e+01 
9.999998e+01 
9.999999e+01 
1.000000e+02 
1.000000e+02 
1.000000e+02 
1.000000e+02 

1.000000e+02 
1.000000e+02 
1.000000e+02 
1.000000e+02 
1.000001e+02 
1.000001e+02 
1.000003e+02 
1.000004e+02 
1.000007e+02 
1.000012e+02 
1.000019e+02 
1.000030e+02 
1.000047e+02 
1.000070e+02 
1.000099e+02 
1.000130e+02 
1.000154e+02 
1.000155e+02 
1.000114e+02 
1.000011e+02 
9.998328e+01 
9.995824e+01 
9.992743e+01 
9.989322e+01 
9.985362e+01 
9.980407e+01 
9.974384e+01 
9.967347e+01 
9.959578e+01 
9.951679e+01 
9.944600e+01 
9.939528e+01 
9.937557e+01 
9.939344e+01 
9.944774e+01 
9.952968e+01 
9.962579e+01 
9.972205e+01 
9.980802e+01 
9.987816e+01 
9.993147e+01 
9.996978e+01 
9.999604e+01 
1.000148e+02 
1.000277e+02 
1.000341e+02 
1.000344e+02 
1.000304e+02 
1.000241e+02 
1.000176e+02 
1.000118e+02 
1.000073e+02 
1.000041e+02 
1.000021e+02 
1.000009e+02 
1.000003e+02 
1.000001e+02 
9.999998e+01 
9.999996e+01 
9.999996e+01 
9.999998e+01 
9.999999e+01 
1.000000e+02 
1.000000e+02 
1.000000e+02 
1.000000e+02 

1.000000e+02 
1.000000e+02 
1.000000e+02 
1.000000e+02 
1.000001e+02 
1.000001e+02 
1.000003e+02 
1.000004e+02 
1.000007e+02 
1.000012e+02 
1.000020e+02 
1.000031e+02 
1.000049e+02 
1.000073e+02 
1.000106e+02 
1.000143e+02 
1.000178e+02 
1.000194e+02 
1.000173e+02 
1.000092e+02 
9.999334e+01 
9.996948e+01 
9.993861e+01 
9.990297e+01 
9.986026e+01 
9.980498e+01 
9.973531e+01 
9.965059e+01 
9.955244e+01 
9.944659e+01 
9.934453e+01 
9.926299e+01 
9.922179e+01 
9.923404e+01 
9.930215e+01 
9.941403e+01 
9.954724e+01 
9.967929e+01 
9.979307e+01 
9.988138e+01 
9.994451e+01 
9.998688e+01 
1.000138e+02 
1.000313e+02 
1.000416e+02 
1.000446e+02 
1.000416e+02 
1.000347e+02 
1.000265e+02 
1.000188e+02 
1.000123e+02 
1.000075e+02 
1.000042e+02 
1.000021e+02 
1.000009e+02 
1.000003e+02 
1.000001e+02 
9.999998e+01 
9.999996e+01 
9.999996e+01 
9.999998e+01 
9.999999e+01 
1.000000e+02 
1.000000e+02 
1.000000e+02 
1.000000e+02 

1.000000e+02 
1.000000e+02 
1.000000e+02 
1.000000e+02 
1.000001e+02 
1.000001e+02 
1.000003e+02 
1.000004e+02 
1.000008e+02 
1.000012e+02 
1.000020e+02 
1.000032e+02 
1.000050e+02 
1.000077e+02 
1.000113e+02 
1.000157e+02 
1.000201e+02 
1.000234e+02 
1.000236e+02 
1.000183e+02 
1.000056e+02 
9.998435e+01 
9.995530e+01 
9.992033e+01 
9.987698e+01 
9.981915e+01 
9.974423e+01 
9.965090e+01 
9.953945e+01 
9.941154e+01 
9.927545e+01 
9.915175e+01 
9.906482e+01 
9.905038e+01 
9.912012e+01 
9.926245e+01 
9.944693e+01 
9.962876e+01 
9.978078e+01 
9.989149e+01 
9.996470e+01 
1.000098e+02 
1.000359e+02 
1.000507e+02 
1.000571e+02 
1.000558e+02 
1.000488e+02 
1.000389e+02 
1.000287e+02 
1.000198e+02 
1.000128e+02 
1.000077e+02 
1.000042e+02 
1.000021e+02 
1.000009e+02 
1.000003e+02 
1.000001e+02 
9.999998e+01 
9.999996e+01 
9.999996e+01 
9.999998e+01 
9.999999e+01 
1.000000e+02 
1.000000e+02 
1.000000e+02 
1.000000e+02 

1.000000e+02 
1.000000e+02 
1.000000e+02 
1.000000e+02 
1.000001e+02 
1.000001e+02 
1.000003e+02 
1.000004e+02 
1.000008e+02 
1.000012e+02 
1.000020e+02 
1.000032e+02 
1.000051e+02 
1.000080e+02 
1.000119e+02 
1.000169e+02 
1.000225e+02 
1.000275e+02 
1.000303e+02 
1.000285e+02 
1.000198e+02 
1.000029e+02 
9.997786e+01 
9.994630e+01 
9.990586e+01 
9.985064e+01 
9.977841e+01 
9.969016e+01 
9.959169e+01 
9.948556e+01 
9.935010e+01 
9.917148e+01 
9.900752e+01 
9.888799e+01 
9.890103e+01 
9.906392e+01 
9.930373e+01 
9.956495e+01 
9.977237e+01 
9.991019e+01 
9.999257e+01 
1.000384e+02 
1.000618e+02 
1.000722e+02 
1.000734e+02 
1.000670e+02 
1.000558e+02 
1.000429e+02 
1.000307e+02 
1.000207e+02 
1.000131e+02 
1.000078e+02 
1.000043e+02 
1.000021e+02 
1.000009e+02 
1.000003e+02 
1.000001e+02 
9.999998e+01 
9.999996e+01 
9.999996e+01 
9.999998e+01 
9.999999e+01 
1.000000e+02 
1.000000e+02 
1.000000e+02 
1.000000e+02 

1.000000e+02 
1.000000e+02 
1.000000e+02 
1.000000e+02 
1.000001e+02 
1.000001e+02 
1.000003e+02 
1.000005e+02 
1.000008e+02 
1.000013e+02 
1.000020e+02 
1.000033e+02 
1.000053e+02 
1.000083e+02 
1.000126e+02 
1.000182e+02 
1.000248e+02 
1.000316e+02 
1.000371e+02 
1.000392e+02 
1.000356e+02 
1.000246e+02 
1.000060e+02 
9.998085e+01 
9.994748e+01 
9.990137e+01 
9.984259e+01 
9.977906e+01 
9.974166e+01 
9.978072e+01 
9.989626e+01 
9.989509e+01 
9.953620e+01 
9.912482e+01 
9.877606e+01 
9.872292e+01 
9.908580e+01 
9.948302e+01 
9.977181e+01 
9.993803e+01 
1.000273e+02 
1.000712e+02 
1.000898e+02 
1.000946e+02 
1.000897e+02 
1.000777e+02 
1.000622e+02 
1.000463e+02 
1.000323e+02 
1.000214e+02 
1.000134e+02 
1.000079e+02 
1.000043e+02 
1.000021e+02 
1.000009e+02 
1.000003e+02 
1.000001e+02 
9.999998e+01 
9.999995e+01 
9.999996e+01 
9.999998e+01 
9.999999e+01 
1.000000e+02 
1.000000e+02 
1.000000e+02 
1.000000e+02 

1.000000e+02 
1.000000e+02 
1.000000e+02 
1.000000e+02 
1.000001e+02 
1.000001e+02 
1.000003e+02 
1.000005e+02 
1.000008e+02 
1.000013e+02 
1.000021e+02 
1.000034e+02 
1.000054e+02 
1.000086e+02 
1.000132e+02 
1.000193e+02 
1.000270e+02 
1.000356e+02 
1.000439e+02 
1.000502e+02 
1.000524e+02 
1.000487e+02 
1.000385e+02 
1.000226e+02 
1.000003e+02 
9.996965e+01 
9.993485e+01 
9.991616e+01 
9.997978e+01 
1.003588e+02 
1.011294e+02 
1.015959e+02 
1.013327e+02 
1.002532e+02 
9.914952e+01 
9.854635e+01 
9.874393e+01 
9.940984e+01 
9.978205e+01 
9.997360e+01 
1.000659e+02 
1.001054e+02 
1.001178e+02 
1.001160e+02 
1.001047e+02 
1.000872e+02 
1.000675e+02 
1.000490e+02 
1.000336e+02 
1.000219e+02 
1.000135e+02 
1.000079e+02 
1.000042e+02 
1.000021e+02 
1.000009e+02 
1.000003e+02 
1.000001e+02 
9.999997e+01 
9.999995e+01 
9.999996e+01 
9.999998e+01 
9.999999e+01 
1.000000e+02 
1.000000e+02 
1.000000e+02 
1.000000e+02 

1.000000e+02 
1.000000e+02 
1.000000e+02 
1.000000e+02 
1.000001e+02 
1.000001e+02 
1.000003e+02 
1.000005e+02 
1.000008e+02 
1.000013e+02 
1.000021e+02 
1.000034e+02 
1.000055e+02 
1.000088e+02 
1.000137e+02 
1.000204e+02 
1.000290e+02 
1.000393e+02 
1.000504e+02 
1.000611e+02 
1.000694e+02 
1.000738e+02 
1.000734e+02 
1.000688e+02 
1.000604e+02 
1.000497e+02 
1.000458e+02 
1.000826e+02 
1.002637e+02 
1.010212e+02 
1.028005e+02 
1.037604e+02 
1.039702e+02 
1.021293e+02 
9.996061e+01 
9.873655e+01 
9.844208e+01 
9.937078e+01 
9.980374e+01 
1.000123e+02 
1.001036e+02 
1.001370e+02 
1.001426e+02 
1.001343e+02 
1.001170e+02 
1.000946e+02 
1.000715e+02 
1.000509e+02 
1.000344e+02 
1.000221e+02 
1.000136e+02 
1.000078e+02 
1.000042e+02 
1.000020e+02 
1.000009e+02 
1.000003e+02 
1.000001e+02 
9.999997e+01 
9.999995e+01 
9.999996e+01 
9.999998e+01 
9.999999e+01 
1.000000e+02 
1.000000e+02 
1.000000e+02 
1.000000e+02 

1.000000e+02 
1.000000e+02 
1.000000e+02 
1.000000e+02 
1.000001e+02 
1.000001e+02 
1.000003e+02 
1.000005e+02 
1.000008e+02 
1.000013e+02 
1.000021e+02 
1.000034e+02 
1.000056e+02 
1.000091e+02 
1.000142e+02 
1.000214e+02 
1.000309e+02 
1.000427e+02 
1.000565e+02 
1.000713e+02 
1.000857e+02 
1.000982e+02 
1.001081e+02 
1.001154e+02 
1.001221e+02 
1.001328e+02 
1.001611e+02 
1.002506e+02 
1.005348e+02 
1.015366e+02 
1.041096e+02 
1.056791e+02 
1.062071e+02 
1.039705e+02 
1.009083e+02 
9.901837e+01 
9.836911e+01 
9.936571e+01 
9.983246e+01 
1.000469e+02 
1.001344e+02 
1.001615e+02 
1.001611e+02 
1.001474e+02 
1.001253e+02 
1.000993e+02 
1.000738e+02 
1.000518e+02 
1.000346e+02 
1.000221e+02 
1.000135e+02 
1.000078e+02 
1.000041e+02 
1.000020e+02 
1.000008e+02 
1.000003e+02 
1.000001e+02 
9.999997e+01 
9.999995e+01 
9.999996e+01 
9.999998e+01 
9.999999e+01 
1.000000e+02 
1.000000e+02 
1.000000e+02 
1.000000e+02 

1.000000e+02 
1.000000e+02 
1.000000e+02 
1.000000e+02 
1.000001e+02 
1.000001e+02 
1.000003e+02 
1.000005e+02 
1.000008e+02 
1.000013e+02 
1.000021e+02 
1.000035e+02 
1.000057e+02 
1.000093e+02 
1.000147e+02 
1.000223e+02 
1.000325e+02 
1.000457e+02 
1.000618e+02 
1.000803e+02 
1.001002e+02 
1.001203e+02 
1.001397e+02 
1.001582e+02 
1.001789e+02 
1.002092e+02 
1.002652e+02 
1.003961e+02 
1.007458e+02 
1.018702e+02 
1.046960e+02 
1.066764e+02 
1.073350e+02 
1.049830e+02 
1.015779e+02 
9.925739e+01 
9.842200e+01 
9.938688e+01 
9.985725e+01 
1.000701e+02 
1.001529e+02 
1.001750e+02 
1.001705e+02 
1.001534e+02 
1.001286e+02 
1.001008e+02 
1.000742e+02 
1.000517e+02 
1.000344e+02 
1.000219e+02 
1.000133e+02 
1.000076e+02 
1.000041e+02 
1.000019e+02 
1.000008e+02 
1.000003e+02 
1.000000e+02 
9.999997e+01 
9.999995e+01 
9.999996e+01 
9.999998e+01 
9.999999e+01 
1.000000e+02 
1.000000e+02 
1.000000e+02 
1.000000e+02 

1.000000e+02 
1.000000e+02 
1.000000e+02 
1.000000e+02 
1.000001e+02 
1.000001e+02 
1.000003e+02 
1.000005e+02 
1.000008e+02 
1.000013e+02 
1.000021e+02 
1.000035e+02 
1.000058e+02 
1.000095e+02 
1.000150e+02 
1.000230e+02 
1.000339e+02 
1.000482e+02 
1.000662e+02 
1.000878e+02 
1.001122e+02 
1.001384e+02 
1.001655e+02 
1.001930e+02 
1.002247e+02 
1.002699e+02 
1.003458e+02 
1.005027e+02 
1.008860e+02 
1.020489e+02 
1.049321e+02 
1.069614e+02 
1.076758e+02 
1.053159e+02 
1.018250e+02 
9.941299e+01 
9.848523e+01 
9.941227e+01 
9.986968e+01 
1.000763e+02 
1.001552e+02 
1.001749e+02 
1.001690e+02 
1.001513e+02 
1.001263e+02 
1.000986e+02 
1.000725e+02 
1.000505e+02 
1.000335e+02 
1.000214e+02 
1.000130e+02 
1.000074e+02 
1.000039e+02 
1.000019e+02 
1.000008e+02 
1.000003e+02 
1.000000e+02 
9.999996e+01 
9.999995e+01 
9.999996e+01 
9.999998e+01 
9.999999e+01 
1.000000e+02 
1.000000e+02 
1.000000e+02 
1.000000e+02 

1.000000e+02 
1.000000e+02 
1.000000e+02 
1.000000e+02 
1.000001e+02 
1.000001e+02 
1.000003e+02 
1.000005e+02 
1.000008e+02 
1.000013e+02 
1.000021e+02 
1.000036e+02 
1.000059e+02 
1.000097e+02 
1.000154e+02 
1.000236e+02 
1.000350e+02 
1.000502e+02 
1.000695e+02 
1.000932e+02 
1.001208e+02 
1.001511e+02 
1.001833e+02 
1.002165e+02 
1.002549e+02 
1.003083e+02 
1.003940e+02 
1.005606e+02 
1.009507e+02 
1.021108e+02 
1.049922e+02 
1.070459e+02 
1.078125e+02 
1.055083e+02 
1.020112e+02 
9.954649e+01 
9.854812e+01 
9.943236e+01 
9.986728e+01 
1.000641e+02 
1.001402e+02 
1.001604e+02 
1.001562e+02 
1.001407e+02 
1.001182e+02 
1.000929e+02 
1.000687e+02 
1.000482e+02 
1.000322e+02 
1.000206e+02 
1.000126e+02 
1.000072e+02 
1.000038e+02 
1.000018e+02 
1.000008e+02 
1.000003e+02 
1.000000e+02 
9.999996e+01 
9.999995e+01 
9.999996e+01 
9.999998e+01 
9.999999e+01 
1.000000e+02 
1.000000e+02 
1.000000e+02 
1.000000e+02 

1.000000e+02 
1.000000e+02 
1.000000e+02 
1.000000e+02 
1.000001e+02 
1.000001e+02 
1.000003e+02 
1.000005e+02 
1.000008e+02 
1.000013e+02 
1.000022e+02 
1.000036e+02 
1.000060e+02 
1.000098e+02 
1.000156e+02 
1.000241e+02 
1.000358e+02 
1.000515e+02 
1.000717e+02 
1.000966e+02 
1.001256e+02 
1.001578e+02 
1.001919e+02 
1.002268e+02 
1.002667e+02 
1.003209e+02 
1.004047e+02 
1.005624e+02 
1.009266e+02 
1.020283e+02 
1.048441e+02 
1.069064e+02 
1.077615e+02 
1.056183e+02 
1.022105e+02 
9.972031e+01 
9.864396e+01 
9.945730e+01 
9.985303e+01 
1.000348e+02 
1.001092e+02 
1.001327e+02 
1.001331e+02 
1.001225e+02 
1.001049e+02 
1.000839e+02 
1.000631e+02 
1.000449e+02 
1.000304e+02 
1.000196e+02 
1.000120e+02 
1.000069e+02 
1.000037e+02 
1.000018e+02 
1.000007e+02 
1.000002e+02 
1.000000e+02 
9.999996e+01 
9.999995e+01 
9.999996e+01 
9.999998e+01 
9.999999e+01 
1.000000e+02 
1.000000e+02 
1.000000e+02 
1.000000e+02 

1.000000e+02 
1.000000e+02 
1.000000e+02 
1.000000e+02 
1.000001e+02 
1.000001e+02 
1.000003e+02 
1.000005e+02 
1.000008e+02 
1.000013e+02 
1.000022e+02 
1.000036e+02 
1.000060e+02 
1.000099e+02 
1.000158e+02 
1.000244e+02 
1.000363e+02 
1.000522e+02 
1.000726e+02 
1.000976e+02 
1.001266e+02 
1.001582e+02 
1.001910e+02 
1.002238e+02 
1.002602e+02 
1.003075e+02 
1.003778e+02 
1.005065e+02 
1.008006e+02 
1.017293e+02 
1.042236e+02 
1.060331e+02 
1.070078e+02 
1.052140e+02 
1.021862e+02 
1.000018e+02 
9.881311e+01 
9.950183e+01 
9.983027e+01 
9.999257e+01 
1.000659e+02 
1.000948e+02 
1.001020e+02 
1.000983e+02 
1.000874e+02 
1.000723e+02 
1.000559e+02 
1.000407e+02 
1.000281e+02 
1.000184e+02 
1.000114e+02 
1.000066e+02 
1.000035e+02 
1.000017e+02 
1.000007e+02 
1.000002e+02 
1.000000e+02 
9.999996e+01 
9.999995e+01 
9.999996e+01 
9.999998e+01 
9.999999e+01 
1.000000e+02 
1.000000e+02 
1.000000e+02 
1.000000e+02 

1.000000e+02 
1.000000e+02 
1.000000e+02 
1.000000e+02 
1.000001e+02 
1.000001e+02 
1.000003e+02 
1.000005e+02 
1.000008e+02 
1.000013e+02 
1.000022e+02 
1.000036e+02 
1.000061e+02 
1.000100e+02 
1.000160e+02 
1.000246e+02 
1.000365e+02 
1.000523e+02 
1.000724e+02 
1.000965e+02 
1.001238e+02 
1.001528e+02 
1.001816e+02 
1.002091e+02 
1.002376e+02 
1.002722e+02 
1.003196e+02 
1.004025e+02 
1.005929e+02 
1.011969e+02 
1.029727e+02 
1.042604e+02 
1.050034e+02 
1.038554e+02 
1.016451e+02 
1.000703e+02 
9.911200e+01 
9.955174e+01 
9.980224e+01 
9.994266e+01 
1.000157e+02 
1.000511e+02 
1.000661e+02 
1.000703e+02 
1.000671e+02 
1.000587e+02 
1.000475e+02 
1.000358e+02 
1.000254e+02 
1.000170e+02 
1.000107e+02 
1.000062e+02 
1.000033e+02 
1.000016e+02 
1.000007e+02 
1.000002e+02 
1.000000e+02 
9.999995e+01 
9.999995e+01 
9.999996e+01 
9.999998e+01 
9.999999e+01 
1.000000e+02 
1.000000e+02 
1.000000e+02 
1.000000e+02 

1.000000e+02 
1.000000e+02 
1.000000e+02 
1.000000e+02 
1.000001e+02 
1.000001e+02 
1.000003e+02 
1.000005e+02 
1.000008e+02 
1.000013e+02 
1.000022e+02 
1.000037e+02 
1.000061e+02 
1.000100e+02 
1.000160e+02 
1.000246e+02 
1.000364e+02 
1.000518e+02 
1.000710e+02 
1.000935e+02 
1.001179e+02 
1.001425e+02 
1.001654e+02 
1.001853e+02 
1.002036e+02 
1.002220e+02 
1.002423e+02 
1.002739e+02 
1.003528e+02 
1.006141e+02 
1.014188e+02 
1.021790e+02 
1.024144e+02 
1.018946e+02 
1.007850e+02 
9.980570e+01 
9.940314e+01 
9.958763e+01 
9.977134e+01 
9.989168e+01 
9.996455e+01 
1.000062e+02 
1.000289e+02 
1.000409e+02 
1.000456e+02 
1.000441e+02 
1.000383e+02 
1.000304e+02 
1.000224e+02 
1.000154e+02 
1.000098e+02 
1.000058e+02 
1.000031e+02 
1.000015e+02 
1.000006e+02 
1.000002e+02 
1.000000e+02 
9.999995e+01 
9.999995e+01 
9.999996e+01 
9.999998e+01 
9.999999e+01 
1.000000e+02 
1.000000e+02 
1.000000e+02 
1.000000e+02 

1.000000e+02 
1.000000e+02 
1.000000e+02 
1.000000e+02 
1.000001e+02 
1.000001e+02 
1.000003e+02 
1.000005e+02 
1.000008e+02 
1.000013e+02 
1.000022e+02 
1.000037e+02 
1.000061e+02 
1.000101e+02 
1.000160e+02 
1.000245e+02 
1.000360e+02 
1.000508e+02 
1.000686e+02 
1.000887e+02 
1.001094e+02 
1.001287e+02 
1.001446e+02 
1.001561e+02 
1.001635e+02 
1.001659e+02 
1.001609e+02 
1.001487e+02 
1.001388e+02 
1.001741e+02 
1.002954e+02 
1.004956e+02 
1.004606e+02 
1.002428e+02 
9.991984e+01 
9.957096e+01 
9.950755e+01 
9.960657e+01 
9.974145e+01 
9.984664e+01 
9.991856e+01 
9.996498e+01 
9.999386e+01 
1.000127e+02 
1.000245e+02 
1.000294e+02 
1.000288e+02 
1.000248e+02 
1.000192e+02 
1.000137e+02 
1.000090e+02 
1.000054e+02 
1.000029e+02 
1.000014e+02 
1.000006e+02 
1.000002e+02 
1.000000e+02 
9.999995e+01 
9.999994e+01 
9.999996e+01 
9.999998e+01 
9.999999e+01 
1.000000e+02 
1.000000e+02 
1.000000e+02 
1.000000e+02 

1.000000e+02 
1.000000e+02 
1.000000e+02 
1.000000e+02 
1.000001e+02 
1.000001e+02 
1.000003e+02 
1.000005e+02 
1.000008e+02 
1.000013e+02 
1.000022e+02 
1.000037e+02 
1.000061e+02 
1.000101e+02 
1.000160e+02 
1.000243e+02 
1.000353e+02 
1.000492e+02 
1.000654e+02 
1.000827e+02 
1.000992e+02 
1.001127e+02 
1.001217e+02 
1.001252e+02 
1.001228e+02 
1.001119e+02 
1.000882e+02 
1.000475e+02 
9.998861e+01 
9.991589e+01 
9.983375e+01 
9.972535e+01 
9.962306e+01 
9.952058e+01 
9.945115e+01 
9.945841e+01 
9.951155e+01 
9.961109e+01 
9.972025e+01 
9.981303e+01 
9.988219e+01 
9.993073e+01 
9.996365e+01 
9.998749e+01 
1.000049e+02 
1.000153e+02 
1.000195e+02 
1.000190e+02 
1.000159e+02 
1.000119e+02 
1.000080e+02 
1.000049e+02 
1.000027e+02 
1.000013e+02 
1.000005e+02 
1.000002e+02 
1.000000e+02 
9.999995e+01 
9.999994e+01 
9.999996e+01 
9.999998e+01 
9.999999e+01 
1.000000e+02 
1.000000e+02 
1.000000e+02 
1.000000e+02 

1.000000e+02 
1.000000e+02 
1.000000e+02 
1.000000e+02 
1.000001e+02 
1.000001e+02 
1.000003e+02 
1.000005e+02 
1.000008e+02 
1.000013e+02 
1.000022e+02 
1.000037e+02 
1.000061e+02 
1.000100e+02 
1.000158e+02 
1.000239e+02 
1.000344e+02 
1.000472e+02 
1.000615e+02 
1.000758e+02 
1.000880e+02 
1.000960e+02 
1.000986e+02 
1.000954e+02 
1.000855e+02 
1.000656e+02 
1.000312e+02 
9.997780e+01 
9.990218e+01 
9.980482e+01 
9.969128e+01 
9.957816e+01 
9.948007e+01 
9.942020e+01 
9.941062e+01 
9.944837e+01 
9.952578e+01 
9.961949e+01 
9.971277e+01 
9.979367e+01 
9.985761e+01 
9.990536e+01 
9.993983e+01 
9.996656e+01 
9.998780e+01 
1.000024e+02 
1.000106e+02 
1.000134e+02 
1.000126e+02 
1.000100e+02 
1.000070e+02 
1.000044e+02 
1.000024e+02 
1.000012e+02 
1.000005e+02 
1.000001e+02 
9.999999e+01 
9.999994e+01 
9.999994e+01 
9.999996e+01 
9.999998e+01 
9.999999e+01 
1.000000e+02 
1.000000e+02 
1.000000e+02 
1.000000e+02 

1.000000e+02 
1.000000e+02 
1.000000e+02 
1.000000e+02 
1.000001e+02 
1.000001e+02 
1.000003e+02 
1.000005e+02 
1.000008e+02 
1.000013e+02 
1.000022e+02 
1.000037e+02 
1.000061e+02 
1.000100e+02 
1.000156e+02 
1.000234e+02 
1.000333e+02 
1.000449e+02 
1.000572e+02 
1.000684e+02 
1.000765e+02 
1.000796e+02 
1.000770e+02 
1.000688e+02 
1.000541e+02 
1.000294e+02 
9.999126e+01 
9.993640e+01 
9.986316e+01 
9.977341e+01 
9.967477e+01 
9.957978e+01 
9.950522e+01 
9.946451e+01 
9.946438e+01 
9.950222e+01 
9.956627e+01 
9.964302e+01 
9.971963e+01 
9.978804e+01 
9.984464e+01 
9.988910e+01 
9.992286e+01 
9.995046e+01 
9.997378e+01 
9.999130e+01 
1.000025e+02 
1.000080e+02 
1.000093e+02 
1.000082e+02 
1.000060e+02 
1.000039e+02 
1.000022e+02 
1.000011e+02 
1.000004e+02 
1.000001e+02 
9.999998e+01 
9.999994e+01 
9.999994e+01 
9.999996e+01 
9.999998e+01 
9.999999e+01 
1.000000e+02 
1.000000e+02 
1.000000e+02 
1.000000e+02 

1.000000e+02 
1.000000e+02 
1.000000e+02 
1.000000e+02 
1.000001e+02 
1.000001e+02 
1.000003e+02 
1.000005e+02 
1.000008e+02 
1.000013e+02 
1.000022e+02 
1.000037e+02 
1.000061e+02 
1.000099e+02 
1.000154e+02 
1.000228e+02 
1.000320e+02 
1.000423e+02 
1.000525e+02 
1.000608e+02 
1.000652e+02 
1.000644e+02 
1.000579e+02 
1.000465e+02 
1.000293e+02 
1.000032e+02 
9.996596e+01 
9.991573e+01 
9.985243e+01 
9.977877e+01 
9.970116e+01 
9.962939e+01 
9.957430e+01 
9.954488e+01 
9.954499e+01 
9.957231e+01 
9.961971e+01 
9.967768e+01 
9.973761e+01 
9.979327e+01 
9.984138e+01 
9.988090e+01 
9.991228e+01 
9.993911e+01 
9.996296e+01 
9.998203e+01 
9.999536e+01 
1.000030e+02 
1.000062e+02 
1.000063e+02 
1.000050e+02 
1.000034e+02 
1.000019e+02 
1.000010e+02 
1.000004e+02 
1.000001e+02 
9.999998e+01 
9.999994e+01 
9.999994e+01 
9.999996e+01 
9.999998e+01 
9.999999e+01 
1.000000e+02 
1.000000e+02 
1.000000e+02 
1.000000e+02 

1.000000e+02 
1.000000e+02 
1.000000e+02 
1.000000e+02 
1.000001e+02 
1.000001e+02 
1.000003e+02 
1.000005e+02 
1.000008e+02 
1.000013e+02 
1.000022e+02 
1.000037e+02 
1.000060e+02 
1.000097e+02 
1.000150e+02 
1.000220e+02 
1.000304e+02 
1.000392e+02 
1.000472e+02 
1.000525e+02 
1.000535e+02 
1.000493e+02 
1.000401e+02 
1.000270e+02 
1.000092e+02 
9.998430e+01 
9.995093e+01 
9.990857e+01 
9.985792e+01 
9.980164e+01 
9.974450e+01 
9.969296e+01 
9.965382e+01 
9.963238e+01 
9.963097e+01 
9.964835e+01 
9.968029e+01 
9.972108e+01 
9.976504e+01 
9.980773e+01 
9.984633e+01 
9.987951e+01 
9.990702e+01 
9.993162e+01 
9.995456e+01 
9.997402e+01 
9.998865e+01 
9.999804e+01 
1.000028e+02 
1.000043e+02 
1.000039e+02 
1.000027e+02 
1.000016e+02 
1.000008e+02 
1.000003e+02 
1.000001e+02 
9.999997e+01 
9.999993e+01 
9.999994e+01 
9.999996e+01 
9.999997e+01 
9.999999e+01 
1.000000e+02 
1.000000e+02 
1.000000e+02 
1.000000e+02 

1.000000e+02 
1.000000e+02 
1.000000e+02 
1.000000e+02 
1.000001e+02 
1.000001e+02 
1.000003e+02 
1.000005e+02 
1.000008e+02 
1.000013e+02 
1.000022e+02 
1.000036e+02 
1.000060e+02 
1.000095e+02 
1.000145e+02 
1.000209e+02 
1.000281e+02 
1.000352e+02 
1.000406e+02 
1.000428e+02 
1.000406e+02 
1.000338e+02 
1.000231e+02 
1.000096e+02 
9.999299e+01 
9.997124e+01 
9.994396e+01 
9.991129e+01 
9.987420e+01 
9.983476e+01 
9.979606e+01 
9.976184e+01 
9.973583e+01 
9.972086e+01 
9.971825e+01 
9.972748e+01 
9.974644e+01 
9.977210e+01 
9.980123e+01 
9.983099e+01 
9.985930e+01 
9.988488e+01 
9.990714e+01 
9.992803e+01 
9.994858e+01 
9.996712e+01 
9.998214e+01 
9.999276e+01 
9.999903e+01 
1.000018e+02 
1.000024e+02 
1.000020e+02 
1.000013e+02 
1.000007e+02 
1.000003e+02 
1.000000e+02 
9.999996e+01 
9.999993e+01 
9.999994e+01 
9.999996e+01 
9.999997e+01 
9.999999e+01 
1.000000e+02 
1.000000e+02 
1.000000e+02 
1.000000e+02 

1.000000e+02 
1.000000e+02 
1.000000e+02 
1.000000e+02 
1.000001e+02 
1.000001e+02 
1.000003e+02 
1.000005e+02 
1.000008e+02 
1.000013e+02 
1.000022e+02 
1.000036e+02 
1.000059e+02 
1.000092e+02 
1.000138e+02 
1.000193e+02 
1.000252e+02 
1.000301e+02 
1.000328e+02 
1.000321e+02 
1.000275e+02 
1.000193e+02 
1.000084e+02 
9.999621e+01 
9.998220e+01 
9.996505e+01 
9.994479e+01 
9.992182e+01 
9.989697e+01 
9.987158e+01 
9.984736e+01 
9.982624e+01 
9.981002e+01 
9.980008e+01 
9.979707e+01 
9.980086e+01 
9.981058e+01 
9.982484e+01 
9.984203e+01 
9.986061e+01 
9.987927e+01 
9.989705e+01 
9.991335e+01 
9.992947e+01 
9.994627e+01 
9.996246e+01 
9.997665e+01 
9.998766e+01 
9.999502e+01 
9.999908e+01 
1.000007e+02 
1.000010e+02 
1.000008e+02 
1.000004e+02 
1.000002e+02 
1.000000e+02 
9.999994e+01 
9.999993e+01 
9.999994e+01 
9.999996e+01 
9.999997e+01 
9.999999e+01 
1.000000e+02 
1.000000e+02 
1.000000e+02 
1.000000e+02 

1.000000e+02 
1.000000e+02 
1.000000e+02 
1.000000e+02 
1.000001e+02 
1.000001e+02 
1.000003e+02 
1.000005e+02 
1.000008e+02 
1.000013e+02 
1.000022e+02 
1.000035e+02 
1.000057e+02 
1.000088e+02 
1.000128e+02 
1.000172e+02 
1.000214e+02 
1.000241e+02 
1.000244e+02 
1.000215e+02 
1.000155e+02 
1.000072e+02 
9.999765e+01 
9.998777e+01 
9.997720e+01 
9.996499e+01 
9.995134e+01 
9.993660e+01 
9.992131e+01 
9.990619e+01 
9.989209e+01 
9.987986e+01 
9.987031e+01 
9.986401e+01 
9.986129e+01 
9.986214e+01 
9.986627e+01 
9.987314e+01 
9.988206e+01 
9.989231e+01 
9.990322e+01 
9.991420e+01 
9.992481e+01 
9.993592e+01 
9.994821e+01 
9.996094e+01 
9.997305e+01 
9.998339e+01 
9.999115e+01 
9.999614e+01 
9.999881e+01 
9.999991e+01 
1.000002e+02 
1.000002e+02 
1.000000e+02 
9.999996e+01 
9.999992e+01 
9.999992e+01 
9.999993e+01 
9.999995e+01 
9.999997e+01 
9.999999e+01 
1.000000e+02 
1.000000e+02 
1.000000e+02 
1.000000e+02 

1.000000e+02 
1.000000e+02 
1.000000e+02 
1.000000e+02 
1.000001e+02 
1.000001e+02 
1.000003e+02 
1.000005e+02 
1.000008e+02 
1.000013e+02 
1.000021e+02 
1.000034e+02 
1.000054e+02 
1.000081e+02 
1.000113e+02 
1.000146e+02 
1.000170e+02 
1.000176e+02 
1.000159e+02 
1.000118e+02 
1.000058e+02 
9.999863e+01 
9.999119e+01 
9.998407e+01 
9.997689e+01 
9.996902e+01 
9.996061e+01 
9.995190e+01 
9.994317e+01 
9.993474e+01 
9.992699e+01 
9.992027e+01 
9.991488e+01 
9.991106e+01 
9.990895e+01 
9.990858e+01 
9.990987e+01 
9.991263e+01 
9.991663e+01 
9.992157e+01 
9.992716e+01 
9.993313e+01 
9.993922e+01 
9.994595e+01 
9.995390e+01 
9.996277e+01 
9.997196e+01 
9.998063e+01 
9.998793e+01 
9.999332e+01 
9.999675e+01 
9.999863e+01 
9.999949e+01 
9.999981e+01 
9.999989e+01 
9.999990e+01 
9.999990e+01 
9.999991e+01 
9.999993e+01 
9.999995e+01 
9.999997e+01 
9.999999e+01 
1.000000e+02 
1.000000e+02 
1.000000e+02 
1.000000e+02 

1.000000e+02 
1.000000e+02 
1.000000e+02 
1.000000e+02 
1.000001e+02 
1.000001e+02 
1.000003e+02 
1.000005e+02 
1.000008e+02 
1.000013e+02 
1.000021e+02 
1.000033e+02 
1.000050e+02 
1.000072e+02 
1.000095e+02 
1.000114e+02 
1.000121e+02 
1.000111e+02 
1.000084e+02 
1.000041e+02 
9.999896e+01 
9.999358e+01 
9.998843e+01 
9.998380e+01 
9.997936e+01 
9.997469e+01 
9.996989e+01 
9.996507e+01 
9.996035e+01 
9.995587e+01 
9.995178e+01 
9.994820e+01 
9.994524e+01 
9.994300e+01 
9.994154e+01 
9.994087e+01 
9.994097e+01 
9.994180e+01 
9.994329e+01 
9.994534e+01 
9.994783e+01 
9.995066e+01 
9.995372e+01 
9.995731e+01 
9.996182e+01 
9.996724e+01 
9.997339e+01 
9.997981e+01 
9.998589e+01 
9.999101e+01 
9.999481e+01 
9.999729e+01 
9.999870e+01 
9.999941e+01 
9.999971e+01 
9.999982e+01 
9.999987e+01 
9.999990e+01 
9.999993e+01 
9.999995e+01 
9.999997e+01 
9.999999e+01 
1.000000e+02 
1.000000e+02 
1.000000e+02 
1.000000e+02 

1.000000e+02 
1.000000e+02 
1.000000e+02 
1.000000e+02 
1.000001e+02 
1.000001e+02 
1.000003e+02 
1.000005e+02 
1.000008e+02 
1.000012e+02 
1.000020e+02 
1.000030e+02 
1.000044e+02 
1.000060e+02 
1.000073e+02 
1.000079e+02 
1.000073e+02 
1.000054e+02 
1.000025e+02 
9.999884e+01 
9.999503e+01 
9.999139e+01 
9.998815e+01 
9.998538e+01 
9.998282e+01 
9.998022e+01 
9.997762e+01 
9.997506e+01 
9.997259e+01 
9.997028e+01 
9.996815e+01 
9.996627e+01 
9.996468e+01 
9.996339e+01 
9.996245e+01 
9.996185e+01 
9.996160e+01 
9.996168e+01 
9.996209e+01 
9.996278e+01 
9.996373e+01 
9.996490e+01 
9.996625e+01 
9.996793e+01 
9.997018e+01 
9.997311e+01 
9.997673e+01 
9.998092e+01 
9.998538e+01 
9.998965e+01 
9.999331e+01 
9.999607e+01 
9.999791e+01 
9.999896e+01 
9.999950e+01 
9.999973e+01 
9.999983e+01 
9.999988e+01 
9.999992e+01 
9.999995e+01 
9.999997e+01 
9.999999e+01 
1.000000e+02 
1.000000e+02 
1.000000e+02 
1.000000e+02 

1.000000e+02 
1.000000e+02 
1.000000e+02 
1.000000e+02 
1.000001e+02 
1.000001e+02 
1.000003e+02 
1.000004e+02 
1.000007e+02 
1.000012e+02 
1.000018e+02 
1.000027e+02 
1.000037e+02 
1.000046e+02 
1.000050e+02 
1.000046e+02 
1.000033e+02 
1.000012e+02 
9.999862e+01 
9.999594e+01 
9.999340e+01 
9.999115e+01 
9.998925e+01 
9.998769e+01 
9.998628e+01 
9.998489e+01 
9.998351e+01 
9.998218e+01 
9.998091e+01 
9.997972e+01 
9.997862e+01 
9.997764e+01 
9.997678e+01 
9.997606e+01 
9.997548e+01 
9.997505e+01 
9.997477e+01 
9.997465e+01 
9.997467e+01 
9.997483e+01 
9.997513e+01 
9.997554e+01 
9.997606e+01 
9.997676e+01 
9.997776e+01 
9.997917e+01 
9.998107e+01 
9.998350e+01 
9.998638e+01 
9.998951e+01 
9.999257e+01 
9.999522e+01 
9.999722e+01 
9.999853e+01 
9.999926e+01 
9.999962e+01 
9.999978e+01 
9.999987e+01 
9.999992e+01 
9.999995e+01 
9.999997e+01 
9.999999e+01 
1.000000e+02 
1.000000e+02 
1.000000e+02 
1.000000e+02 

1.000000e+02 
1.000000e+02 
1.000000e+02 
1.000000e+02 
1.000001e+02 
1.000001e+02 
1.000002e+02 
1.000004e+02 
1.000007e+02 
1.000011e+02 
1.000016e+02 
1.000023e+02 
1.000028e+02 
1.000031e+02 
1.000028e+02 
1.000019e+02 
1.000004e+02 
9.999862e+01 
9.999674e+01 
9.999497e+01 
9.999342e+01 
9.999212e+01 
9.999106e+01 
9.999022e+01 
9.998947e+01 
9.998874e+01 
9.998802e+01 
9.998734e+01 
9.998669e+01 
9.998608e+01 
9.998551e+01 
9.998500e+01 
9.998454e+01 
9.998414e+01 
9.998380e+01 
9.998353e+01 
9.998332e+01 
9.998319e+01 
9.998312e+01 
9.998311e+01 
9.998317e+01 
9.998328e+01 
9.998346e+01 
9.998371e+01 
9.998412e+01 
9.998473e+01 
9.998564e+01 
9.998690e+01 
9.998855e+01 
9.999056e+01 
9.999278e+01 
9.999495e+01 
9.999682e+01 
9.999819e+01 
9.999904e+01 
9.999951e+01 
9.999973e+01 
9.999985e+01 
9.999991e+01 
9.999995e+01 
9.999997e+01 
9.999999e+01 
1.000000e+02 
1.000000e+02 
1.000000e+02 
1.000000e+02 

1.000000e+02 
1.000000e+02 
1.000000e+02 
1.000000e+02 
1.000000e+02 
1.000001e+02 
1.000002e+02 
1.000004e+02 
1.000007e+02 
1.000010e+02 
1.000014e+02 
1.000018e+02 
1.000019e+02 
1.000018e+02 
1.000011e+02 
1.000001e+02 
9.999892e+01 
9.999763e+01 
9.999642e+01 
9.999537e+01 
9.999450e+01 
9.999379e+01 
9.999323e+01 
9.999279e+01 
9.999240e+01 
9.999203e+01 
9.999167e+01 
9.999132e+01 
9.999099e+01 
9.999068e+01 
9.999040e+01 
9.999013e+01 
9.998989e+01 
9.998968e+01 
9.998949e+01 
9.998934e+01 
9.998921e+01 
9.998911e+01 
9.998904e+01 
9.998900e+01 
9.998899e+01 
9.998900e+01 
9.998905e+01 
9.998913e+01 
9.998927e+01 
9.998952e+01 
9.998991e+01 
9.999049e+01 
9.999134e+01 
9.999246e+01 
9.999384e+01 
9.999535e+01 
9.999682e+01 
9.999803e+01 
9.999888e+01 
9.999940e+01 
9.999968e+01 
9.999982e+01 
9.999990e+01 
9.999994e+01 
9.999997e+01 
9.999999e+01 
1.000000e+02 
1.000000e+02 
1.000000e+02 
1.000000e+02 

1.000000e+02 
1.000000e+02 
1.000000e+02 
1.000000e+02 
1.000000e+02 
1.000001e+02 
1.000002e+02 
1.000004e+02 
1.000006e+02 
1.000009e+02 
1.000011e+02 
1.000012e+02 
1.000011e+02 
1.000008e+02 
1.000001e+02 
9.999936e+01 
9.999852e+01 
9.999774e+01 
9.999706e+01 
9.999650e+01 
9.999605e+01 
9.999569e+01 
9.999541e+01 
9.999519e+01 
9.999500e+01 
9.999482e+01 
9.999465e+01 
9.999448e+01 
9.999432e+01 
9.999417e+01 
9.999403e+01 
9.999389e+01 
9.999377e+01 
9.999366e+01 
9.999357e+01 
9.999348e+01 
9.999341e+01 
9.999335e+01 
9.999330e+01 
9.999326e+01 
9.999324e+01 
9.999323e+01 
9.999323e+01 
9.999325e+01 
9.999329e+01 
9.999337e+01 
9.999351e+01 
9.999375e+01 
9.999412e+01 
9.999466e+01 
9.999538e+01 
9.999626e+01 
9.999721e+01 
9.999811e+01 
9.999883e+01 
9.999933e+01 
9.999963e+01 
9.999980e+01 
9.999989e+01 
9.999994e+01 
9.999997e+01 
9.999999e+01 
1.000000e+02 
1.000000e+02 
1.000000e+02 
1.000000e+02 

1.000000e+02 
1.000000e+02 
1.000000e+02 
1.000000e+02 
1.000000e+02 
1.000001e+02 
1.000002e+02 
1.000004e+02 
1.000005e+02 
1.000007e+02 
1.000008e+02 
1.000008e+02 
1.000006e+02 
1.000002e+02 
9.999973e+01 
9.999923e+01 
9.999876e+01 
9.999835e+01 
9.999801e+01 
9.999774e+01 
9.999752e+01 
9.999736e+01 
9.999723e+01 
9.999713e+01 
9.999704e+01 
9.999696e+01 
9.999688e+01 
9.999680e+01 
9.999673e+01 
9.999666e+01 
9.999659e+01 
9.999653e+01 
9.999647e+01 
9.999642e+01 
9.999637e+01 
9.999632e+01 
9.999628e+01 
9.999625e+01 
9.999622e+01 
9.999620e+01 
9.999618e+01 
9.999616e+01 
9.999615e+01 
9.999615e+01 
9.999615e+01 
9.999616e+01 
9.999620e+01 
9.999628e+01 
9.999641e+01 
9.999662e+01 
9.999693e+01 
9.999734e+01 
9.999785e+01 
9.999840e+01 
9.999891e+01 
9.999932e+01 
9.999961e+01 
9.999978e+01 
9.999988e+01 
9.999994e+01 
9.999997e+01 
9.999999e+01 
1.000000e+02 
1.000000e+02 
1.000000e+02 
1.000000e+02 

1.000000e+02 
1.000000e+02 
1.000000e+02 
1.000000e+02 
1.000000e+02 
1.000001e+02 
1.000002e+02 
1.000003e+02 
1.000004e+02 
1.000005e+02 
1.000005e+02 
1.000004e+02 
1.000002e+02 
9.999995e+01 
9.999967e+01 
9.999940e+01 
9.999917e+01 
9.999898e+01 
9.999882e+01 
9.999870e+01 
9.999861e+01 
9.999854e+01 
9.999848e+01 
9.999844e+01 
9.999840e+01 
9.999836e+01 
9.999833e+01 
9.999829e+01 
9.999826e+01 
9.999823e+01 
9.999820e+01 
9.999817e+01 
9.999814e+01 
9.999812e+01 
9.999809e+01 
9.999807e+01 
9.999805e+01 
9.999803e+01 
9.999801e+01 
9.999800e+01 
9.999799e+01 
9.999797e+01 
9.999796e+01 
9.999796e+01 
9.999795e+01 
9.999794e+01 
9.999794e+01 
9.999796e+01 
9.999799e+01 
9.999805e+01 
9.999815e+01 
9.999831e+01 
9.999854e+01 
9.999881e+01 
9.999911e+01 
9.999939e+01 
9.999962e+01 
9.999978e+01 
9.999988e+01 
9.999994e+01 
9.999997e+01 
9.999999e+01 
1.000000e+02 
1.000000e+02 
1.000000e+02 
1.000000e+02 

1.000000e+02 
1.000000e+02 
1.000000e+02 
1.000000e+02 
1.000000e+02 
1.000001e+02 
1.000002e+02 
1.000002e+02 
1.000003e+02 
1.000003e+02 
1.000003e+02 
1.000002e+02 
1.000000e+02 
9.999989e+01 
9.999975e+01 
9.999962e+01 
9.999951e+01 
9.999943e+01 
9.999936e+01 
9.999931e+01 
9.999927e+01 
9.999924e+01 
9.999921e+01 
9.999920e+01 
9.999918e+01 
9.999916e+01 
9.999915e+01 
9.999913e+01 
9.999912e+01 
9.999910e+01 
9.999909e+01 
9.999908e+01 
9.999907e+01 
9.999905e+01 
9.999904e+01 
9.999903e+01 
9.999902e+01 
9.999901e+01 
9.999900e+01 
9.999899e+01 
9.999899e+01 
9.999898e+01 
9.999897e+01 
9.999897e+01 
9.999896e+01 
9.999895e+01 
9.999894e+01 
9.999894e+01 
9.999894e+01 
9.999895e+01 
9.999898e+01 
9.999902e+01 
9.999910e+01 
9.999922e+01 
9.999936e+01 
9.999952e+01 
9.999967e+01 
9.999979e+01 
9.999988e+01 
9.999994e+01 
9.999997e+01 
9.999999e+01 
1.000000e+02 
1.000000e+02 
1.000000e+02 
1.000000e+02 

1.000000e+02 
1.000000e+02 
1.000000e+02 
1.000000e+02 
1.000000e+02 
1.000001e+02 
1.000001e+02 
1.000002e+02 
1.000002e+02 
1.000002e+02 
1.000001e+02 
1.000001e+02 
1.000000e+02 
9.999992e+01 
9.999985e+01 
9.999979e+01 
9.999975e+01 
9.999971e+01 
9.999968e+01 
9.999966e+01 
9.999964e+01 
9.999963e+01 
9.999962e+01 
9.999961e+01 
9.999960e+01 
9.999959e+01 
9.999959e+01 
9.999958e+01 
9.999957e+01 
9.999957e+01 
9.999956e+01 
9.999956e+01 
9.999955e+01 
9.999955e+01 
9.999954e+01 
9.999953e+01 
9.999953e+01 
9.999952e+01 
9.999952e+01 
9.999952e+01 
9.999951e+01 
9.999951e+01 
9.999950e+01 
9.999950e+01 
9.999949e+01 
9.999949e+01 
9.999948e+01 
9.999948e+01 
9.999947e+01 
9.999947e+01 
9.999947e+01 
9.999948e+01 
9.999950e+01 
9.999954e+01 
9.999960e+01 
9.999967e+01 
9.999975e+01 
9.999983e+01 
9.999990e+01 
9.999994e+01 
9.999997e+01 
9.999999e+01 
1.000000e+02 
1.000000e+02 
1.000000e+02 
1.000000e+02 

1.000000e+02 
1.000000e+02 
1.000000e+02 
1.000000e+02 
1.000000e+02 
1.000001e+02 
1.000001e+02 
1.000001e+02 
1.000001e+02 
1.000001e+02 
1.000001e+02 
1.000000e+02 
9.999999e+01 
9.999996e+01 
9.999993e+01 
9.999990e+01 
9.999988e+01 
9.999987e+01 
9.999986e+01 
9.999985e+01 
9.999984e+01 
9.999983e+01 
9.999983e+01 
9.999983e+01 
9.999982e+01 
9.999982e+01 
9.999982e+01 
9.999981e+01 
9.999981e+01 
9.999981e+01 
9.999981e+01 
9.999980e+01 
9.999980e+01 
9.999980e+01 
9.999980e+01 
9.999979e+01 
9.999979e+01 
9.999979e+01 
9.999979e+01 
9.999978e+01 
9.999978e+01 
9.999978e+01 
9.999978e+01 
9.999978e+01 
9.999977e+01 
9.999977e+01 
9.999977e+01 
9.999976e+01 
9.999976e+01 
9.999976e+01 
9.999975e+01 
9.999975e+01 
9.999975e+01 
9.999976e+01 
9.999978e+01 
9.999981e+01 
9.999984e+01 
9.999988e+01 
9.999992e+01 
9.999996e+01 
9.999998e+01 
9.999999e+01 
1.000000e+02 
1.000000e+02 
1.000000e+02 
1.000000e+02 

1.000000e+02 
1.000000e+02 
1.000000e+02 
1.000000e+02 
1.000000e+02 
1.000000e+02 
1.000001e+02 
1.000001e+02 
1.000001e+02 
1.000001e+02 
1.000000e+02 
1.000000e+02 
1.000000e+02 
9.999999e+01 
9.999997e+01 
9.999996e+01 
9.999996e+01 
9.999995e+01 
9.999995e+01 
9.999994e+01 
9.999994e+01 
9.999994e+01 
9.999994e+01 
9.999993e+01 
9.999993e+01 
9.999993e+01 
9.999993e+01 
9.999993e+01 
9.999993e+01 
9.999993e+01 
9.999993e+01 
9.999992e+01 
9.999992e+01 
9.999992e+01 
9.999992e+01 
9.999992e+01 
9.999992e+01 
9.999992e+01 
9.999992e+01 
9.999992e+01 
9.999991e+01 
9.999991e+01 
9.999991e+01 
9.999991e+01 
9.999991e+01 
9.999991e+01 
9.999991e+01 
9.999991e+01 
9.999990e+01 
9.999990e+01 
9.999990e+01 
9.999990e+01 
9.999989e+01 
9.999989e+01 
9.999990e+01 
9.999990e+01 
9.999992e+01 
9.999993e+01 
9.999995e+01 
9.999997e+01 
9.999999e+01 
1.000000e+02 
1.000000e+02 
1.000000e+02 
1.000000e+02 
1.000000e+02 

1.000000e+02 
1.000000e+02 
1.000000e+02 
1.000000e+02 
1.000000e+02 
1.000000e+02 
1.000000e+02 
1.000000e+02 
1.000000e+02 
1.000000e+02 
1.000000e+02 
1.000000e+02 
1.000000e+02 
1.000000e+02 
1.000000e+02 
9.999999e+01 
9.999999e+01 
9.999999e+01 
9.999999e+01 
9.999998e+01 
9.999998e+01 
9.999998e+01 
9.999998e+01 
9.999998e+01 
9.999998e+01 
9.999998e+01 
9.999998e+01 
9.999998e+01 
9.999998e+01 
9.999998e+01 
9.999998e+01 
9.999998e+01 
9.999998e+01 
9.999998e+01 
9.999998e+01 
9.999998e+01 
9.999998e+01 
9.999998e+01 
9.999997e+01 
9.999997e+01 
9.999997e+01 
9.999997e+01 
9.999997e+01 
9.999997e+01 
9.999997e+01 
9.999997e+01 
9.999997e+01 
9.999997e+01 
9.999997e+01 
9.999997e+01 
9.999997e+01 
9.999997e+01 
9.999996e+01 
9.999996e+01 
9.999996e+01 
9.999996e+01 
9.999997e+01 
9.999997e+01 
9.999998e+01 
9.999999e+01 
9.999999e+01 
1.000000e+02 
1.000000e+02 
1.000000e+02 
1.000000e+02 
1.000000e+02 

1.000000e+02 
1.000000e+02 
1.000000e+02 
1.000000e+02 
1.000000e+02 
1.000000e+02 
1.000000e+02 
1.000000e+02 
1.000000e+02 
1.000000e+02 
1.000000e+02 
1.000000e+02 
1.000000e+02 
1.000000e+02 
1.000000e+02 
1.000000e+02 
1.000000e+02 
1.000000e+02 
1.000000e+02 
1.000000e+02 
1.000000e+02 
1.000000e+02 
1.000000e+02 
1.000000e+02 
1.000000e+02 
1.000000e+02 
1.000000e+02 
1.000000e+02 
1.000000e+02 
1.000000e+02 
1.000000e+02 
1.000000e+02 
1.000000e+02 
1.000000e+02 
1.000000e+02 
1.000000e+02 
1.000000e+02 
1.000000e+02 
1.000000e+02 
1.000000e+02 
1.000000e+02 
1.000000e+02 
1.000000e+02 
1.000000e+02 
1.000000e+02 
1.000000e+02 
1.000000e+02 
1.000000e+02 
1.000000e+02 
9.999999e+01 
9.999999e+01 
9.999999e+01 
9.999999e+01 
9.999999e+01 
9.999999e+01 
9.999999e+01 
9.999999e+01 
9.999999e+01 
9.999999e+01 
1.000000e+02 
1.000000e+02 
1.000000e+02 
1.000000e+02 
1.000000e+02 
1.000000e+02 
1.000000e+02 

1.000000e+02 
1.000000e+02 
1.000000e+02 
1.000000e+02 
1.000000e+02 
1.000000e+02 
1.000000e+02 
1.000000e+02 
1.000000e+02 
1.000000e+02 
1.000000e+02 
1.000000e+02 
1.000000e+02 
1.000000e+02 
1.000000e+02 
1.000000e+02 
1.000000e+02 
1.000000e+02 
1.000000e+02 
1.000000e+02 
1.000000e+02 
1.000000e+02 
1.000000e+02 
1.000000e+02 
1.000000e+02 
1.000000e+02 
1.000000e+02 
1.000000e+02 
1.000000e+02 
1.000000e+02 
1.000000e+02 
1.000000e+02 
1.000000e+02 
1.000000e+02 
1.000000e+02 
1.000000e+02 
1.000000e+02 
1.000000e+02 
1.000000e+02 
1.000000e+02 
1.000000e+02 
1.000000e+02 
1.000000e+02 
1.000000e+02 
1.000000e+02 
1.000000e+02 
1.000000e+02 
1.000000e+02 
1.000000e+02 
1.000000e+02 
1.000000e+02 
1.000000e+02 
1.000000e+02 
1.000000e+02 
1.000000e+02 
1.000000e+02 
1.000000e+02 
1.000000e+02 
1.000000e+02 
1.000000e+02 
1.000000e+02 
1.000000e+02 
1.000000e+02 
1.000000e+02 
1.000000e+02 
1.000000e+02 

1.000000e+02 
1.000000e+02 
1.000000e+02 
1.000000e+02 
1.000000e+02 
1.000000e+02 
1.000000e+02 
1.000000e+02 
1.000000e+02 
1.000000e+02 
1.000000e+02 
1.000000e+02 
1.000000e+02 
1.000000e+02 
1.000000e+02 
1.000000e+02 
1.000000e+02 
1.000000e+02 
1.000000e+02 
1.000000e+02 
1.000000e+02 
1.000000e+02 
1.000000e+02 
1.000000e+02 
1.000000e+02 
1.000000e+02 
1.000000e+02 
1.000000e+02 
1.000000e+02 
1.000000e+02 
1.000000e+02 
1.000000e+02 
1.000000e+02 
1.000000e+02 
1.000000e+02 
1.000000e+02 
1.000000e+02 
1.000000e+02 
1.000000e+02 
1.000000e+02 
1.000000e+02 
1.000000e+02 
1.000000e+02 
1.000000e+02 
1.000000e+02 
1.000000e+02 
1.000000e+02 
1.000000e+02 
1.000000e+02 
1.000000e+02 
1.000000e+02 
1.000000e+02 
1.000000e+02 
1.000000e+02 
1.000000e+02 
1.000000e+02 
1.000000e+02 
1.000000e+02 
1.000000e+02 
1.000000e+02 
1.000000e+02 
1.000000e+02 
1.000000e+02 
1.000000e+02 
1.000000e+02 
1.000000e+02 

1.000000e+02 
1.000000e+02 
1.000000e+02 
1.000000e+02 
1.000000e+02 
1.000000e+02 
1.000000e+02 
1.000000e+02 
1.000000e+02 
1.000000e+02 
1.000000e+02 
1.000000e+02 
1.000000e+02 
1.000000e+02 
1.000000e+02 
1.000000e+02 
1.000000e+02 
1.000000e+02 
1.000000e+02 
1.000000e+02 
1.000000e+02 
1.000000e+02 
1.000000e+02 
1.000000e+02 
1.000000e+02 
1.000000e+02 
1.000000e+02 
1.000000e+02 
1.000000e+02 
1.000000e+02 
1.000000e+02 
1.000000e+02 
1.000000e+02 
1.000000e+02 
1.000000e+02 
1.000000e+02 
1.000000e+02 
1.000000e+02 
1.000000e+02 
1.000000e+02 
1.000000e+02 
1.000000e+02 
1.000000e+02 
1.000000e+02 
1.000000e+02 
1.000000e+02 
1.000000e+02 
1.000000e+02 
1.000000e+02 
1.000000e+02 
1.000000e+02 
1.000000e+02 
1.000000e+02 
1.000000e+02 
1.000000e+02 
1.000000e+02 
1.000000e+02 
1.000000e+02 
1.000000e+02 
1.000000e+02 
1.000000e+02 
1.000000e+02 
1.000000e+02 
1.000000e+02 
1.000000e+02 
1.000000e+02 

1.000000e+02 
1.000000e+02 
1.000000e+02 
1.000000e+02 
1.000000e+02 
1.000000e+02 
1.000000e+02 
1.000000e+02 
1.000000e+02 
1.000000e+02 
1.000000e+02 
1.000000e+02 
1.000000e+02 
1.000000e+02 
1.000000e+02 
1.000000e+02 
1.000000e+02 
1.000000e+02 
1.000000e+02 
1.000000e+02 
1.000000e+02 
1.000000e+02 
1.000000e+02 
1.000000e+02 
1.000000e+02 
1.000000e+02 
1.000000e+02 
1.000000e+02 
1.000000e+02 
1.000000e+02 
1.000000e+02 
1.000000e+02 
1.000000e+02 
1.000000e+02 
1.000000e+02 
1.000000e+02 
1.000000e+02 
1.000000e+02 
1.000000e+02 
1.000000e+02 
1.000000e+02 
1.000000e+02 
1.000000e+02 
1.000000e+02 
1.000000e+02 
1.000000e+02 
1.000000e+02 
1.000000e+02 
1.000000e+02 
1.000000e+02 
1.000000e+02 
1.000000e+02 
1.000000e+02 
1.000000e+02 
1.000000e+02 
1.000000e+02 
1.000000e+02 
1.000000e+02 
1.000000e+02 
1.000000e+02 
1.000000e+02 
1.000000e+02 
1.000000e+02 
1.000000e+02 
1.000000e+02 
1.000000e+02 

