1.000000e+02 
1.000000e+02 
1.000000e+02 
1.000000e+02 
1.000000e+02 
1.000000e+02 
1.000000e+02 
1.000000e+02 
1.000000e+02 
1.000000e+02 
1.000000e+02 
1.000000e+02 
1.000000e+02 
1.000000e+02 
1.000000e+02 
1.000000e+02 
1.000000e+02 
1.000000e+02 
1.000000e+02 
1.000000e+02 
1.000000e+02 
1.000000e+02 
1.000000e+02 
1.000000e+02 
1.000000e+02 
1.000000e+02 
1.000000e+02 
1.000000e+02 
1.000000e+02 
1.000000e+02 
1.000000e+02 
1.000000e+02 
1.000000e+02 
1.000000e+02 
1.000000e+02 
1.000000e+02 
1.000000e+02 
1.000000e+02 
1.000000e+02 
1.000000e+02 
1.000000e+02 
1.000000e+02 
1.000000e+02 
1.000000e+02 
1.000000e+02 
1.000000e+02 
1.000000e+02 
1.000000e+02 
1.000000e+02 
1.000000e+02 
1.000000e+02 
1.000000e+02 
1.000000e+02 
1.000000e+02 
1.000000e+02 
1.000000e+02 
1.000000e+02 
1.000000e+02 
1.000000e+02 
1.000000e+02 
1.000000e+02 
1.000000e+02 
1.000000e+02 
1.000000e+02 
1.000000e+02 
1.000000e+02 

1.000000e+02 
1.000000e+02 
1.000000e+02 
1.000000e+02 
1.000000e+02 
1.000000e+02 
1.000000e+02 
1.000000e+02 
1.000000e+02 
1.000000e+02 
1.000000e+02 
1.000000e+02 
1.000000e+02 
1.000000e+02 
1.000000e+02 
1.000000e+02 
1.000000e+02 
1.000000e+02 
1.000000e+02 
1.000000e+02 
1.000000e+02 
1.000000e+02 
1.000000e+02 
1.000000e+02 
1.000000e+02 
1.000000e+02 
1.000000e+02 
1.000000e+02 
1.000000e+02 
1.000000e+02 
1.000000e+02 
1.000000e+02 
1.000000e+02 
1.000000e+02 
1.000000e+02 
1.000000e+02 
1.000000e+02 
1.000000e+02 
1.000000e+02 
1.000000e+02 
1.000000e+02 
1.000000e+02 
1.000000e+02 
1.000000e+02 
1.000000e+02 
1.000000e+02 
1.000000e+02 
1.000000e+02 
1.000000e+02 
1.000000e+02 
1.000000e+02 
1.000000e+02 
1.000000e+02 
1.000000e+02 
1.000000e+02 
1.000000e+02 
1.000000e+02 
1.000000e+02 
1.000000e+02 
1.000000e+02 
1.000000e+02 
1.000000e+02 
1.000000e+02 
1.000000e+02 
1.000000e+02 
1.000000e+02 

1.000000e+02 
1.000000e+02 
1.000000e+02 
1.000000e+02 
1.000000e+02 
1.000000e+02 
1.000000e+02 
1.000000e+02 
1.000000e+02 
1.000000e+02 
1.000000e+02 
1.000000e+02 
1.000000e+02 
1.000000e+02 
1.000000e+02 
1.000000e+02 
1.000000e+02 
1.000000e+02 
1.000000e+02 
1.000000e+02 
1.000000e+02 
1.000000e+02 
1.000000e+02 
1.000000e+02 
1.000000e+02 
1.000000e+02 
1.000000e+02 
1.000000e+02 
1.000000e+02 
1.000000e+02 
1.000000e+02 
1.000000e+02 
1.000000e+02 
1.000000e+02 
1.000000e+02 
1.000000e+02 
1.000000e+02 
1.000000e+02 
1.000000e+02 
1.000000e+02 
1.000000e+02 
1.000000e+02 
1.000000e+02 
1.000000e+02 
1.000000e+02 
1.000000e+02 
1.000000e+02 
1.000000e+02 
1.000000e+02 
1.000000e+02 
1.000000e+02 
1.000000e+02 
1.000000e+02 
1.000000e+02 
1.000000e+02 
1.000000e+02 
1.000000e+02 
1.000000e+02 
1.000000e+02 
1.000000e+02 
1.000000e+02 
1.000000e+02 
1.000000e+02 
1.000000e+02 
1.000000e+02 
1.000000e+02 

1.000000e+02 
1.000000e+02 
1.000000e+02 
1.000000e+02 
1.000000e+02 
1.000000e+02 
1.000000e+02 
9.999999e+01 
9.999999e+01 
9.999999e+01 
9.999999e+01 
9.999999e+01 
9.999999e+01 
9.999999e+01 
9.999999e+01 
9.999999e+01 
9.999999e+01 
9.999999e+01 
9.999999e+01 
9.999999e+01 
9.999999e+01 
9.999999e+01 
9.999999e+01 
9.999999e+01 
9.999999e+01 
9.999999e+01 
9.999999e+01 
9.999999e+01 
9.999999e+01 
9.999999e+01 
9.999999e+01 
9.999999e+01 
9.999999e+01 
9.999999e+01 
9.999999e+01 
9.999999e+01 
9.999999e+01 
9.999999e+01 
9.999999e+01 
9.999999e+01 
9.999999e+01 
9.999999e+01 
9.999999e+01 
9.999999e+01 
9.999999e+01 
9.999999e+01 
9.999999e+01 
9.999999e+01 
9.999999e+01 
9.999999e+01 
9.999999e+01 
9.999999e+01 
9.999999e+01 
9.999999e+01 
9.999999e+01 
9.999999e+01 
9.999999e+01 
9.999999e+01 
1.000000e+02 
1.000000e+02 
1.000000e+02 
1.000000e+02 
1.000000e+02 
1.000000e+02 
1.000000e+02 
1.000000e+02 

1.000000e+02 
1.000000e+02 
1.000000e+02 
1.000000e+02 
1.000000e+02 
9.999999e+01 
9.999999e+01 
9.999998e+01 
9.999998e+01 
9.999998e+01 
9.999997e+01 
9.999997e+01 
9.999997e+01 
9.999997e+01 
9.999997e+01 
9.999997e+01 
9.999997e+01 
9.999997e+01 
9.999997e+01 
9.999997e+01 
9.999997e+01 
9.999997e+01 
9.999997e+01 
9.999997e+01 
9.999997e+01 
9.999997e+01 
9.999997e+01 
9.999997e+01 
9.999997e+01 
9.999997e+01 
9.999997e+01 
9.999997e+01 
9.999997e+01 
9.999997e+01 
9.999997e+01 
9.999997e+01 
9.999997e+01 
9.999997e+01 
9.999997e+01 
9.999997e+01 
9.999997e+01 
9.999997e+01 
9.999997e+01 
9.999997e+01 
9.999997e+01 
9.999997e+01 
9.999997e+01 
9.999997e+01 
9.999997e+01 
9.999997e+01 
9.999997e+01 
9.999997e+01 
9.999997e+01 
9.999997e+01 
9.999997e+01 
9.999997e+01 
9.999998e+01 
9.999998e+01 
9.999999e+01 
9.999999e+01 
9.999999e+01 
1.000000e+02 
1.000000e+02 
1.000000e+02 
1.000000e+02 
1.000000e+02 

1.000000e+02 
1.000000e+02 
1.000000e+02 
1.000000e+02 
9.999999e+01 
9.999999e+01 
9.999998e+01 
9.999997e+01 
9.999996e+01 
9.999995e+01 
9.999994e+01 
9.999993e+01 
9.999993e+01 
9.999992e+01 
9.999992e+01 
9.999992e+01 
9.999992e+01 
9.999991e+01 
9.999991e+01 
9.999991e+01 
9.999991e+01 
9.999991e+01 
9.999991e+01 
9.999991e+01 
9.999991e+01 
9.999991e+01 
9.999991e+01 
9.999991e+01 
9.999991e+01 
9.999991e+01 
9.999991e+01 
9.999991e+01 
9.999991e+01 
9.999991e+01 
9.999991e+01 
9.999991e+01 
9.999991e+01 
9.999991e+01 
9.999991e+01 
9.999991e+01 
9.999991e+01 
9.999991e+01 
9.999991e+01 
9.999991e+01 
9.999991e+01 
9.999991e+01 
9.999991e+01 
9.999991e+01 
9.999992e+01 
9.999992e+01 
9.999992e+01 
9.999992e+01 
9.999992e+01 
9.999993e+01 
9.999993e+01 
9.999994e+01 
9.999995e+01 
9.999996e+01 
9.999997e+01 
9.999998e+01 
9.999999e+01 
9.999999e+01 
1.000000e+02 
1.000000e+02 
1.000000e+02 
1.000000e+02 

1.000000e+02 
1.000000e+02 
1.000000e+02 
9.999999e+01 
9.999999e+01 
9.999999e+01 
9.999998e+01 
9.999997e+01 
9.999995e+01 
9.999992e+01 
9.999989e+01 
9.999987e+01 
9.999985e+01 
9.999983e+01 
9.999982e+01 
9.999982e+01 
9.999981e+01 
9.999981e+01 
9.999981e+01 
9.999980e+01 
9.999980e+01 
9.999980e+01 
9.999980e+01 
9.999980e+01 
9.999980e+01 
9.999980e+01 
9.999980e+01 
9.999980e+01 
9.999980e+01 
9.999980e+01 
9.999980e+01 
9.999980e+01 
9.999980e+01 
9.999980e+01 
9.999980e+01 
9.999980e+01 
9.999980e+01 
9.999980e+01 
9.999980e+01 
9.999980e+01 
9.999980e+01 
9.999980e+01 
9.999980e+01 
9.999980e+01 
9.999980e+01 
9.999980e+01 
9.999981e+01 
9.999981e+01 
9.999981e+01 
9.999981e+01 
9.999982e+01 
9.999983e+01 
9.999984e+01 
9.999985e+01 
9.999987e+01 
9.999989e+01 
9.999992e+01 
9.999995e+01 
9.999997e+01 
9.999998e+01 
9.999999e+01 
9.999999e+01 
9.999999e+01 
1.000000e+02 
1.000000e+02 
1.000000e+02 

1.000000e+02 
1.000000e+02 
1.000000e+02 
9.999999e+01 
9.999999e+01 
9.999999e+01 
9.999999e+01 
9.999998e+01 
9.999996e+01 
9.999991e+01 
9.999985e+01 
9.999979e+01 
9.999973e+01 
9.999969e+01 
9.999966e+01 
9.999963e+01 
9.999962e+01 
9.999960e+01 
9.999960e+01 
9.999959e+01 
9.999959e+01 
9.999958e+01 
9.999958e+01 
9.999958e+01 
9.999958e+01 
9.999958e+01 
9.999958e+01 
9.999958e+01 
9.999958e+01 
9.999958e+01 
9.999958e+01 
9.999958e+01 
9.999958e+01 
9.999958e+01 
9.999958e+01 
9.999958e+01 
9.999958e+01 
9.999958e+01 
9.999958e+01 
9.999958e+01 
9.999958e+01 
9.999958e+01 
9.999958e+01 
9.999958e+01 
9.999958e+01 
9.999959e+01 
9.999959e+01 
9.999960e+01 
9.999960e+01 
9.999962e+01 
9.999963e+01 
9.999966e+01 
9.999969e+01 
9.999973e+01 
9.999979e+01 
9.999985e+01 
9.999991e+01 
9.999996e+01 
9.999999e+01 
9.999999e+01 
9.999999e+01 
9.999999e+01 
9.999999e+01 
1.000000e+02 
1.000000e+02 
1.000000e+02 

1.000000e+02 
1.000000e+02 
1.000000e+02 
9.999999e+01 
9.999999e+01 
1.000000e+02 
1.000000e+02 
1.000000e+02 
1.000000e+02 
9.999996e+01 
9.999986e+01 
9.999973e+01 
9.999960e+01 
9.999948e+01 
9.999939e+01 
9.999931e+01 
9.999926e+01 
9.999922e+01 
9.999920e+01 
9.999918e+01 
9.999917e+01 
9.999916e+01 
9.999915e+01 
9.999915e+01 
9.999914e+01 
9.999914e+01 
9.999914e+01 
9.999913e+01 
9.999913e+01 
9.999913e+01 
9.999913e+01 
9.999913e+01 
9.999913e+01 
9.999913e+01 
9.999913e+01 
9.999913e+01 
9.999913e+01 
9.999913e+01 
9.999913e+01 
9.999913e+01 
9.999914e+01 
9.999914e+01 
9.999914e+01 
9.999915e+01 
9.999915e+01 
9.999916e+01 
9.999917e+01 
9.999919e+01 
9.999922e+01 
9.999925e+01 
9.999931e+01 
9.999938e+01 
9.999947e+01 
9.999959e+01 
9.999972e+01 
9.999985e+01 
9.999996e+01 
1.000000e+02 
1.000000e+02 
1.000000e+02 
1.000000e+02 
9.999999e+01 
9.999999e+01 
1.000000e+02 
1.000000e+02 
1.000000e+02 

1.000000e+02 
1.000000e+02 
1.000000e+02 
9.999999e+01 
9.999999e+01 
1.000000e+02 
1.000000e+02 
1.000001e+02 
1.000001e+02 
1.000001e+02 
1.000000e+02 
9.999980e+01 
9.999953e+01 
9.999925e+01 
9.999901e+01 
9.999881e+01 
9.999866e+01 
9.999854e+01 
9.999846e+01 
9.999841e+01 
9.999837e+01 
9.999834e+01 
9.999832e+01 
9.999830e+01 
9.999829e+01 
9.999828e+01 
9.999827e+01 
9.999826e+01 
9.999825e+01 
9.999825e+01 
9.999824e+01 
9.999824e+01 
9.999824e+01 
9.999824e+01 
9.999824e+01 
9.999824e+01 
9.999824e+01 
9.999825e+01 
9.999825e+01 
9.999826e+01 
9.999827e+01 
9.999828e+01 
9.999829e+01 
9.999830e+01 
9.999832e+01 
9.999835e+01 
9.999838e+01 
9.999844e+01 
9.999852e+01 
9.999862e+01 
9.999877e+01 
9.999897e+01 
9.999921e+01 
9.999948e+01 
9.999976e+01 
9.999998e+01 
1.000001e+02 
1.000001e+02 
1.000001e+02 
1.000000e+02 
1.000000e+02 
9.999999e+01 
9.999999e+01 
1.000000e+02 
1.000000e+02 
1.000000e+02 

1.000000e+02 
1.000000e+02 
1.000000e+02 
9.999999e+01 
9.999999e+01 
1.000000e+02 
1.000001e+02 
1.000002e+02 
1.000003e+02 
1.000004e+02 
1.000004e+02 
1.000001e+02 
9.999971e+01 
9.999917e+01 
9.999862e+01 
9.999813e+01 
9.999772e+01 
9.999741e+01 
9.999718e+01 
9.999701e+01 
9.999689e+01 
9.999681e+01 
9.999674e+01 
9.999670e+01 
9.999666e+01 
9.999663e+01 
9.999660e+01 
9.999657e+01 
9.999655e+01 
9.999653e+01 
9.999651e+01 
9.999650e+01 
9.999650e+01 
9.999649e+01 
9.999650e+01 
9.999650e+01 
9.999651e+01 
9.999652e+01 
9.999654e+01 
9.999656e+01 
9.999659e+01 
9.999661e+01 
9.999665e+01 
9.999669e+01 
9.999674e+01 
9.999682e+01 
9.999693e+01 
9.999709e+01 
9.999731e+01 
9.999761e+01 
9.999800e+01 
9.999849e+01 
9.999904e+01 
9.999959e+01 
1.000000e+02 
1.000003e+02 
1.000004e+02 
1.000003e+02 
1.000002e+02 
1.000001e+02 
1.000000e+02 
9.999999e+01 
9.999999e+01 
1.000000e+02 
1.000000e+02 
1.000000e+02 

1.000000e+02 
1.000000e+02 
1.000000e+02 
9.999999e+01 
1.000000e+02 
1.000000e+02 
1.000001e+02 
1.000003e+02 
1.000005e+02 
1.000008e+02 
1.000010e+02 
1.000009e+02 
1.000004e+02 
9.999960e+01 
9.999856e+01 
9.999749e+01 
9.999653e+01 
9.999574e+01 
9.999513e+01 
9.999466e+01 
9.999432e+01 
9.999407e+01 
9.999389e+01 
9.999375e+01 
9.999365e+01 
9.999355e+01 
9.999346e+01 
9.999338e+01 
9.999331e+01 
9.999325e+01 
9.999321e+01 
9.999318e+01 
9.999316e+01 
9.999315e+01 
9.999315e+01 
9.999317e+01 
9.999319e+01 
9.999323e+01 
9.999328e+01 
9.999334e+01 
9.999341e+01 
9.999350e+01 
9.999359e+01 
9.999371e+01 
9.999387e+01 
9.999410e+01 
9.999441e+01 
9.999484e+01 
9.999543e+01 
9.999619e+01 
9.999713e+01 
9.999820e+01 
9.999926e+01 
1.000001e+02 
1.000007e+02 
1.000008e+02 
1.000007e+02 
1.000005e+02 
1.000003e+02 
1.000001e+02 
1.000000e+02 
1.000000e+02 
9.999999e+01 
1.000000e+02 
1.000000e+02 
1.000000e+02 

1.000000e+02 
1.000000e+02 
1.000000e+02 
9.999999e+01 
1.000000e+02 
1.000000e+02 
1.000001e+02 
1.000003e+02 
1.000007e+02 
1.000012e+02 
1.000018e+02 
1.000021e+02 
1.000019e+02 
1.000010e+02 
9.999948e+01 
9.999753e+01 
9.999554e+01 
9.999374e+01 
9.999224e+01 
9.999106e+01 
9.999015e+01 
9.998948e+01 
9.998897e+01 
9.998860e+01 
9.998829e+01 
9.998801e+01 
9.998776e+01 
9.998753e+01 
9.998734e+01 
9.998718e+01 
9.998704e+01 
9.998695e+01 
9.998689e+01 
9.998686e+01 
9.998687e+01 
9.998691e+01 
9.998698e+01 
9.998709e+01 
9.998724e+01 
9.998741e+01 
9.998761e+01 
9.998785e+01 
9.998811e+01 
9.998843e+01 
9.998888e+01 
9.998949e+01 
9.999032e+01 
9.999143e+01 
9.999287e+01 
9.999464e+01 
9.999663e+01 
9.999864e+01 
1.000003e+02 
1.000014e+02 
1.000018e+02 
1.000016e+02 
1.000011e+02 
1.000007e+02 
1.000003e+02 
1.000001e+02 
1.000000e+02 
1.000000e+02 
9.999999e+01 
1.000000e+02 
1.000000e+02 
1.000000e+02 

1.000000e+02 
1.000000e+02 
1.000000e+02 
9.999999e+01 
1.000000e+02 
1.000000e+02 
1.000001e+02 
1.000004e+02 
1.000009e+02 
1.000016e+02 
1.000027e+02 
1.000037e+02 
1.000043e+02 
1.000039e+02 
1.000023e+02 
9.999945e+01 
9.999595e+01 
9.999235e+01 
9.998907e+01 
9.998630e+01 
9.998408e+01 
9.998237e+01 
9.998106e+01 
9.998007e+01 
9.997925e+01 
9.997849e+01 
9.997780e+01 
9.997718e+01 
9.997664e+01 
9.997618e+01 
9.997581e+01 
9.997554e+01 
9.997536e+01 
9.997528e+01 
9.997530e+01 
9.997541e+01 
9.997562e+01 
9.997593e+01 
9.997632e+01 
9.997680e+01 
9.997735e+01 
9.997799e+01 
9.997869e+01 
9.997954e+01 
9.998071e+01 
9.998227e+01 
9.998433e+01 
9.998697e+01 
9.999019e+01 
9.999381e+01 
9.999746e+01 
1.000006e+02 
1.000026e+02 
1.000034e+02 
1.000031e+02 
1.000023e+02 
1.000015e+02 
1.000008e+02 
1.000004e+02 
1.000001e+02 
1.000000e+02 
1.000000e+02 
9.999999e+01 
1.000000e+02 
1.000000e+02 
1.000000e+02 

1.000000e+02 
1.000000e+02 
1.000000e+02 
9.999999e+01 
1.000000e+02 
1.000000e+02 
1.000002e+02 
1.000004e+02 
1.000010e+02 
1.000020e+02 
1.000035e+02 
1.000054e+02 
1.000073e+02 
1.000083e+02 
1.000076e+02 
1.000047e+02 
9.999981e+01 
9.999375e+01 
9.998748e+01 
9.998168e+01 
9.997674e+01 
9.997273e+01 
9.996957e+01 
9.996713e+01 
9.996505e+01 
9.996310e+01 
9.996129e+01 
9.995965e+01 
9.995821e+01 
9.995698e+01 
9.995599e+01 
9.995524e+01 
9.995475e+01 
9.995452e+01 
9.995457e+01 
9.995487e+01 
9.995544e+01 
9.995625e+01 
9.995729e+01 
9.995855e+01 
9.996001e+01 
9.996164e+01 
9.996342e+01 
9.996557e+01 
9.996842e+01 
9.997213e+01 
9.997683e+01 
9.998250e+01 
9.998887e+01 
9.999529e+01 
1.000008e+02 
1.000046e+02 
1.000062e+02 
1.000059e+02 
1.000046e+02 
1.000031e+02 
1.000018e+02 
1.000009e+02 
1.000004e+02 
1.000001e+02 
1.000000e+02 
1.000000e+02 
9.999999e+01 
1.000000e+02 
1.000000e+02 
1.000000e+02 

1.000000e+02 
1.000000e+02 
1.000000e+02 
9.999999e+01 
1.000000e+02 
1.000000e+02 
1.000002e+02 
1.000005e+02 
1.000011e+02 
1.000023e+02 
1.000042e+02 
1.000070e+02 
1.000104e+02 
1.000138e+02 
1.000156e+02 
1.000144e+02 
1.000094e+02 
1.000013e+02 
9.999121e+01 
9.998071e+01 
9.997092e+01 
9.996245e+01 
9.995545e+01 
9.994985e+01 
9.994497e+01 
9.994027e+01 
9.993584e+01 
9.993175e+01 
9.992809e+01 
9.992494e+01 
9.992235e+01 
9.992039e+01 
9.991910e+01 
9.991850e+01 
9.991860e+01 
9.991938e+01 
9.992084e+01 
9.992292e+01 
9.992558e+01 
9.992875e+01 
9.993236e+01 
9.993633e+01 
9.994058e+01 
9.994560e+01 
9.995205e+01 
9.996011e+01 
9.996974e+01 
9.998052e+01 
9.999141e+01 
1.000010e+02 
1.000077e+02 
1.000108e+02 
1.000107e+02 
1.000086e+02 
1.000060e+02 
1.000037e+02 
1.000020e+02 
1.000010e+02 
1.000004e+02 
1.000002e+02 
1.000000e+02 
1.000000e+02 
9.999999e+01 
1.000000e+02 
1.000000e+02 
1.000000e+02 

1.000000e+02 
1.000000e+02 
1.000000e+02 
9.999999e+01 
1.000000e+02 
1.000000e+02 
1.000002e+02 
1.000005e+02 
1.000012e+02 
1.000025e+02 
1.000047e+02 
1.000083e+02 
1.000134e+02 
1.000195e+02 
1.000252e+02 
1.000282e+02 
1.000262e+02 
1.000183e+02 
1.000054e+02 
9.998937e+01 
9.997262e+01 
9.995684e+01 
9.994298e+01 
9.993136e+01 
9.992086e+01 
9.991043e+01 
9.990032e+01 
9.989076e+01 
9.988203e+01 
9.987436e+01 
9.986799e+01 
9.986310e+01 
9.985984e+01 
9.985831e+01 
9.985853e+01 
9.986048e+01 
9.986406e+01 
9.986915e+01 
9.987555e+01 
9.988306e+01 
9.989143e+01 
9.990043e+01 
9.990981e+01 
9.992055e+01 
9.993380e+01 
9.994949e+01 
9.996696e+01 
9.998471e+01 
1.000005e+02 
1.000120e+02 
1.000179e+02 
1.000184e+02 
1.000154e+02 
1.000112e+02 
1.000072e+02 
1.000042e+02 
1.000022e+02 
1.000011e+02 
1.000005e+02 
1.000002e+02 
1.000000e+02 
1.000000e+02 
9.999999e+01 
1.000000e+02 
1.000000e+02 
1.000000e+02 

1.000000e+02 
1.000000e+02 
1.000000e+02 
9.999999e+01 
1.000000e+02 
1.000000e+02 
1.000002e+02 
1.000005e+02 
1.000012e+02 
1.000026e+02 
1.000051e+02 
1.000094e+02 
1.000159e+02 
1.000249e+02 
1.000353e+02 
1.000446e+02 
1.000493e+02 
1.000463e+02 
1.000343e+02 
1.000148e+02 
9.999072e+01 
9.996541e+01 
9.994131e+01 
9.991984e+01 
9.989951e+01 
9.987849e+01 
9.985733e+01 
9.983669e+01 
9.981726e+01 
9.979978e+01 
9.978496e+01 
9.977341e+01 
9.976563e+01 
9.976192e+01 
9.976241e+01 
9.976698e+01 
9.977536e+01 
9.978707e+01 
9.980154e+01 
9.981811e+01 
9.983609e+01 
9.985483e+01 
9.987372e+01 
9.989449e+01 
9.991888e+01 
9.994592e+01 
9.997353e+01 
9.999854e+01 
1.000175e+02 
1.000280e+02 
1.000303e+02 
1.000265e+02 
1.000199e+02 
1.000133e+02 
1.000081e+02 
1.000045e+02 
1.000023e+02 
1.000011e+02 
1.000005e+02 
1.000002e+02 
1.000000e+02 
1.000000e+02 
9.999999e+01 
1.000000e+02 
1.000000e+02 
1.000000e+02 

1.000000e+02 
1.000000e+02 
1.000000e+02 
9.999999e+01 
1.000000e+02 
1.000000e+02 
1.000002e+02 
1.000005e+02 
1.000013e+02 
1.000027e+02 
1.000054e+02 
1.000102e+02 
1.000179e+02 
1.000295e+02 
1.000447e+02 
1.000617e+02 
1.000764e+02 
1.000835e+02 
1.000790e+02 
1.000618e+02 
1.000340e+02 
9.999987e+01 
9.996380e+01 
9.992915e+01 
9.989428e+01 
9.985632e+01 
9.981626e+01 
9.977546e+01 
9.973561e+01 
9.969861e+01 
9.966641e+01 
9.964082e+01 
9.962333e+01 
9.961491e+01 
9.961591e+01 
9.962605e+01 
9.964441e+01 
9.966963e+01 
9.970002e+01 
9.973378e+01 
9.976917e+01 
9.980466e+01 
9.983898e+01 
9.987494e+01 
9.991476e+01 
9.995566e+01 
9.999346e+01 
1.000233e+02 
1.000415e+02 
1.000473e+02 
1.000433e+02 
1.000341e+02 
1.000238e+02 
1.000151e+02 
1.000088e+02 
1.000048e+02 
1.000024e+02 
1.000011e+02 
1.000005e+02 
1.000002e+02 
1.000000e+02 
1.000000e+02 
9.999999e+01 
1.000000e+02 
1.000000e+02 
1.000000e+02 

1.000000e+02 
1.000000e+02 
1.000000e+02 
9.999999e+01 
1.000000e+02 
1.000000e+02 
1.000002e+02 
1.000005e+02 
1.000013e+02 
1.000028e+02 
1.000056e+02 
1.000108e+02 
1.000195e+02 
1.000332e+02 
1.000528e+02 
1.000776e+02 
1.001041e+02 
1.001259e+02 
1.001362e+02 
1.001299e+02 
1.001065e+02 
1.000692e+02 
1.000237e+02 
9.997549e+01 
9.992320e+01 
9.986250e+01 
9.979461e+01 
9.972173e+01 
9.964716e+01 
9.957510e+01 
9.951033e+01 
9.945757e+01 
9.942088e+01 
9.940302e+01 
9.940501e+01 
9.942600e+01 
9.946349e+01 
9.951375e+01 
9.957250e+01 
9.963542e+01 
9.969872e+01 
9.975938e+01 
9.981528e+01 
9.987077e+01 
9.992831e+01 
9.998262e+01 
1.000274e+02 
1.000572e+02 
1.000697e+02 
1.000674e+02 
1.000556e+02 
1.000406e+02 
1.000268e+02 
1.000164e+02 
1.000093e+02 
1.000050e+02 
1.000025e+02 
1.000012e+02 
1.000005e+02 
1.000002e+02 
1.000000e+02 
1.000000e+02 
9.999999e+01 
1.000000e+02 
1.000000e+02 
1.000000e+02 

1.000000e+02 
1.000000e+02 
1.000000e+02 
9.999999e+01 
1.000000e+02 
1.000000e+02 
1.000002e+02 
1.000005e+02 
1.000013e+02 
1.000028e+02 
1.000058e+02 
1.000112e+02 
1.000206e+02 
1.000360e+02 
1.000594e+02 
1.000914e+02 
1.001298e+02 
1.001688e+02 
1.001994e+02 
1.002130e+02 
1.002046e+02 
1.001744e+02 
1.001274e+02 
1.000704e+02 
1.000024e+02 
9.991709e+01 
9.981470e+01 
9.969771e+01 
9.957121e+01 
9.944307e+01 
9.932334e+01 
9.922291e+01 
9.915168e+01 
9.911660e+01 
9.912030e+01 
9.916061e+01 
9.923128e+01 
9.932341e+01 
9.942730e+01 
9.953403e+01 
9.963654e+01 
9.972999e+01 
9.981171e+01 
9.988825e+01 
9.996228e+01 
1.000260e+02 
1.000721e+02 
1.000960e+02 
1.000987e+02 
1.000861e+02 
1.000662e+02 
1.000459e+02 
1.000292e+02 
1.000174e+02 
1.000097e+02 
1.000051e+02 
1.000025e+02 
1.000012e+02 
1.000005e+02 
1.000002e+02 
1.000000e+02 
1.000000e+02 
9.999999e+01 
1.000000e+02 
1.000000e+02 
1.000000e+02 

1.000000e+02 
1.000000e+02 
1.000000e+02 
9.999999e+01 
1.000000e+02 
1.000000e+02 
1.000002e+02 
1.000005e+02 
1.000013e+02 
1.000029e+02 
1.000059e+02 
1.000115e+02 
1.000215e+02 
1.000382e+02 
1.000646e+02 
1.001027e+02 
1.001521e+02 
1.002083e+02 
1.002621e+02 
1.003021e+02 
1.003186e+02 
1.003074e+02 
1.002705e+02 
1.002146e+02 
1.001384e+02 
1.000329e+02 
9.989550e+01 
9.972669e+01 
9.953229e+01 
9.932452e+01 
9.912171e+01 
9.894588e+01 
9.881840e+01 
9.875489e+01 
9.876132e+01 
9.883278e+01 
9.895535e+01 
9.911020e+01 
9.927811e+01 
9.944304e+01 
9.959384e+01 
9.972437e+01 
9.983253e+01 
9.992798e+01 
1.000139e+02 
1.000809e+02 
1.001220e+02 
1.001354e+02 
1.001258e+02 
1.001025e+02 
1.000749e+02 
1.000500e+02 
1.000310e+02 
1.000181e+02 
1.000100e+02 
1.000052e+02 
1.000026e+02 
1.000012e+02 
1.000005e+02 
1.000002e+02 
1.000000e+02 
1.000000e+02 
9.999999e+01 
1.000000e+02 
1.000000e+02 
1.000000e+02 

1.000000e+02 
1.000000e+02 
1.000000e+02 
9.999999e+01 
1.000000e+02 
1.000000e+02 
1.000002e+02 
1.000005e+02 
1.000013e+02 
1.000029e+02 
1.000060e+02 
1.000117e+02 
1.000221e+02 
1.000398e+02 
1.000685e+02 
1.001116e+02 
1.001705e+02 
1.002426e+02 
1.003196e+02 
1.003888e+02 
1.004369e+02 
1.004546e+02 
1.004398e+02 
1.003968e+02 
1.003240e+02 
1.002093e+02 
1.000441e+02 
9.982375e+01 
9.955172e+01 
9.924344e+01 
9.892794e+01 
9.864458e+01 
9.843434e+01 
9.832841e+01 
9.833887e+01 
9.845570e+01 
9.865144e+01 
9.889066e+01 
9.913976e+01 
9.937346e+01 
9.957688e+01 
9.974415e+01 
9.987561e+01 
9.998503e+01 
1.000766e+02 
1.001406e+02 
1.001718e+02 
1.001719e+02 
1.001494e+02 
1.001160e+02 
1.000818e+02 
1.000532e+02 
1.000324e+02 
1.000186e+02 
1.000102e+02 
1.000053e+02 
1.000026e+02 
1.000012e+02 
1.000005e+02 
1.000002e+02 
1.000000e+02 
1.000000e+02 
9.999999e+01 
1.000000e+02 
1.000000e+02 
1.000000e+02 

1.000000e+02 
1.000000e+02 
1.000000e+02 
9.999999e+01 
1.000000e+02 
1.000000e+02 
1.000002e+02 
1.000005e+02 
1.000013e+02 
1.000029e+02 
1.000060e+02 
1.000119e+02 
1.000225e+02 
1.000410e+02 
1.000715e+02 
1.001185e+02 
1.001852e+02 
1.002710e+02 
1.003694e+02 
1.004675e+02 
1.005495e+02 
1.006021e+02 
1.006183e+02 
1.005989e+02 
1.005417e+02 
1.004316e+02 
1.002519e+02 
9.998904e+01 
9.963916e+01 
9.921750e+01 
9.876440e+01 
9.834251e+01 
9.802217e+01 
9.785904e+01 
9.787488e+01 
9.805147e+01 
9.834034e+01 
9.868190e+01 
9.902366e+01 
9.933040e+01 
9.958516e+01 
9.978477e+01 
9.993404e+01 
1.000515e+02 
1.001429e+02 
1.001992e+02 
1.002177e+02 
1.002038e+02 
1.001691e+02 
1.001268e+02 
1.000871e+02 
1.000556e+02 
1.000333e+02 
1.000190e+02 
1.000103e+02 
1.000053e+02 
1.000026e+02 
1.000012e+02 
1.000005e+02 
1.000002e+02 
1.000000e+02 
1.000000e+02 
9.999999e+01 
1.000000e+02 
1.000000e+02 
1.000000e+02 

1.000000e+02 
1.000000e+02 
1.000000e+02 
9.999999e+01 
1.000000e+02 
1.000000e+02 
1.000002e+02 
1.000005e+02 
1.000013e+02 
1.000029e+02 
1.000061e+02 
1.000120e+02 
1.000229e+02 
1.000420e+02 
1.000740e+02 
1.001243e+02 
1.001979e+02 
1.002964e+02 
1.004155e+02 
1.005432e+02 
1.006626e+02 
1.007565e+02 
1.008134e+02 
1.008293e+02 
1.008019e+02 
1.007133e+02 
1.005368e+02 
1.002446e+02 
9.981838e+01 
9.926592e+01 
9.863745e+01 
9.802762e+01 
9.755230e+01 
9.730743e+01 
9.733088e+01 
9.759050e+01 
9.800390e+01 
9.847512e+01 
9.892663e+01 
9.931319e+01 
9.961894e+01 
9.984690e+01 
1.000088e+02 
1.001289e+02 
1.002148e+02 
1.002591e+02 
1.002624e+02 
1.002335e+02 
1.001867e+02 
1.001361e+02 
1.000916e+02 
1.000576e+02 
1.000341e+02 
1.000193e+02 
1.000104e+02 
1.000054e+02 
1.000026e+02 
1.000012e+02 
1.000005e+02 
1.000002e+02 
1.000000e+02 
1.000000e+02 
9.999999e+01 
1.000000e+02 
1.000000e+02 
1.000000e+02 

1.000000e+02 
1.000000e+02 
1.000000e+02 
9.999999e+01 
1.000000e+02 
1.000000e+02 
1.000002e+02 
1.000005e+02 
1.000013e+02 
1.000029e+02 
1.000061e+02 
1.000122e+02 
1.000232e+02 
1.000429e+02 
1.000762e+02 
1.001298e+02 
1.002101e+02 
1.003214e+02 
1.004620e+02 
1.006222e+02 
1.007845e+02 
1.009291e+02 
1.010393e+02 
1.011058e+02 
1.011263e+02 
1.010820e+02 
1.009336e+02 
1.006329e+02 
1.001355e+02 
9.942832e+01 
9.856641e+01 
9.768744e+01 
9.698148e+01 
9.661283e+01 
9.664691e+01 
9.702780e+01 
9.761621e+01 
9.825994e+01 
9.884752e+01 
9.932496e+01 
9.968296e+01 
9.993576e+01 
1.001053e+02 
1.002224e+02 
1.002971e+02 
1.003246e+02 
1.003093e+02 
1.002636e+02 
1.002040e+02 
1.001451e+02 
1.000958e+02 
1.000594e+02 
1.000349e+02 
1.000196e+02 
1.000105e+02 
1.000054e+02 
1.000026e+02 
1.000012e+02 
1.000005e+02 
1.000002e+02 
1.000000e+02 
1.000000e+02 
9.999999e+01 
1.000000e+02 
1.000000e+02 
1.000000e+02 

1.000000e+02 
1.000000e+02 
1.000000e+02 
9.999999e+01 
1.000000e+02 
1.000000e+02 
1.000002e+02 
1.000005e+02 
1.000013e+02 
1.000030e+02 
1.000062e+02 
1.000123e+02 
1.000235e+02 
1.000437e+02 
1.000783e+02 
1.001348e+02 
1.002215e+02 
1.003452e+02 
1.005077e+02 
1.007019e+02 
1.009116e+02 
1.011148e+02 
1.012902e+02 
1.014225e+02 
1.015110e+02 
1.015379e+02 
1.014512e+02 
1.011766e+02 
1.006287e+02 
9.975296e+01 
9.859468e+01 
9.735069e+01 
9.631871e+01 
9.577181e+01 
9.581979e+01 
9.636697e+01 
9.718905e+01 
9.805085e+01 
9.879818e+01 
9.937272e+01 
9.977988e+01 
1.000511e+02 
1.002216e+02 
1.003294e+02 
1.003872e+02 
1.003935e+02 
1.003568e+02 
1.002931e+02 
1.002205e+02 
1.001534e+02 
1.000997e+02 
1.000610e+02 
1.000355e+02 
1.000198e+02 
1.000106e+02 
1.000054e+02 
1.000026e+02 
1.000012e+02 
1.000005e+02 
1.000002e+02 
1.000000e+02 
1.000000e+02 
9.999999e+01 
1.000000e+02 
1.000000e+02 
1.000000e+02 

1.000000e+02 
1.000000e+02 
1.000000e+02 
9.999999e+01 
1.000000e+02 
1.000000e+02 
1.000002e+02 
1.000005e+02 
1.000013e+02 
1.000030e+02 
1.000062e+02 
1.000124e+02 
1.000238e+02 
1.000444e+02 
1.000801e+02 
1.001393e+02 
1.002319e+02 
1.003673e+02 
1.005510e+02 
1.007795e+02 
1.010386e+02 
1.013056e+02 
1.015552e+02 
1.017662e+02 
1.019403e+02 
1.020647e+02 
1.020755e+02 
1.018689e+02 
1.013036e+02 
1.002558e+02 
9.875030e+01 
9.704492e+01 
9.559245e+01 
9.481246e+01 
9.487489e+01 
9.563394e+01 
9.674262e+01 
9.786192e+01 
9.878520e+01 
9.945674e+01 
9.990617e+01 
1.001878e+02 
1.003522e+02 
1.004448e+02 
1.004808e+02 
1.004628e+02 
1.004032e+02 
1.003211e+02 
1.002358e+02 
1.001610e+02 
1.001031e+02 
1.000625e+02 
1.000361e+02 
1.000200e+02 
1.000107e+02 
1.000055e+02 
1.000027e+02 
1.000012e+02 
1.000005e+02 
1.000002e+02 
1.000000e+02 
1.000000e+02 
9.999999e+01 
1.000000e+02 
1.000000e+02 
1.000000e+02 

1.000000e+02 
1.000000e+02 
1.000000e+02 
9.999999e+01 
1.000000e+02 
1.000000e+02 
1.000002e+02 
1.000005e+02 
1.000013e+02 
1.000030e+02 
1.000062e+02 
1.000124e+02 
1.000240e+02 
1.000450e+02 
1.000817e+02 
1.001432e+02 
1.002409e+02 
1.003870e+02 
1.005903e+02 
1.008515e+02 
1.011594e+02 
1.014913e+02 
1.018191e+02 
1.021155e+02 
1.023865e+02 
1.026263e+02 
1.027617e+02 
1.026586e+02 
1.021047e+02 
1.008941e+02 
9.900694e+01 
9.678106e+01 
9.484418e+01 
9.379523e+01 
9.387529e+01 
9.487283e+01 
9.630313e+01 
9.769958e+01 
9.880435e+01 
9.956719e+01 
1.000505e+02 
1.003351e+02 
1.004879e+02 
1.005611e+02 
1.005726e+02 
1.005288e+02 
1.004462e+02 
1.003465e+02 
1.002493e+02 
1.001675e+02 
1.001060e+02 
1.000637e+02 
1.000366e+02 
1.000202e+02 
1.000107e+02 
1.000055e+02 
1.000027e+02 
1.000012e+02 
1.000005e+02 
1.000002e+02 
1.000000e+02 
1.000000e+02 
9.999999e+01 
1.000000e+02 
1.000000e+02 
1.000000e+02 

1.000000e+02 
1.000000e+02 
1.000000e+02 
9.999999e+01 
1.000000e+02 
1.000000e+02 
1.000002e+02 
1.000005e+02 
1.000013e+02 
1.000030e+02 
1.000062e+02 
1.000125e+02 
1.000242e+02 
1.000455e+02 
1.000830e+02 
1.001464e+02 
1.002485e+02 
1.004036e+02 
1.006241e+02 
1.009146e+02 
1.012671e+02 
1.016600e+02 
1.020629e+02 
1.024434e+02 
1.028118e+02 
1.031706e+02 
1.034383e+02 
1.034513e+02 
1.029212e+02 
1.015600e+02 
9.928959e+01 
9.654607e+01 
9.412131e+01 
9.280634e+01 
9.290830e+01 
9.414322e+01 
9.589503e+01 
9.756155e+01 
9.883970e+01 
9.968480e+01 
1.001949e+02 
1.004777e+02 
1.006162e+02 
1.006688e+02 
1.006558e+02 
1.005874e+02 
1.004837e+02 
1.003681e+02 
1.002606e+02 
1.001730e+02 
1.001084e+02 
1.000647e+02 
1.000369e+02 
1.000203e+02 
1.000108e+02 
1.000055e+02 
1.000027e+02 
1.000012e+02 
1.000005e+02 
1.000002e+02 
1.000000e+02 
1.000000e+02 
9.999999e+01 
1.000000e+02 
1.000000e+02 
1.000000e+02 

1.000000e+02 
1.000000e+02 
1.000000e+02 
9.999999e+01 
1.000000e+02 
1.000000e+02 
1.000002e+02 
1.000005e+02 
1.000013e+02 
1.000030e+02 
1.000062e+02 
1.000125e+02 
1.000243e+02 
1.000458e+02 
1.000839e+02 
1.001489e+02 
1.002544e+02 
1.004166e+02 
1.006508e+02 
1.009652e+02 
1.013549e+02 
1.017994e+02 
1.022669e+02 
1.027207e+02 
1.031748e+02 
1.036390e+02 
1.040237e+02 
1.041371e+02 
1.036256e+02 
1.021234e+02 
9.951856e+01 
9.632028e+01 
9.348034e+01 
9.194254e+01 
9.206581e+01 
9.351101e+01 
9.553941e+01 
9.744207e+01 
9.887024e+01 
9.978636e+01 
1.003186e+02 
1.005987e+02 
1.007239e+02 
1.007583e+02 
1.007240e+02 
1.006348e+02 
1.005135e+02 
1.003851e+02 
1.002694e+02 
1.001771e+02 
1.001102e+02 
1.000654e+02 
1.000372e+02 
1.000204e+02 
1.000108e+02 
1.000055e+02 
1.000027e+02 
1.000012e+02 
1.000005e+02 
1.000002e+02 
1.000000e+02 
1.000000e+02 
9.999999e+01 
1.000000e+02 
1.000000e+02 
1.000000e+02 

1.000000e+02 
1.000000e+02 
1.000000e+02 
9.999999e+01 
1.000000e+02 
1.000000e+02 
1.000002e+02 
1.000005e+02 
1.000013e+02 
1.000030e+02 
1.000063e+02 
1.000126e+02 
1.000244e+02 
1.000461e+02 
1.000846e+02 
1.001505e+02 
1.002584e+02 
1.004256e+02 
1.006694e+02 
1.010007e+02 
1.014168e+02 
1.018987e+02 
1.024133e+02 
1.029207e+02 
1.034376e+02 
1.039784e+02 
1.044461e+02 
1.046257e+02 
1.041172e+02 
1.024988e+02 
9.964326e+01 
9.611452e+01 
9.298249e+01 
9.129026e+01 
9.143269e+01 
9.303063e+01 
9.525992e+01 
9.733802e+01 
9.887969e+01 
9.985196e+01 
1.004031e+02 
1.006827e+02 
1.007990e+02 
1.008205e+02 
1.007712e+02 
1.006673e+02 
1.005337e+02 
1.003965e+02 
1.002752e+02 
1.001798e+02 
1.001114e+02 
1.000659e+02 
1.000374e+02 
1.000205e+02 
1.000108e+02 
1.000055e+02 
1.000027e+02 
1.000012e+02 
1.000005e+02 
1.000002e+02 
1.000000e+02 
1.000000e+02 
9.999999e+01 
1.000000e+02 
1.000000e+02 
1.000000e+02 

1.000000e+02 
1.000000e+02 
1.000000e+02 
9.999999e+01 
1.000000e+02 
1.000000e+02 
1.000002e+02 
1.000005e+02 
1.000013e+02 
1.000030e+02 
1.000063e+02 
1.000126e+02 
1.000245e+02 
1.000462e+02 
1.000849e+02 
1.001514e+02 
1.002604e+02 
1.004301e+02 
1.006789e+02 
1.010188e+02 
1.014486e+02 
1.019496e+02 
1.024883e+02 
1.030232e+02 
1.035719e+02 
1.041507e+02 
1.046576e+02 
1.048643e+02 
1.043467e+02 
1.026577e+02 
9.966457e+01 
9.596513e+01 
9.268420e+01 
9.091492e+01 
9.106767e+01 
9.274322e+01 
9.507892e+01 
9.725336e+01 
9.886139e+01 
9.986979e+01 
1.004359e+02 
1.007186e+02 
1.008324e+02 
1.008489e+02 
1.007930e+02 
1.006825e+02 
1.005432e+02 
1.004018e+02 
1.002779e+02 
1.001811e+02 
1.001119e+02 
1.000661e+02 
1.000375e+02 
1.000205e+02 
1.000109e+02 
1.000055e+02 
1.000027e+02 
1.000012e+02 
1.000005e+02 
1.000002e+02 
1.000000e+02 
1.000000e+02 
9.999999e+01 
1.000000e+02 
1.000000e+02 
1.000000e+02 

1.000000e+02 
1.000000e+02 
1.000000e+02 
9.999999e+01 
1.000000e+02 
1.000000e+02 
1.000002e+02 
1.000005e+02 
1.000013e+02 
1.000030e+02 
1.000063e+02 
1.000126e+02 
1.000245e+02 
1.000462e+02 
1.000850e+02 
1.001514e+02 
1.002604e+02 
1.004301e+02 
1.006788e+02 
1.010185e+02 
1.014477e+02 
1.019478e+02 
1.024850e+02 
1.030177e+02 
1.035631e+02 
1.041369e+02 
1.046365e+02 
1.048327e+02 
1.043028e+02 
1.026023e+02 
9.960216e+01 
9.590088e+01 
9.262045e+01 
9.084985e+01 
9.099912e+01 
9.267293e+01 
9.501234e+01 
9.719637e+01 
9.881673e+01 
9.983679e+01 
1.004122e+02 
1.007017e+02 
1.008203e+02 
1.008404e+02 
1.007875e+02 
1.006791e+02 
1.005413e+02 
1.004008e+02 
1.002774e+02 
1.001808e+02 
1.001118e+02 
1.000660e+02 
1.000374e+02 
1.000205e+02 
1.000108e+02 
1.000055e+02 
1.000027e+02 
1.000012e+02 
1.000005e+02 
1.000002e+02 
1.000000e+02 
1.000000e+02 
9.999999e+01 
1.000000e+02 
1.000000e+02 
1.000000e+02 

1.000000e+02 
1.000000e+02 
1.000000e+02 
9.999999e+01 
1.000000e+02 
1.000000e+02 
1.000002e+02 
1.000005e+02 
1.000013e+02 
1.000030e+02 
1.000063e+02 
1.000126e+02 
1.000244e+02 
1.000461e+02 
1.000846e+02 
1.001506e+02 
1.002584e+02 
1.004256e+02 
1.006692e+02 
1.009998e+02 
1.014144e+02 
1.018933e+02 
1.024034e+02 
1.029045e+02 
1.034122e+02 
1.039387e+02 
1.043848e+02 
1.045342e+02 
1.039893e+02 
1.023365e+02 
9.945885e+01 
9.592349e+01 
9.279187e+01 
9.109655e+01 
9.123099e+01 
9.282588e+01 
9.506778e+01 
9.717441e+01 
9.875170e+01 
9.975728e+01 
1.003349e+02 
1.006338e+02 
1.007637e+02 
1.007958e+02 
1.007550e+02 
1.006573e+02 
1.005280e+02 
1.003934e+02 
1.002736e+02 
1.001790e+02 
1.001110e+02 
1.000657e+02 
1.000373e+02 
1.000205e+02 
1.000108e+02 
1.000055e+02 
1.000027e+02 
1.000012e+02 
1.000005e+02 
1.000002e+02 
1.000000e+02 
1.000000e+02 
9.999999e+01 
1.000000e+02 
1.000000e+02 
1.000000e+02 

1.000000e+02 
1.000000e+02 
1.000000e+02 
9.999999e+01 
1.000000e+02 
1.000000e+02 
1.000002e+02 
1.000005e+02 
1.000013e+02 
1.000030e+02 
1.000063e+02 
1.000126e+02 
1.000243e+02 
1.000459e+02 
1.000840e+02 
1.001490e+02 
1.002545e+02 
1.004166e+02 
1.006505e+02 
1.009638e+02 
1.013509e+02 
1.017909e+02 
1.022514e+02 
1.026953e+02 
1.031352e+02 
1.035774e+02 
1.039289e+02 
1.039955e+02 
1.034269e+02 
1.018693e+02 
9.922624e+01 
9.601305e+01 
9.317161e+01 
9.163045e+01 
9.174617e+01 
9.319307e+01 
9.524519e+01 
9.719347e+01 
9.867592e+01 
9.964206e+01 
1.002139e+02 
1.005231e+02 
1.006690e+02 
1.007195e+02 
1.006983e+02 
1.006188e+02 
1.005042e+02 
1.003800e+02 
1.002668e+02 
1.001758e+02 
1.001096e+02 
1.000651e+02 
1.000371e+02 
1.000204e+02 
1.000108e+02 
1.000055e+02 
1.000027e+02 
1.000012e+02 
1.000005e+02 
1.000002e+02 
1.000000e+02 
1.000000e+02 
9.999999e+01 
1.000000e+02 
1.000000e+02 
1.000000e+02 

1.000000e+02 
1.000000e+02 
1.000000e+02 
9.999999e+01 
1.000000e+02 
1.000000e+02 
1.000002e+02 
1.000005e+02 
1.000013e+02 
1.000030e+02 
1.000062e+02 
1.000125e+02 
1.000242e+02 
1.000455e+02 
1.000830e+02 
1.001465e+02 
1.002487e+02 
1.004036e+02 
1.006236e+02 
1.009126e+02 
1.012618e+02 
1.016489e+02 
1.020428e+02 
1.024109e+02 
1.027617e+02 
1.030934e+02 
1.033206e+02 
1.032764e+02 
1.026762e+02 
1.012446e+02 
9.892303e+01 
9.615489e+01 
9.372435e+01 
9.240656e+01 
9.250587e+01 
9.375093e+01 
9.553718e+01 
9.726097e+01 
9.860399e+01 
9.950820e+01 
1.000652e+02 
1.003828e+02 
1.005465e+02 
1.006190e+02 
1.006223e+02 
1.005664e+02 
1.004713e+02 
1.003613e+02 
1.002570e+02 
1.001712e+02 
1.001075e+02 
1.000642e+02 
1.000367e+02 
1.000202e+02 
1.000107e+02 
1.000055e+02 
1.000027e+02 
1.000012e+02 
1.000005e+02 
1.000002e+02 
1.000000e+02 
1.000000e+02 
9.999999e+01 
1.000000e+02 
1.000000e+02 
1.000000e+02 

1.000000e+02 
1.000000e+02 
1.000000e+02 
9.999999e+01 
1.000000e+02 
1.000000e+02 
1.000002e+02 
1.000005e+02 
1.000013e+02 
1.000030e+02 
1.000062e+02 
1.000124e+02 
1.000240e+02 
1.000450e+02 
1.000818e+02 
1.001434e+02 
1.002411e+02 
1.003870e+02 
1.005897e+02 
1.008491e+02 
1.011532e+02 
1.014784e+02 
1.017959e+02 
1.020786e+02 
1.023303e+02 
1.025411e+02 
1.026337e+02 
1.024712e+02 
1.018446e+02 
1.005600e+02 
9.861548e+01 
9.635815e+01 
9.441023e+01 
9.335865e+01 
9.344175e+01 
9.445684e+01 
9.592777e+01 
9.738406e+01 
9.855460e+01 
9.937708e+01 
9.990836e+01 
1.002293e+02 
1.004089e+02 
1.005037e+02 
1.005334e+02 
1.005038e+02 
1.004313e+02 
1.003381e+02 
1.002448e+02 
1.001653e+02 
1.001049e+02 
1.000631e+02 
1.000363e+02 
1.000201e+02 
1.000107e+02 
1.000055e+02 
1.000026e+02 
1.000012e+02 
1.000005e+02 
1.000002e+02 
1.000000e+02 
1.000000e+02 
9.999999e+01 
1.000000e+02 
1.000000e+02 
1.000000e+02 

1.000000e+02 
1.000000e+02 
1.000000e+02 
9.999999e+01 
1.000000e+02 
1.000000e+02 
1.000002e+02 
1.000005e+02 
1.000013e+02 
1.000030e+02 
1.000062e+02 
1.000124e+02 
1.000238e+02 
1.000445e+02 
1.000803e+02 
1.001395e+02 
1.002321e+02 
1.003674e+02 
1.005502e+02 
1.007767e+02 
1.010317e+02 
1.012915e+02 
1.015305e+02 
1.017274e+02 
1.018825e+02 
1.019787e+02 
1.019492e+02 
1.016885e+02 
1.010576e+02 
9.994312e+01 
9.838311e+01 
9.664436e+01 
9.517726e+01 
9.439403e+01 
9.446252e+01 
9.524220e+01 
9.639016e+01 
9.756321e+01 
9.854472e+01 
9.926954e+01 
9.976299e+01 
1.000790e+02 
1.002695e+02 
1.003835e+02 
1.004382e+02 
1.004350e+02 
1.003862e+02 
1.003114e+02 
1.002305e+02 
1.001583e+02 
1.001018e+02 
1.000618e+02 
1.000358e+02 
1.000199e+02 
1.000106e+02 
1.000054e+02 
1.000026e+02 
1.000012e+02 
1.000005e+02 
1.000002e+02 
1.000000e+02 
1.000000e+02 
9.999999e+01 
1.000000e+02 
1.000000e+02 
1.000000e+02 

1.000000e+02 
1.000000e+02 
1.000000e+02 
9.999999e+01 
1.000000e+02 
1.000000e+02 
1.000002e+02 
1.000005e+02 
1.000013e+02 
1.000030e+02 
1.000062e+02 
1.000123e+02 
1.000236e+02 
1.000438e+02 
1.000784e+02 
1.001350e+02 
1.002218e+02 
1.003453e+02 
1.005069e+02 
1.006989e+02 
1.009043e+02 
1.011003e+02 
1.012653e+02 
1.013843e+02 
1.014551e+02 
1.014569e+02 
1.013356e+02 
1.010162e+02 
1.004157e+02 
9.948634e+01 
9.828305e+01 
9.700874e+01 
9.596117e+01 
9.541009e+01 
9.546412e+01 
9.602976e+01 
9.688407e+01 
9.778854e+01 
9.858201e+01 
9.919992e+01 
9.964421e+01 
9.994551e+01 
1.001395e+02 
1.002673e+02 
1.003430e+02 
1.003640e+02 
1.003385e+02 
1.002824e+02 
1.002146e+02 
1.001503e+02 
1.000981e+02 
1.000603e+02 
1.000352e+02 
1.000196e+02 
1.000105e+02 
1.000054e+02 
1.000026e+02 
1.000012e+02 
1.000005e+02 
1.000002e+02 
1.000000e+02 
1.000000e+02 
9.999999e+01 
1.000000e+02 
1.000000e+02 
1.000000e+02 

1.000000e+02 
1.000000e+02 
1.000000e+02 
9.999999e+01 
1.000000e+02 
1.000000e+02 
1.000002e+02 
1.000005e+02 
1.000013e+02 
1.000029e+02 
1.000061e+02 
1.000122e+02 
1.000233e+02 
1.000430e+02 
1.000764e+02 
1.001300e+02 
1.002104e+02 
1.003214e+02 
1.004612e+02 
1.006190e+02 
1.007771e+02 
1.009148e+02 
1.010152e+02 
1.010697e+02 
1.010749e+02 
1.010095e+02 
1.008333e+02 
1.004981e+02 
9.996133e+01 
9.921471e+01 
9.831863e+01 
9.741496e+01 
9.669474e+01 
9.632123e+01 
9.635944e+01 
9.675419e+01 
9.736614e+01 
9.804063e+01 
9.866212e+01 
9.917256e+01 
9.955998e+01 
9.983756e+01 
1.000272e+02 
1.001620e+02 
1.002531e+02 
1.002945e+02 
1.002900e+02 
1.002521e+02 
1.001976e+02 
1.001417e+02 
1.000941e+02 
1.000585e+02 
1.000345e+02 
1.000194e+02 
1.000104e+02 
1.000054e+02 
1.000026e+02 
1.000012e+02 
1.000005e+02 
1.000002e+02 
1.000000e+02 
1.000000e+02 
9.999999e+01 
1.000000e+02 
1.000000e+02 
1.000000e+02 

1.000000e+02 
1.000000e+02 
1.000000e+02 
9.999999e+01 
1.000000e+02 
1.000000e+02 
1.000002e+02 
1.000005e+02 
1.000013e+02 
1.000029e+02 
1.000061e+02 
1.000121e+02 
1.000230e+02 
1.000421e+02 
1.000741e+02 
1.001246e+02 
1.001982e+02 
1.002965e+02 
1.004146e+02 
1.005400e+02 
1.006552e+02 
1.007428e+02 
1.007909e+02 
1.007965e+02 
1.007563e+02 
1.006508e+02 
1.004528e+02 
1.001351e+02 
9.968059e+01 
9.910005e+01 
9.844686e+01 
9.781811e+01 
9.733078e+01 
9.708093e+01 
9.710644e+01 
9.737523e+01 
9.780452e+01 
9.829682e+01 
9.877217e+01 
9.918277e+01 
9.951086e+01 
9.975840e+01 
9.993684e+01 
1.000719e+02 
1.001722e+02 
1.002292e+02 
1.002428e+02 
1.002216e+02 
1.001799e+02 
1.001324e+02 
1.000897e+02 
1.000566e+02 
1.000337e+02 
1.000191e+02 
1.000103e+02 
1.000053e+02 
1.000026e+02 
1.000012e+02 
1.000005e+02 
1.000002e+02 
1.000000e+02 
1.000000e+02 
9.999999e+01 
1.000000e+02 
1.000000e+02 
1.000000e+02 

1.000000e+02 
1.000000e+02 
1.000000e+02 
9.999999e+01 
1.000000e+02 
1.000000e+02 
1.000002e+02 
1.000005e+02 
1.000013e+02 
1.000029e+02 
1.000060e+02 
1.000119e+02 
1.000226e+02 
1.000411e+02 
1.000717e+02 
1.001188e+02 
1.001855e+02 
1.002711e+02 
1.003685e+02 
1.004643e+02 
1.005425e+02 
1.005892e+02 
1.005979e+02 
1.005697e+02 
1.005022e+02 
1.003789e+02 
1.001831e+02 
9.990151e+01 
9.953153e+01 
9.909000e+01 
9.861908e+01 
9.818300e+01 
9.785302e+01 
9.768525e+01 
9.770161e+01 
9.788386e+01 
9.818311e+01 
9.853878e+01 
9.889695e+01 
9.922081e+01 
9.949208e+01 
9.970672e+01 
9.986912e+01 
9.999898e+01 
1.001027e+02 
1.001702e+02 
1.001983e+02 
1.001917e+02 
1.001620e+02 
1.001228e+02 
1.000851e+02 
1.000546e+02 
1.000328e+02 
1.000187e+02 
1.000102e+02 
1.000053e+02 
1.000026e+02 
1.000012e+02 
1.000005e+02 
1.000002e+02 
1.000000e+02 
1.000000e+02 
9.999999e+01 
1.000000e+02 
1.000000e+02 
1.000000e+02 

1.000000e+02 
1.000000e+02 
1.000000e+02 
9.999999e+01 
1.000000e+02 
1.000000e+02 
1.000002e+02 
1.000005e+02 
1.000013e+02 
1.000029e+02 
1.000060e+02 
1.000118e+02 
1.000221e+02 
1.000399e+02 
1.000687e+02 
1.001119e+02 
1.001708e+02 
1.002426e+02 
1.003187e+02 
1.003858e+02 
1.004302e+02 
1.004429e+02 
1.004219e+02 
1.003718e+02 
1.002910e+02 
1.001664e+02 
9.998946e+01 
9.975596e+01 
9.946999e+01 
9.914795e+01 
9.881996e+01 
9.852631e+01 
9.830871e+01 
9.819877e+01 
9.820877e+01 
9.832869e+01 
9.853077e+01 
9.877896e+01 
9.903883e+01 
9.928416e+01 
9.949921e+01 
9.967746e+01 
9.981888e+01 
9.993804e+01 
1.000397e+02 
1.001133e+02 
1.001529e+02 
1.001597e+02 
1.001421e+02 
1.001118e+02 
1.000796e+02 
1.000521e+02 
1.000318e+02 
1.000183e+02 
1.000100e+02 
1.000052e+02 
1.000026e+02 
1.000012e+02 
1.000005e+02 
1.000002e+02 
1.000000e+02 
1.000000e+02 
9.999999e+01 
1.000000e+02 
1.000000e+02 
1.000000e+02 

1.000000e+02 
1.000000e+02 
1.000000e+02 
9.999999e+01 
1.000000e+02 
1.000000e+02 
1.000002e+02 
1.000005e+02 
1.000013e+02 
1.000029e+02 
1.000059e+02 
1.000116e+02 
1.000215e+02 
1.000383e+02 
1.000648e+02 
1.001030e+02 
1.001524e+02 
1.002083e+02 
1.002612e+02 
1.002992e+02 
1.003126e+02 
1.002973e+02 
1.002555e+02 
1.001943e+02 
1.001123e+02 
9.999999e+01 
9.985466e+01 
9.967718e+01 
9.947374e+01 
9.925707e+01 
9.904606e+01 
9.886330e+01 
9.873061e+01 
9.866391e+01 
9.866936e+01 
9.874206e+01 
9.886794e+01 
9.902785e+01 
9.920211e+01 
9.937419e+01 
9.953243e+01 
9.967029e+01 
9.978537e+01 
9.988786e+01 
9.998139e+01 
1.000560e+02 
1.001041e+02 
1.001235e+02 
1.001184e+02 
1.000982e+02 
1.000726e+02 
1.000488e+02 
1.000304e+02 
1.000178e+02 
1.000098e+02 
1.000052e+02 
1.000025e+02 
1.000012e+02 
1.000005e+02 
1.000002e+02 
1.000000e+02 
1.000000e+02 
9.999999e+01 
1.000000e+02 
1.000000e+02 
1.000000e+02 

1.000000e+02 
1.000000e+02 
1.000000e+02 
9.999999e+01 
1.000000e+02 
1.000000e+02 
1.000002e+02 
1.000005e+02 
1.000013e+02 
1.000028e+02 
1.000058e+02 
1.000112e+02 
1.000207e+02 
1.000362e+02 
1.000596e+02 
1.000917e+02 
1.001301e+02 
1.001687e+02 
1.001985e+02 
1.002104e+02 
1.001995e+02 
1.001662e+02 
1.001156e+02 
1.000550e+02 
9.998311e+01 
9.989332e+01 
9.978598e+01 
9.966366e+01 
9.953168e+01 
9.939816e+01 
9.927342e+01 
9.916865e+01 
9.909399e+01 
9.905659e+01 
9.905920e+01 
9.909967e+01 
9.917171e+01 
9.926626e+01 
9.937344e+01 
9.948407e+01 
9.959083e+01 
9.968867e+01 
9.977473e+01 
9.985588e+01 
9.993514e+01 
1.000044e+02 
1.000559e+02 
1.000848e+02 
1.000915e+02 
1.000818e+02 
1.000638e+02 
1.000446e+02 
1.000286e+02 
1.000170e+02 
1.000096e+02 
1.000050e+02 
1.000025e+02 
1.000012e+02 
1.000005e+02 
1.000002e+02 
1.000000e+02 
1.000000e+02 
9.999999e+01 
1.000000e+02 
1.000000e+02 
1.000000e+02 

1.000000e+02 
1.000000e+02 
1.000000e+02 
9.999999e+01 
1.000000e+02 
1.000000e+02 
1.000002e+02 
1.000005e+02 
1.000013e+02 
1.000028e+02 
1.000057e+02 
1.000108e+02 
1.000196e+02 
1.000333e+02 
1.000531e+02 
1.000780e+02 
1.001044e+02 
1.001259e+02 
1.001353e+02 
1.001277e+02 
1.001023e+02 
1.000629e+02 
1.000150e+02 
9.996442e+01 
9.990974e+01 
9.984638e+01 
9.977558e+01 
9.969964e+01 
9.962196e+01 
9.954685e+01 
9.947922e+01 
9.942392e+01 
9.938514e+01 
9.936573e+01 
9.936678e+01 
9.938747e+01 
9.942529e+01 
9.947648e+01 
9.953665e+01 
9.960141e+01 
9.966684e+01 
9.972981e+01 
9.978811e+01 
9.984628e+01 
9.990704e+01 
9.996499e+01 
1.000136e+02 
1.000471e+02 
1.000629e+02 
1.000631e+02 
1.000531e+02 
1.000392e+02 
1.000261e+02 
1.000160e+02 
1.000092e+02 
1.000049e+02 
1.000025e+02 
1.000011e+02 
1.000005e+02 
1.000002e+02 
1.000000e+02 
1.000000e+02 
9.999999e+01 
1.000000e+02 
1.000000e+02 
1.000000e+02 

1.000000e+02 
1.000000e+02 
1.000000e+02 
9.999999e+01 
1.000000e+02 
1.000000e+02 
1.000002e+02 
1.000005e+02 
1.000013e+02 
1.000027e+02 
1.000054e+02 
1.000102e+02 
1.000180e+02 
1.000296e+02 
1.000449e+02 
1.000620e+02 
1.000766e+02 
1.000834e+02 
1.000782e+02 
1.000599e+02 
1.000308e+02 
9.999526e+01 
9.995771e+01 
9.992167e+01 
9.988542e+01 
9.984596e+01 
9.980431e+01 
9.976187e+01 
9.972035e+01 
9.968172e+01 
9.964797e+01 
9.962099e+01 
9.960230e+01 
9.959293e+01 
9.959325e+01 
9.960300e+01 
9.962128e+01 
9.964670e+01 
9.967756e+01 
9.971203e+01 
9.974833e+01 
9.978486e+01 
9.982033e+01 
9.985766e+01 
9.989921e+01 
9.994222e+01 
9.998242e+01 
1.000148e+02 
1.000354e+02 
1.000432e+02 
1.000408e+02 
1.000326e+02 
1.000230e+02 
1.000147e+02 
1.000086e+02 
1.000047e+02 
1.000024e+02 
1.000011e+02 
1.000005e+02 
1.000002e+02 
1.000000e+02 
1.000000e+02 
9.999999e+01 
1.000000e+02 
1.000000e+02 
1.000000e+02 

1.000000e+02 
1.000000e+02 
1.000000e+02 
9.999999e+01 
1.000000e+02 
1.000000e+02 
1.000002e+02 
1.000005e+02 
1.000012e+02 
1.000026e+02 
1.000051e+02 
1.000094e+02 
1.000160e+02 
1.000250e+02 
1.000355e+02 
1.000449e+02 
1.000495e+02 
1.000461e+02 
1.000336e+02 
1.000133e+02 
9.998843e+01 
9.996223e+01 
9.993727e+01 
9.991503e+01 
9.989395e+01 
9.987214e+01 
9.985015e+01 
9.982865e+01 
9.980838e+01 
9.979007e+01 
9.977446e+01 
9.976218e+01 
9.975375e+01 
9.974950e+01 
9.974955e+01 
9.975381e+01 
9.976201e+01 
9.977367e+01 
9.978822e+01 
9.980498e+01 
9.982326e+01 
9.984238e+01 
9.986174e+01 
9.988310e+01 
9.990829e+01 
9.993639e+01 
9.996531e+01 
9.999182e+01 
1.000123e+02 
1.000244e+02 
1.000279e+02 
1.000250e+02 
1.000191e+02 
1.000129e+02 
1.000079e+02 
1.000044e+02 
1.000023e+02 
1.000011e+02 
1.000005e+02 
1.000002e+02 
1.000000e+02 
1.000000e+02 
9.999999e+01 
1.000000e+02 
1.000000e+02 
1.000000e+02 

1.000000e+02 
1.000000e+02 
1.000000e+02 
9.999999e+01 
1.000000e+02 
1.000000e+02 
1.000002e+02 
1.000005e+02 
1.000012e+02 
1.000025e+02 
1.000047e+02 
1.000084e+02 
1.000135e+02 
1.000196e+02 
1.000254e+02 
1.000283e+02 
1.000262e+02 
1.000181e+02 
1.000048e+02 
9.998828e+01 
9.997101e+01 
9.995472e+01 
9.994039e+01 
9.992836e+01 
9.991748e+01 
9.990665e+01 
9.989612e+01 
9.988615e+01 
9.987700e+01 
9.986893e+01 
9.986216e+01 
9.985691e+01 
9.985331e+01 
9.985148e+01 
9.985145e+01 
9.985320e+01 
9.985663e+01 
9.986162e+01 
9.986798e+01 
9.987549e+01 
9.988392e+01 
9.989302e+01 
9.990255e+01 
9.991349e+01 
9.992705e+01 
9.994319e+01 
9.996127e+01 
9.997980e+01 
9.999649e+01 
1.000089e+02 
1.000157e+02 
1.000170e+02 
1.000146e+02 
1.000107e+02 
1.000069e+02 
1.000040e+02 
1.000022e+02 
1.000010e+02 
1.000004e+02 
1.000002e+02 
1.000000e+02 
1.000000e+02 
9.999999e+01 
1.000000e+02 
1.000000e+02 
1.000000e+02 

1.000000e+02 
1.000000e+02 
1.000000e+02 
9.999999e+01 
1.000000e+02 
1.000000e+02 
1.000002e+02 
1.000005e+02 
1.000011e+02 
1.000023e+02 
1.000042e+02 
1.000070e+02 
1.000105e+02 
1.000139e+02 
1.000157e+02 
1.000144e+02 
1.000094e+02 
1.000011e+02 
9.999070e+01 
9.997990e+01 
9.996981e+01 
9.996106e+01 
9.995383e+01 
9.994802e+01 
9.994295e+01 
9.993806e+01 
9.993342e+01 
9.992913e+01 
9.992528e+01 
9.992193e+01 
9.991916e+01 
9.991702e+01 
9.991556e+01 
9.991481e+01 
9.991477e+01 
9.991544e+01 
9.991680e+01 
9.991880e+01 
9.992140e+01 
9.992454e+01 
9.992813e+01 
9.993211e+01 
9.993638e+01 
9.994145e+01 
9.994799e+01 
9.995620e+01 
9.996608e+01 
9.997719e+01 
9.998853e+01 
9.999860e+01 
1.000059e+02 
1.000095e+02 
1.000099e+02 
1.000082e+02 
1.000057e+02 
1.000035e+02 
1.000020e+02 
1.000010e+02 
1.000004e+02 
1.000001e+02 
1.000000e+02 
1.000000e+02 
9.999999e+01 
1.000000e+02 
1.000000e+02 
1.000000e+02 

1.000000e+02 
1.000000e+02 
1.000000e+02 
9.999999e+01 
1.000000e+02 
1.000000e+02 
1.000002e+02 
1.000004e+02 
1.000010e+02 
1.000020e+02 
1.000035e+02 
1.000054e+02 
1.000073e+02 
1.000084e+02 
1.000077e+02 
1.000047e+02 
9.999971e+01 
9.999350e+01 
9.998706e+01 
9.998109e+01 
9.997599e+01 
9.997184e+01 
9.996856e+01 
9.996601e+01 
9.996385e+01 
9.996180e+01 
9.995990e+01 
9.995817e+01 
9.995663e+01 
9.995531e+01 
9.995423e+01 
9.995340e+01 
9.995283e+01 
9.995253e+01 
9.995250e+01 
9.995274e+01 
9.995325e+01 
9.995402e+01 
9.995502e+01 
9.995625e+01 
9.995768e+01 
9.995930e+01 
9.996107e+01 
9.996322e+01 
9.996608e+01 
9.996983e+01 
9.997460e+01 
9.998039e+01 
9.998694e+01 
9.999361e+01 
9.999947e+01 
1.000036e+02 
1.000055e+02 
1.000055e+02 
1.000043e+02 
1.000029e+02 
1.000017e+02 
1.000009e+02 
1.000004e+02 
1.000001e+02 
1.000000e+02 
1.000000e+02 
9.999999e+01 
1.000000e+02 
1.000000e+02 
1.000000e+02 

1.000000e+02 
1.000000e+02 
1.000000e+02 
9.999999e+01 
1.000000e+02 
1.000000e+02 
1.000001e+02 
1.000004e+02 
1.000009e+02 
1.000016e+02 
1.000027e+02 
1.000037e+02 
1.000043e+02 
1.000040e+02 
1.000023e+02 
9.999940e+01 
9.999582e+01 
9.999212e+01 
9.998873e+01 
9.998587e+01 
9.998357e+01 
9.998179e+01 
9.998042e+01 
9.997939e+01 
9.997853e+01 
9.997772e+01 
9.997698e+01 
9.997632e+01 
9.997574e+01 
9.997524e+01 
9.997483e+01 
9.997452e+01 
9.997430e+01 
9.997419e+01 
9.997417e+01 
9.997425e+01 
9.997444e+01 
9.997471e+01 
9.997508e+01 
9.997554e+01 
9.997608e+01 
9.997670e+01 
9.997738e+01 
9.997823e+01 
9.997939e+01 
9.998095e+01 
9.998302e+01 
9.998570e+01 
9.998897e+01 
9.999269e+01 
9.999649e+01 
9.999978e+01 
1.000020e+02 
1.000030e+02 
1.000029e+02 
1.000022e+02 
1.000014e+02 
1.000008e+02 
1.000004e+02 
1.000001e+02 
1.000000e+02 
1.000000e+02 
9.999999e+01 
1.000000e+02 
1.000000e+02 
1.000000e+02 

1.000000e+02 
1.000000e+02 
1.000000e+02 
9.999999e+01 
1.000000e+02 
1.000000e+02 
1.000001e+02 
1.000003e+02 
1.000007e+02 
1.000012e+02 
1.000018e+02 
1.000021e+02 
1.000020e+02 
1.000010e+02 
9.999944e+01 
9.999745e+01 
9.999540e+01 
9.999354e+01 
9.999199e+01 
9.999076e+01 
9.998981e+01 
9.998910e+01 
9.998857e+01 
9.998818e+01 
9.998785e+01 
9.998755e+01 
9.998727e+01 
9.998703e+01 
9.998682e+01 
9.998663e+01 
9.998649e+01 
9.998637e+01 
9.998629e+01 
9.998625e+01 
9.998624e+01 
9.998627e+01 
9.998633e+01 
9.998642e+01 
9.998655e+01 
9.998672e+01 
9.998691e+01 
9.998713e+01 
9.998739e+01 
9.998770e+01 
9.998814e+01 
9.998874e+01 
9.998957e+01 
9.999069e+01 
9.999214e+01 
9.999394e+01 
9.999599e+01 
9.999807e+01 
9.999986e+01 
1.000010e+02 
1.000015e+02 
1.000014e+02 
1.000010e+02 
1.000006e+02 
1.000003e+02 
1.000001e+02 
1.000000e+02 
9.999999e+01 
9.999999e+01 
1.000000e+02 
1.000000e+02 
1.000000e+02 

1.000000e+02 
1.000000e+02 
1.000000e+02 
9.999999e+01 
1.000000e+02 
1.000000e+02 
1.000001e+02 
1.000003e+02 
1.000005e+02 
1.000008e+02 
1.000010e+02 
1.000009e+02 
1.000004e+02 
9.999957e+01 
9.999850e+01 
9.999740e+01 
9.999641e+01 
9.999559e+01 
9.999494e+01 
9.999446e+01 
9.999409e+01 
9.999383e+01 
9.999363e+01 
9.999349e+01 
9.999337e+01 
9.999326e+01 
9.999316e+01 
9.999308e+01 
9.999300e+01 
9.999294e+01 
9.999288e+01 
9.999284e+01 
9.999281e+01 
9.999280e+01 
9.999279e+01 
9.999280e+01 
9.999282e+01 
9.999285e+01 
9.999290e+01 
9.999295e+01 
9.999302e+01 
9.999310e+01 
9.999318e+01 
9.999330e+01 
9.999345e+01 
9.999367e+01 
9.999398e+01 
9.999441e+01 
9.999500e+01 
9.999576e+01 
9.999672e+01 
9.999782e+01 
9.999893e+01 
9.999988e+01 
1.000005e+02 
1.000007e+02 
1.000006e+02 
1.000004e+02 
1.000002e+02 
1.000001e+02 
1.000000e+02 
9.999999e+01 
9.999999e+01 
1.000000e+02 
1.000000e+02 
1.000000e+02 

1.000000e+02 
1.000000e+02 
1.000000e+02 
9.999999e+01 
9.999999e+01 
1.000000e+02 
1.000001e+02 
1.000002e+02 
1.000003e+02 
1.000004e+02 
1.000004e+02 
1.000001e+02 
9.999969e+01 
9.999913e+01 
9.999856e+01 
9.999805e+01 
9.999762e+01 
9.999730e+01 
9.999705e+01 
9.999687e+01 
9.999674e+01 
9.999665e+01 
9.999658e+01 
9.999653e+01 
9.999649e+01 
9.999645e+01 
9.999642e+01 
9.999639e+01 
9.999636e+01 
9.999634e+01 
9.999632e+01 
9.999630e+01 
9.999629e+01 
9.999629e+01 
9.999629e+01 
9.999629e+01 
9.999629e+01 
9.999630e+01 
9.999632e+01 
9.999634e+01 
9.999636e+01 
9.999638e+01 
9.999641e+01 
9.999645e+01 
9.999651e+01 
9.999658e+01 
9.999669e+01 
9.999684e+01 
9.999706e+01 
9.999736e+01 
9.999775e+01 
9.999825e+01 
9.999882e+01 
9.999939e+01 
9.999988e+01 
1.000002e+02 
1.000003e+02 
1.000002e+02 
1.000002e+02 
1.000001e+02 
1.000000e+02 
9.999999e+01 
9.999999e+01 
1.000000e+02 
1.000000e+02 
1.000000e+02 

1.000000e+02 
1.000000e+02 
1.000000e+02 
9.999999e+01 
9.999999e+01 
1.000000e+02 
1.000000e+02 
1.000001e+02 
1.000001e+02 
1.000001e+02 
1.000000e+02 
9.999978e+01 
9.999950e+01 
9.999921e+01 
9.999895e+01 
9.999874e+01 
9.999858e+01 
9.999846e+01 
9.999838e+01 
9.999831e+01 
9.999827e+01 
9.999824e+01 
9.999821e+01 
9.999820e+01 
9.999818e+01 
9.999817e+01 
9.999816e+01 
9.999815e+01 
9.999814e+01 
9.999813e+01 
9.999813e+01 
9.999812e+01 
9.999812e+01 
9.999811e+01 
9.999811e+01 
9.999811e+01 
9.999812e+01 
9.999812e+01 
9.999812e+01 
9.999813e+01 
9.999814e+01 
9.999814e+01 
9.999815e+01 
9.999817e+01 
9.999818e+01 
9.999821e+01 
9.999824e+01 
9.999830e+01 
9.999837e+01 
9.999848e+01 
9.999862e+01 
9.999882e+01 
9.999907e+01 
9.999936e+01 
9.999964e+01 
9.999989e+01 
1.000000e+02 
1.000001e+02 
1.000001e+02 
1.000000e+02 
1.000000e+02 
9.999999e+01 
9.999999e+01 
1.000000e+02 
1.000000e+02 
1.000000e+02 

1.000000e+02 
1.000000e+02 
1.000000e+02 
9.999999e+01 
9.999999e+01 
1.000000e+02 
1.000000e+02 
1.000000e+02 
1.000000e+02 
9.999996e+01 
9.999985e+01 
9.999971e+01 
9.999957e+01 
9.999945e+01 
9.999935e+01 
9.999927e+01 
9.999921e+01 
9.999917e+01 
9.999914e+01 
9.999912e+01 
9.999910e+01 
9.999909e+01 
9.999909e+01 
9.999908e+01 
9.999908e+01 
9.999907e+01 
9.999907e+01 
9.999907e+01 
9.999906e+01 
9.999906e+01 
9.999906e+01 
9.999906e+01 
9.999905e+01 
9.999905e+01 
9.999905e+01 
9.999905e+01 
9.999905e+01 
9.999905e+01 
9.999906e+01 
9.999906e+01 
9.999906e+01 
9.999906e+01 
9.999906e+01 
9.999907e+01 
9.999907e+01 
9.999908e+01 
9.999909e+01 
9.999911e+01 
9.999913e+01 
9.999917e+01 
9.999922e+01 
9.999929e+01 
9.999939e+01 
9.999951e+01 
9.999965e+01 
9.999979e+01 
9.999991e+01 
9.999998e+01 
1.000000e+02 
1.000000e+02 
9.999999e+01 
9.999999e+01 
9.999999e+01 
1.000000e+02 
1.000000e+02 
1.000000e+02 

1.000000e+02 
1.000000e+02 
1.000000e+02 
9.999999e+01 
9.999999e+01 
9.999999e+01 
9.999999e+01 
9.999998e+01 
9.999995e+01 
9.999990e+01 
9.999984e+01 
9.999977e+01 
9.999971e+01 
9.999967e+01 
9.999963e+01 
9.999960e+01 
9.999958e+01 
9.999957e+01 
9.999956e+01 
9.999955e+01 
9.999955e+01 
9.999955e+01 
9.999954e+01 
9.999954e+01 
9.999954e+01 
9.999954e+01 
9.999954e+01 
9.999954e+01 
9.999954e+01 
9.999954e+01 
9.999953e+01 
9.999953e+01 
9.999953e+01 
9.999953e+01 
9.999953e+01 
9.999953e+01 
9.999953e+01 
9.999953e+01 
9.999953e+01 
9.999953e+01 
9.999954e+01 
9.999954e+01 
9.999954e+01 
9.999954e+01 
9.999954e+01 
9.999954e+01 
9.999954e+01 
9.999955e+01 
9.999956e+01 
9.999957e+01 
9.999958e+01 
9.999961e+01 
9.999964e+01 
9.999969e+01 
9.999974e+01 
9.999981e+01 
9.999988e+01 
9.999993e+01 
9.999997e+01 
9.999998e+01 
9.999999e+01 
9.999999e+01 
9.999999e+01 
1.000000e+02 
1.000000e+02 
1.000000e+02 

1.000000e+02 
1.000000e+02 
1.000000e+02 
9.999999e+01 
9.999999e+01 
9.999999e+01 
9.999998e+01 
9.999997e+01 
9.999994e+01 
9.999991e+01 
9.999988e+01 
9.999986e+01 
9.999984e+01 
9.999982e+01 
9.999981e+01 
9.999980e+01 
9.999979e+01 
9.999979e+01 
9.999979e+01 
9.999978e+01 
9.999978e+01 
9.999978e+01 
9.999978e+01 
9.999978e+01 
9.999978e+01 
9.999978e+01 
9.999978e+01 
9.999978e+01 
9.999978e+01 
9.999978e+01 
9.999978e+01 
9.999978e+01 
9.999978e+01 
9.999978e+01 
9.999978e+01 
9.999978e+01 
9.999978e+01 
9.999978e+01 
9.999978e+01 
9.999978e+01 
9.999978e+01 
9.999978e+01 
9.999978e+01 
9.999978e+01 
9.999978e+01 
9.999978e+01 
9.999978e+01 
9.999978e+01 
9.999978e+01 
9.999979e+01 
9.999979e+01 
9.999980e+01 
9.999981e+01 
9.999982e+01 
9.999984e+01 
9.999987e+01 
9.999990e+01 
9.999993e+01 
9.999996e+01 
9.999997e+01 
9.999998e+01 
9.999999e+01 
9.999999e+01 
1.000000e+02 
1.000000e+02 
1.000000e+02 

1.000000e+02 
1.000000e+02 
1.000000e+02 
1.000000e+02 
9.999999e+01 
9.999999e+01 
9.999998e+01 
9.999997e+01 
9.999996e+01 
9.999994e+01 
9.999993e+01 
9.999992e+01 
9.999992e+01 
9.999991e+01 
9.999991e+01 
9.999991e+01 
9.999991e+01 
9.999990e+01 
9.999990e+01 
9.999990e+01 
9.999990e+01 
9.999990e+01 
9.999990e+01 
9.999990e+01 
9.999990e+01 
9.999990e+01 
9.999990e+01 
9.999990e+01 
9.999990e+01 
9.999990e+01 
9.999990e+01 
9.999990e+01 
9.999990e+01 
9.999990e+01 
9.999990e+01 
9.999990e+01 
9.999990e+01 
9.999990e+01 
9.999990e+01 
9.999990e+01 
9.999990e+01 
9.999990e+01 
9.999990e+01 
9.999990e+01 
9.999990e+01 
9.999990e+01 
9.999990e+01 
9.999990e+01 
9.999990e+01 
9.999990e+01 
9.999991e+01 
9.999991e+01 
9.999991e+01 
9.999991e+01 
9.999992e+01 
9.999993e+01 
9.999994e+01 
9.999995e+01 
9.999997e+01 
9.999998e+01 
9.999999e+01 
9.999999e+01 
1.000000e+02 
1.000000e+02 
1.000000e+02 
1.000000e+02 

1.000000e+02 
1.000000e+02 
1.000000e+02 
1.000000e+02 
1.000000e+02 
9.999999e+01 
9.999999e+01 
9.999998e+01 
9.999998e+01 
9.999997e+01 
9.999997e+01 
9.999997e+01 
9.999997e+01 
9.999997e+01 
9.999996e+01 
9.999996e+01 
9.999996e+01 
9.999996e+01 
9.999996e+01 
9.999996e+01 
9.999996e+01 
9.999996e+01 
9.999996e+01 
9.999996e+01 
9.999996e+01 
9.999996e+01 
9.999996e+01 
9.999996e+01 
9.999996e+01 
9.999996e+01 
9.999996e+01 
9.999996e+01 
9.999996e+01 
9.999996e+01 
9.999996e+01 
9.999996e+01 
9.999996e+01 
9.999996e+01 
9.999996e+01 
9.999996e+01 
9.999996e+01 
9.999996e+01 
9.999996e+01 
9.999996e+01 
9.999996e+01 
9.999996e+01 
9.999996e+01 
9.999996e+01 
9.999996e+01 
9.999996e+01 
9.999996e+01 
9.999996e+01 
9.999996e+01 
9.999997e+01 
9.999997e+01 
9.999997e+01 
9.999997e+01 
9.999998e+01 
9.999998e+01 
9.999999e+01 
9.999999e+01 
9.999999e+01 
1.000000e+02 
1.000000e+02 
1.000000e+02 
1.000000e+02 

1.000000e+02 
1.000000e+02 
1.000000e+02 
1.000000e+02 
1.000000e+02 
1.000000e+02 
1.000000e+02 
9.999999e+01 
9.999999e+01 
9.999999e+01 
9.999999e+01 
9.999999e+01 
9.999999e+01 
9.999999e+01 
9.999999e+01 
9.999999e+01 
9.999999e+01 
9.999999e+01 
9.999999e+01 
9.999999e+01 
9.999999e+01 
9.999999e+01 
9.999999e+01 
9.999999e+01 
9.999999e+01 
9.999999e+01 
9.999999e+01 
9.999999e+01 
9.999999e+01 
9.999999e+01 
9.999999e+01 
9.999999e+01 
9.999999e+01 
9.999999e+01 
9.999999e+01 
9.999999e+01 
9.999999e+01 
9.999999e+01 
9.999999e+01 
9.999999e+01 
9.999999e+01 
9.999999e+01 
9.999999e+01 
9.999999e+01 
9.999999e+01 
9.999999e+01 
9.999999e+01 
9.999999e+01 
9.999999e+01 
9.999999e+01 
9.999999e+01 
9.999999e+01 
9.999999e+01 
9.999999e+01 
9.999999e+01 
9.999999e+01 
9.999999e+01 
9.999999e+01 
9.999999e+01 
1.000000e+02 
1.000000e+02 
1.000000e+02 
1.000000e+02 
1.000000e+02 
1.000000e+02 
1.000000e+02 

1.000000e+02 
1.000000e+02 
1.000000e+02 
1.000000e+02 
1.000000e+02 
1.000000e+02 
1.000000e+02 
1.000000e+02 
1.000000e+02 
1.000000e+02 
1.000000e+02 
1.000000e+02 
1.000000e+02 
1.000000e+02 
1.000000e+02 
1.000000e+02 
1.000000e+02 
1.000000e+02 
1.000000e+02 
1.000000e+02 
1.000000e+02 
1.000000e+02 
1.000000e+02 
1.000000e+02 
1.000000e+02 
1.000000e+02 
1.000000e+02 
1.000000e+02 
1.000000e+02 
1.000000e+02 
1.000000e+02 
1.000000e+02 
1.000000e+02 
1.000000e+02 
1.000000e+02 
1.000000e+02 
1.000000e+02 
1.000000e+02 
1.000000e+02 
1.000000e+02 
1.000000e+02 
1.000000e+02 
1.000000e+02 
1.000000e+02 
1.000000e+02 
1.000000e+02 
1.000000e+02 
1.000000e+02 
1.000000e+02 
1.000000e+02 
1.000000e+02 
1.000000e+02 
1.000000e+02 
1.000000e+02 
1.000000e+02 
1.000000e+02 
1.000000e+02 
1.000000e+02 
1.000000e+02 
1.000000e+02 
1.000000e+02 
1.000000e+02 
1.000000e+02 
1.000000e+02 
1.000000e+02 
1.000000e+02 

1.000000e+02 
1.000000e+02 
1.000000e+02 
1.000000e+02 
1.000000e+02 
1.000000e+02 
1.000000e+02 
1.000000e+02 
1.000000e+02 
1.000000e+02 
1.000000e+02 
1.000000e+02 
1.000000e+02 
1.000000e+02 
1.000000e+02 
1.000000e+02 
1.000000e+02 
1.000000e+02 
1.000000e+02 
1.000000e+02 
1.000000e+02 
1.000000e+02 
1.000000e+02 
1.000000e+02 
1.000000e+02 
1.000000e+02 
1.000000e+02 
1.000000e+02 
1.000000e+02 
1.000000e+02 
1.000000e+02 
1.000000e+02 
1.000000e+02 
1.000000e+02 
1.000000e+02 
1.000000e+02 
1.000000e+02 
1.000000e+02 
1.000000e+02 
1.000000e+02 
1.000000e+02 
1.000000e+02 
1.000000e+02 
1.000000e+02 
1.000000e+02 
1.000000e+02 
1.000000e+02 
1.000000e+02 
1.000000e+02 
1.000000e+02 
1.000000e+02 
1.000000e+02 
1.000000e+02 
1.000000e+02 
1.000000e+02 
1.000000e+02 
1.000000e+02 
1.000000e+02 
1.000000e+02 
1.000000e+02 
1.000000e+02 
1.000000e+02 
1.000000e+02 
1.000000e+02 
1.000000e+02 
1.000000e+02 

1.000000e+02 
1.000000e+02 
1.000000e+02 
1.000000e+02 
1.000000e+02 
1.000000e+02 
1.000000e+02 
1.000000e+02 
1.000000e+02 
1.000000e+02 
1.000000e+02 
1.000000e+02 
1.000000e+02 
1.000000e+02 
1.000000e+02 
1.000000e+02 
1.000000e+02 
1.000000e+02 
1.000000e+02 
1.000000e+02 
1.000000e+02 
1.000000e+02 
1.000000e+02 
1.000000e+02 
1.000000e+02 
1.000000e+02 
1.000000e+02 
1.000000e+02 
1.000000e+02 
1.000000e+02 
1.000000e+02 
1.000000e+02 
1.000000e+02 
1.000000e+02 
1.000000e+02 
1.000000e+02 
1.000000e+02 
1.000000e+02 
1.000000e+02 
1.000000e+02 
1.000000e+02 
1.000000e+02 
1.000000e+02 
1.000000e+02 
1.000000e+02 
1.000000e+02 
1.000000e+02 
1.000000e+02 
1.000000e+02 
1.000000e+02 
1.000000e+02 
1.000000e+02 
1.000000e+02 
1.000000e+02 
1.000000e+02 
1.000000e+02 
1.000000e+02 
1.000000e+02 
1.000000e+02 
1.000000e+02 
1.000000e+02 
1.000000e+02 
1.000000e+02 
1.000000e+02 
1.000000e+02 
1.000000e+02 

