 -2.614547739744123E-018
 -2.529940280500830E-018
 -2.445332821257537E-018
 -2.360725362014245E-018
 -2.276117902770952E-018
 -2.192296652040372E-018
 -2.110047284494744E-018
 -2.029368220448373E-018
 -1.950256872955407E-018
 -1.872709686318530E-018
 -1.796722173849455E-018
 -1.722288954882905E-018
 -1.649403791046233E-018
 -1.578059621787234E-018
 -1.508248599163126E-018
 -1.439962121894077E-018
 -1.373190868685009E-018
 -1.307924830819788E-018
 -1.244153344032243E-018
 -1.181865119658798E-018
 -1.121048275077789E-018
