  2.276117902770954E-018
  2.276117902770954E-018
  2.276117902770954E-018
  2.276117902770954E-018
  2.276117902770954E-018
  2.275341346220113E-018
  2.273050102063929E-018
  2.269300994205987E-018
  2.264149761728615E-018
  2.257651060677923E-018
  2.249858466518152E-018
  2.240824477229278E-018
  2.230600517022278E-018
  2.219236940647000E-018
  2.206783038268100E-018
  2.193287040885012E-018
  2.178796126272413E-018
  2.163356425418169E-018
  2.147013029436251E-018
  2.129809996932584E-018
  2.111790361802321E-018
