 -9.086388052517982E-019
 -8.965520258131534E-019
 -8.844652463745087E-019
 -8.723784669358641E-019
 -8.602916874972193E-019
 -8.482473614035125E-019
 -8.362879378370730E-019
 -8.244134043744165E-019
 -8.126237404457154E-019
 -8.009189174504684E-019
 -7.892988988723429E-019
 -7.777636403931897E-019
 -7.663130900062338E-019
 -7.549471881284374E-019
 -7.436658677120387E-019
 -7.324690543552674E-019
 -7.213566664122339E-019
 -7.103286151019971E-019
 -6.993848046168097E-019
 -6.885251322295405E-019
 -6.777494884002783E-019
