  8.602916874972184E-019
  8.602916874972184E-019
  8.602916874972184E-019
  8.602916874972184E-019
  8.602916874972184E-019
  8.602494322744787E-019
  8.601234576945270E-019
  8.599149441052604E-019
  8.596250634763253E-019
  8.592549794011470E-019
  8.588058470997510E-019
  8.582788134223673E-019
  8.576750168538018E-019
  8.569955875185700E-019
  8.562416471867751E-019
  8.554143092807254E-019
  8.545146788822762E-019
  8.535438527408873E-019
  8.525029192823844E-019
  8.513929586184133E-019
  8.502150425565793E-019
