 -1.313330407564566E-018
 -1.289156848687277E-018
 -1.264983289809987E-018
 -1.240809730932698E-018
 -1.216636172055409E-018
 -1.192582688387947E-018
 -1.168769331656851E-018
 -1.145196031925613E-018
 -1.121862673716658E-018
 -1.098769096929855E-018
 -1.075915097751668E-018
 -1.053300429554960E-018
 -1.030924803789481E-018
 -1.008787890863009E-018
 -9.868893210131965E-019
 -9.652286851701007E-019
 -9.438055358094383E-019
 -9.226193877965640E-019
 -9.016697192211979E-019
 -8.809559722229174E-019
 -8.604775538074377E-019
