  1.216636172055407E-018
  1.216636172055407E-018
  1.216636172055407E-018
  1.216636172055407E-018
  1.216636172055407E-018
  1.216516888181257E-018
  1.216162193970140E-018
  1.215576789991414E-018
  1.214765329429836E-018
  1.213732418108337E-018
  1.212482614519612E-018
  1.211020429866337E-018
  1.209350328109833E-018
  1.207476726027014E-018
  1.205403993275428E-018
  1.203136452466232E-018
  1.200678379244924E-018
  1.198034002379670E-018
  1.195207503857049E-018
  1.192203018985062E-018
  1.189024636503234E-018
