 -2.165392978927098E-017
 -1.756859833900906E-017
 -1.428099433169770E-017
 -1.167024997295045E-017
 -9.574402418289453E-018
 -7.896757432205567E-018
 -6.555124914516005E-018
 -5.481818900364354E-018
 -4.623657560220579E-018
 -3.937128488105559E-018
 -3.388388701591090E-018
 -2.948429930024423E-018
 -2.597913326303726E-018
 -2.317500043327169E-018
 -2.092444210179604E-018
 -1.912351196543798E-018
 -1.768276785635153E-018
 -1.653210645379255E-018
 -1.561109386056782E-018
 -1.487380031481050E-018
 -1.428396547820464E-018
 -1.381258108009749E-018
 -1.343547356161178E-018
 -1.313330407564566E-018
 -1.289156848687277E-018
 -1.264983289809987E-018
 -1.240809730932698E-018
 -1.216636172055408E-018
 -1.192582688387947E-018
 -1.168769331656851E-018
 -1.145196031925612E-018
 -1.121862673716657E-018
 -1.098769096929855E-018
 -1.075915097751667E-018
 -1.053300429554960E-018
 -1.030924803789480E-018
 -1.008787890863009E-018
 -9.868893210131963E-019
 -9.652286851701005E-019
 -9.438055358094381E-019
 -9.226193877965638E-019
 -9.016697192211975E-019
 -8.809559722229172E-019
 -8.604775538074375E-019
 -8.352095027194726E-019
 -8.041874098878866E-019
 -7.662060153871691E-019
 -7.199184603197013E-019
 -6.639766831868780E-019
 -5.970515075894869E-019
 -5.179734825119163E-019
 -4.258909901121655E-019
 -3.212593366727716E-019
 -2.060796822571546E-019
 -8.515172931989586E-020
  3.411638989470016E-020
  1.403882261854539E-019
  2.180029501871105E-019
  2.522224222220538E-019
  2.342227942053755E-019
  1.700892488929150E-019
  8.568614906581034E-020
  1.793803094129610E-020
 -9.759835395990409E-021
 -7.114318161925383E-021
 -4.186107298956209E-022
  3.412154467978369E-022
