  1.216636172055405E-018
  1.216636172055405E-018
  1.216636172055405E-018
  1.216636172055405E-018
  1.216636172055405E-018
  1.216636172055405E-018
  1.216636172055405E-018
  1.216636172055405E-018
  1.216636172055405E-018
  1.216636172055405E-018
  1.216636172055405E-018
  1.216636172055405E-018
  1.216636172055405E-018
  1.216636172055405E-018
  1.216636172055405E-018
  1.216636172055405E-018
  1.216636172055405E-018
  1.216636172055405E-018
  1.216636172055405E-018
  1.216636172055405E-018
  1.216636172055405E-018
  1.216636172055405E-018
  1.216636172055405E-018
  1.216636172055405E-018
  1.216636172055405E-018
  1.216636172055405E-018
  1.216636172055405E-018
  1.216636172055405E-018
  1.216516888181255E-018
  1.216162193970138E-018
  1.215576789991413E-018
  1.214765329429835E-018
  1.213732418108336E-018
  1.212482614519611E-018
  1.211020429866336E-018
  1.209350328109832E-018
  1.207476726027013E-018
  1.205403993275427E-018
  1.203136452466230E-018
  1.200678379244923E-018
  1.198034002379669E-018
  1.195207503857048E-018
  1.192203018985061E-018
  1.189024636503233E-018
  1.184813268647459E-018
  1.179197013130094E-018
  1.171635133522795E-018
  1.161366284517540E-018
  1.147346508456136E-018
  1.128131666030633E-018
  1.101742347048049E-018
  1.065471206214156E-018
  1.015997448476369E-018
  9.493326289706043E-019
  8.615044423340930E-019
  7.487857062426737E-019
  6.096246890162038E-019
  4.491706081990788E-019
  2.795814510998702E-019
  1.231683193680296E-019
  7.322601817197885E-021
 -4.774325096936139E-020
 -4.584116330940279E-020
 -1.837129342568684E-020
 -6.775313877521327E-023
  1.794179023781480E-021
  4.151275469495840E-023
