 -6.341915807511078E-017
 -5.116316341792516E-017
 -4.130035114942078E-017
 -3.346811787737318E-017
 -2.718057505620163E-017
 -2.214763997212660E-017
 -1.812274231843547E-017
 -1.490282419548257E-017
 -1.232834011068914E-017
 -1.026875284285440E-017
 -8.622533442155505E-018
 -7.302657094458594E-018
 -6.251107257007758E-018
 -5.409867387047089E-018
 -4.734699870725208E-018
 -4.194420816310813E-018
 -3.762197572779297E-018
 -3.416999143381643E-018
 -3.140695358506631E-018
 -2.919507289249730E-018
 -2.742556833844211E-018
 -2.601141510876684E-018
 -2.488009252502663E-018
 -2.397358404446557E-018
 -2.324837726001672E-018
 -2.252317047556786E-018
 -2.179796369111901E-018
 -2.107275690667016E-018
 -2.035378920981801E-018
 -1.964729605231292E-018
 -1.895326666429883E-018
 -1.827168338541999E-018
 -1.760252190819914E-018
 -1.694575151705168E-018
 -1.630133532294411E-018
 -1.566923049370768E-018
 -1.504938848002009E-018
 -1.444175523707025E-018
 -1.384627144192313E-018
 -1.326287270660371E-018
 -1.269148978692058E-018
 -1.213204878705212E-018
 -1.158447135991915E-018
 -1.104867490337030E-018
 -1.039536392194106E-018
 -9.605392227473276E-019
 -8.657000012530830E-019
 -7.530351692696542E-019
 -6.213655214672305E-019
 -4.707146632500975E-019
 -3.031049734633521E-019
 -1.234934694487468E-019
  5.782100078130947E-020
  2.250768213939348E-019
  3.567541229299481E-019
  4.297875007407577E-019
  4.252845940034083E-019
  3.416666194377620E-019
  2.063596180206813E-019
  7.360696179185540E-020
 -4.308554351405642E-021
 -1.793831937962971E-020
 -5.002285508602779E-021
  7.781559247793658E-022
  1.435671576364700E-022
 -2.131098676850580E-023
  1.149215243826523E-024
