  2.107275690667020E-018
  2.107275690667020E-018
  2.107275690667020E-018
  2.107275690667020E-018
  2.107275690667020E-018
  2.107275690667020E-018
  2.107275690667020E-018
  2.107275690667020E-018
  2.107275690667020E-018
  2.107275690667020E-018
  2.107275690667020E-018
  2.107275690667020E-018
  2.107275690667020E-018
  2.107275690667020E-018
  2.107275690667020E-018
  2.107275690667020E-018
  2.107275690667020E-018
  2.107275690667020E-018
  2.107275690667020E-018
  2.107275690667020E-018
  2.107275690667020E-018
  2.107275690667020E-018
  2.107275690667020E-018
  2.107275690667020E-018
  2.107275690667020E-018
  2.107275690667020E-018
  2.107275690667020E-018
  2.107275690667020E-018
  2.106658878043176E-018
  2.104836700742668E-018
  2.101850995667610E-018
  2.097742861679256E-018
  2.092552660642597E-018
  2.086320018864624E-018
  2.079083828912062E-018
  2.070882251794723E-018
  2.061752719500805E-018
  2.051731937870779E-018
  2.040855889796715E-018
  2.029159838734203E-018
  2.016678332514217E-018
  2.003445207442585E-018
  1.989493592674939E-018
  1.974855914855270E-018
  1.955642312586165E-018
  1.930321145749405E-018
  1.896735571591994E-018
  1.851988053296347E-018
  1.792361877923810E-018
  1.713142552868564E-018
  1.608609287447793E-018
  1.472193582219616E-018
  1.298325075448891E-018
  1.084117810034009E-018
  8.337692218793218E-019
  5.609056102656741E-019
  2.933390713829236E-019
  7.397042391191731E-020
 -5.833025060130875E-020
 -9.019675909894806E-020
 -5.405658000263084E-020
 -1.066176027393517E-020
  3.865659824617419E-021
  1.190340435404042E-021
 -1.689949997650279E-022
  1.390602600757059E-024
  1.953940523974781E-025
