4.500047e+01 
4.500047e+01 
4.500047e+01 
4.500047e+01 
4.500047e+01 
4.500047e+01 
4.500047e+01 
4.500047e+01 
4.500047e+01 
4.500047e+01 
4.500047e+01 
4.500047e+01 
4.500047e+01 
4.500047e+01 
4.500047e+01 
4.500047e+01 
4.500047e+01 
4.500047e+01 
4.500047e+01 
4.500047e+01 
4.500047e+01 
4.500047e+01 
4.500047e+01 
4.500047e+01 
4.500047e+01 
4.500047e+01 
4.500047e+01 
4.500047e+01 
4.500047e+01 
4.500047e+01 
4.500047e+01 
4.500047e+01 
4.500047e+01 
4.500047e+01 
4.500047e+01 
4.500047e+01 
4.500047e+01 
4.500047e+01 
4.500047e+01 
4.500047e+01 
4.500047e+01 
4.500047e+01 
4.500047e+01 
4.500047e+01 
4.500047e+01 
4.500047e+01 
4.500047e+01 
4.500047e+01 
4.500047e+01 
4.500047e+01 
4.500047e+01 
4.500047e+01 
4.500047e+01 
4.500047e+01 
4.500047e+01 
4.500047e+01 
4.500047e+01 
4.500047e+01 
4.500047e+01 
4.500047e+01 
4.500047e+01 
4.500047e+01 
4.500047e+01 
4.500047e+01 
4.500047e+01 
4.500047e+01 

4.500047e+01 
4.500047e+01 
4.500047e+01 
4.500047e+01 
4.500047e+01 
4.500047e+01 
4.500047e+01 
4.500047e+01 
4.500047e+01 
4.500047e+01 
4.500047e+01 
4.500047e+01 
4.500047e+01 
4.500047e+01 
4.500047e+01 
4.500047e+01 
4.500047e+01 
4.500047e+01 
4.500047e+01 
4.500047e+01 
4.500047e+01 
4.500047e+01 
4.500047e+01 
4.500047e+01 
4.500047e+01 
4.500047e+01 
4.500047e+01 
4.500047e+01 
4.500047e+01 
4.500047e+01 
4.500047e+01 
4.500047e+01 
4.500047e+01 
4.500047e+01 
4.500047e+01 
4.500047e+01 
4.500047e+01 
4.500047e+01 
4.500047e+01 
4.500047e+01 
4.500047e+01 
4.500047e+01 
4.500047e+01 
4.500047e+01 
4.500047e+01 
4.500047e+01 
4.500047e+01 
4.500047e+01 
4.500047e+01 
4.500047e+01 
4.500047e+01 
4.500047e+01 
4.500047e+01 
4.500047e+01 
4.500047e+01 
4.500047e+01 
4.500047e+01 
4.500047e+01 
4.500047e+01 
4.500047e+01 
4.500047e+01 
4.500047e+01 
4.500047e+01 
4.500047e+01 
4.500047e+01 
4.500047e+01 

4.500047e+01 
4.500047e+01 
4.500047e+01 
4.500047e+01 
4.500047e+01 
4.500047e+01 
4.500048e+01 
4.500048e+01 
4.500048e+01 
4.500048e+01 
4.500048e+01 
4.500048e+01 
4.500048e+01 
4.500048e+01 
4.500048e+01 
4.500048e+01 
4.500048e+01 
4.500048e+01 
4.500048e+01 
4.500048e+01 
4.500048e+01 
4.500048e+01 
4.500048e+01 
4.500048e+01 
4.500048e+01 
4.500048e+01 
4.500048e+01 
4.500048e+01 
4.500048e+01 
4.500048e+01 
4.500048e+01 
4.500048e+01 
4.500048e+01 
4.500048e+01 
4.500048e+01 
4.500048e+01 
4.500048e+01 
4.500048e+01 
4.500048e+01 
4.500048e+01 
4.500048e+01 
4.500048e+01 
4.500048e+01 
4.500048e+01 
4.500048e+01 
4.500048e+01 
4.500048e+01 
4.500048e+01 
4.500048e+01 
4.500048e+01 
4.500048e+01 
4.500048e+01 
4.500048e+01 
4.500048e+01 
4.500048e+01 
4.500048e+01 
4.500048e+01 
4.500048e+01 
4.500048e+01 
4.500048e+01 
4.500047e+01 
4.500047e+01 
4.500047e+01 
4.500047e+01 
4.500047e+01 
4.500047e+01 

4.500047e+01 
4.500047e+01 
4.500047e+01 
4.500047e+01 
4.500047e+01 
4.500048e+01 
4.500048e+01 
4.500048e+01 
4.500049e+01 
4.500049e+01 
4.500049e+01 
4.500049e+01 
4.500049e+01 
4.500049e+01 
4.500049e+01 
4.500049e+01 
4.500049e+01 
4.500049e+01 
4.500049e+01 
4.500049e+01 
4.500049e+01 
4.500049e+01 
4.500049e+01 
4.500049e+01 
4.500049e+01 
4.500049e+01 
4.500049e+01 
4.500049e+01 
4.500049e+01 
4.500049e+01 
4.500049e+01 
4.500049e+01 
4.500049e+01 
4.500049e+01 
4.500049e+01 
4.500049e+01 
4.500049e+01 
4.500049e+01 
4.500049e+01 
4.500049e+01 
4.500049e+01 
4.500049e+01 
4.500049e+01 
4.500049e+01 
4.500049e+01 
4.500049e+01 
4.500049e+01 
4.500049e+01 
4.500049e+01 
4.500049e+01 
4.500049e+01 
4.500049e+01 
4.500049e+01 
4.500049e+01 
4.500049e+01 
4.500049e+01 
4.500049e+01 
4.500049e+01 
4.500048e+01 
4.500048e+01 
4.500048e+01 
4.500047e+01 
4.500047e+01 
4.500047e+01 
4.500047e+01 
4.500047e+01 

4.500047e+01 
4.500047e+01 
4.500047e+01 
4.500047e+01 
4.500047e+01 
4.500048e+01 
4.500048e+01 
4.500049e+01 
4.500050e+01 
4.500051e+01 
4.500051e+01 
4.500051e+01 
4.500052e+01 
4.500052e+01 
4.500052e+01 
4.500052e+01 
4.500052e+01 
4.500052e+01 
4.500052e+01 
4.500052e+01 
4.500052e+01 
4.500052e+01 
4.500052e+01 
4.500052e+01 
4.500052e+01 
4.500052e+01 
4.500052e+01 
4.500052e+01 
4.500052e+01 
4.500052e+01 
4.500052e+01 
4.500052e+01 
4.500052e+01 
4.500052e+01 
4.500052e+01 
4.500052e+01 
4.500052e+01 
4.500052e+01 
4.500052e+01 
4.500052e+01 
4.500052e+01 
4.500052e+01 
4.500052e+01 
4.500052e+01 
4.500052e+01 
4.500052e+01 
4.500052e+01 
4.500052e+01 
4.500052e+01 
4.500052e+01 
4.500052e+01 
4.500052e+01 
4.500052e+01 
4.500052e+01 
4.500051e+01 
4.500051e+01 
4.500051e+01 
4.500050e+01 
4.500049e+01 
4.500048e+01 
4.500048e+01 
4.500047e+01 
4.500047e+01 
4.500047e+01 
4.500047e+01 
4.500047e+01 

4.500047e+01 
4.500047e+01 
4.500047e+01 
4.500047e+01 
4.500047e+01 
4.500047e+01 
4.500048e+01 
4.500049e+01 
4.500051e+01 
4.500052e+01 
4.500053e+01 
4.500054e+01 
4.500055e+01 
4.500056e+01 
4.500056e+01 
4.500056e+01 
4.500056e+01 
4.500057e+01 
4.500057e+01 
4.500057e+01 
4.500057e+01 
4.500057e+01 
4.500057e+01 
4.500057e+01 
4.500057e+01 
4.500057e+01 
4.500057e+01 
4.500057e+01 
4.500057e+01 
4.500057e+01 
4.500057e+01 
4.500057e+01 
4.500057e+01 
4.500057e+01 
4.500057e+01 
4.500057e+01 
4.500057e+01 
4.500057e+01 
4.500057e+01 
4.500057e+01 
4.500057e+01 
4.500057e+01 
4.500057e+01 
4.500057e+01 
4.500057e+01 
4.500057e+01 
4.500057e+01 
4.500057e+01 
4.500057e+01 
4.500056e+01 
4.500056e+01 
4.500056e+01 
4.500056e+01 
4.500055e+01 
4.500054e+01 
4.500053e+01 
4.500052e+01 
4.500051e+01 
4.500049e+01 
4.500048e+01 
4.500047e+01 
4.500047e+01 
4.500047e+01 
4.500047e+01 
4.500047e+01 
4.500047e+01 

4.500047e+01 
4.500047e+01 
4.500047e+01 
4.500047e+01 
4.500046e+01 
4.500046e+01 
4.500046e+01 
4.500048e+01 
4.500050e+01 
4.500053e+01 
4.500055e+01 
4.500058e+01 
4.500059e+01 
4.500061e+01 
4.500062e+01 
4.500062e+01 
4.500063e+01 
4.500063e+01 
4.500063e+01 
4.500064e+01 
4.500064e+01 
4.500064e+01 
4.500064e+01 
4.500064e+01 
4.500064e+01 
4.500064e+01 
4.500064e+01 
4.500064e+01 
4.500064e+01 
4.500064e+01 
4.500064e+01 
4.500064e+01 
4.500064e+01 
4.500064e+01 
4.500064e+01 
4.500064e+01 
4.500064e+01 
4.500064e+01 
4.500064e+01 
4.500064e+01 
4.500064e+01 
4.500064e+01 
4.500064e+01 
4.500064e+01 
4.500064e+01 
4.500064e+01 
4.500064e+01 
4.500063e+01 
4.500063e+01 
4.500063e+01 
4.500062e+01 
4.500062e+01 
4.500061e+01 
4.500059e+01 
4.500058e+01 
4.500055e+01 
4.500053e+01 
4.500050e+01 
4.500048e+01 
4.500046e+01 
4.500046e+01 
4.500046e+01 
4.500047e+01 
4.500047e+01 
4.500047e+01 
4.500047e+01 

4.500047e+01 
4.500047e+01 
4.500047e+01 
4.500047e+01 
4.500045e+01 
4.500044e+01 
4.500043e+01 
4.500044e+01 
4.500046e+01 
4.500050e+01 
4.500055e+01 
4.500060e+01 
4.500064e+01 
4.500067e+01 
4.500070e+01 
4.500072e+01 
4.500073e+01 
4.500074e+01 
4.500074e+01 
4.500075e+01 
4.500075e+01 
4.500075e+01 
4.500075e+01 
4.500075e+01 
4.500075e+01 
4.500075e+01 
4.500075e+01 
4.500076e+01 
4.500076e+01 
4.500076e+01 
4.500076e+01 
4.500076e+01 
4.500076e+01 
4.500076e+01 
4.500076e+01 
4.500076e+01 
4.500076e+01 
4.500076e+01 
4.500076e+01 
4.500075e+01 
4.500075e+01 
4.500075e+01 
4.500075e+01 
4.500075e+01 
4.500075e+01 
4.500075e+01 
4.500075e+01 
4.500074e+01 
4.500074e+01 
4.500073e+01 
4.500072e+01 
4.500070e+01 
4.500067e+01 
4.500064e+01 
4.500060e+01 
4.500055e+01 
4.500050e+01 
4.500046e+01 
4.500044e+01 
4.500043e+01 
4.500044e+01 
4.500045e+01 
4.500047e+01 
4.500047e+01 
4.500047e+01 
4.500047e+01 

4.500047e+01 
4.500047e+01 
4.500047e+01 
4.500046e+01 
4.500045e+01 
4.500042e+01 
4.500039e+01 
4.500037e+01 
4.500038e+01 
4.500043e+01 
4.500051e+01 
4.500059e+01 
4.500068e+01 
4.500075e+01 
4.500080e+01 
4.500084e+01 
4.500087e+01 
4.500089e+01 
4.500091e+01 
4.500092e+01 
4.500093e+01 
4.500093e+01 
4.500093e+01 
4.500094e+01 
4.500094e+01 
4.500094e+01 
4.500094e+01 
4.500094e+01 
4.500094e+01 
4.500095e+01 
4.500095e+01 
4.500095e+01 
4.500095e+01 
4.500095e+01 
4.500095e+01 
4.500095e+01 
4.500095e+01 
4.500094e+01 
4.500094e+01 
4.500094e+01 
4.500094e+01 
4.500094e+01 
4.500094e+01 
4.500093e+01 
4.500093e+01 
4.500093e+01 
4.500092e+01 
4.500091e+01 
4.500089e+01 
4.500087e+01 
4.500084e+01 
4.500080e+01 
4.500075e+01 
4.500068e+01 
4.500059e+01 
4.500051e+01 
4.500043e+01 
4.500038e+01 
4.500037e+01 
4.500039e+01 
4.500042e+01 
4.500045e+01 
4.500046e+01 
4.500047e+01 
4.500047e+01 
4.500047e+01 

4.500047e+01 
4.500047e+01 
4.500047e+01 
4.500046e+01 
4.500044e+01 
4.500040e+01 
4.500034e+01 
4.500029e+01 
4.500027e+01 
4.500030e+01 
4.500039e+01 
4.500052e+01 
4.500066e+01 
4.500080e+01 
4.500092e+01 
4.500101e+01 
4.500108e+01 
4.500113e+01 
4.500116e+01 
4.500119e+01 
4.500121e+01 
4.500122e+01 
4.500123e+01 
4.500123e+01 
4.500124e+01 
4.500124e+01 
4.500125e+01 
4.500125e+01 
4.500125e+01 
4.500126e+01 
4.500126e+01 
4.500126e+01 
4.500126e+01 
4.500126e+01 
4.500126e+01 
4.500126e+01 
4.500126e+01 
4.500125e+01 
4.500125e+01 
4.500125e+01 
4.500124e+01 
4.500124e+01 
4.500123e+01 
4.500123e+01 
4.500122e+01 
4.500121e+01 
4.500119e+01 
4.500116e+01 
4.500113e+01 
4.500108e+01 
4.500101e+01 
4.500092e+01 
4.500080e+01 
4.500066e+01 
4.500052e+01 
4.500039e+01 
4.500030e+01 
4.500027e+01 
4.500029e+01 
4.500034e+01 
4.500040e+01 
4.500044e+01 
4.500046e+01 
4.500047e+01 
4.500047e+01 
4.500047e+01 

4.500047e+01 
4.500047e+01 
4.500047e+01 
4.500046e+01 
4.500043e+01 
4.500038e+01 
4.500030e+01 
4.500021e+01 
4.500014e+01 
4.500012e+01 
4.500018e+01 
4.500033e+01 
4.500055e+01 
4.500079e+01 
4.500101e+01 
4.500120e+01 
4.500135e+01 
4.500146e+01 
4.500154e+01 
4.500160e+01 
4.500165e+01 
4.500168e+01 
4.500170e+01 
4.500171e+01 
4.500172e+01 
4.500174e+01 
4.500174e+01 
4.500175e+01 
4.500176e+01 
4.500177e+01 
4.500177e+01 
4.500177e+01 
4.500177e+01 
4.500177e+01 
4.500177e+01 
4.500177e+01 
4.500177e+01 
4.500176e+01 
4.500175e+01 
4.500174e+01 
4.500174e+01 
4.500172e+01 
4.500171e+01 
4.500170e+01 
4.500168e+01 
4.500165e+01 
4.500160e+01 
4.500154e+01 
4.500146e+01 
4.500135e+01 
4.500120e+01 
4.500101e+01 
4.500079e+01 
4.500055e+01 
4.500033e+01 
4.500018e+01 
4.500012e+01 
4.500014e+01 
4.500021e+01 
4.500030e+01 
4.500038e+01 
4.500043e+01 
4.500046e+01 
4.500047e+01 
4.500047e+01 
4.500047e+01 

4.500047e+01 
4.500047e+01 
4.500047e+01 
4.500046e+01 
4.500043e+01 
4.500037e+01 
4.500027e+01 
4.500014e+01 
4.500001e+01 
4.499991e+01 
4.499990e+01 
4.500002e+01 
4.500027e+01 
4.500062e+01 
4.500100e+01 
4.500135e+01 
4.500165e+01 
4.500189e+01 
4.500207e+01 
4.500221e+01 
4.500230e+01 
4.500237e+01 
4.500242e+01 
4.500246e+01 
4.500249e+01 
4.500251e+01 
4.500254e+01 
4.500256e+01 
4.500257e+01 
4.500259e+01 
4.500260e+01 
4.500261e+01 
4.500261e+01 
4.500261e+01 
4.500261e+01 
4.500260e+01 
4.500259e+01 
4.500257e+01 
4.500256e+01 
4.500254e+01 
4.500251e+01 
4.500249e+01 
4.500246e+01 
4.500242e+01 
4.500237e+01 
4.500230e+01 
4.500221e+01 
4.500207e+01 
4.500189e+01 
4.500165e+01 
4.500135e+01 
4.500100e+01 
4.500062e+01 
4.500027e+01 
4.500002e+01 
4.499990e+01 
4.499991e+01 
4.500001e+01 
4.500014e+01 
4.500027e+01 
4.500037e+01 
4.500043e+01 
4.500046e+01 
4.500047e+01 
4.500047e+01 
4.500047e+01 

4.500047e+01 
4.500047e+01 
4.500047e+01 
4.500046e+01 
4.500042e+01 
4.500036e+01 
4.500024e+01 
4.500008e+01 
4.499989e+01 
4.499970e+01 
4.499957e+01 
4.499959e+01 
4.499981e+01 
4.500021e+01 
4.500076e+01 
4.500134e+01 
4.500189e+01 
4.500236e+01 
4.500273e+01 
4.500302e+01 
4.500323e+01 
4.500339e+01 
4.500350e+01 
4.500359e+01 
4.500365e+01 
4.500372e+01 
4.500377e+01 
4.500382e+01 
4.500386e+01 
4.500389e+01 
4.500391e+01 
4.500393e+01 
4.500394e+01 
4.500394e+01 
4.500393e+01 
4.500391e+01 
4.500389e+01 
4.500386e+01 
4.500382e+01 
4.500377e+01 
4.500372e+01 
4.500365e+01 
4.500359e+01 
4.500350e+01 
4.500339e+01 
4.500323e+01 
4.500302e+01 
4.500273e+01 
4.500236e+01 
4.500189e+01 
4.500134e+01 
4.500076e+01 
4.500021e+01 
4.499981e+01 
4.499959e+01 
4.499957e+01 
4.499970e+01 
4.499989e+01 
4.500008e+01 
4.500024e+01 
4.500036e+01 
4.500042e+01 
4.500046e+01 
4.500047e+01 
4.500047e+01 
4.500047e+01 

4.500047e+01 
4.500047e+01 
4.500047e+01 
4.500046e+01 
4.500042e+01 
4.500035e+01 
4.500022e+01 
4.500004e+01 
4.499979e+01 
4.499951e+01 
4.499925e+01 
4.499910e+01 
4.499917e+01 
4.499953e+01 
4.500017e+01 
4.500100e+01 
4.500189e+01 
4.500272e+01 
4.500343e+01 
4.500400e+01 
4.500445e+01 
4.500478e+01 
4.500503e+01 
4.500522e+01 
4.500537e+01 
4.500551e+01 
4.500563e+01 
4.500574e+01 
4.500583e+01 
4.500591e+01 
4.500596e+01 
4.500600e+01 
4.500602e+01 
4.500602e+01 
4.500600e+01 
4.500596e+01 
4.500591e+01 
4.500583e+01 
4.500574e+01 
4.500563e+01 
4.500551e+01 
4.500537e+01 
4.500522e+01 
4.500503e+01 
4.500478e+01 
4.500445e+01 
4.500400e+01 
4.500343e+01 
4.500272e+01 
4.500189e+01 
4.500100e+01 
4.500017e+01 
4.499953e+01 
4.499917e+01 
4.499910e+01 
4.499925e+01 
4.499951e+01 
4.499979e+01 
4.500004e+01 
4.500022e+01 
4.500035e+01 
4.500042e+01 
4.500046e+01 
4.500047e+01 
4.500047e+01 
4.500047e+01 

4.500047e+01 
4.500047e+01 
4.500047e+01 
4.500046e+01 
4.500042e+01 
4.500034e+01 
4.500021e+01 
4.500001e+01 
4.499972e+01 
4.499936e+01 
4.499896e+01 
4.499861e+01 
4.499844e+01 
4.499860e+01 
4.499919e+01 
4.500016e+01 
4.500140e+01 
4.500270e+01 
4.500393e+01 
4.500500e+01 
4.500586e+01 
4.500654e+01 
4.500705e+01 
4.500745e+01 
4.500777e+01 
4.500807e+01 
4.500835e+01 
4.500859e+01 
4.500880e+01 
4.500896e+01 
4.500909e+01 
4.500918e+01 
4.500922e+01 
4.500922e+01 
4.500918e+01 
4.500909e+01 
4.500896e+01 
4.500880e+01 
4.500859e+01 
4.500835e+01 
4.500807e+01 
4.500777e+01 
4.500745e+01 
4.500705e+01 
4.500654e+01 
4.500586e+01 
4.500500e+01 
4.500393e+01 
4.500270e+01 
4.500140e+01 
4.500016e+01 
4.499919e+01 
4.499860e+01 
4.499844e+01 
4.499861e+01 
4.499896e+01 
4.499936e+01 
4.499972e+01 
4.500001e+01 
4.500021e+01 
4.500034e+01 
4.500042e+01 
4.500046e+01 
4.500047e+01 
4.500047e+01 
4.500047e+01 

4.500047e+01 
4.500047e+01 
4.500047e+01 
4.500046e+01 
4.500042e+01 
4.500034e+01 
4.500020e+01 
4.499998e+01 
4.499967e+01 
4.499924e+01 
4.499872e+01 
4.499817e+01 
4.499771e+01 
4.499754e+01 
4.499786e+01 
4.499876e+01 
4.500020e+01 
4.500198e+01 
4.500387e+01 
4.500564e+01 
4.500718e+01 
4.500845e+01 
4.500946e+01 
4.501024e+01 
4.501091e+01 
4.501154e+01 
4.501211e+01 
4.501263e+01 
4.501308e+01 
4.501345e+01 
4.501373e+01 
4.501392e+01 
4.501402e+01 
4.501402e+01 
4.501392e+01 
4.501373e+01 
4.501345e+01 
4.501308e+01 
4.501263e+01 
4.501211e+01 
4.501154e+01 
4.501091e+01 
4.501024e+01 
4.500946e+01 
4.500845e+01 
4.500718e+01 
4.500564e+01 
4.500387e+01 
4.500198e+01 
4.500020e+01 
4.499876e+01 
4.499786e+01 
4.499754e+01 
4.499771e+01 
4.499817e+01 
4.499872e+01 
4.499924e+01 
4.499967e+01 
4.499998e+01 
4.500020e+01 
4.500034e+01 
4.500042e+01 
4.500046e+01 
4.500047e+01 
4.500047e+01 
4.500047e+01 

4.500047e+01 
4.500047e+01 
4.500047e+01 
4.500046e+01 
4.500042e+01 
4.500034e+01 
4.500020e+01 
4.499997e+01 
4.499963e+01 
4.499915e+01 
4.499854e+01 
4.499781e+01 
4.499706e+01 
4.499649e+01 
4.499635e+01 
4.499690e+01 
4.499825e+01 
4.500030e+01 
4.500280e+01 
4.500543e+01 
4.500790e+01 
4.501007e+01 
4.501188e+01 
4.501334e+01 
4.501462e+01 
4.501585e+01 
4.501701e+01 
4.501807e+01 
4.501900e+01 
4.501978e+01 
4.502038e+01 
4.502080e+01 
4.502101e+01 
4.502101e+01 
4.502080e+01 
4.502038e+01 
4.501978e+01 
4.501900e+01 
4.501807e+01 
4.501701e+01 
4.501585e+01 
4.501462e+01 
4.501334e+01 
4.501188e+01 
4.501007e+01 
4.500790e+01 
4.500543e+01 
4.500280e+01 
4.500030e+01 
4.499825e+01 
4.499690e+01 
4.499635e+01 
4.499649e+01 
4.499706e+01 
4.499781e+01 
4.499854e+01 
4.499915e+01 
4.499963e+01 
4.499997e+01 
4.500020e+01 
4.500034e+01 
4.500042e+01 
4.500046e+01 
4.500047e+01 
4.500047e+01 
4.500047e+01 

4.500047e+01 
4.500047e+01 
4.500047e+01 
4.500046e+01 
4.500042e+01 
4.500034e+01 
4.500019e+01 
4.499996e+01 
4.499960e+01 
4.499909e+01 
4.499840e+01 
4.499753e+01 
4.499652e+01 
4.499554e+01 
4.499485e+01 
4.499479e+01 
4.499568e+01 
4.499762e+01 
4.500046e+01 
4.500385e+01 
4.500738e+01 
4.501072e+01 
4.501367e+01 
4.501617e+01 
4.501843e+01 
4.502068e+01 
4.502286e+01 
4.502490e+01 
4.502675e+01 
4.502832e+01 
4.502956e+01 
4.503041e+01 
4.503085e+01 
4.503085e+01 
4.503041e+01 
4.502956e+01 
4.502832e+01 
4.502675e+01 
4.502490e+01 
4.502286e+01 
4.502068e+01 
4.501843e+01 
4.501617e+01 
4.501367e+01 
4.501072e+01 
4.500738e+01 
4.500385e+01 
4.500046e+01 
4.499762e+01 
4.499568e+01 
4.499479e+01 
4.499485e+01 
4.499554e+01 
4.499652e+01 
4.499753e+01 
4.499840e+01 
4.499909e+01 
4.499960e+01 
4.499996e+01 
4.500019e+01 
4.500034e+01 
4.500042e+01 
4.500046e+01 
4.500047e+01 
4.500047e+01 
4.500047e+01 

4.500047e+01 
4.500047e+01 
4.500047e+01 
4.500046e+01 
4.500042e+01 
4.500034e+01 
4.500019e+01 
4.499995e+01 
4.499958e+01 
4.499905e+01 
4.499830e+01 
4.499732e+01 
4.499610e+01 
4.499475e+01 
4.499349e+01 
4.499270e+01 
4.499282e+01 
4.499418e+01 
4.499687e+01 
4.500065e+01 
4.500507e+01 
4.500963e+01 
4.501396e+01 
4.501782e+01 
4.502148e+01 
4.502527e+01 
4.502908e+01 
4.503278e+01 
4.503621e+01 
4.503921e+01 
4.504164e+01 
4.504334e+01 
4.504421e+01 
4.504421e+01 
4.504334e+01 
4.504164e+01 
4.503921e+01 
4.503621e+01 
4.503278e+01 
4.502908e+01 
4.502527e+01 
4.502148e+01 
4.501782e+01 
4.501396e+01 
4.500963e+01 
4.500507e+01 
4.500065e+01 
4.499687e+01 
4.499418e+01 
4.499282e+01 
4.499270e+01 
4.499349e+01 
4.499475e+01 
4.499610e+01 
4.499732e+01 
4.499830e+01 
4.499905e+01 
4.499958e+01 
4.499995e+01 
4.500019e+01 
4.500034e+01 
4.500042e+01 
4.500046e+01 
4.500047e+01 
4.500047e+01 
4.500047e+01 

4.500047e+01 
4.500047e+01 
4.500047e+01 
4.500046e+01 
4.500042e+01 
4.500034e+01 
4.500019e+01 
4.499994e+01 
4.499957e+01 
4.499902e+01 
4.499823e+01 
4.499716e+01 
4.499578e+01 
4.499412e+01 
4.499235e+01 
4.499080e+01 
4.498998e+01 
4.499040e+01 
4.499240e+01 
4.499599e+01 
4.500082e+01 
4.500634e+01 
4.501199e+01 
4.501735e+01 
4.502271e+01 
4.502852e+01 
4.503463e+01 
4.504082e+01 
4.504678e+01 
4.505218e+01 
4.505664e+01 
4.505984e+01 
4.506151e+01 
4.506151e+01 
4.505984e+01 
4.505664e+01 
4.505218e+01 
4.504678e+01 
4.504082e+01 
4.503463e+01 
4.502852e+01 
4.502271e+01 
4.501735e+01 
4.501199e+01 
4.500634e+01 
4.500082e+01 
4.499599e+01 
4.499240e+01 
4.499040e+01 
4.498998e+01 
4.499080e+01 
4.499235e+01 
4.499412e+01 
4.499578e+01 
4.499716e+01 
4.499823e+01 
4.499902e+01 
4.499957e+01 
4.499994e+01 
4.500019e+01 
4.500034e+01 
4.500042e+01 
4.500046e+01 
4.500047e+01 
4.500047e+01 
4.500047e+01 

4.500047e+01 
4.500047e+01 
4.500047e+01 
4.500046e+01 
4.500042e+01 
4.500033e+01 
4.500019e+01 
4.499994e+01 
4.499956e+01 
4.499900e+01 
4.499819e+01 
4.499705e+01 
4.499555e+01 
4.499365e+01 
4.499144e+01 
4.498921e+01 
4.498742e+01 
4.498669e+01 
4.498759e+01 
4.499039e+01 
4.499497e+01 
4.500088e+01 
4.500748e+01 
4.501416e+01 
4.502123e+01 
4.502932e+01 
4.503826e+01 
4.504776e+01 
4.505734e+01 
4.506635e+01 
4.507406e+01 
4.507971e+01 
4.508271e+01 
4.508271e+01 
4.507971e+01 
4.507406e+01 
4.506635e+01 
4.505734e+01 
4.504776e+01 
4.503826e+01 
4.502932e+01 
4.502123e+01 
4.501416e+01 
4.500748e+01 
4.500088e+01 
4.499497e+01 
4.499039e+01 
4.498759e+01 
4.498669e+01 
4.498742e+01 
4.498921e+01 
4.499144e+01 
4.499365e+01 
4.499555e+01 
4.499705e+01 
4.499819e+01 
4.499900e+01 
4.499956e+01 
4.499994e+01 
4.500019e+01 
4.500033e+01 
4.500042e+01 
4.500046e+01 
4.500047e+01 
4.500047e+01 
4.500047e+01 

4.500047e+01 
4.500047e+01 
4.500047e+01 
4.500046e+01 
4.500042e+01 
4.500033e+01 
4.500019e+01 
4.499994e+01 
4.499956e+01 
4.499898e+01 
4.499815e+01 
4.499698e+01 
4.499538e+01 
4.499329e+01 
4.499074e+01 
4.498792e+01 
4.498524e+01 
4.498334e+01 
4.498292e+01 
4.498449e+01 
4.498823e+01 
4.499384e+01 
4.500076e+01 
4.500829e+01 
4.501676e+01 
4.502698e+01 
4.503892e+01 
4.505229e+01 
4.506645e+01 
4.508040e+01 
4.509279e+01 
4.510215e+01 
4.510720e+01 
4.510720e+01 
4.510215e+01 
4.509279e+01 
4.508040e+01 
4.506645e+01 
4.505229e+01 
4.503892e+01 
4.502698e+01 
4.501676e+01 
4.500829e+01 
4.500076e+01 
4.499384e+01 
4.498823e+01 
4.498449e+01 
4.498292e+01 
4.498334e+01 
4.498524e+01 
4.498792e+01 
4.499074e+01 
4.499329e+01 
4.499538e+01 
4.499698e+01 
4.499815e+01 
4.499898e+01 
4.499956e+01 
4.499994e+01 
4.500019e+01 
4.500033e+01 
4.500042e+01 
4.500046e+01 
4.500047e+01 
4.500047e+01 
4.500047e+01 

4.500047e+01 
4.500047e+01 
4.500047e+01 
4.500046e+01 
4.500042e+01 
4.500033e+01 
4.500018e+01 
4.499994e+01 
4.499955e+01 
4.499897e+01 
4.499813e+01 
4.499692e+01 
4.499525e+01 
4.499303e+01 
4.499021e+01 
4.498691e+01 
4.498347e+01 
4.498049e+01 
4.497871e+01 
4.497885e+01 
4.498132e+01 
4.498607e+01 
4.499266e+01 
4.500042e+01 
4.500969e+01 
4.502155e+01 
4.503620e+01 
4.505352e+01 
4.507286e+01 
4.509286e+01 
4.511138e+01 
4.512584e+01 
4.513381e+01 
4.513381e+01 
4.512584e+01 
4.511138e+01 
4.509286e+01 
4.507286e+01 
4.505352e+01 
4.503620e+01 
4.502155e+01 
4.500969e+01 
4.500042e+01 
4.499266e+01 
4.498607e+01 
4.498132e+01 
4.497885e+01 
4.497871e+01 
4.498049e+01 
4.498347e+01 
4.498691e+01 
4.499021e+01 
4.499303e+01 
4.499525e+01 
4.499692e+01 
4.499813e+01 
4.499897e+01 
4.499955e+01 
4.499994e+01 
4.500018e+01 
4.500033e+01 
4.500042e+01 
4.500046e+01 
4.500047e+01 
4.500047e+01 
4.500047e+01 

4.500047e+01 
4.500047e+01 
4.500047e+01 
4.500046e+01 
4.500042e+01 
4.500033e+01 
4.500018e+01 
4.499994e+01 
4.499955e+01 
4.499896e+01 
4.499811e+01 
4.499688e+01 
4.499516e+01 
4.499283e+01 
4.498981e+01 
4.498614e+01 
4.498207e+01 
4.497815e+01 
4.497512e+01 
4.497382e+01 
4.497483e+01 
4.497835e+01 
4.498411e+01 
4.499152e+01 
4.500098e+01 
4.501378e+01 
4.503047e+01 
4.505132e+01 
4.507587e+01 
4.510254e+01 
4.512837e+01 
4.514924e+01 
4.516101e+01 
4.516101e+01 
4.514924e+01 
4.512837e+01 
4.510254e+01 
4.507587e+01 
4.505132e+01 
4.503047e+01 
4.501378e+01 
4.500098e+01 
4.499152e+01 
4.498411e+01 
4.497835e+01 
4.497483e+01 
4.497382e+01 
4.497512e+01 
4.497815e+01 
4.498207e+01 
4.498614e+01 
4.498981e+01 
4.499283e+01 
4.499516e+01 
4.499688e+01 
4.499811e+01 
4.499896e+01 
4.499955e+01 
4.499994e+01 
4.500018e+01 
4.500033e+01 
4.500042e+01 
4.500046e+01 
4.500047e+01 
4.500047e+01 
4.500047e+01 

4.500047e+01 
4.500047e+01 
4.500047e+01 
4.500046e+01 
4.500042e+01 
4.500033e+01 
4.500018e+01 
4.499993e+01 
4.499955e+01 
4.499896e+01 
4.499809e+01 
4.499685e+01 
4.499509e+01 
4.499267e+01 
4.498948e+01 
4.498549e+01 
4.498087e+01 
4.497608e+01 
4.497184e+01 
4.496903e+01 
4.496840e+01 
4.497036e+01 
4.497483e+01 
4.498136e+01 
4.499038e+01 
4.500339e+01 
4.502141e+01 
4.504526e+01 
4.507504e+01 
4.510928e+01 
4.514416e+01 
4.517354e+01 
4.519056e+01 
4.519056e+01 
4.517354e+01 
4.514416e+01 
4.510928e+01 
4.507504e+01 
4.504526e+01 
4.502141e+01 
4.500339e+01 
4.499038e+01 
4.498136e+01 
4.497483e+01 
4.497036e+01 
4.496840e+01 
4.496903e+01 
4.497184e+01 
4.497608e+01 
4.498087e+01 
4.498549e+01 
4.498948e+01 
4.499267e+01 
4.499509e+01 
4.499685e+01 
4.499809e+01 
4.499896e+01 
4.499955e+01 
4.499993e+01 
4.500018e+01 
4.500033e+01 
4.500042e+01 
4.500046e+01 
4.500047e+01 
4.500047e+01 
4.500047e+01 

4.500047e+01 
4.500047e+01 
4.500047e+01 
4.500046e+01 
4.500042e+01 
4.500033e+01 
4.500018e+01 
4.499993e+01 
4.499954e+01 
4.499895e+01 
4.499808e+01 
4.499682e+01 
4.499502e+01 
4.499253e+01 
4.498918e+01 
4.498488e+01 
4.497973e+01 
4.497407e+01 
4.496857e+01 
4.496410e+01 
4.496156e+01 
4.496154e+01 
4.496420e+01 
4.496925e+01 
4.497714e+01 
4.498953e+01 
4.500798e+01 
4.503414e+01 
4.506911e+01 
4.511210e+01 
4.515870e+01 
4.520003e+01 
4.522479e+01 
4.522479e+01 
4.520003e+01 
4.515870e+01 
4.511210e+01 
4.506911e+01 
4.503414e+01 
4.500798e+01 
4.498953e+01 
4.497714e+01 
4.496925e+01 
4.496420e+01 
4.496154e+01 
4.496156e+01 
4.496410e+01 
4.496857e+01 
4.497407e+01 
4.497973e+01 
4.498488e+01 
4.498918e+01 
4.499253e+01 
4.499502e+01 
4.499682e+01 
4.499808e+01 
4.499895e+01 
4.499954e+01 
4.499993e+01 
4.500018e+01 
4.500033e+01 
4.500042e+01 
4.500046e+01 
4.500047e+01 
4.500047e+01 
4.500047e+01 

4.500047e+01 
4.500047e+01 
4.500047e+01 
4.500046e+01 
4.500042e+01 
4.500033e+01 
4.500018e+01 
4.499993e+01 
4.499954e+01 
4.499895e+01 
4.499807e+01 
4.499679e+01 
4.499496e+01 
4.499240e+01 
4.498890e+01 
4.498433e+01 
4.497866e+01 
4.497216e+01 
4.496538e+01 
4.495918e+01 
4.495453e+01 
4.495219e+01 
4.495255e+01 
4.495554e+01 
4.496157e+01 
4.497236e+01 
4.499002e+01 
4.501719e+01 
4.505646e+01 
4.510860e+01 
4.516931e+01 
4.522632e+01 
4.526188e+01 
4.526188e+01 
4.522632e+01 
4.516931e+01 
4.510860e+01 
4.505646e+01 
4.501719e+01 
4.499002e+01 
4.497236e+01 
4.496157e+01 
4.495554e+01 
4.495255e+01 
4.495219e+01 
4.495453e+01 
4.495918e+01 
4.496538e+01 
4.497216e+01 
4.497866e+01 
4.498433e+01 
4.498890e+01 
4.499240e+01 
4.499496e+01 
4.499679e+01 
4.499807e+01 
4.499895e+01 
4.499954e+01 
4.499993e+01 
4.500018e+01 
4.500033e+01 
4.500042e+01 
4.500046e+01 
4.500047e+01 
4.500047e+01 
4.500047e+01 

4.500047e+01 
4.500047e+01 
4.500047e+01 
4.500046e+01 
4.500042e+01 
4.500033e+01 
4.500018e+01 
4.499993e+01 
4.499954e+01 
4.499894e+01 
4.499806e+01 
4.499677e+01 
4.499491e+01 
4.499229e+01 
4.498866e+01 
4.498383e+01 
4.497770e+01 
4.497041e+01 
4.496239e+01 
4.495445e+01 
4.494758e+01 
4.494272e+01 
4.494044e+01 
4.494091e+01 
4.494445e+01 
4.495273e+01 
4.496832e+01 
4.499486e+01 
4.503681e+01 
4.509739e+01 
4.517320e+01 
4.524909e+01 
4.529824e+01 
4.529824e+01 
4.524909e+01 
4.517320e+01 
4.509739e+01 
4.503681e+01 
4.499486e+01 
4.496832e+01 
4.495273e+01 
4.494445e+01 
4.494091e+01 
4.494044e+01 
4.494272e+01 
4.494758e+01 
4.495445e+01 
4.496239e+01 
4.497041e+01 
4.497770e+01 
4.498383e+01 
4.498866e+01 
4.499229e+01 
4.499491e+01 
4.499677e+01 
4.499806e+01 
4.499894e+01 
4.499954e+01 
4.499993e+01 
4.500018e+01 
4.500033e+01 
4.500042e+01 
4.500046e+01 
4.500047e+01 
4.500047e+01 
4.500047e+01 

4.500047e+01 
4.500047e+01 
4.500047e+01 
4.500046e+01 
4.500042e+01 
4.500033e+01 
4.500018e+01 
4.499993e+01 
4.499954e+01 
4.499894e+01 
4.499805e+01 
4.499675e+01 
4.499487e+01 
4.499219e+01 
4.498846e+01 
4.498341e+01 
4.497687e+01 
4.496885e+01 
4.495969e+01 
4.495009e+01 
4.494106e+01 
4.493363e+01 
4.492858e+01 
4.492629e+01 
4.492698e+01 
4.493217e+01 
4.494478e+01 
4.496931e+01 
4.501225e+01 
4.507944e+01 
4.516983e+01 
4.526519e+01 
4.532954e+01 
4.532954e+01 
4.526519e+01 
4.516983e+01 
4.507944e+01 
4.501225e+01 
4.496931e+01 
4.494478e+01 
4.493217e+01 
4.492698e+01 
4.492629e+01 
4.492858e+01 
4.493363e+01 
4.494106e+01 
4.495009e+01 
4.495969e+01 
4.496885e+01 
4.497687e+01 
4.498341e+01 
4.498846e+01 
4.499219e+01 
4.499487e+01 
4.499675e+01 
4.499805e+01 
4.499894e+01 
4.499954e+01 
4.499993e+01 
4.500018e+01 
4.500033e+01 
4.500042e+01 
4.500046e+01 
4.500047e+01 
4.500047e+01 
4.500047e+01 

4.500047e+01 
4.500047e+01 
4.500047e+01 
4.500046e+01 
4.500042e+01 
4.500033e+01 
4.500018e+01 
4.499993e+01 
4.499954e+01 
4.499894e+01 
4.499804e+01 
4.499673e+01 
4.499483e+01 
4.499212e+01 
4.498829e+01 
4.498306e+01 
4.497618e+01 
4.496755e+01 
4.495738e+01 
4.494630e+01 
4.493529e+01 
4.492547e+01 
4.491778e+01 
4.491280e+01 
4.491066e+01 
4.491267e+01 
4.492205e+01 
4.494402e+01 
4.498684e+01 
4.505874e+01 
4.516137e+01 
4.527424e+01 
4.535296e+01 
4.535296e+01 
4.527424e+01 
4.516137e+01 
4.505874e+01 
4.498684e+01 
4.494402e+01 
4.492205e+01 
4.491267e+01 
4.491066e+01 
4.491280e+01 
4.491778e+01 
4.492547e+01 
4.493529e+01 
4.494630e+01 
4.495738e+01 
4.496755e+01 
4.497618e+01 
4.498306e+01 
4.498829e+01 
4.499212e+01 
4.499483e+01 
4.499673e+01 
4.499804e+01 
4.499894e+01 
4.499954e+01 
4.499993e+01 
4.500018e+01 
4.500033e+01 
4.500042e+01 
4.500046e+01 
4.500047e+01 
4.500047e+01 
4.500047e+01 

4.500047e+01 
4.500047e+01 
4.500047e+01 
4.500046e+01 
4.500042e+01 
4.500033e+01 
4.500018e+01 
4.499993e+01 
4.499954e+01 
4.499894e+01 
4.499804e+01 
4.499672e+01 
4.499481e+01 
4.499206e+01 
4.498817e+01 
4.498280e+01 
4.497564e+01 
4.496653e+01 
4.495556e+01 
4.494328e+01 
4.493063e+01 
4.491878e+01 
4.490884e+01 
4.490154e+01 
4.489694e+01 
4.489621e+01 
4.490280e+01 
4.492255e+01 
4.496499e+01 
4.504037e+01 
4.515192e+01 
4.527850e+01 
4.536844e+01 
4.536844e+01 
4.527850e+01 
4.515192e+01 
4.504037e+01 
4.496499e+01 
4.492255e+01 
4.490280e+01 
4.489621e+01 
4.489694e+01 
4.490154e+01 
4.490884e+01 
4.491878e+01 
4.493063e+01 
4.494328e+01 
4.495556e+01 
4.496653e+01 
4.497564e+01 
4.498280e+01 
4.498817e+01 
4.499206e+01 
4.499481e+01 
4.499672e+01 
4.499804e+01 
4.499894e+01 
4.499954e+01 
4.499993e+01 
4.500018e+01 
4.500033e+01 
4.500042e+01 
4.500046e+01 
4.500047e+01 
4.500047e+01 
4.500047e+01 

4.500047e+01 
4.500047e+01 
4.500047e+01 
4.500046e+01 
4.500042e+01 
4.500033e+01 
4.500018e+01 
4.499993e+01 
4.499954e+01 
4.499893e+01 
4.499804e+01 
4.499671e+01 
4.499479e+01 
4.499202e+01 
4.498808e+01 
4.498261e+01 
4.497528e+01 
4.496583e+01 
4.495431e+01 
4.494117e+01 
4.492734e+01 
4.491404e+01 
4.490245e+01 
4.489347e+01 
4.488709e+01 
4.488439e+01 
4.488905e+01 
4.490740e+01 
4.494976e+01 
4.502758e+01 
4.514514e+01 
4.528054e+01 
4.537783e+01 
4.537783e+01 
4.528054e+01 
4.514514e+01 
4.502758e+01 
4.494976e+01 
4.490740e+01 
4.488905e+01 
4.488439e+01 
4.488709e+01 
4.489347e+01 
4.490245e+01 
4.491404e+01 
4.492734e+01 
4.494117e+01 
4.495431e+01 
4.496583e+01 
4.497528e+01 
4.498261e+01 
4.498808e+01 
4.499202e+01 
4.499479e+01 
4.499671e+01 
4.499804e+01 
4.499893e+01 
4.499954e+01 
4.499993e+01 
4.500018e+01 
4.500033e+01 
4.500042e+01 
4.500046e+01 
4.500047e+01 
4.500047e+01 
4.500047e+01 

4.500047e+01 
4.500047e+01 
4.500047e+01 
4.500046e+01 
4.500042e+01 
4.500033e+01 
4.500018e+01 
4.499993e+01 
4.499954e+01 
4.499893e+01 
4.499803e+01 
4.499671e+01 
4.499478e+01 
4.499200e+01 
4.498804e+01 
4.498252e+01 
4.497509e+01 
4.496547e+01 
4.495366e+01 
4.494008e+01 
4.492564e+01 
4.491157e+01 
4.489912e+01 
4.488926e+01 
4.488195e+01 
4.487824e+01 
4.488196e+01 
4.489968e+01 
4.494217e+01 
4.502136e+01 
4.514193e+01 
4.528164e+01 
4.538244e+01 
4.538244e+01 
4.528164e+01 
4.514193e+01 
4.502136e+01 
4.494217e+01 
4.489968e+01 
4.488196e+01 
4.487824e+01 
4.488195e+01 
4.488926e+01 
4.489912e+01 
4.491157e+01 
4.492564e+01 
4.494008e+01 
4.495366e+01 
4.496547e+01 
4.497509e+01 
4.498252e+01 
4.498804e+01 
4.499200e+01 
4.499478e+01 
4.499671e+01 
4.499803e+01 
4.499893e+01 
4.499954e+01 
4.499993e+01 
4.500018e+01 
4.500033e+01 
4.500042e+01 
4.500046e+01 
4.500047e+01 
4.500047e+01 
4.500047e+01 

4.500047e+01 
4.500047e+01 
4.500047e+01 
4.500046e+01 
4.500042e+01 
4.500033e+01 
4.500018e+01 
4.499993e+01 
4.499954e+01 
4.499893e+01 
4.499803e+01 
4.499671e+01 
4.499478e+01 
4.499200e+01 
4.498804e+01 
4.498252e+01 
4.497509e+01 
4.496547e+01 
4.495366e+01 
4.494008e+01 
4.492564e+01 
4.491157e+01 
4.489912e+01 
4.488926e+01 
4.488195e+01 
4.487824e+01 
4.488196e+01 
4.489968e+01 
4.494217e+01 
4.502136e+01 
4.514193e+01 
4.528164e+01 
4.538244e+01 
4.538244e+01 
4.528164e+01 
4.514193e+01 
4.502136e+01 
4.494217e+01 
4.489968e+01 
4.488196e+01 
4.487824e+01 
4.488195e+01 
4.488926e+01 
4.489912e+01 
4.491157e+01 
4.492564e+01 
4.494008e+01 
4.495366e+01 
4.496547e+01 
4.497509e+01 
4.498252e+01 
4.498804e+01 
4.499200e+01 
4.499478e+01 
4.499671e+01 
4.499803e+01 
4.499893e+01 
4.499954e+01 
4.499993e+01 
4.500018e+01 
4.500033e+01 
4.500042e+01 
4.500046e+01 
4.500047e+01 
4.500047e+01 
4.500047e+01 

4.500047e+01 
4.500047e+01 
4.500047e+01 
4.500046e+01 
4.500042e+01 
4.500033e+01 
4.500018e+01 
4.499993e+01 
4.499954e+01 
4.499893e+01 
4.499804e+01 
4.499671e+01 
4.499479e+01 
4.499202e+01 
4.498808e+01 
4.498261e+01 
4.497528e+01 
4.496583e+01 
4.495431e+01 
4.494117e+01 
4.492734e+01 
4.491404e+01 
4.490245e+01 
4.489347e+01 
4.488709e+01 
4.488439e+01 
4.488905e+01 
4.490740e+01 
4.494976e+01 
4.502758e+01 
4.514514e+01 
4.528054e+01 
4.537783e+01 
4.537783e+01 
4.528054e+01 
4.514514e+01 
4.502758e+01 
4.494976e+01 
4.490740e+01 
4.488905e+01 
4.488439e+01 
4.488709e+01 
4.489347e+01 
4.490245e+01 
4.491404e+01 
4.492734e+01 
4.494117e+01 
4.495431e+01 
4.496583e+01 
4.497528e+01 
4.498261e+01 
4.498808e+01 
4.499202e+01 
4.499479e+01 
4.499671e+01 
4.499804e+01 
4.499893e+01 
4.499954e+01 
4.499993e+01 
4.500018e+01 
4.500033e+01 
4.500042e+01 
4.500046e+01 
4.500047e+01 
4.500047e+01 
4.500047e+01 

4.500047e+01 
4.500047e+01 
4.500047e+01 
4.500046e+01 
4.500042e+01 
4.500033e+01 
4.500018e+01 
4.499993e+01 
4.499954e+01 
4.499894e+01 
4.499804e+01 
4.499672e+01 
4.499481e+01 
4.499206e+01 
4.498817e+01 
4.498280e+01 
4.497564e+01 
4.496653e+01 
4.495556e+01 
4.494328e+01 
4.493063e+01 
4.491878e+01 
4.490884e+01 
4.490154e+01 
4.489694e+01 
4.489621e+01 
4.490280e+01 
4.492255e+01 
4.496499e+01 
4.504037e+01 
4.515192e+01 
4.527850e+01 
4.536844e+01 
4.536844e+01 
4.527850e+01 
4.515192e+01 
4.504037e+01 
4.496499e+01 
4.492255e+01 
4.490280e+01 
4.489621e+01 
4.489694e+01 
4.490154e+01 
4.490884e+01 
4.491878e+01 
4.493063e+01 
4.494328e+01 
4.495556e+01 
4.496653e+01 
4.497564e+01 
4.498280e+01 
4.498817e+01 
4.499206e+01 
4.499481e+01 
4.499672e+01 
4.499804e+01 
4.499894e+01 
4.499954e+01 
4.499993e+01 
4.500018e+01 
4.500033e+01 
4.500042e+01 
4.500046e+01 
4.500047e+01 
4.500047e+01 
4.500047e+01 

4.500047e+01 
4.500047e+01 
4.500047e+01 
4.500046e+01 
4.500042e+01 
4.500033e+01 
4.500018e+01 
4.499993e+01 
4.499954e+01 
4.499894e+01 
4.499804e+01 
4.499673e+01 
4.499483e+01 
4.499212e+01 
4.498829e+01 
4.498306e+01 
4.497618e+01 
4.496755e+01 
4.495738e+01 
4.494630e+01 
4.493529e+01 
4.492547e+01 
4.491778e+01 
4.491280e+01 
4.491066e+01 
4.491267e+01 
4.492205e+01 
4.494402e+01 
4.498684e+01 
4.505874e+01 
4.516137e+01 
4.527424e+01 
4.535296e+01 
4.535296e+01 
4.527424e+01 
4.516137e+01 
4.505874e+01 
4.498684e+01 
4.494402e+01 
4.492205e+01 
4.491267e+01 
4.491066e+01 
4.491280e+01 
4.491778e+01 
4.492547e+01 
4.493529e+01 
4.494630e+01 
4.495738e+01 
4.496755e+01 
4.497618e+01 
4.498306e+01 
4.498829e+01 
4.499212e+01 
4.499483e+01 
4.499673e+01 
4.499804e+01 
4.499894e+01 
4.499954e+01 
4.499993e+01 
4.500018e+01 
4.500033e+01 
4.500042e+01 
4.500046e+01 
4.500047e+01 
4.500047e+01 
4.500047e+01 

4.500047e+01 
4.500047e+01 
4.500047e+01 
4.500046e+01 
4.500042e+01 
4.500033e+01 
4.500018e+01 
4.499993e+01 
4.499954e+01 
4.499894e+01 
4.499805e+01 
4.499675e+01 
4.499487e+01 
4.499219e+01 
4.498846e+01 
4.498341e+01 
4.497687e+01 
4.496885e+01 
4.495969e+01 
4.495009e+01 
4.494106e+01 
4.493363e+01 
4.492858e+01 
4.492629e+01 
4.492698e+01 
4.493217e+01 
4.494478e+01 
4.496931e+01 
4.501225e+01 
4.507944e+01 
4.516983e+01 
4.526519e+01 
4.532954e+01 
4.532954e+01 
4.526519e+01 
4.516983e+01 
4.507944e+01 
4.501225e+01 
4.496931e+01 
4.494478e+01 
4.493217e+01 
4.492698e+01 
4.492629e+01 
4.492858e+01 
4.493363e+01 
4.494106e+01 
4.495009e+01 
4.495969e+01 
4.496885e+01 
4.497687e+01 
4.498341e+01 
4.498846e+01 
4.499219e+01 
4.499487e+01 
4.499675e+01 
4.499805e+01 
4.499894e+01 
4.499954e+01 
4.499993e+01 
4.500018e+01 
4.500033e+01 
4.500042e+01 
4.500046e+01 
4.500047e+01 
4.500047e+01 
4.500047e+01 

4.500047e+01 
4.500047e+01 
4.500047e+01 
4.500046e+01 
4.500042e+01 
4.500033e+01 
4.500018e+01 
4.499993e+01 
4.499954e+01 
4.499894e+01 
4.499806e+01 
4.499677e+01 
4.499491e+01 
4.499229e+01 
4.498866e+01 
4.498383e+01 
4.497770e+01 
4.497041e+01 
4.496239e+01 
4.495445e+01 
4.494758e+01 
4.494272e+01 
4.494044e+01 
4.494091e+01 
4.494445e+01 
4.495273e+01 
4.496832e+01 
4.499486e+01 
4.503681e+01 
4.509739e+01 
4.517320e+01 
4.524909e+01 
4.529824e+01 
4.529824e+01 
4.524909e+01 
4.517320e+01 
4.509739e+01 
4.503681e+01 
4.499486e+01 
4.496832e+01 
4.495273e+01 
4.494445e+01 
4.494091e+01 
4.494044e+01 
4.494272e+01 
4.494758e+01 
4.495445e+01 
4.496239e+01 
4.497041e+01 
4.497770e+01 
4.498383e+01 
4.498866e+01 
4.499229e+01 
4.499491e+01 
4.499677e+01 
4.499806e+01 
4.499894e+01 
4.499954e+01 
4.499993e+01 
4.500018e+01 
4.500033e+01 
4.500042e+01 
4.500046e+01 
4.500047e+01 
4.500047e+01 
4.500047e+01 

4.500047e+01 
4.500047e+01 
4.500047e+01 
4.500046e+01 
4.500042e+01 
4.500033e+01 
4.500018e+01 
4.499993e+01 
4.499954e+01 
4.499895e+01 
4.499807e+01 
4.499679e+01 
4.499496e+01 
4.499240e+01 
4.498890e+01 
4.498433e+01 
4.497866e+01 
4.497216e+01 
4.496538e+01 
4.495918e+01 
4.495453e+01 
4.495219e+01 
4.495255e+01 
4.495554e+01 
4.496157e+01 
4.497236e+01 
4.499002e+01 
4.501719e+01 
4.505646e+01 
4.510860e+01 
4.516931e+01 
4.522632e+01 
4.526188e+01 
4.526188e+01 
4.522632e+01 
4.516931e+01 
4.510860e+01 
4.505646e+01 
4.501719e+01 
4.499002e+01 
4.497236e+01 
4.496157e+01 
4.495554e+01 
4.495255e+01 
4.495219e+01 
4.495453e+01 
4.495918e+01 
4.496538e+01 
4.497216e+01 
4.497866e+01 
4.498433e+01 
4.498890e+01 
4.499240e+01 
4.499496e+01 
4.499679e+01 
4.499807e+01 
4.499895e+01 
4.499954e+01 
4.499993e+01 
4.500018e+01 
4.500033e+01 
4.500042e+01 
4.500046e+01 
4.500047e+01 
4.500047e+01 
4.500047e+01 

4.500047e+01 
4.500047e+01 
4.500047e+01 
4.500046e+01 
4.500042e+01 
4.500033e+01 
4.500018e+01 
4.499993e+01 
4.499954e+01 
4.499895e+01 
4.499808e+01 
4.499682e+01 
4.499502e+01 
4.499253e+01 
4.498918e+01 
4.498488e+01 
4.497973e+01 
4.497407e+01 
4.496857e+01 
4.496410e+01 
4.496156e+01 
4.496154e+01 
4.496420e+01 
4.496925e+01 
4.497714e+01 
4.498953e+01 
4.500798e+01 
4.503414e+01 
4.506911e+01 
4.511210e+01 
4.515870e+01 
4.520003e+01 
4.522479e+01 
4.522479e+01 
4.520003e+01 
4.515870e+01 
4.511210e+01 
4.506911e+01 
4.503414e+01 
4.500798e+01 
4.498953e+01 
4.497714e+01 
4.496925e+01 
4.496420e+01 
4.496154e+01 
4.496156e+01 
4.496410e+01 
4.496857e+01 
4.497407e+01 
4.497973e+01 
4.498488e+01 
4.498918e+01 
4.499253e+01 
4.499502e+01 
4.499682e+01 
4.499808e+01 
4.499895e+01 
4.499954e+01 
4.499993e+01 
4.500018e+01 
4.500033e+01 
4.500042e+01 
4.500046e+01 
4.500047e+01 
4.500047e+01 
4.500047e+01 

4.500047e+01 
4.500047e+01 
4.500047e+01 
4.500046e+01 
4.500042e+01 
4.500033e+01 
4.500018e+01 
4.499993e+01 
4.499955e+01 
4.499896e+01 
4.499809e+01 
4.499685e+01 
4.499509e+01 
4.499267e+01 
4.498948e+01 
4.498549e+01 
4.498087e+01 
4.497608e+01 
4.497184e+01 
4.496903e+01 
4.496840e+01 
4.497036e+01 
4.497483e+01 
4.498136e+01 
4.499038e+01 
4.500339e+01 
4.502141e+01 
4.504526e+01 
4.507504e+01 
4.510928e+01 
4.514416e+01 
4.517354e+01 
4.519056e+01 
4.519056e+01 
4.517354e+01 
4.514416e+01 
4.510928e+01 
4.507504e+01 
4.504526e+01 
4.502141e+01 
4.500339e+01 
4.499038e+01 
4.498136e+01 
4.497483e+01 
4.497036e+01 
4.496840e+01 
4.496903e+01 
4.497184e+01 
4.497608e+01 
4.498087e+01 
4.498549e+01 
4.498948e+01 
4.499267e+01 
4.499509e+01 
4.499685e+01 
4.499809e+01 
4.499896e+01 
4.499955e+01 
4.499993e+01 
4.500018e+01 
4.500033e+01 
4.500042e+01 
4.500046e+01 
4.500047e+01 
4.500047e+01 
4.500047e+01 

4.500047e+01 
4.500047e+01 
4.500047e+01 
4.500046e+01 
4.500042e+01 
4.500033e+01 
4.500018e+01 
4.499994e+01 
4.499955e+01 
4.499896e+01 
4.499811e+01 
4.499688e+01 
4.499516e+01 
4.499283e+01 
4.498981e+01 
4.498614e+01 
4.498207e+01 
4.497815e+01 
4.497512e+01 
4.497382e+01 
4.497483e+01 
4.497835e+01 
4.498411e+01 
4.499152e+01 
4.500098e+01 
4.501378e+01 
4.503047e+01 
4.505132e+01 
4.507587e+01 
4.510254e+01 
4.512837e+01 
4.514924e+01 
4.516101e+01 
4.516101e+01 
4.514924e+01 
4.512837e+01 
4.510254e+01 
4.507587e+01 
4.505132e+01 
4.503047e+01 
4.501378e+01 
4.500098e+01 
4.499152e+01 
4.498411e+01 
4.497835e+01 
4.497483e+01 
4.497382e+01 
4.497512e+01 
4.497815e+01 
4.498207e+01 
4.498614e+01 
4.498981e+01 
4.499283e+01 
4.499516e+01 
4.499688e+01 
4.499811e+01 
4.499896e+01 
4.499955e+01 
4.499994e+01 
4.500018e+01 
4.500033e+01 
4.500042e+01 
4.500046e+01 
4.500047e+01 
4.500047e+01 
4.500047e+01 

4.500047e+01 
4.500047e+01 
4.500047e+01 
4.500046e+01 
4.500042e+01 
4.500033e+01 
4.500018e+01 
4.499994e+01 
4.499955e+01 
4.499897e+01 
4.499813e+01 
4.499692e+01 
4.499525e+01 
4.499303e+01 
4.499021e+01 
4.498691e+01 
4.498347e+01 
4.498049e+01 
4.497871e+01 
4.497885e+01 
4.498132e+01 
4.498607e+01 
4.499266e+01 
4.500042e+01 
4.500969e+01 
4.502155e+01 
4.503620e+01 
4.505352e+01 
4.507286e+01 
4.509286e+01 
4.511138e+01 
4.512584e+01 
4.513381e+01 
4.513381e+01 
4.512584e+01 
4.511138e+01 
4.509286e+01 
4.507286e+01 
4.505352e+01 
4.503620e+01 
4.502155e+01 
4.500969e+01 
4.500042e+01 
4.499266e+01 
4.498607e+01 
4.498132e+01 
4.497885e+01 
4.497871e+01 
4.498049e+01 
4.498347e+01 
4.498691e+01 
4.499021e+01 
4.499303e+01 
4.499525e+01 
4.499692e+01 
4.499813e+01 
4.499897e+01 
4.499955e+01 
4.499994e+01 
4.500018e+01 
4.500033e+01 
4.500042e+01 
4.500046e+01 
4.500047e+01 
4.500047e+01 
4.500047e+01 

4.500047e+01 
4.500047e+01 
4.500047e+01 
4.500046e+01 
4.500042e+01 
4.500033e+01 
4.500019e+01 
4.499994e+01 
4.499956e+01 
4.499898e+01 
4.499815e+01 
4.499698e+01 
4.499538e+01 
4.499329e+01 
4.499074e+01 
4.498792e+01 
4.498524e+01 
4.498334e+01 
4.498292e+01 
4.498449e+01 
4.498823e+01 
4.499384e+01 
4.500076e+01 
4.500829e+01 
4.501676e+01 
4.502698e+01 
4.503892e+01 
4.505229e+01 
4.506645e+01 
4.508040e+01 
4.509279e+01 
4.510215e+01 
4.510720e+01 
4.510720e+01 
4.510215e+01 
4.509279e+01 
4.508040e+01 
4.506645e+01 
4.505229e+01 
4.503892e+01 
4.502698e+01 
4.501676e+01 
4.500829e+01 
4.500076e+01 
4.499384e+01 
4.498823e+01 
4.498449e+01 
4.498292e+01 
4.498334e+01 
4.498524e+01 
4.498792e+01 
4.499074e+01 
4.499329e+01 
4.499538e+01 
4.499698e+01 
4.499815e+01 
4.499898e+01 
4.499956e+01 
4.499994e+01 
4.500019e+01 
4.500033e+01 
4.500042e+01 
4.500046e+01 
4.500047e+01 
4.500047e+01 
4.500047e+01 

4.500047e+01 
4.500047e+01 
4.500047e+01 
4.500046e+01 
4.500042e+01 
4.500033e+01 
4.500019e+01 
4.499994e+01 
4.499956e+01 
4.499900e+01 
4.499819e+01 
4.499705e+01 
4.499555e+01 
4.499365e+01 
4.499144e+01 
4.498921e+01 
4.498742e+01 
4.498669e+01 
4.498759e+01 
4.499039e+01 
4.499497e+01 
4.500088e+01 
4.500748e+01 
4.501416e+01 
4.502123e+01 
4.502932e+01 
4.503826e+01 
4.504776e+01 
4.505734e+01 
4.506635e+01 
4.507406e+01 
4.507971e+01 
4.508271e+01 
4.508271e+01 
4.507971e+01 
4.507406e+01 
4.506635e+01 
4.505734e+01 
4.504776e+01 
4.503826e+01 
4.502932e+01 
4.502123e+01 
4.501416e+01 
4.500748e+01 
4.500088e+01 
4.499497e+01 
4.499039e+01 
4.498759e+01 
4.498669e+01 
4.498742e+01 
4.498921e+01 
4.499144e+01 
4.499365e+01 
4.499555e+01 
4.499705e+01 
4.499819e+01 
4.499900e+01 
4.499956e+01 
4.499994e+01 
4.500019e+01 
4.500033e+01 
4.500042e+01 
4.500046e+01 
4.500047e+01 
4.500047e+01 
4.500047e+01 

4.500047e+01 
4.500047e+01 
4.500047e+01 
4.500046e+01 
4.500042e+01 
4.500034e+01 
4.500019e+01 
4.499994e+01 
4.499957e+01 
4.499902e+01 
4.499823e+01 
4.499716e+01 
4.499578e+01 
4.499412e+01 
4.499235e+01 
4.499080e+01 
4.498998e+01 
4.499040e+01 
4.499240e+01 
4.499599e+01 
4.500082e+01 
4.500634e+01 
4.501199e+01 
4.501735e+01 
4.502271e+01 
4.502852e+01 
4.503463e+01 
4.504082e+01 
4.504678e+01 
4.505218e+01 
4.505664e+01 
4.505984e+01 
4.506151e+01 
4.506151e+01 
4.505984e+01 
4.505664e+01 
4.505218e+01 
4.504678e+01 
4.504082e+01 
4.503463e+01 
4.502852e+01 
4.502271e+01 
4.501735e+01 
4.501199e+01 
4.500634e+01 
4.500082e+01 
4.499599e+01 
4.499240e+01 
4.499040e+01 
4.498998e+01 
4.499080e+01 
4.499235e+01 
4.499412e+01 
4.499578e+01 
4.499716e+01 
4.499823e+01 
4.499902e+01 
4.499957e+01 
4.499994e+01 
4.500019e+01 
4.500034e+01 
4.500042e+01 
4.500046e+01 
4.500047e+01 
4.500047e+01 
4.500047e+01 

4.500047e+01 
4.500047e+01 
4.500047e+01 
4.500046e+01 
4.500042e+01 
4.500034e+01 
4.500019e+01 
4.499995e+01 
4.499958e+01 
4.499905e+01 
4.499830e+01 
4.499732e+01 
4.499610e+01 
4.499475e+01 
4.499349e+01 
4.499270e+01 
4.499282e+01 
4.499418e+01 
4.499687e+01 
4.500065e+01 
4.500507e+01 
4.500963e+01 
4.501396e+01 
4.501782e+01 
4.502148e+01 
4.502527e+01 
4.502908e+01 
4.503278e+01 
4.503621e+01 
4.503921e+01 
4.504164e+01 
4.504334e+01 
4.504421e+01 
4.504421e+01 
4.504334e+01 
4.504164e+01 
4.503921e+01 
4.503621e+01 
4.503278e+01 
4.502908e+01 
4.502527e+01 
4.502148e+01 
4.501782e+01 
4.501396e+01 
4.500963e+01 
4.500507e+01 
4.500065e+01 
4.499687e+01 
4.499418e+01 
4.499282e+01 
4.499270e+01 
4.499349e+01 
4.499475e+01 
4.499610e+01 
4.499732e+01 
4.499830e+01 
4.499905e+01 
4.499958e+01 
4.499995e+01 
4.500019e+01 
4.500034e+01 
4.500042e+01 
4.500046e+01 
4.500047e+01 
4.500047e+01 
4.500047e+01 

4.500047e+01 
4.500047e+01 
4.500047e+01 
4.500046e+01 
4.500042e+01 
4.500034e+01 
4.500019e+01 
4.499996e+01 
4.499960e+01 
4.499909e+01 
4.499840e+01 
4.499753e+01 
4.499652e+01 
4.499554e+01 
4.499485e+01 
4.499479e+01 
4.499568e+01 
4.499762e+01 
4.500046e+01 
4.500385e+01 
4.500738e+01 
4.501072e+01 
4.501367e+01 
4.501617e+01 
4.501843e+01 
4.502068e+01 
4.502286e+01 
4.502490e+01 
4.502675e+01 
4.502832e+01 
4.502956e+01 
4.503041e+01 
4.503085e+01 
4.503085e+01 
4.503041e+01 
4.502956e+01 
4.502832e+01 
4.502675e+01 
4.502490e+01 
4.502286e+01 
4.502068e+01 
4.501843e+01 
4.501617e+01 
4.501367e+01 
4.501072e+01 
4.500738e+01 
4.500385e+01 
4.500046e+01 
4.499762e+01 
4.499568e+01 
4.499479e+01 
4.499485e+01 
4.499554e+01 
4.499652e+01 
4.499753e+01 
4.499840e+01 
4.499909e+01 
4.499960e+01 
4.499996e+01 
4.500019e+01 
4.500034e+01 
4.500042e+01 
4.500046e+01 
4.500047e+01 
4.500047e+01 
4.500047e+01 

4.500047e+01 
4.500047e+01 
4.500047e+01 
4.500046e+01 
4.500042e+01 
4.500034e+01 
4.500020e+01 
4.499997e+01 
4.499963e+01 
4.499915e+01 
4.499854e+01 
4.499781e+01 
4.499706e+01 
4.499649e+01 
4.499635e+01 
4.499690e+01 
4.499825e+01 
4.500030e+01 
4.500280e+01 
4.500543e+01 
4.500790e+01 
4.501007e+01 
4.501188e+01 
4.501334e+01 
4.501462e+01 
4.501585e+01 
4.501701e+01 
4.501807e+01 
4.501900e+01 
4.501978e+01 
4.502038e+01 
4.502080e+01 
4.502101e+01 
4.502101e+01 
4.502080e+01 
4.502038e+01 
4.501978e+01 
4.501900e+01 
4.501807e+01 
4.501701e+01 
4.501585e+01 
4.501462e+01 
4.501334e+01 
4.501188e+01 
4.501007e+01 
4.500790e+01 
4.500543e+01 
4.500280e+01 
4.500030e+01 
4.499825e+01 
4.499690e+01 
4.499635e+01 
4.499649e+01 
4.499706e+01 
4.499781e+01 
4.499854e+01 
4.499915e+01 
4.499963e+01 
4.499997e+01 
4.500020e+01 
4.500034e+01 
4.500042e+01 
4.500046e+01 
4.500047e+01 
4.500047e+01 
4.500047e+01 

4.500047e+01 
4.500047e+01 
4.500047e+01 
4.500046e+01 
4.500042e+01 
4.500034e+01 
4.500020e+01 
4.499998e+01 
4.499967e+01 
4.499924e+01 
4.499872e+01 
4.499817e+01 
4.499771e+01 
4.499754e+01 
4.499786e+01 
4.499876e+01 
4.500020e+01 
4.500198e+01 
4.500387e+01 
4.500564e+01 
4.500718e+01 
4.500845e+01 
4.500946e+01 
4.501024e+01 
4.501091e+01 
4.501154e+01 
4.501211e+01 
4.501263e+01 
4.501308e+01 
4.501345e+01 
4.501373e+01 
4.501392e+01 
4.501402e+01 
4.501402e+01 
4.501392e+01 
4.501373e+01 
4.501345e+01 
4.501308e+01 
4.501263e+01 
4.501211e+01 
4.501154e+01 
4.501091e+01 
4.501024e+01 
4.500946e+01 
4.500845e+01 
4.500718e+01 
4.500564e+01 
4.500387e+01 
4.500198e+01 
4.500020e+01 
4.499876e+01 
4.499786e+01 
4.499754e+01 
4.499771e+01 
4.499817e+01 
4.499872e+01 
4.499924e+01 
4.499967e+01 
4.499998e+01 
4.500020e+01 
4.500034e+01 
4.500042e+01 
4.500046e+01 
4.500047e+01 
4.500047e+01 
4.500047e+01 

4.500047e+01 
4.500047e+01 
4.500047e+01 
4.500046e+01 
4.500042e+01 
4.500034e+01 
4.500021e+01 
4.500001e+01 
4.499972e+01 
4.499936e+01 
4.499896e+01 
4.499861e+01 
4.499844e+01 
4.499860e+01 
4.499919e+01 
4.500016e+01 
4.500140e+01 
4.500270e+01 
4.500393e+01 
4.500500e+01 
4.500586e+01 
4.500654e+01 
4.500705e+01 
4.500745e+01 
4.500777e+01 
4.500807e+01 
4.500835e+01 
4.500859e+01 
4.500880e+01 
4.500896e+01 
4.500909e+01 
4.500918e+01 
4.500922e+01 
4.500922e+01 
4.500918e+01 
4.500909e+01 
4.500896e+01 
4.500880e+01 
4.500859e+01 
4.500835e+01 
4.500807e+01 
4.500777e+01 
4.500745e+01 
4.500705e+01 
4.500654e+01 
4.500586e+01 
4.500500e+01 
4.500393e+01 
4.500270e+01 
4.500140e+01 
4.500016e+01 
4.499919e+01 
4.499860e+01 
4.499844e+01 
4.499861e+01 
4.499896e+01 
4.499936e+01 
4.499972e+01 
4.500001e+01 
4.500021e+01 
4.500034e+01 
4.500042e+01 
4.500046e+01 
4.500047e+01 
4.500047e+01 
4.500047e+01 

4.500047e+01 
4.500047e+01 
4.500047e+01 
4.500046e+01 
4.500042e+01 
4.500035e+01 
4.500022e+01 
4.500004e+01 
4.499979e+01 
4.499951e+01 
4.499925e+01 
4.499910e+01 
4.499917e+01 
4.499953e+01 
4.500017e+01 
4.500100e+01 
4.500189e+01 
4.500272e+01 
4.500343e+01 
4.500400e+01 
4.500445e+01 
4.500478e+01 
4.500503e+01 
4.500522e+01 
4.500537e+01 
4.500551e+01 
4.500563e+01 
4.500574e+01 
4.500583e+01 
4.500591e+01 
4.500596e+01 
4.500600e+01 
4.500602e+01 
4.500602e+01 
4.500600e+01 
4.500596e+01 
4.500591e+01 
4.500583e+01 
4.500574e+01 
4.500563e+01 
4.500551e+01 
4.500537e+01 
4.500522e+01 
4.500503e+01 
4.500478e+01 
4.500445e+01 
4.500400e+01 
4.500343e+01 
4.500272e+01 
4.500189e+01 
4.500100e+01 
4.500017e+01 
4.499953e+01 
4.499917e+01 
4.499910e+01 
4.499925e+01 
4.499951e+01 
4.499979e+01 
4.500004e+01 
4.500022e+01 
4.500035e+01 
4.500042e+01 
4.500046e+01 
4.500047e+01 
4.500047e+01 
4.500047e+01 

4.500047e+01 
4.500047e+01 
4.500047e+01 
4.500046e+01 
4.500042e+01 
4.500036e+01 
4.500024e+01 
4.500008e+01 
4.499989e+01 
4.499970e+01 
4.499957e+01 
4.499959e+01 
4.499981e+01 
4.500021e+01 
4.500076e+01 
4.500134e+01 
4.500189e+01 
4.500236e+01 
4.500273e+01 
4.500302e+01 
4.500323e+01 
4.500339e+01 
4.500350e+01 
4.500359e+01 
4.500365e+01 
4.500372e+01 
4.500377e+01 
4.500382e+01 
4.500386e+01 
4.500389e+01 
4.500391e+01 
4.500393e+01 
4.500394e+01 
4.500394e+01 
4.500393e+01 
4.500391e+01 
4.500389e+01 
4.500386e+01 
4.500382e+01 
4.500377e+01 
4.500372e+01 
4.500365e+01 
4.500359e+01 
4.500350e+01 
4.500339e+01 
4.500323e+01 
4.500302e+01 
4.500273e+01 
4.500236e+01 
4.500189e+01 
4.500134e+01 
4.500076e+01 
4.500021e+01 
4.499981e+01 
4.499959e+01 
4.499957e+01 
4.499970e+01 
4.499989e+01 
4.500008e+01 
4.500024e+01 
4.500036e+01 
4.500042e+01 
4.500046e+01 
4.500047e+01 
4.500047e+01 
4.500047e+01 

4.500047e+01 
4.500047e+01 
4.500047e+01 
4.500046e+01 
4.500043e+01 
4.500037e+01 
4.500027e+01 
4.500014e+01 
4.500001e+01 
4.499991e+01 
4.499990e+01 
4.500002e+01 
4.500027e+01 
4.500062e+01 
4.500100e+01 
4.500135e+01 
4.500165e+01 
4.500189e+01 
4.500207e+01 
4.500221e+01 
4.500230e+01 
4.500237e+01 
4.500242e+01 
4.500246e+01 
4.500249e+01 
4.500251e+01 
4.500254e+01 
4.500256e+01 
4.500257e+01 
4.500259e+01 
4.500260e+01 
4.500261e+01 
4.500261e+01 
4.500261e+01 
4.500261e+01 
4.500260e+01 
4.500259e+01 
4.500257e+01 
4.500256e+01 
4.500254e+01 
4.500251e+01 
4.500249e+01 
4.500246e+01 
4.500242e+01 
4.500237e+01 
4.500230e+01 
4.500221e+01 
4.500207e+01 
4.500189e+01 
4.500165e+01 
4.500135e+01 
4.500100e+01 
4.500062e+01 
4.500027e+01 
4.500002e+01 
4.499990e+01 
4.499991e+01 
4.500001e+01 
4.500014e+01 
4.500027e+01 
4.500037e+01 
4.500043e+01 
4.500046e+01 
4.500047e+01 
4.500047e+01 
4.500047e+01 

4.500047e+01 
4.500047e+01 
4.500047e+01 
4.500046e+01 
4.500043e+01 
4.500038e+01 
4.500030e+01 
4.500021e+01 
4.500014e+01 
4.500012e+01 
4.500018e+01 
4.500033e+01 
4.500055e+01 
4.500079e+01 
4.500101e+01 
4.500120e+01 
4.500135e+01 
4.500146e+01 
4.500154e+01 
4.500160e+01 
4.500165e+01 
4.500168e+01 
4.500170e+01 
4.500171e+01 
4.500172e+01 
4.500174e+01 
4.500174e+01 
4.500175e+01 
4.500176e+01 
4.500177e+01 
4.500177e+01 
4.500177e+01 
4.500177e+01 
4.500177e+01 
4.500177e+01 
4.500177e+01 
4.500177e+01 
4.500176e+01 
4.500175e+01 
4.500174e+01 
4.500174e+01 
4.500172e+01 
4.500171e+01 
4.500170e+01 
4.500168e+01 
4.500165e+01 
4.500160e+01 
4.500154e+01 
4.500146e+01 
4.500135e+01 
4.500120e+01 
4.500101e+01 
4.500079e+01 
4.500055e+01 
4.500033e+01 
4.500018e+01 
4.500012e+01 
4.500014e+01 
4.500021e+01 
4.500030e+01 
4.500038e+01 
4.500043e+01 
4.500046e+01 
4.500047e+01 
4.500047e+01 
4.500047e+01 

4.500047e+01 
4.500047e+01 
4.500047e+01 
4.500046e+01 
4.500044e+01 
4.500040e+01 
4.500034e+01 
4.500029e+01 
4.500027e+01 
4.500030e+01 
4.500039e+01 
4.500052e+01 
4.500066e+01 
4.500080e+01 
4.500092e+01 
4.500101e+01 
4.500108e+01 
4.500113e+01 
4.500116e+01 
4.500119e+01 
4.500121e+01 
4.500122e+01 
4.500123e+01 
4.500123e+01 
4.500124e+01 
4.500124e+01 
4.500125e+01 
4.500125e+01 
4.500125e+01 
4.500126e+01 
4.500126e+01 
4.500126e+01 
4.500126e+01 
4.500126e+01 
4.500126e+01 
4.500126e+01 
4.500126e+01 
4.500125e+01 
4.500125e+01 
4.500125e+01 
4.500124e+01 
4.500124e+01 
4.500123e+01 
4.500123e+01 
4.500122e+01 
4.500121e+01 
4.500119e+01 
4.500116e+01 
4.500113e+01 
4.500108e+01 
4.500101e+01 
4.500092e+01 
4.500080e+01 
4.500066e+01 
4.500052e+01 
4.500039e+01 
4.500030e+01 
4.500027e+01 
4.500029e+01 
4.500034e+01 
4.500040e+01 
4.500044e+01 
4.500046e+01 
4.500047e+01 
4.500047e+01 
4.500047e+01 

4.500047e+01 
4.500047e+01 
4.500047e+01 
4.500046e+01 
4.500045e+01 
4.500042e+01 
4.500039e+01 
4.500037e+01 
4.500038e+01 
4.500043e+01 
4.500051e+01 
4.500059e+01 
4.500068e+01 
4.500075e+01 
4.500080e+01 
4.500084e+01 
4.500087e+01 
4.500089e+01 
4.500091e+01 
4.500092e+01 
4.500093e+01 
4.500093e+01 
4.500093e+01 
4.500094e+01 
4.500094e+01 
4.500094e+01 
4.500094e+01 
4.500094e+01 
4.500094e+01 
4.500095e+01 
4.500095e+01 
4.500095e+01 
4.500095e+01 
4.500095e+01 
4.500095e+01 
4.500095e+01 
4.500095e+01 
4.500094e+01 
4.500094e+01 
4.500094e+01 
4.500094e+01 
4.500094e+01 
4.500094e+01 
4.500093e+01 
4.500093e+01 
4.500093e+01 
4.500092e+01 
4.500091e+01 
4.500089e+01 
4.500087e+01 
4.500084e+01 
4.500080e+01 
4.500075e+01 
4.500068e+01 
4.500059e+01 
4.500051e+01 
4.500043e+01 
4.500038e+01 
4.500037e+01 
4.500039e+01 
4.500042e+01 
4.500045e+01 
4.500046e+01 
4.500047e+01 
4.500047e+01 
4.500047e+01 

4.500047e+01 
4.500047e+01 
4.500047e+01 
4.500047e+01 
4.500045e+01 
4.500044e+01 
4.500043e+01 
4.500044e+01 
4.500046e+01 
4.500050e+01 
4.500055e+01 
4.500060e+01 
4.500064e+01 
4.500067e+01 
4.500070e+01 
4.500072e+01 
4.500073e+01 
4.500074e+01 
4.500074e+01 
4.500075e+01 
4.500075e+01 
4.500075e+01 
4.500075e+01 
4.500075e+01 
4.500075e+01 
4.500075e+01 
4.500075e+01 
4.500076e+01 
4.500076e+01 
4.500076e+01 
4.500076e+01 
4.500076e+01 
4.500076e+01 
4.500076e+01 
4.500076e+01 
4.500076e+01 
4.500076e+01 
4.500076e+01 
4.500076e+01 
4.500075e+01 
4.500075e+01 
4.500075e+01 
4.500075e+01 
4.500075e+01 
4.500075e+01 
4.500075e+01 
4.500075e+01 
4.500074e+01 
4.500074e+01 
4.500073e+01 
4.500072e+01 
4.500070e+01 
4.500067e+01 
4.500064e+01 
4.500060e+01 
4.500055e+01 
4.500050e+01 
4.500046e+01 
4.500044e+01 
4.500043e+01 
4.500044e+01 
4.500045e+01 
4.500047e+01 
4.500047e+01 
4.500047e+01 
4.500047e+01 

4.500047e+01 
4.500047e+01 
4.500047e+01 
4.500047e+01 
4.500046e+01 
4.500046e+01 
4.500046e+01 
4.500048e+01 
4.500050e+01 
4.500053e+01 
4.500055e+01 
4.500058e+01 
4.500059e+01 
4.500061e+01 
4.500062e+01 
4.500062e+01 
4.500063e+01 
4.500063e+01 
4.500063e+01 
4.500064e+01 
4.500064e+01 
4.500064e+01 
4.500064e+01 
4.500064e+01 
4.500064e+01 
4.500064e+01 
4.500064e+01 
4.500064e+01 
4.500064e+01 
4.500064e+01 
4.500064e+01 
4.500064e+01 
4.500064e+01 
4.500064e+01 
4.500064e+01 
4.500064e+01 
4.500064e+01 
4.500064e+01 
4.500064e+01 
4.500064e+01 
4.500064e+01 
4.500064e+01 
4.500064e+01 
4.500064e+01 
4.500064e+01 
4.500064e+01 
4.500064e+01 
4.500063e+01 
4.500063e+01 
4.500063e+01 
4.500062e+01 
4.500062e+01 
4.500061e+01 
4.500059e+01 
4.500058e+01 
4.500055e+01 
4.500053e+01 
4.500050e+01 
4.500048e+01 
4.500046e+01 
4.500046e+01 
4.500046e+01 
4.500047e+01 
4.500047e+01 
4.500047e+01 
4.500047e+01 

4.500047e+01 
4.500047e+01 
4.500047e+01 
4.500047e+01 
4.500047e+01 
4.500047e+01 
4.500048e+01 
4.500049e+01 
4.500051e+01 
4.500052e+01 
4.500053e+01 
4.500054e+01 
4.500055e+01 
4.500056e+01 
4.500056e+01 
4.500056e+01 
4.500056e+01 
4.500057e+01 
4.500057e+01 
4.500057e+01 
4.500057e+01 
4.500057e+01 
4.500057e+01 
4.500057e+01 
4.500057e+01 
4.500057e+01 
4.500057e+01 
4.500057e+01 
4.500057e+01 
4.500057e+01 
4.500057e+01 
4.500057e+01 
4.500057e+01 
4.500057e+01 
4.500057e+01 
4.500057e+01 
4.500057e+01 
4.500057e+01 
4.500057e+01 
4.500057e+01 
4.500057e+01 
4.500057e+01 
4.500057e+01 
4.500057e+01 
4.500057e+01 
4.500057e+01 
4.500057e+01 
4.500057e+01 
4.500057e+01 
4.500056e+01 
4.500056e+01 
4.500056e+01 
4.500056e+01 
4.500055e+01 
4.500054e+01 
4.500053e+01 
4.500052e+01 
4.500051e+01 
4.500049e+01 
4.500048e+01 
4.500047e+01 
4.500047e+01 
4.500047e+01 
4.500047e+01 
4.500047e+01 
4.500047e+01 

4.500047e+01 
4.500047e+01 
4.500047e+01 
4.500047e+01 
4.500047e+01 
4.500048e+01 
4.500048e+01 
4.500049e+01 
4.500050e+01 
4.500051e+01 
4.500051e+01 
4.500051e+01 
4.500052e+01 
4.500052e+01 
4.500052e+01 
4.500052e+01 
4.500052e+01 
4.500052e+01 
4.500052e+01 
4.500052e+01 
4.500052e+01 
4.500052e+01 
4.500052e+01 
4.500052e+01 
4.500052e+01 
4.500052e+01 
4.500052e+01 
4.500052e+01 
4.500052e+01 
4.500052e+01 
4.500052e+01 
4.500052e+01 
4.500052e+01 
4.500052e+01 
4.500052e+01 
4.500052e+01 
4.500052e+01 
4.500052e+01 
4.500052e+01 
4.500052e+01 
4.500052e+01 
4.500052e+01 
4.500052e+01 
4.500052e+01 
4.500052e+01 
4.500052e+01 
4.500052e+01 
4.500052e+01 
4.500052e+01 
4.500052e+01 
4.500052e+01 
4.500052e+01 
4.500052e+01 
4.500052e+01 
4.500051e+01 
4.500051e+01 
4.500051e+01 
4.500050e+01 
4.500049e+01 
4.500048e+01 
4.500048e+01 
4.500047e+01 
4.500047e+01 
4.500047e+01 
4.500047e+01 
4.500047e+01 

4.500047e+01 
4.500047e+01 
4.500047e+01 
4.500047e+01 
4.500047e+01 
4.500048e+01 
4.500048e+01 
4.500048e+01 
4.500049e+01 
4.500049e+01 
4.500049e+01 
4.500049e+01 
4.500049e+01 
4.500049e+01 
4.500049e+01 
4.500049e+01 
4.500049e+01 
4.500049e+01 
4.500049e+01 
4.500049e+01 
4.500049e+01 
4.500049e+01 
4.500049e+01 
4.500049e+01 
4.500049e+01 
4.500049e+01 
4.500049e+01 
4.500049e+01 
4.500049e+01 
4.500049e+01 
4.500049e+01 
4.500049e+01 
4.500049e+01 
4.500049e+01 
4.500049e+01 
4.500049e+01 
4.500049e+01 
4.500049e+01 
4.500049e+01 
4.500049e+01 
4.500049e+01 
4.500049e+01 
4.500049e+01 
4.500049e+01 
4.500049e+01 
4.500049e+01 
4.500049e+01 
4.500049e+01 
4.500049e+01 
4.500049e+01 
4.500049e+01 
4.500049e+01 
4.500049e+01 
4.500049e+01 
4.500049e+01 
4.500049e+01 
4.500049e+01 
4.500049e+01 
4.500048e+01 
4.500048e+01 
4.500048e+01 
4.500047e+01 
4.500047e+01 
4.500047e+01 
4.500047e+01 
4.500047e+01 

4.500047e+01 
4.500047e+01 
4.500047e+01 
4.500047e+01 
4.500047e+01 
4.500047e+01 
4.500048e+01 
4.500048e+01 
4.500048e+01 
4.500048e+01 
4.500048e+01 
4.500048e+01 
4.500048e+01 
4.500048e+01 
4.500048e+01 
4.500048e+01 
4.500048e+01 
4.500048e+01 
4.500048e+01 
4.500048e+01 
4.500048e+01 
4.500048e+01 
4.500048e+01 
4.500048e+01 
4.500048e+01 
4.500048e+01 
4.500048e+01 
4.500048e+01 
4.500048e+01 
4.500048e+01 
4.500048e+01 
4.500048e+01 
4.500048e+01 
4.500048e+01 
4.500048e+01 
4.500048e+01 
4.500048e+01 
4.500048e+01 
4.500048e+01 
4.500048e+01 
4.500048e+01 
4.500048e+01 
4.500048e+01 
4.500048e+01 
4.500048e+01 
4.500048e+01 
4.500048e+01 
4.500048e+01 
4.500048e+01 
4.500048e+01 
4.500048e+01 
4.500048e+01 
4.500048e+01 
4.500048e+01 
4.500048e+01 
4.500048e+01 
4.500048e+01 
4.500048e+01 
4.500048e+01 
4.500048e+01 
4.500047e+01 
4.500047e+01 
4.500047e+01 
4.500047e+01 
4.500047e+01 
4.500047e+01 

4.500047e+01 
4.500047e+01 
4.500047e+01 
4.500047e+01 
4.500047e+01 
4.500047e+01 
4.500047e+01 
4.500047e+01 
4.500047e+01 
4.500047e+01 
4.500047e+01 
4.500047e+01 
4.500047e+01 
4.500047e+01 
4.500047e+01 
4.500047e+01 
4.500047e+01 
4.500047e+01 
4.500047e+01 
4.500047e+01 
4.500047e+01 
4.500047e+01 
4.500047e+01 
4.500047e+01 
4.500047e+01 
4.500047e+01 
4.500047e+01 
4.500047e+01 
4.500047e+01 
4.500047e+01 
4.500047e+01 
4.500047e+01 
4.500047e+01 
4.500047e+01 
4.500047e+01 
4.500047e+01 
4.500047e+01 
4.500047e+01 
4.500047e+01 
4.500047e+01 
4.500047e+01 
4.500047e+01 
4.500047e+01 
4.500047e+01 
4.500047e+01 
4.500047e+01 
4.500047e+01 
4.500047e+01 
4.500047e+01 
4.500047e+01 
4.500047e+01 
4.500047e+01 
4.500047e+01 
4.500047e+01 
4.500047e+01 
4.500047e+01 
4.500047e+01 
4.500047e+01 
4.500047e+01 
4.500047e+01 
4.500047e+01 
4.500047e+01 
4.500047e+01 
4.500047e+01 
4.500047e+01 
4.500047e+01 

4.500047e+01 
4.500047e+01 
4.500047e+01 
4.500047e+01 
4.500047e+01 
4.500047e+01 
4.500047e+01 
4.500047e+01 
4.500047e+01 
4.500047e+01 
4.500047e+01 
4.500047e+01 
4.500047e+01 
4.500047e+01 
4.500047e+01 
4.500047e+01 
4.500047e+01 
4.500047e+01 
4.500047e+01 
4.500047e+01 
4.500047e+01 
4.500047e+01 
4.500047e+01 
4.500047e+01 
4.500047e+01 
4.500047e+01 
4.500047e+01 
4.500047e+01 
4.500047e+01 
4.500047e+01 
4.500047e+01 
4.500047e+01 
4.500047e+01 
4.500047e+01 
4.500047e+01 
4.500047e+01 
4.500047e+01 
4.500047e+01 
4.500047e+01 
4.500047e+01 
4.500047e+01 
4.500047e+01 
4.500047e+01 
4.500047e+01 
4.500047e+01 
4.500047e+01 
4.500047e+01 
4.500047e+01 
4.500047e+01 
4.500047e+01 
4.500047e+01 
4.500047e+01 
4.500047e+01 
4.500047e+01 
4.500047e+01 
4.500047e+01 
4.500047e+01 
4.500047e+01 
4.500047e+01 
4.500047e+01 
4.500047e+01 
4.500047e+01 
4.500047e+01 
4.500047e+01 
4.500047e+01 
4.500047e+01 

