4.500047e+01
4.500047e+01
4.500047e+01
4.500047e+01
4.500047e+01
4.500047e+01
4.500047e+01
4.500047e+01
4.500047e+01
4.500047e+01
4.500047e+01
4.500047e+01
4.500047e+01
4.500047e+01
4.500047e+01
4.500047e+01
4.500047e+01
4.500047e+01
4.500047e+01
4.500047e+01
4.500047e+01
4.500047e+01
4.500047e+01
4.500047e+01
4.500047e+01
4.500047e+01
4.500047e+01
4.500047e+01
4.500047e+01
4.500047e+01
4.500047e+01
4.500047e+01
4.500047e+01
4.500047e+01
4.500047e+01
4.500047e+01
4.500047e+01
4.500047e+01
4.500047e+01
4.500047e+01
4.500047e+01
4.500047e+01
4.500047e+01
4.500047e+01
4.500047e+01
4.500047e+01
4.500047e+01
4.500047e+01
4.500047e+01
4.500047e+01
4.500047e+01
4.500047e+01
4.500047e+01
4.500047e+01
4.500047e+01
4.500047e+01
4.500047e+01
4.500047e+01
4.500047e+01
4.500047e+01
4.500047e+01
4.500047e+01
4.500047e+01
4.500047e+01
4.500047e+01
4.500047e+01

4.500047e+01
4.500047e+01
4.500047e+01
4.500047e+01
4.500047e+01
4.500047e+01
4.500047e+01
4.500047e+01
4.500047e+01
4.500047e+01
4.500047e+01
4.500047e+01
4.500047e+01
4.500047e+01
4.500047e+01
4.500047e+01
4.500047e+01
4.500047e+01
4.500047e+01
4.500047e+01
4.500047e+01
4.500047e+01
4.500047e+01
4.500047e+01
4.500047e+01
4.500047e+01
4.500047e+01
4.500047e+01
4.500047e+01
4.500047e+01
4.500047e+01
4.500047e+01
4.500047e+01
4.500047e+01
4.500047e+01
4.500047e+01
4.500047e+01
4.500047e+01
4.500047e+01
4.500047e+01
4.500047e+01
4.500047e+01
4.500047e+01
4.500047e+01
4.500047e+01
4.500047e+01
4.500047e+01
4.500047e+01
4.500047e+01
4.500047e+01
4.500047e+01
4.500047e+01
4.500047e+01
4.500047e+01
4.500047e+01
4.500047e+01
4.500047e+01
4.500047e+01
4.500047e+01
4.500047e+01
4.500047e+01
4.500047e+01
4.500047e+01
4.500047e+01
4.500047e+01
4.500047e+01

4.500047e+01
4.500047e+01
4.500047e+01
4.500047e+01
4.500047e+01
4.500047e+01
4.500047e+01
4.500047e+01
4.500047e+01
4.500047e+01
4.500047e+01
4.500047e+01
4.500047e+01
4.500047e+01
4.500047e+01
4.500047e+01
4.500047e+01
4.500047e+01
4.500047e+01
4.500047e+01
4.500047e+01
4.500047e+01
4.500047e+01
4.500047e+01
4.500047e+01
4.500047e+01
4.500047e+01
4.500047e+01
4.500047e+01
4.500047e+01
4.500047e+01
4.500047e+01
4.500047e+01
4.500047e+01
4.500047e+01
4.500047e+01
4.500047e+01
4.500047e+01
4.500047e+01
4.500047e+01
4.500047e+01
4.500047e+01
4.500047e+01
4.500047e+01
4.500047e+01
4.500047e+01
4.500047e+01
4.500047e+01
4.500047e+01
4.500047e+01
4.500047e+01
4.500047e+01
4.500047e+01
4.500047e+01
4.500047e+01
4.500047e+01
4.500047e+01
4.500047e+01
4.500047e+01
4.500047e+01
4.500047e+01
4.500047e+01
4.500047e+01
4.500047e+01
4.500047e+01
4.500047e+01

4.500047e+01
4.500047e+01
4.500047e+01
4.500047e+01
4.500047e+01
4.500047e+01
4.500047e+01
4.500046e+01
4.500046e+01
4.500045e+01
4.500045e+01
4.500045e+01
4.500045e+01
4.500045e+01
4.500045e+01
4.500045e+01
4.500044e+01
4.500044e+01
4.500044e+01
4.500044e+01
4.500044e+01
4.500044e+01
4.500044e+01
4.500044e+01
4.500044e+01
4.500044e+01
4.500044e+01
4.500044e+01
4.500044e+01
4.500044e+01
4.500044e+01
4.500044e+01
4.500044e+01
4.500044e+01
4.500044e+01
4.500044e+01
4.500044e+01
4.500044e+01
4.500044e+01
4.500044e+01
4.500044e+01
4.500044e+01
4.500044e+01
4.500044e+01
4.500044e+01
4.500044e+01
4.500044e+01
4.500044e+01
4.500044e+01
4.500044e+01
4.500045e+01
4.500045e+01
4.500045e+01
4.500045e+01
4.500045e+01
4.500045e+01
4.500045e+01
4.500046e+01
4.500046e+01
4.500047e+01
4.500047e+01
4.500047e+01
4.500047e+01
4.500047e+01
4.500047e+01
4.500047e+01

4.500047e+01
4.500047e+01
4.500048e+01
4.500048e+01
4.500048e+01
4.500047e+01
4.500046e+01
4.500044e+01
4.500043e+01
4.500041e+01
4.500040e+01
4.500040e+01
4.500039e+01
4.500039e+01
4.500039e+01
4.500038e+01
4.500038e+01
4.500038e+01
4.500038e+01
4.500038e+01
4.500038e+01
4.500038e+01
4.500038e+01
4.500038e+01
4.500038e+01
4.500038e+01
4.500038e+01
4.500038e+01
4.500038e+01
4.500038e+01
4.500038e+01
4.500038e+01
4.500038e+01
4.500038e+01
4.500038e+01
4.500038e+01
4.500038e+01
4.500038e+01
4.500038e+01
4.500038e+01
4.500038e+01
4.500038e+01
4.500038e+01
4.500038e+01
4.500038e+01
4.500038e+01
4.500038e+01
4.500038e+01
4.500038e+01
4.500038e+01
4.500038e+01
4.500039e+01
4.500039e+01
4.500039e+01
4.500040e+01
4.500040e+01
4.500041e+01
4.500043e+01
4.500044e+01
4.500046e+01
4.500047e+01
4.500048e+01
4.500048e+01
4.500048e+01
4.500047e+01
4.500047e+01

4.500047e+01
4.500047e+01
4.500048e+01
4.500048e+01
4.500048e+01
4.500047e+01
4.500045e+01
4.500041e+01
4.500038e+01
4.500035e+01
4.500032e+01
4.500030e+01
4.500028e+01
4.500027e+01
4.500027e+01
4.500026e+01
4.500026e+01
4.500025e+01
4.500025e+01
4.500025e+01
4.500025e+01
4.500025e+01
4.500025e+01
4.500025e+01
4.500025e+01
4.500025e+01
4.500025e+01
4.500025e+01
4.500025e+01
4.500025e+01
4.500025e+01
4.500025e+01
4.500025e+01
4.500025e+01
4.500025e+01
4.500025e+01
4.500025e+01
4.500025e+01
4.500025e+01
4.500025e+01
4.500025e+01
4.500025e+01
4.500025e+01
4.500025e+01
4.500025e+01
4.500025e+01
4.500025e+01
4.500025e+01
4.500025e+01
4.500026e+01
4.500026e+01
4.500027e+01
4.500027e+01
4.500028e+01
4.500030e+01
4.500032e+01
4.500035e+01
4.500038e+01
4.500041e+01
4.500045e+01
4.500047e+01
4.500048e+01
4.500048e+01
4.500048e+01
4.500047e+01
4.500047e+01

4.500047e+01
4.500047e+01
4.500048e+01
4.500049e+01
4.500049e+01
4.500048e+01
4.500045e+01
4.500039e+01
4.500033e+01
4.500026e+01
4.500019e+01
4.500014e+01
4.500010e+01
4.500008e+01
4.500006e+01
4.500004e+01
4.500003e+01
4.500003e+01
4.500002e+01
4.500002e+01
4.500002e+01
4.500002e+01
4.500002e+01
4.500002e+01
4.500001e+01
4.500001e+01
4.500001e+01
4.500001e+01
4.500001e+01
4.500001e+01
4.500001e+01
4.500001e+01
4.500001e+01
4.500001e+01
4.500001e+01
4.500001e+01
4.500001e+01
4.500001e+01
4.500001e+01
4.500001e+01
4.500001e+01
4.500001e+01
4.500002e+01
4.500002e+01
4.500002e+01
4.500002e+01
4.500002e+01
4.500002e+01
4.500003e+01
4.500003e+01
4.500004e+01
4.500006e+01
4.500008e+01
4.500010e+01
4.500014e+01
4.500019e+01
4.500026e+01
4.500033e+01
4.500039e+01
4.500045e+01
4.500048e+01
4.500049e+01
4.500049e+01
4.500048e+01
4.500047e+01
4.500047e+01

4.500047e+01
4.500047e+01
4.500048e+01
4.500049e+01
4.500050e+01
4.500049e+01
4.500046e+01
4.500039e+01
4.500029e+01
4.500017e+01
4.500005e+01
4.499994e+01
4.499985e+01
4.499978e+01
4.499974e+01
4.499970e+01
4.499968e+01
4.499966e+01
4.499965e+01
4.499964e+01
4.499964e+01
4.499964e+01
4.499963e+01
4.499963e+01
4.499963e+01
4.499963e+01
4.499963e+01
4.499963e+01
4.499963e+01
4.499962e+01
4.499962e+01
4.499962e+01
4.499962e+01
4.499962e+01
4.499962e+01
4.499962e+01
4.499962e+01
4.499963e+01
4.499963e+01
4.499963e+01
4.499963e+01
4.499963e+01
4.499963e+01
4.499963e+01
4.499964e+01
4.499964e+01
4.499964e+01
4.499965e+01
4.499966e+01
4.499968e+01
4.499970e+01
4.499974e+01
4.499978e+01
4.499985e+01
4.499994e+01
4.500005e+01
4.500017e+01
4.500029e+01
4.500039e+01
4.500046e+01
4.500049e+01
4.500050e+01
4.500049e+01
4.500048e+01
4.500047e+01
4.500047e+01

4.500047e+01
4.500047e+01
4.500048e+01
4.500050e+01
4.500051e+01
4.500051e+01
4.500049e+01
4.500042e+01
4.500029e+01
4.500011e+01
4.499991e+01
4.499971e+01
4.499954e+01
4.499940e+01
4.499929e+01
4.499921e+01
4.499915e+01
4.499912e+01
4.499909e+01
4.499907e+01
4.499906e+01
4.499905e+01
4.499904e+01
4.499904e+01
4.499903e+01
4.499903e+01
4.499903e+01
4.499903e+01
4.499902e+01
4.499902e+01
4.499902e+01
4.499902e+01
4.499902e+01
4.499902e+01
4.499902e+01
4.499902e+01
4.499902e+01
4.499902e+01
4.499903e+01
4.499903e+01
4.499903e+01
4.499903e+01
4.499904e+01
4.499904e+01
4.499905e+01
4.499906e+01
4.499907e+01
4.499909e+01
4.499912e+01
4.499915e+01
4.499921e+01
4.499929e+01
4.499940e+01
4.499954e+01
4.499971e+01
4.499991e+01
4.500011e+01
4.500029e+01
4.500042e+01
4.500049e+01
4.500051e+01
4.500051e+01
4.500050e+01
4.500048e+01
4.500047e+01
4.500047e+01

4.500047e+01
4.500047e+01
4.500048e+01
4.500050e+01
4.500052e+01
4.500053e+01
4.500052e+01
4.500046e+01
4.500034e+01
4.500013e+01
4.499985e+01
4.499953e+01
4.499922e+01
4.499894e+01
4.499872e+01
4.499855e+01
4.499842e+01
4.499834e+01
4.499827e+01
4.499823e+01
4.499820e+01
4.499818e+01
4.499816e+01
4.499815e+01
4.499814e+01
4.499813e+01
4.499813e+01
4.499812e+01
4.499811e+01
4.499811e+01
4.499811e+01
4.499811e+01
4.499810e+01
4.499810e+01
4.499811e+01
4.499811e+01
4.499811e+01
4.499811e+01
4.499812e+01
4.499813e+01
4.499813e+01
4.499814e+01
4.499815e+01
4.499816e+01
4.499818e+01
4.499820e+01
4.499823e+01
4.499827e+01
4.499834e+01
4.499842e+01
4.499855e+01
4.499872e+01
4.499894e+01
4.499922e+01
4.499953e+01
4.499985e+01
4.500013e+01
4.500034e+01
4.500046e+01
4.500052e+01
4.500053e+01
4.500052e+01
4.500050e+01
4.500048e+01
4.500047e+01
4.500047e+01

4.500047e+01
4.500048e+01
4.500048e+01
4.500050e+01
4.500053e+01
4.500055e+01
4.500055e+01
4.500052e+01
4.500042e+01
4.500022e+01
4.499990e+01
4.499946e+01
4.499898e+01
4.499850e+01
4.499808e+01
4.499773e+01
4.499747e+01
4.499727e+01
4.499713e+01
4.499703e+01
4.499696e+01
4.499691e+01
4.499687e+01
4.499685e+01
4.499683e+01
4.499681e+01
4.499679e+01
4.499678e+01
4.499677e+01
4.499676e+01
4.499675e+01
4.499675e+01
4.499674e+01
4.499674e+01
4.499675e+01
4.499675e+01
4.499676e+01
4.499677e+01
4.499678e+01
4.499679e+01
4.499681e+01
4.499683e+01
4.499685e+01
4.499687e+01
4.499691e+01
4.499696e+01
4.499703e+01
4.499713e+01
4.499727e+01
4.499747e+01
4.499773e+01
4.499808e+01
4.499850e+01
4.499898e+01
4.499946e+01
4.499990e+01
4.500022e+01
4.500042e+01
4.500052e+01
4.500055e+01
4.500055e+01
4.500053e+01
4.500050e+01
4.500048e+01
4.500048e+01
4.500047e+01

4.500047e+01
4.500048e+01
4.500049e+01
4.500050e+01
4.500053e+01
4.500056e+01
4.500058e+01
4.500058e+01
4.500053e+01
4.500037e+01
4.500006e+01
4.499957e+01
4.499893e+01
4.499820e+01
4.499748e+01
4.499684e+01
4.499632e+01
4.499592e+01
4.499561e+01
4.499539e+01
4.499523e+01
4.499512e+01
4.499504e+01
4.499498e+01
4.499493e+01
4.499489e+01
4.499485e+01
4.499482e+01
4.499479e+01
4.499477e+01
4.499475e+01
4.499474e+01
4.499473e+01
4.499473e+01
4.499474e+01
4.499475e+01
4.499477e+01
4.499479e+01
4.499482e+01
4.499485e+01
4.499489e+01
4.499493e+01
4.499498e+01
4.499504e+01
4.499512e+01
4.499523e+01
4.499539e+01
4.499561e+01
4.499592e+01
4.499632e+01
4.499684e+01
4.499748e+01
4.499820e+01
4.499893e+01
4.499957e+01
4.500006e+01
4.500037e+01
4.500053e+01
4.500058e+01
4.500058e+01
4.500056e+01
4.500053e+01
4.500050e+01
4.500049e+01
4.500048e+01
4.500047e+01

4.500047e+01
4.500048e+01
4.500049e+01
4.500050e+01
4.500053e+01
4.500057e+01
4.500061e+01
4.500064e+01
4.500063e+01
4.500055e+01
4.500032e+01
4.499987e+01
4.499915e+01
4.499820e+01
4.499712e+01
4.499606e+01
4.499511e+01
4.499433e+01
4.499371e+01
4.499325e+01
4.499291e+01
4.499266e+01
4.499248e+01
4.499235e+01
4.499224e+01
4.499214e+01
4.499206e+01
4.499198e+01
4.499192e+01
4.499187e+01
4.499183e+01
4.499181e+01
4.499179e+01
4.499179e+01
4.499181e+01
4.499183e+01
4.499187e+01
4.499192e+01
4.499198e+01
4.499206e+01
4.499214e+01
4.499224e+01
4.499235e+01
4.499248e+01
4.499266e+01
4.499291e+01
4.499325e+01
4.499371e+01
4.499433e+01
4.499511e+01
4.499606e+01
4.499712e+01
4.499820e+01
4.499915e+01
4.499987e+01
4.500032e+01
4.500055e+01
4.500063e+01
4.500064e+01
4.500061e+01
4.500057e+01
4.500053e+01
4.500050e+01
4.500049e+01
4.500048e+01
4.500047e+01

4.500047e+01
4.500048e+01
4.500049e+01
4.500051e+01
4.500054e+01
4.500058e+01
4.500062e+01
4.500068e+01
4.500072e+01
4.500073e+01
4.500062e+01
4.500029e+01
4.499963e+01
4.499858e+01
4.499720e+01
4.499564e+01
4.499410e+01
4.499271e+01
4.499155e+01
4.499063e+01
4.498993e+01
4.498940e+01
4.498902e+01
4.498873e+01
4.498849e+01
4.498828e+01
4.498809e+01
4.498793e+01
4.498779e+01
4.498767e+01
4.498759e+01
4.498753e+01
4.498750e+01
4.498750e+01
4.498753e+01
4.498759e+01
4.498767e+01
4.498779e+01
4.498793e+01
4.498809e+01
4.498828e+01
4.498849e+01
4.498873e+01
4.498902e+01
4.498940e+01
4.498993e+01
4.499063e+01
4.499155e+01
4.499271e+01
4.499410e+01
4.499564e+01
4.499720e+01
4.499858e+01
4.499963e+01
4.500029e+01
4.500062e+01
4.500073e+01
4.500072e+01
4.500068e+01
4.500062e+01
4.500058e+01
4.500054e+01
4.500051e+01
4.500049e+01
4.500048e+01
4.500047e+01

4.500047e+01
4.500048e+01
4.500049e+01
4.500051e+01
4.500054e+01
4.500058e+01
4.500064e+01
4.500071e+01
4.500079e+01
4.500088e+01
4.500090e+01
4.500076e+01
4.500030e+01
4.499935e+01
4.499785e+01
4.499587e+01
4.499365e+01
4.499143e+01
4.498942e+01
4.498773e+01
4.498638e+01
4.498534e+01
4.498454e+01
4.498394e+01
4.498345e+01
4.498299e+01
4.498258e+01
4.498222e+01
4.498191e+01
4.498166e+01
4.498147e+01
4.498134e+01
4.498128e+01
4.498128e+01
4.498134e+01
4.498147e+01
4.498166e+01
4.498191e+01
4.498222e+01
4.498258e+01
4.498299e+01
4.498345e+01
4.498394e+01
4.498454e+01
4.498534e+01
4.498638e+01
4.498773e+01
4.498942e+01
4.499143e+01
4.499365e+01
4.499587e+01
4.499785e+01
4.499935e+01
4.500030e+01
4.500076e+01
4.500090e+01
4.500088e+01
4.500079e+01
4.500071e+01
4.500064e+01
4.500058e+01
4.500054e+01
4.500051e+01
4.500049e+01
4.500048e+01
4.500047e+01

4.500047e+01
4.500048e+01
4.500049e+01
4.500051e+01
4.500054e+01
4.500058e+01
4.500065e+01
4.500073e+01
4.500085e+01
4.500099e+01
4.500114e+01
4.500121e+01
4.500104e+01
4.500039e+01
4.499904e+01
4.499691e+01
4.499413e+01
4.499101e+01
4.498790e+01
4.498506e+01
4.498265e+01
4.498070e+01
4.497917e+01
4.497799e+01
4.497699e+01
4.497606e+01
4.497520e+01
4.497444e+01
4.497379e+01
4.497325e+01
4.497283e+01
4.497255e+01
4.497241e+01
4.497241e+01
4.497255e+01
4.497283e+01
4.497325e+01
4.497379e+01
4.497444e+01
4.497520e+01
4.497606e+01
4.497699e+01
4.497799e+01
4.497917e+01
4.498070e+01
4.498265e+01
4.498506e+01
4.498790e+01
4.499101e+01
4.499413e+01
4.499691e+01
4.499904e+01
4.500039e+01
4.500104e+01
4.500121e+01
4.500114e+01
4.500099e+01
4.500085e+01
4.500073e+01
4.500065e+01
4.500058e+01
4.500054e+01
4.500051e+01
4.500049e+01
4.500048e+01
4.500047e+01

4.500047e+01
4.500048e+01
4.500049e+01
4.500051e+01
4.500054e+01
4.500059e+01
4.500065e+01
4.500075e+01
4.500088e+01
4.500108e+01
4.500134e+01
4.500160e+01
4.500173e+01
4.500150e+01
4.500058e+01
4.499868e+01
4.499572e+01
4.499189e+01
4.498762e+01
4.498336e+01
4.497946e+01
4.497612e+01
4.497339e+01
4.497120e+01
4.496932e+01
4.496751e+01
4.496583e+01
4.496430e+01
4.496296e+01
4.496185e+01
4.496099e+01
4.496040e+01
4.496010e+01
4.496010e+01
4.496040e+01
4.496099e+01
4.496185e+01
4.496296e+01
4.496430e+01
4.496583e+01
4.496751e+01
4.496932e+01
4.497120e+01
4.497339e+01
4.497612e+01
4.497946e+01
4.498336e+01
4.498762e+01
4.499189e+01
4.499572e+01
4.499868e+01
4.500058e+01
4.500150e+01
4.500173e+01
4.500160e+01
4.500134e+01
4.500108e+01
4.500088e+01
4.500075e+01
4.500065e+01
4.500059e+01
4.500054e+01
4.500051e+01
4.500049e+01
4.500048e+01
4.500047e+01

4.500047e+01
4.500048e+01
4.500049e+01
4.500051e+01
4.500054e+01
4.500059e+01
4.500066e+01
4.500076e+01
4.500091e+01
4.500115e+01
4.500148e+01
4.500190e+01
4.500233e+01
4.500256e+01
4.500223e+01
4.500091e+01
4.499827e+01
4.499424e+01
4.498911e+01
4.498343e+01
4.497779e+01
4.497262e+01
4.496816e+01
4.496445e+01
4.496114e+01
4.495788e+01
4.495476e+01
4.495187e+01
4.494928e+01
4.494710e+01
4.494538e+01
4.494420e+01
4.494360e+01
4.494360e+01
4.494420e+01
4.494538e+01
4.494710e+01
4.494928e+01
4.495187e+01
4.495476e+01
4.495788e+01
4.496114e+01
4.496445e+01
4.496816e+01
4.497262e+01
4.497779e+01
4.498343e+01
4.498911e+01
4.499424e+01
4.499827e+01
4.500091e+01
4.500223e+01
4.500256e+01
4.500233e+01
4.500190e+01
4.500148e+01
4.500115e+01
4.500091e+01
4.500076e+01
4.500066e+01
4.500059e+01
4.500054e+01
4.500051e+01
4.500049e+01
4.500048e+01
4.500047e+01

4.500047e+01
4.500048e+01
4.500049e+01
4.500051e+01
4.500054e+01
4.500059e+01
4.500066e+01
4.500076e+01
4.500093e+01
4.500119e+01
4.500159e+01
4.500213e+01
4.500281e+01
4.500346e+01
4.500378e+01
4.500328e+01
4.500142e+01
4.499781e+01
4.499246e+01
4.498581e+01
4.497855e+01
4.497137e+01
4.496479e+01
4.495906e+01
4.495373e+01
4.494831e+01
4.494296e+01
4.493785e+01
4.493318e+01
4.492914e+01
4.492592e+01
4.492367e+01
4.492252e+01
4.492252e+01
4.492367e+01
4.492592e+01
4.492914e+01
4.493318e+01
4.493785e+01
4.494296e+01
4.494831e+01
4.495373e+01
4.495906e+01
4.496479e+01
4.497137e+01
4.497855e+01
4.498581e+01
4.499246e+01
4.499781e+01
4.500142e+01
4.500328e+01
4.500378e+01
4.500346e+01
4.500281e+01
4.500213e+01
4.500159e+01
4.500119e+01
4.500093e+01
4.500076e+01
4.500066e+01
4.500059e+01
4.500054e+01
4.500051e+01
4.500049e+01
4.500048e+01
4.500047e+01

4.500047e+01
4.500048e+01
4.500049e+01
4.500051e+01
4.500054e+01
4.500059e+01
4.500066e+01
4.500077e+01
4.500094e+01
4.500122e+01
4.500166e+01
4.500230e+01
4.500317e+01
4.500419e+01
4.500512e+01
4.500551e+01
4.500472e+01
4.500210e+01
4.499729e+01
4.499044e+01
4.498215e+01
4.497325e+01
4.496453e+01
4.495653e+01
4.494874e+01
4.494052e+01
4.493209e+01
4.492376e+01
4.491592e+01
4.490897e+01
4.490331e+01
4.489931e+01
4.489724e+01
4.489724e+01
4.489931e+01
4.490331e+01
4.490897e+01
4.491592e+01
4.492376e+01
4.493209e+01
4.494052e+01
4.494874e+01
4.495653e+01
4.496453e+01
4.497325e+01
4.498215e+01
4.499044e+01
4.499729e+01
4.500210e+01
4.500472e+01
4.500551e+01
4.500512e+01
4.500419e+01
4.500317e+01
4.500230e+01
4.500166e+01
4.500122e+01
4.500094e+01
4.500077e+01
4.500066e+01
4.500059e+01
4.500054e+01
4.500051e+01
4.500049e+01
4.500048e+01
4.500047e+01

4.500047e+01
4.500048e+01
4.500049e+01
4.500051e+01
4.500054e+01
4.500059e+01
4.500066e+01
4.500077e+01
4.500095e+01
4.500125e+01
4.500171e+01
4.500243e+01
4.500344e+01
4.500475e+01
4.500621e+01
4.500744e+01
4.500781e+01
4.500653e+01
4.500292e+01
4.499674e+01
4.498832e+01
4.497844e+01
4.496805e+01
4.495797e+01
4.494765e+01
4.493628e+01
4.492414e+01
4.491170e+01
4.489957e+01
4.488851e+01
4.487929e+01
4.487266e+01
4.486919e+01
4.486919e+01
4.487266e+01
4.487929e+01
4.488851e+01
4.489957e+01
4.491170e+01
4.492414e+01
4.493628e+01
4.494765e+01
4.495797e+01
4.496805e+01
4.497844e+01
4.498832e+01
4.499674e+01
4.500292e+01
4.500653e+01
4.500781e+01
4.500744e+01
4.500621e+01
4.500475e+01
4.500344e+01
4.500243e+01
4.500171e+01
4.500125e+01
4.500095e+01
4.500077e+01
4.500066e+01
4.500059e+01
4.500054e+01
4.500051e+01
4.500049e+01
4.500048e+01
4.500047e+01

4.500047e+01
4.500048e+01
4.500049e+01
4.500051e+01
4.500054e+01
4.500059e+01
4.500066e+01
4.500078e+01
4.500096e+01
4.500126e+01
4.500175e+01
4.500252e+01
4.500364e+01
4.500518e+01
4.500706e+01
4.500902e+01
4.501050e+01
4.501068e+01
4.500867e+01
4.500387e+01
4.499624e+01
4.498635e+01
4.497513e+01
4.496359e+01
4.495115e+01
4.493680e+01
4.492080e+01
4.490371e+01
4.488644e+01
4.487018e+01
4.485629e+01
4.484612e+01
4.484073e+01
4.484073e+01
4.484612e+01
4.485629e+01
4.487018e+01
4.488644e+01
4.490371e+01
4.492080e+01
4.493680e+01
4.495115e+01
4.496359e+01
4.497513e+01
4.498635e+01
4.499624e+01
4.500387e+01
4.500867e+01
4.501068e+01
4.501050e+01
4.500902e+01
4.500706e+01
4.500518e+01
4.500364e+01
4.500252e+01
4.500175e+01
4.500126e+01
4.500096e+01
4.500078e+01
4.500066e+01
4.500059e+01
4.500054e+01
4.500051e+01
4.500049e+01
4.500048e+01
4.500047e+01

4.500047e+01
4.500048e+01
4.500049e+01
4.500051e+01
4.500054e+01
4.500059e+01
4.500066e+01
4.500078e+01
4.500096e+01
4.500127e+01
4.500178e+01
4.500258e+01
4.500379e+01
4.500549e+01
4.500771e+01
4.501028e+01
4.501273e+01
4.501430e+01
4.501402e+01
4.501102e+01
4.500490e+01
4.499591e+01
4.498484e+01
4.497272e+01
4.495894e+01
4.494227e+01
4.492283e+01
4.490117e+01
4.487841e+01
4.485625e+01
4.483683e+01
4.482233e+01
4.481456e+01
4.481456e+01
4.482233e+01
4.483683e+01
4.485625e+01
4.487841e+01
4.490117e+01
4.492283e+01
4.494227e+01
4.495894e+01
4.497272e+01
4.498484e+01
4.499591e+01
4.500490e+01
4.501102e+01
4.501402e+01
4.501430e+01
4.501273e+01
4.501028e+01
4.500771e+01
4.500549e+01
4.500379e+01
4.500258e+01
4.500178e+01
4.500127e+01
4.500096e+01
4.500078e+01
4.500066e+01
4.500059e+01
4.500054e+01
4.500051e+01
4.500049e+01
4.500048e+01
4.500047e+01

4.500047e+01
4.500048e+01
4.500049e+01
4.500051e+01
4.500054e+01
4.500059e+01
4.500066e+01
4.500078e+01
4.500097e+01
4.500128e+01
4.500180e+01
4.500263e+01
4.500389e+01
4.500573e+01
4.500820e+01
4.501125e+01
4.501451e+01
4.501732e+01
4.501870e+01
4.501763e+01
4.501343e+01
4.500601e+01
4.499591e+01
4.498411e+01
4.496992e+01
4.495191e+01
4.492992e+01
4.490433e+01
4.487636e+01
4.484821e+01
4.482285e+01
4.480355e+01
4.479310e+01
4.479310e+01
4.480355e+01
4.482285e+01
4.484821e+01
4.487636e+01
4.490433e+01
4.492992e+01
4.495191e+01
4.496992e+01
4.498411e+01
4.499591e+01
4.500601e+01
4.501343e+01
4.501763e+01
4.501870e+01
4.501732e+01
4.501451e+01
4.501125e+01
4.500820e+01
4.500573e+01
4.500389e+01
4.500263e+01
4.500180e+01
4.500128e+01
4.500097e+01
4.500078e+01
4.500066e+01
4.500059e+01
4.500054e+01
4.500051e+01
4.500049e+01
4.500048e+01
4.500047e+01

4.500047e+01
4.500048e+01
4.500049e+01
4.500051e+01
4.500054e+01
4.500059e+01
4.500066e+01
4.500078e+01
4.500097e+01
4.500129e+01
4.500182e+01
4.500267e+01
4.500398e+01
4.500592e+01
4.500861e+01
4.501207e+01
4.501606e+01
4.502003e+01
4.502307e+01
4.502408e+01
4.502217e+01
4.501693e+01
4.500862e+01
4.499801e+01
4.498438e+01
4.496612e+01
4.494263e+01
4.491393e+01
4.488115e+01
4.484685e+01
4.481501e+01
4.479027e+01
4.477670e+01
4.477670e+01
4.479027e+01
4.481501e+01
4.484685e+01
4.488115e+01
4.491393e+01
4.494263e+01
4.496612e+01
4.498438e+01
4.499801e+01
4.500862e+01
4.501693e+01
4.502217e+01
4.502408e+01
4.502307e+01
4.502003e+01
4.501606e+01
4.501207e+01
4.500861e+01
4.500592e+01
4.500398e+01
4.500267e+01
4.500182e+01
4.500129e+01
4.500097e+01
4.500078e+01
4.500066e+01
4.500059e+01
4.500054e+01
4.500051e+01
4.500049e+01
4.500048e+01
4.500047e+01

4.500047e+01
4.500048e+01
4.500049e+01
4.500051e+01
4.500054e+01
4.500059e+01
4.500066e+01
4.500078e+01
4.500097e+01
4.500129e+01
4.500183e+01
4.500270e+01
4.500406e+01
4.500609e+01
4.500899e+01
4.501284e+01
4.501755e+01
4.502271e+01
4.502752e+01
4.503091e+01
4.503182e+01
4.502956e+01
4.502403e+01
4.501574e+01
4.500396e+01
4.498692e+01
4.496348e+01
4.493301e+01
4.489618e+01
4.485576e+01
4.481676e+01
4.478564e+01
4.476833e+01
4.476833e+01
4.478564e+01
4.481676e+01
4.485576e+01
4.489618e+01
4.493301e+01
4.496348e+01
4.498692e+01
4.500396e+01
4.501574e+01
4.502403e+01
4.502956e+01
4.503182e+01
4.503091e+01
4.502752e+01
4.502271e+01
4.501755e+01
4.501284e+01
4.500899e+01
4.500609e+01
4.500406e+01
4.500270e+01
4.500183e+01
4.500129e+01
4.500097e+01
4.500078e+01
4.500066e+01
4.500059e+01
4.500054e+01
4.500051e+01
4.500049e+01
4.500048e+01
4.500047e+01

4.500047e+01
4.500048e+01
4.500049e+01
4.500051e+01
4.500054e+01
4.500059e+01
4.500066e+01
4.500078e+01
4.500097e+01
4.500130e+01
4.500184e+01
4.500273e+01
4.500413e+01
4.500625e+01
4.500933e+01
4.501355e+01
4.501894e+01
4.502527e+01
4.503191e+01
4.503789e+01
4.504209e+01
4.504357e+01
4.504190e+01
4.503723e+01
4.502890e+01
4.501519e+01
4.499432e+01
4.496483e+01
4.492649e+01
4.488177e+01
4.483664e+01
4.479944e+01
4.477828e+01
4.477828e+01
4.479944e+01
4.483664e+01
4.488177e+01
4.492649e+01
4.496483e+01
4.499432e+01
4.501519e+01
4.502890e+01
4.503723e+01
4.504190e+01
4.504357e+01
4.504209e+01
4.503789e+01
4.503191e+01
4.502527e+01
4.501894e+01
4.501355e+01
4.500933e+01
4.500625e+01
4.500413e+01
4.500273e+01
4.500184e+01
4.500130e+01
4.500097e+01
4.500078e+01
4.500066e+01
4.500059e+01
4.500054e+01
4.500051e+01
4.500049e+01
4.500048e+01
4.500047e+01

4.500047e+01
4.500048e+01
4.500049e+01
4.500051e+01
4.500054e+01
4.500059e+01
4.500067e+01
4.500078e+01
4.500097e+01
4.500130e+01
4.500185e+01
4.500276e+01
4.500419e+01
4.500639e+01
4.500963e+01
4.501418e+01
4.502021e+01
4.502765e+01
4.503611e+01
4.504477e+01
4.505256e+01
4.505839e+01
4.506155e+01
4.506179e+01
4.505869e+01
4.505083e+01
4.503600e+01
4.501183e+01
4.497691e+01
4.493278e+01
4.488520e+01
4.484412e+01
4.482025e+01
4.482025e+01
4.484412e+01
4.488520e+01
4.493278e+01
4.497691e+01
4.501183e+01
4.503600e+01
4.505083e+01
4.505869e+01
4.506179e+01
4.506155e+01
4.505839e+01
4.505256e+01
4.504477e+01
4.503611e+01
4.502765e+01
4.502021e+01
4.501418e+01
4.500963e+01
4.500639e+01
4.500419e+01
4.500276e+01
4.500185e+01
4.500130e+01
4.500097e+01
4.500078e+01
4.500067e+01
4.500059e+01
4.500054e+01
4.500051e+01
4.500049e+01
4.500048e+01
4.500047e+01

4.500047e+01
4.500048e+01
4.500049e+01
4.500051e+01
4.500054e+01
4.500059e+01
4.500067e+01
4.500078e+01
4.500098e+01
4.500131e+01
4.500186e+01
4.500278e+01
4.500424e+01
4.500651e+01
4.500989e+01
4.501473e+01
4.502132e+01
4.502978e+01
4.503995e+01
4.505123e+01
4.506269e+01
4.507322e+01
4.508187e+01
4.508804e+01
4.509174e+01
4.509219e+01
4.508715e+01
4.507370e+01
4.504928e+01
4.501342e+01
4.497096e+01
4.493169e+01
4.490768e+01
4.490768e+01
4.493169e+01
4.497096e+01
4.501342e+01
4.504928e+01
4.507370e+01
4.508715e+01
4.509219e+01
4.509174e+01
4.508804e+01
4.508187e+01
4.507322e+01
4.506269e+01
4.505123e+01
4.503995e+01
4.502978e+01
4.502132e+01
4.501473e+01
4.500989e+01
4.500651e+01
4.500424e+01
4.500278e+01
4.500186e+01
4.500131e+01
4.500098e+01
4.500078e+01
4.500067e+01
4.500059e+01
4.500054e+01
4.500051e+01
4.500049e+01
4.500048e+01
4.500047e+01

4.500047e+01
4.500048e+01
4.500049e+01
4.500051e+01
4.500054e+01
4.500059e+01
4.500067e+01
4.500078e+01
4.500098e+01
4.500131e+01
4.500187e+01
4.500280e+01
4.500428e+01
4.500660e+01
4.501010e+01
4.501518e+01
4.502224e+01
4.503158e+01
4.504326e+01
4.505695e+01
4.507188e+01
4.508703e+01
4.510132e+01
4.511387e+01
4.512525e+01
4.513569e+01
4.514336e+01
4.514546e+01
4.513845e+01
4.512005e+01
4.509169e+01
4.506149e+01
4.504175e+01
4.504175e+01
4.506149e+01
4.509169e+01
4.512005e+01
4.513845e+01
4.514546e+01
4.514336e+01
4.513569e+01
4.512525e+01
4.511387e+01
4.510132e+01
4.508703e+01
4.507188e+01
4.505695e+01
4.504326e+01
4.503158e+01
4.502224e+01
4.501518e+01
4.501010e+01
4.500660e+01
4.500428e+01
4.500280e+01
4.500187e+01
4.500131e+01
4.500098e+01
4.500078e+01
4.500067e+01
4.500059e+01
4.500054e+01
4.500051e+01
4.500049e+01
4.500048e+01
4.500047e+01

4.500047e+01
4.500048e+01
4.500049e+01
4.500051e+01
4.500054e+01
4.500059e+01
4.500067e+01
4.500078e+01
4.500098e+01
4.500131e+01
4.500188e+01
4.500281e+01
4.500431e+01
4.500667e+01
4.501026e+01
4.501553e+01
4.502296e+01
4.503300e+01
4.504590e+01
4.506158e+01
4.507949e+01
4.509871e+01
4.511814e+01
4.513668e+01
4.515553e+01
4.517608e+01
4.519726e+01
4.521686e+01
4.523107e+01
4.523564e+01
4.522874e+01
4.521460e+01
4.520293e+01
4.520293e+01
4.521460e+01
4.522874e+01
4.523564e+01
4.523107e+01
4.521686e+01
4.519726e+01
4.517608e+01
4.515553e+01
4.513668e+01
4.511814e+01
4.509871e+01
4.507949e+01
4.506158e+01
4.504590e+01
4.503300e+01
4.502296e+01
4.501553e+01
4.501026e+01
4.500667e+01
4.500431e+01
4.500281e+01
4.500188e+01
4.500131e+01
4.500098e+01
4.500078e+01
4.500067e+01
4.500059e+01
4.500054e+01
4.500051e+01
4.500049e+01
4.500048e+01
4.500047e+01

4.500047e+01
4.500048e+01
4.500049e+01
4.500051e+01
4.500054e+01
4.500059e+01
4.500067e+01
4.500078e+01
4.500098e+01
4.500131e+01
4.500188e+01
4.500282e+01
4.500433e+01
4.500672e+01
4.501037e+01
4.501576e+01
4.502345e+01
4.503397e+01
4.504774e+01
4.506485e+01
4.508493e+01
4.510720e+01
4.513055e+01
4.515378e+01
4.517861e+01
4.520745e+01
4.524000e+01
4.527476e+01
4.530806e+01
4.533433e+01
4.534854e+01
4.535093e+01
4.534829e+01
4.534829e+01
4.535093e+01
4.534854e+01
4.533433e+01
4.530806e+01
4.527476e+01
4.524000e+01
4.520745e+01
4.517861e+01
4.515378e+01
4.513055e+01
4.510720e+01
4.508493e+01
4.506485e+01
4.504774e+01
4.503397e+01
4.502345e+01
4.501576e+01
4.501037e+01
4.500672e+01
4.500433e+01
4.500282e+01
4.500188e+01
4.500131e+01
4.500098e+01
4.500078e+01
4.500067e+01
4.500059e+01
4.500054e+01
4.500051e+01
4.500049e+01
4.500048e+01
4.500047e+01

4.500047e+01
4.500048e+01
4.500049e+01
4.500051e+01
4.500054e+01
4.500059e+01
4.500067e+01
4.500078e+01
4.500098e+01
4.500131e+01
4.500188e+01
4.500282e+01
4.500434e+01
4.500674e+01
4.501042e+01
4.501588e+01
4.502370e+01
4.503447e+01
4.504868e+01
4.506654e+01
4.508777e+01
4.511167e+01
4.513716e+01
4.516296e+01
4.519112e+01
4.522463e+01
4.526368e+01
4.530721e+01
4.535166e+01
4.539084e+01
4.541802e+01
4.543089e+01
4.543401e+01
4.543401e+01
4.543089e+01
4.541802e+01
4.539084e+01
4.535166e+01
4.530721e+01
4.526368e+01
4.522463e+01
4.519112e+01
4.516296e+01
4.513716e+01
4.511167e+01
4.508777e+01
4.506654e+01
4.504868e+01
4.503447e+01
4.502370e+01
4.501588e+01
4.501042e+01
4.500674e+01
4.500434e+01
4.500282e+01
4.500188e+01
4.500131e+01
4.500098e+01
4.500078e+01
4.500067e+01
4.500059e+01
4.500054e+01
4.500051e+01
4.500049e+01
4.500048e+01
4.500047e+01

4.500047e+01
4.500048e+01
4.500049e+01
4.500051e+01
4.500054e+01
4.500059e+01
4.500067e+01
4.500078e+01
4.500098e+01
4.500131e+01
4.500188e+01
4.500282e+01
4.500434e+01
4.500674e+01
4.501042e+01
4.501588e+01
4.502370e+01
4.503447e+01
4.504868e+01
4.506654e+01
4.508777e+01
4.511167e+01
4.513716e+01
4.516296e+01
4.519112e+01
4.522463e+01
4.526368e+01
4.530721e+01
4.535166e+01
4.539084e+01
4.541802e+01
4.543089e+01
4.543401e+01
4.543401e+01
4.543089e+01
4.541802e+01
4.539084e+01
4.535166e+01
4.530721e+01
4.526368e+01
4.522463e+01
4.519112e+01
4.516296e+01
4.513716e+01
4.511167e+01
4.508777e+01
4.506654e+01
4.504868e+01
4.503447e+01
4.502370e+01
4.501588e+01
4.501042e+01
4.500674e+01
4.500434e+01
4.500282e+01
4.500188e+01
4.500131e+01
4.500098e+01
4.500078e+01
4.500067e+01
4.500059e+01
4.500054e+01
4.500051e+01
4.500049e+01
4.500048e+01
4.500047e+01

4.500047e+01
4.500048e+01
4.500049e+01
4.500051e+01
4.500054e+01
4.500059e+01
4.500067e+01
4.500078e+01
4.500098e+01
4.500131e+01
4.500188e+01
4.500282e+01
4.500433e+01
4.500672e+01
4.501037e+01
4.501576e+01
4.502345e+01
4.503397e+01
4.504774e+01
4.506485e+01
4.508493e+01
4.510720e+01
4.513055e+01
4.515378e+01
4.517861e+01
4.520745e+01
4.524000e+01
4.527476e+01
4.530806e+01
4.533433e+01
4.534854e+01
4.535093e+01
4.534829e+01
4.534829e+01
4.535093e+01
4.534854e+01
4.533433e+01
4.530806e+01
4.527476e+01
4.524000e+01
4.520745e+01
4.517861e+01
4.515378e+01
4.513055e+01
4.510720e+01
4.508493e+01
4.506485e+01
4.504774e+01
4.503397e+01
4.502345e+01
4.501576e+01
4.501037e+01
4.500672e+01
4.500433e+01
4.500282e+01
4.500188e+01
4.500131e+01
4.500098e+01
4.500078e+01
4.500067e+01
4.500059e+01
4.500054e+01
4.500051e+01
4.500049e+01
4.500048e+01
4.500047e+01

4.500047e+01
4.500048e+01
4.500049e+01
4.500051e+01
4.500054e+01
4.500059e+01
4.500067e+01
4.500078e+01
4.500098e+01
4.500131e+01
4.500188e+01
4.500281e+01
4.500431e+01
4.500667e+01
4.501026e+01
4.501553e+01
4.502296e+01
4.503300e+01
4.504590e+01
4.506158e+01
4.507949e+01
4.509871e+01
4.511814e+01
4.513668e+01
4.515553e+01
4.517608e+01
4.519726e+01
4.521686e+01
4.523107e+01
4.523564e+01
4.522874e+01
4.521460e+01
4.520293e+01
4.520293e+01
4.521460e+01
4.522874e+01
4.523564e+01
4.523107e+01
4.521686e+01
4.519726e+01
4.517608e+01
4.515553e+01
4.513668e+01
4.511814e+01
4.509871e+01
4.507949e+01
4.506158e+01
4.504590e+01
4.503300e+01
4.502296e+01
4.501553e+01
4.501026e+01
4.500667e+01
4.500431e+01
4.500281e+01
4.500188e+01
4.500131e+01
4.500098e+01
4.500078e+01
4.500067e+01
4.500059e+01
4.500054e+01
4.500051e+01
4.500049e+01
4.500048e+01
4.500047e+01

4.500047e+01
4.500048e+01
4.500049e+01
4.500051e+01
4.500054e+01
4.500059e+01
4.500067e+01
4.500078e+01
4.500098e+01
4.500131e+01
4.500187e+01
4.500280e+01
4.500428e+01
4.500660e+01
4.501010e+01
4.501518e+01
4.502224e+01
4.503158e+01
4.504326e+01
4.505695e+01
4.507188e+01
4.508703e+01
4.510132e+01
4.511387e+01
4.512525e+01
4.513569e+01
4.514336e+01
4.514546e+01
4.513845e+01
4.512005e+01
4.509169e+01
4.506149e+01
4.504175e+01
4.504175e+01
4.506149e+01
4.509169e+01
4.512005e+01
4.513845e+01
4.514546e+01
4.514336e+01
4.513569e+01
4.512525e+01
4.511387e+01
4.510132e+01
4.508703e+01
4.507188e+01
4.505695e+01
4.504326e+01
4.503158e+01
4.502224e+01
4.501518e+01
4.501010e+01
4.500660e+01
4.500428e+01
4.500280e+01
4.500187e+01
4.500131e+01
4.500098e+01
4.500078e+01
4.500067e+01
4.500059e+01
4.500054e+01
4.500051e+01
4.500049e+01
4.500048e+01
4.500047e+01

4.500047e+01
4.500048e+01
4.500049e+01
4.500051e+01
4.500054e+01
4.500059e+01
4.500067e+01
4.500078e+01
4.500098e+01
4.500131e+01
4.500186e+01
4.500278e+01
4.500424e+01
4.500651e+01
4.500989e+01
4.501473e+01
4.502132e+01
4.502978e+01
4.503995e+01
4.505123e+01
4.506269e+01
4.507322e+01
4.508187e+01
4.508804e+01
4.509174e+01
4.509219e+01
4.508715e+01
4.507370e+01
4.504928e+01
4.501342e+01
4.497096e+01
4.493169e+01
4.490768e+01
4.490768e+01
4.493169e+01
4.497096e+01
4.501342e+01
4.504928e+01
4.507370e+01
4.508715e+01
4.509219e+01
4.509174e+01
4.508804e+01
4.508187e+01
4.507322e+01
4.506269e+01
4.505123e+01
4.503995e+01
4.502978e+01
4.502132e+01
4.501473e+01
4.500989e+01
4.500651e+01
4.500424e+01
4.500278e+01
4.500186e+01
4.500131e+01
4.500098e+01
4.500078e+01
4.500067e+01
4.500059e+01
4.500054e+01
4.500051e+01
4.500049e+01
4.500048e+01
4.500047e+01

4.500047e+01
4.500048e+01
4.500049e+01
4.500051e+01
4.500054e+01
4.500059e+01
4.500067e+01
4.500078e+01
4.500097e+01
4.500130e+01
4.500185e+01
4.500276e+01
4.500419e+01
4.500639e+01
4.500963e+01
4.501418e+01
4.502021e+01
4.502765e+01
4.503611e+01
4.504477e+01
4.505256e+01
4.505839e+01
4.506155e+01
4.506179e+01
4.505869e+01
4.505083e+01
4.503600e+01
4.501183e+01
4.497691e+01
4.493278e+01
4.488520e+01
4.484412e+01
4.482025e+01
4.482025e+01
4.484412e+01
4.488520e+01
4.493278e+01
4.497691e+01
4.501183e+01
4.503600e+01
4.505083e+01
4.505869e+01
4.506179e+01
4.506155e+01
4.505839e+01
4.505256e+01
4.504477e+01
4.503611e+01
4.502765e+01
4.502021e+01
4.501418e+01
4.500963e+01
4.500639e+01
4.500419e+01
4.500276e+01
4.500185e+01
4.500130e+01
4.500097e+01
4.500078e+01
4.500067e+01
4.500059e+01
4.500054e+01
4.500051e+01
4.500049e+01
4.500048e+01
4.500047e+01

4.500047e+01
4.500048e+01
4.500049e+01
4.500051e+01
4.500054e+01
4.500059e+01
4.500066e+01
4.500078e+01
4.500097e+01
4.500130e+01
4.500184e+01
4.500273e+01
4.500413e+01
4.500625e+01
4.500933e+01
4.501355e+01
4.501894e+01
4.502527e+01
4.503191e+01
4.503789e+01
4.504209e+01
4.504357e+01
4.504190e+01
4.503723e+01
4.502890e+01
4.501519e+01
4.499432e+01
4.496483e+01
4.492649e+01
4.488177e+01
4.483664e+01
4.479944e+01
4.477828e+01
4.477828e+01
4.479944e+01
4.483664e+01
4.488177e+01
4.492649e+01
4.496483e+01
4.499432e+01
4.501519e+01
4.502890e+01
4.503723e+01
4.504190e+01
4.504357e+01
4.504209e+01
4.503789e+01
4.503191e+01
4.502527e+01
4.501894e+01
4.501355e+01
4.500933e+01
4.500625e+01
4.500413e+01
4.500273e+01
4.500184e+01
4.500130e+01
4.500097e+01
4.500078e+01
4.500066e+01
4.500059e+01
4.500054e+01
4.500051e+01
4.500049e+01
4.500048e+01
4.500047e+01

4.500047e+01
4.500048e+01
4.500049e+01
4.500051e+01
4.500054e+01
4.500059e+01
4.500066e+01
4.500078e+01
4.500097e+01
4.500129e+01
4.500183e+01
4.500270e+01
4.500406e+01
4.500609e+01
4.500899e+01
4.501284e+01
4.501755e+01
4.502271e+01
4.502752e+01
4.503091e+01
4.503182e+01
4.502956e+01
4.502403e+01
4.501574e+01
4.500396e+01
4.498692e+01
4.496348e+01
4.493301e+01
4.489618e+01
4.485576e+01
4.481676e+01
4.478564e+01
4.476833e+01
4.476833e+01
4.478564e+01
4.481676e+01
4.485576e+01
4.489618e+01
4.493301e+01
4.496348e+01
4.498692e+01
4.500396e+01
4.501574e+01
4.502403e+01
4.502956e+01
4.503182e+01
4.503091e+01
4.502752e+01
4.502271e+01
4.501755e+01
4.501284e+01
4.500899e+01
4.500609e+01
4.500406e+01
4.500270e+01
4.500183e+01
4.500129e+01
4.500097e+01
4.500078e+01
4.500066e+01
4.500059e+01
4.500054e+01
4.500051e+01
4.500049e+01
4.500048e+01
4.500047e+01

4.500047e+01
4.500048e+01
4.500049e+01
4.500051e+01
4.500054e+01
4.500059e+01
4.500066e+01
4.500078e+01
4.500097e+01
4.500129e+01
4.500182e+01
4.500267e+01
4.500398e+01
4.500592e+01
4.500861e+01
4.501207e+01
4.501606e+01
4.502003e+01
4.502307e+01
4.502408e+01
4.502217e+01
4.501693e+01
4.500862e+01
4.499801e+01
4.498438e+01
4.496612e+01
4.494263e+01
4.491393e+01
4.488115e+01
4.484685e+01
4.481501e+01
4.479027e+01
4.477670e+01
4.477670e+01
4.479027e+01
4.481501e+01
4.484685e+01
4.488115e+01
4.491393e+01
4.494263e+01
4.496612e+01
4.498438e+01
4.499801e+01
4.500862e+01
4.501693e+01
4.502217e+01
4.502408e+01
4.502307e+01
4.502003e+01
4.501606e+01
4.501207e+01
4.500861e+01
4.500592e+01
4.500398e+01
4.500267e+01
4.500182e+01
4.500129e+01
4.500097e+01
4.500078e+01
4.500066e+01
4.500059e+01
4.500054e+01
4.500051e+01
4.500049e+01
4.500048e+01
4.500047e+01

4.500047e+01
4.500048e+01
4.500049e+01
4.500051e+01
4.500054e+01
4.500059e+01
4.500066e+01
4.500078e+01
4.500097e+01
4.500128e+01
4.500180e+01
4.500263e+01
4.500389e+01
4.500573e+01
4.500820e+01
4.501125e+01
4.501451e+01
4.501732e+01
4.501870e+01
4.501763e+01
4.501343e+01
4.500601e+01
4.499591e+01
4.498411e+01
4.496992e+01
4.495191e+01
4.492992e+01
4.490433e+01
4.487636e+01
4.484821e+01
4.482285e+01
4.480355e+01
4.479310e+01
4.479310e+01
4.480355e+01
4.482285e+01
4.484821e+01
4.487636e+01
4.490433e+01
4.492992e+01
4.495191e+01
4.496992e+01
4.498411e+01
4.499591e+01
4.500601e+01
4.501343e+01
4.501763e+01
4.501870e+01
4.501732e+01
4.501451e+01
4.501125e+01
4.500820e+01
4.500573e+01
4.500389e+01
4.500263e+01
4.500180e+01
4.500128e+01
4.500097e+01
4.500078e+01
4.500066e+01
4.500059e+01
4.500054e+01
4.500051e+01
4.500049e+01
4.500048e+01
4.500047e+01

4.500047e+01
4.500048e+01
4.500049e+01
4.500051e+01
4.500054e+01
4.500059e+01
4.500066e+01
4.500078e+01
4.500096e+01
4.500127e+01
4.500178e+01
4.500258e+01
4.500379e+01
4.500549e+01
4.500771e+01
4.501028e+01
4.501273e+01
4.501430e+01
4.501402e+01
4.501102e+01
4.500490e+01
4.499591e+01
4.498484e+01
4.497272e+01
4.495894e+01
4.494227e+01
4.492283e+01
4.490117e+01
4.487841e+01
4.485625e+01
4.483683e+01
4.482233e+01
4.481456e+01
4.481456e+01
4.482233e+01
4.483683e+01
4.485625e+01
4.487841e+01
4.490117e+01
4.492283e+01
4.494227e+01
4.495894e+01
4.497272e+01
4.498484e+01
4.499591e+01
4.500490e+01
4.501102e+01
4.501402e+01
4.501430e+01
4.501273e+01
4.501028e+01
4.500771e+01
4.500549e+01
4.500379e+01
4.500258e+01
4.500178e+01
4.500127e+01
4.500096e+01
4.500078e+01
4.500066e+01
4.500059e+01
4.500054e+01
4.500051e+01
4.500049e+01
4.500048e+01
4.500047e+01

4.500047e+01
4.500048e+01
4.500049e+01
4.500051e+01
4.500054e+01
4.500059e+01
4.500066e+01
4.500078e+01
4.500096e+01
4.500126e+01
4.500175e+01
4.500252e+01
4.500364e+01
4.500518e+01
4.500706e+01
4.500902e+01
4.501050e+01
4.501068e+01
4.500867e+01
4.500387e+01
4.499624e+01
4.498635e+01
4.497513e+01
4.496359e+01
4.495115e+01
4.493680e+01
4.492080e+01
4.490371e+01
4.488644e+01
4.487018e+01
4.485629e+01
4.484612e+01
4.484073e+01
4.484073e+01
4.484612e+01
4.485629e+01
4.487018e+01
4.488644e+01
4.490371e+01
4.492080e+01
4.493680e+01
4.495115e+01
4.496359e+01
4.497513e+01
4.498635e+01
4.499624e+01
4.500387e+01
4.500867e+01
4.501068e+01
4.501050e+01
4.500902e+01
4.500706e+01
4.500518e+01
4.500364e+01
4.500252e+01
4.500175e+01
4.500126e+01
4.500096e+01
4.500078e+01
4.500066e+01
4.500059e+01
4.500054e+01
4.500051e+01
4.500049e+01
4.500048e+01
4.500047e+01

4.500047e+01
4.500048e+01
4.500049e+01
4.500051e+01
4.500054e+01
4.500059e+01
4.500066e+01
4.500077e+01
4.500095e+01
4.500125e+01
4.500171e+01
4.500243e+01
4.500344e+01
4.500475e+01
4.500621e+01
4.500744e+01
4.500781e+01
4.500653e+01
4.500292e+01
4.499674e+01
4.498832e+01
4.497844e+01
4.496805e+01
4.495797e+01
4.494765e+01
4.493628e+01
4.492414e+01
4.491170e+01
4.489957e+01
4.488851e+01
4.487929e+01
4.487266e+01
4.486919e+01
4.486919e+01
4.487266e+01
4.487929e+01
4.488851e+01
4.489957e+01
4.491170e+01
4.492414e+01
4.493628e+01
4.494765e+01
4.495797e+01
4.496805e+01
4.497844e+01
4.498832e+01
4.499674e+01
4.500292e+01
4.500653e+01
4.500781e+01
4.500744e+01
4.500621e+01
4.500475e+01
4.500344e+01
4.500243e+01
4.500171e+01
4.500125e+01
4.500095e+01
4.500077e+01
4.500066e+01
4.500059e+01
4.500054e+01
4.500051e+01
4.500049e+01
4.500048e+01
4.500047e+01

4.500047e+01
4.500048e+01
4.500049e+01
4.500051e+01
4.500054e+01
4.500059e+01
4.500066e+01
4.500077e+01
4.500094e+01
4.500122e+01
4.500166e+01
4.500230e+01
4.500317e+01
4.500419e+01
4.500512e+01
4.500551e+01
4.500472e+01
4.500210e+01
4.499729e+01
4.499044e+01
4.498215e+01
4.497325e+01
4.496453e+01
4.495653e+01
4.494874e+01
4.494052e+01
4.493209e+01
4.492376e+01
4.491592e+01
4.490897e+01
4.490331e+01
4.489931e+01
4.489724e+01
4.489724e+01
4.489931e+01
4.490331e+01
4.490897e+01
4.491592e+01
4.492376e+01
4.493209e+01
4.494052e+01
4.494874e+01
4.495653e+01
4.496453e+01
4.497325e+01
4.498215e+01
4.499044e+01
4.499729e+01
4.500210e+01
4.500472e+01
4.500551e+01
4.500512e+01
4.500419e+01
4.500317e+01
4.500230e+01
4.500166e+01
4.500122e+01
4.500094e+01
4.500077e+01
4.500066e+01
4.500059e+01
4.500054e+01
4.500051e+01
4.500049e+01
4.500048e+01
4.500047e+01

4.500047e+01
4.500048e+01
4.500049e+01
4.500051e+01
4.500054e+01
4.500059e+01
4.500066e+01
4.500076e+01
4.500093e+01
4.500119e+01
4.500159e+01
4.500213e+01
4.500281e+01
4.500346e+01
4.500378e+01
4.500328e+01
4.500142e+01
4.499781e+01
4.499246e+01
4.498581e+01
4.497855e+01
4.497137e+01
4.496479e+01
4.495906e+01
4.495373e+01
4.494831e+01
4.494296e+01
4.493785e+01
4.493318e+01
4.492914e+01
4.492592e+01
4.492367e+01
4.492252e+01
4.492252e+01
4.492367e+01
4.492592e+01
4.492914e+01
4.493318e+01
4.493785e+01
4.494296e+01
4.494831e+01
4.495373e+01
4.495906e+01
4.496479e+01
4.497137e+01
4.497855e+01
4.498581e+01
4.499246e+01
4.499781e+01
4.500142e+01
4.500328e+01
4.500378e+01
4.500346e+01
4.500281e+01
4.500213e+01
4.500159e+01
4.500119e+01
4.500093e+01
4.500076e+01
4.500066e+01
4.500059e+01
4.500054e+01
4.500051e+01
4.500049e+01
4.500048e+01
4.500047e+01

4.500047e+01
4.500048e+01
4.500049e+01
4.500051e+01
4.500054e+01
4.500059e+01
4.500066e+01
4.500076e+01
4.500091e+01
4.500115e+01
4.500148e+01
4.500190e+01
4.500233e+01
4.500256e+01
4.500223e+01
4.500091e+01
4.499827e+01
4.499424e+01
4.498911e+01
4.498343e+01
4.497779e+01
4.497262e+01
4.496816e+01
4.496445e+01
4.496114e+01
4.495788e+01
4.495476e+01
4.495187e+01
4.494928e+01
4.494710e+01
4.494538e+01
4.494420e+01
4.494360e+01
4.494360e+01
4.494420e+01
4.494538e+01
4.494710e+01
4.494928e+01
4.495187e+01
4.495476e+01
4.495788e+01
4.496114e+01
4.496445e+01
4.496816e+01
4.497262e+01
4.497779e+01
4.498343e+01
4.498911e+01
4.499424e+01
4.499827e+01
4.500091e+01
4.500223e+01
4.500256e+01
4.500233e+01
4.500190e+01
4.500148e+01
4.500115e+01
4.500091e+01
4.500076e+01
4.500066e+01
4.500059e+01
4.500054e+01
4.500051e+01
4.500049e+01
4.500048e+01
4.500047e+01

4.500047e+01
4.500048e+01
4.500049e+01
4.500051e+01
4.500054e+01
4.500059e+01
4.500065e+01
4.500075e+01
4.500088e+01
4.500108e+01
4.500134e+01
4.500160e+01
4.500173e+01
4.500150e+01
4.500058e+01
4.499868e+01
4.499572e+01
4.499189e+01
4.498762e+01
4.498336e+01
4.497946e+01
4.497612e+01
4.497339e+01
4.497120e+01
4.496932e+01
4.496751e+01
4.496583e+01
4.496430e+01
4.496296e+01
4.496185e+01
4.496099e+01
4.496040e+01
4.496010e+01
4.496010e+01
4.496040e+01
4.496099e+01
4.496185e+01
4.496296e+01
4.496430e+01
4.496583e+01
4.496751e+01
4.496932e+01
4.497120e+01
4.497339e+01
4.497612e+01
4.497946e+01
4.498336e+01
4.498762e+01
4.499189e+01
4.499572e+01
4.499868e+01
4.500058e+01
4.500150e+01
4.500173e+01
4.500160e+01
4.500134e+01
4.500108e+01
4.500088e+01
4.500075e+01
4.500065e+01
4.500059e+01
4.500054e+01
4.500051e+01
4.500049e+01
4.500048e+01
4.500047e+01

4.500047e+01
4.500048e+01
4.500049e+01
4.500051e+01
4.500054e+01
4.500058e+01
4.500065e+01
4.500073e+01
4.500085e+01
4.500099e+01
4.500114e+01
4.500121e+01
4.500104e+01
4.500039e+01
4.499904e+01
4.499691e+01
4.499413e+01
4.499101e+01
4.498790e+01
4.498506e+01
4.498265e+01
4.498070e+01
4.497917e+01
4.497799e+01
4.497699e+01
4.497606e+01
4.497520e+01
4.497444e+01
4.497379e+01
4.497325e+01
4.497283e+01
4.497255e+01
4.497241e+01
4.497241e+01
4.497255e+01
4.497283e+01
4.497325e+01
4.497379e+01
4.497444e+01
4.497520e+01
4.497606e+01
4.497699e+01
4.497799e+01
4.497917e+01
4.498070e+01
4.498265e+01
4.498506e+01
4.498790e+01
4.499101e+01
4.499413e+01
4.499691e+01
4.499904e+01
4.500039e+01
4.500104e+01
4.500121e+01
4.500114e+01
4.500099e+01
4.500085e+01
4.500073e+01
4.500065e+01
4.500058e+01
4.500054e+01
4.500051e+01
4.500049e+01
4.500048e+01
4.500047e+01

4.500047e+01
4.500048e+01
4.500049e+01
4.500051e+01
4.500054e+01
4.500058e+01
4.500064e+01
4.500071e+01
4.500079e+01
4.500088e+01
4.500090e+01
4.500076e+01
4.500030e+01
4.499935e+01
4.499785e+01
4.499587e+01
4.499365e+01
4.499143e+01
4.498942e+01
4.498773e+01
4.498638e+01
4.498534e+01
4.498454e+01
4.498394e+01
4.498345e+01
4.498299e+01
4.498258e+01
4.498222e+01
4.498191e+01
4.498166e+01
4.498147e+01
4.498134e+01
4.498128e+01
4.498128e+01
4.498134e+01
4.498147e+01
4.498166e+01
4.498191e+01
4.498222e+01
4.498258e+01
4.498299e+01
4.498345e+01
4.498394e+01
4.498454e+01
4.498534e+01
4.498638e+01
4.498773e+01
4.498942e+01
4.499143e+01
4.499365e+01
4.499587e+01
4.499785e+01
4.499935e+01
4.500030e+01
4.500076e+01
4.500090e+01
4.500088e+01
4.500079e+01
4.500071e+01
4.500064e+01
4.500058e+01
4.500054e+01
4.500051e+01
4.500049e+01
4.500048e+01
4.500047e+01

4.500047e+01
4.500048e+01
4.500049e+01
4.500051e+01
4.500054e+01
4.500058e+01
4.500062e+01
4.500068e+01
4.500072e+01
4.500073e+01
4.500062e+01
4.500029e+01
4.499963e+01
4.499858e+01
4.499720e+01
4.499564e+01
4.499410e+01
4.499271e+01
4.499155e+01
4.499063e+01
4.498993e+01
4.498940e+01
4.498902e+01
4.498873e+01
4.498849e+01
4.498828e+01
4.498809e+01
4.498793e+01
4.498779e+01
4.498767e+01
4.498759e+01
4.498753e+01
4.498750e+01
4.498750e+01
4.498753e+01
4.498759e+01
4.498767e+01
4.498779e+01
4.498793e+01
4.498809e+01
4.498828e+01
4.498849e+01
4.498873e+01
4.498902e+01
4.498940e+01
4.498993e+01
4.499063e+01
4.499155e+01
4.499271e+01
4.499410e+01
4.499564e+01
4.499720e+01
4.499858e+01
4.499963e+01
4.500029e+01
4.500062e+01
4.500073e+01
4.500072e+01
4.500068e+01
4.500062e+01
4.500058e+01
4.500054e+01
4.500051e+01
4.500049e+01
4.500048e+01
4.500047e+01

4.500047e+01
4.500048e+01
4.500049e+01
4.500050e+01
4.500053e+01
4.500057e+01
4.500061e+01
4.500064e+01
4.500063e+01
4.500055e+01
4.500032e+01
4.499987e+01
4.499915e+01
4.499820e+01
4.499712e+01
4.499606e+01
4.499511e+01
4.499433e+01
4.499371e+01
4.499325e+01
4.499291e+01
4.499266e+01
4.499248e+01
4.499235e+01
4.499224e+01
4.499214e+01
4.499206e+01
4.499198e+01
4.499192e+01
4.499187e+01
4.499183e+01
4.499181e+01
4.499179e+01
4.499179e+01
4.499181e+01
4.499183e+01
4.499187e+01
4.499192e+01
4.499198e+01
4.499206e+01
4.499214e+01
4.499224e+01
4.499235e+01
4.499248e+01
4.499266e+01
4.499291e+01
4.499325e+01
4.499371e+01
4.499433e+01
4.499511e+01
4.499606e+01
4.499712e+01
4.499820e+01
4.499915e+01
4.499987e+01
4.500032e+01
4.500055e+01
4.500063e+01
4.500064e+01
4.500061e+01
4.500057e+01
4.500053e+01
4.500050e+01
4.500049e+01
4.500048e+01
4.500047e+01

4.500047e+01
4.500048e+01
4.500049e+01
4.500050e+01
4.500053e+01
4.500056e+01
4.500058e+01
4.500058e+01
4.500053e+01
4.500037e+01
4.500006e+01
4.499957e+01
4.499893e+01
4.499820e+01
4.499748e+01
4.499684e+01
4.499632e+01
4.499592e+01
4.499561e+01
4.499539e+01
4.499523e+01
4.499512e+01
4.499504e+01
4.499498e+01
4.499493e+01
4.499489e+01
4.499485e+01
4.499482e+01
4.499479e+01
4.499477e+01
4.499475e+01
4.499474e+01
4.499473e+01
4.499473e+01
4.499474e+01
4.499475e+01
4.499477e+01
4.499479e+01
4.499482e+01
4.499485e+01
4.499489e+01
4.499493e+01
4.499498e+01
4.499504e+01
4.499512e+01
4.499523e+01
4.499539e+01
4.499561e+01
4.499592e+01
4.499632e+01
4.499684e+01
4.499748e+01
4.499820e+01
4.499893e+01
4.499957e+01
4.500006e+01
4.500037e+01
4.500053e+01
4.500058e+01
4.500058e+01
4.500056e+01
4.500053e+01
4.500050e+01
4.500049e+01
4.500048e+01
4.500047e+01

4.500047e+01
4.500048e+01
4.500048e+01
4.500050e+01
4.500053e+01
4.500055e+01
4.500055e+01
4.500052e+01
4.500042e+01
4.500022e+01
4.499990e+01
4.499946e+01
4.499898e+01
4.499850e+01
4.499808e+01
4.499773e+01
4.499747e+01
4.499727e+01
4.499713e+01
4.499703e+01
4.499696e+01
4.499691e+01
4.499687e+01
4.499685e+01
4.499683e+01
4.499681e+01
4.499679e+01
4.499678e+01
4.499677e+01
4.499676e+01
4.499675e+01
4.499675e+01
4.499674e+01
4.499674e+01
4.499675e+01
4.499675e+01
4.499676e+01
4.499677e+01
4.499678e+01
4.499679e+01
4.499681e+01
4.499683e+01
4.499685e+01
4.499687e+01
4.499691e+01
4.499696e+01
4.499703e+01
4.499713e+01
4.499727e+01
4.499747e+01
4.499773e+01
4.499808e+01
4.499850e+01
4.499898e+01
4.499946e+01
4.499990e+01
4.500022e+01
4.500042e+01
4.500052e+01
4.500055e+01
4.500055e+01
4.500053e+01
4.500050e+01
4.500048e+01
4.500048e+01
4.500047e+01

4.500047e+01
4.500047e+01
4.500048e+01
4.500050e+01
4.500052e+01
4.500053e+01
4.500052e+01
4.500046e+01
4.500034e+01
4.500013e+01
4.499985e+01
4.499953e+01
4.499922e+01
4.499894e+01
4.499872e+01
4.499855e+01
4.499842e+01
4.499834e+01
4.499827e+01
4.499823e+01
4.499820e+01
4.499818e+01
4.499816e+01
4.499815e+01
4.499814e+01
4.499813e+01
4.499813e+01
4.499812e+01
4.499811e+01
4.499811e+01
4.499811e+01
4.499811e+01
4.499810e+01
4.499810e+01
4.499811e+01
4.499811e+01
4.499811e+01
4.499811e+01
4.499812e+01
4.499813e+01
4.499813e+01
4.499814e+01
4.499815e+01
4.499816e+01
4.499818e+01
4.499820e+01
4.499823e+01
4.499827e+01
4.499834e+01
4.499842e+01
4.499855e+01
4.499872e+01
4.499894e+01
4.499922e+01
4.499953e+01
4.499985e+01
4.500013e+01
4.500034e+01
4.500046e+01
4.500052e+01
4.500053e+01
4.500052e+01
4.500050e+01
4.500048e+01
4.500047e+01
4.500047e+01

4.500047e+01
4.500047e+01
4.500048e+01
4.500050e+01
4.500051e+01
4.500051e+01
4.500049e+01
4.500042e+01
4.500029e+01
4.500011e+01
4.499991e+01
4.499971e+01
4.499954e+01
4.499940e+01
4.499929e+01
4.499921e+01
4.499915e+01
4.499912e+01
4.499909e+01
4.499907e+01
4.499906e+01
4.499905e+01
4.499904e+01
4.499904e+01
4.499903e+01
4.499903e+01
4.499903e+01
4.499903e+01
4.499902e+01
4.499902e+01
4.499902e+01
4.499902e+01
4.499902e+01
4.499902e+01
4.499902e+01
4.499902e+01
4.499902e+01
4.499902e+01
4.499903e+01
4.499903e+01
4.499903e+01
4.499903e+01
4.499904e+01
4.499904e+01
4.499905e+01
4.499906e+01
4.499907e+01
4.499909e+01
4.499912e+01
4.499915e+01
4.499921e+01
4.499929e+01
4.499940e+01
4.499954e+01
4.499971e+01
4.499991e+01
4.500011e+01
4.500029e+01
4.500042e+01
4.500049e+01
4.500051e+01
4.500051e+01
4.500050e+01
4.500048e+01
4.500047e+01
4.500047e+01

4.500047e+01
4.500047e+01
4.500048e+01
4.500049e+01
4.500050e+01
4.500049e+01
4.500046e+01
4.500039e+01
4.500029e+01
4.500017e+01
4.500005e+01
4.499994e+01
4.499985e+01
4.499978e+01
4.499974e+01
4.499970e+01
4.499968e+01
4.499966e+01
4.499965e+01
4.499964e+01
4.499964e+01
4.499964e+01
4.499963e+01
4.499963e+01
4.499963e+01
4.499963e+01
4.499963e+01
4.499963e+01
4.499963e+01
4.499962e+01
4.499962e+01
4.499962e+01
4.499962e+01
4.499962e+01
4.499962e+01
4.499962e+01
4.499962e+01
4.499963e+01
4.499963e+01
4.499963e+01
4.499963e+01
4.499963e+01
4.499963e+01
4.499963e+01
4.499964e+01
4.499964e+01
4.499964e+01
4.499965e+01
4.499966e+01
4.499968e+01
4.499970e+01
4.499974e+01
4.499978e+01
4.499985e+01
4.499994e+01
4.500005e+01
4.500017e+01
4.500029e+01
4.500039e+01
4.500046e+01
4.500049e+01
4.500050e+01
4.500049e+01
4.500048e+01
4.500047e+01
4.500047e+01

4.500047e+01
4.500047e+01
4.500048e+01
4.500049e+01
4.500049e+01
4.500048e+01
4.500045e+01
4.500039e+01
4.500033e+01
4.500026e+01
4.500019e+01
4.500014e+01
4.500010e+01
4.500008e+01
4.500006e+01
4.500004e+01
4.500003e+01
4.500003e+01
4.500002e+01
4.500002e+01
4.500002e+01
4.500002e+01
4.500002e+01
4.500002e+01
4.500001e+01
4.500001e+01
4.500001e+01
4.500001e+01
4.500001e+01
4.500001e+01
4.500001e+01
4.500001e+01
4.500001e+01
4.500001e+01
4.500001e+01
4.500001e+01
4.500001e+01
4.500001e+01
4.500001e+01
4.500001e+01
4.500001e+01
4.500001e+01
4.500002e+01
4.500002e+01
4.500002e+01
4.500002e+01
4.500002e+01
4.500002e+01
4.500003e+01
4.500003e+01
4.500004e+01
4.500006e+01
4.500008e+01
4.500010e+01
4.500014e+01
4.500019e+01
4.500026e+01
4.500033e+01
4.500039e+01
4.500045e+01
4.500048e+01
4.500049e+01
4.500049e+01
4.500048e+01
4.500047e+01
4.500047e+01

4.500047e+01
4.500047e+01
4.500048e+01
4.500048e+01
4.500048e+01
4.500047e+01
4.500045e+01
4.500041e+01
4.500038e+01
4.500035e+01
4.500032e+01
4.500030e+01
4.500028e+01
4.500027e+01
4.500027e+01
4.500026e+01
4.500026e+01
4.500025e+01
4.500025e+01
4.500025e+01
4.500025e+01
4.500025e+01
4.500025e+01
4.500025e+01
4.500025e+01
4.500025e+01
4.500025e+01
4.500025e+01
4.500025e+01
4.500025e+01
4.500025e+01
4.500025e+01
4.500025e+01
4.500025e+01
4.500025e+01
4.500025e+01
4.500025e+01
4.500025e+01
4.500025e+01
4.500025e+01
4.500025e+01
4.500025e+01
4.500025e+01
4.500025e+01
4.500025e+01
4.500025e+01
4.500025e+01
4.500025e+01
4.500025e+01
4.500026e+01
4.500026e+01
4.500027e+01
4.500027e+01
4.500028e+01
4.500030e+01
4.500032e+01
4.500035e+01
4.500038e+01
4.500041e+01
4.500045e+01
4.500047e+01
4.500048e+01
4.500048e+01
4.500048e+01
4.500047e+01
4.500047e+01

4.500047e+01
4.500047e+01
4.500048e+01
4.500048e+01
4.500048e+01
4.500047e+01
4.500046e+01
4.500044e+01
4.500043e+01
4.500041e+01
4.500040e+01
4.500040e+01
4.500039e+01
4.500039e+01
4.500039e+01
4.500038e+01
4.500038e+01
4.500038e+01
4.500038e+01
4.500038e+01
4.500038e+01
4.500038e+01
4.500038e+01
4.500038e+01
4.500038e+01
4.500038e+01
4.500038e+01
4.500038e+01
4.500038e+01
4.500038e+01
4.500038e+01
4.500038e+01
4.500038e+01
4.500038e+01
4.500038e+01
4.500038e+01
4.500038e+01
4.500038e+01
4.500038e+01
4.500038e+01
4.500038e+01
4.500038e+01
4.500038e+01
4.500038e+01
4.500038e+01
4.500038e+01
4.500038e+01
4.500038e+01
4.500038e+01
4.500038e+01
4.500038e+01
4.500039e+01
4.500039e+01
4.500039e+01
4.500040e+01
4.500040e+01
4.500041e+01
4.500043e+01
4.500044e+01
4.500046e+01
4.500047e+01
4.500048e+01
4.500048e+01
4.500048e+01
4.500047e+01
4.500047e+01

4.500047e+01
4.500047e+01
4.500047e+01
4.500047e+01
4.500047e+01
4.500047e+01
4.500047e+01
4.500046e+01
4.500046e+01
4.500045e+01
4.500045e+01
4.500045e+01
4.500045e+01
4.500045e+01
4.500045e+01
4.500045e+01
4.500044e+01
4.500044e+01
4.500044e+01
4.500044e+01
4.500044e+01
4.500044e+01
4.500044e+01
4.500044e+01
4.500044e+01
4.500044e+01
4.500044e+01
4.500044e+01
4.500044e+01
4.500044e+01
4.500044e+01
4.500044e+01
4.500044e+01
4.500044e+01
4.500044e+01
4.500044e+01
4.500044e+01
4.500044e+01
4.500044e+01
4.500044e+01
4.500044e+01
4.500044e+01
4.500044e+01
4.500044e+01
4.500044e+01
4.500044e+01
4.500044e+01
4.500044e+01
4.500044e+01
4.500044e+01
4.500045e+01
4.500045e+01
4.500045e+01
4.500045e+01
4.500045e+01
4.500045e+01
4.500045e+01
4.500046e+01
4.500046e+01
4.500047e+01
4.500047e+01
4.500047e+01
4.500047e+01
4.500047e+01
4.500047e+01
4.500047e+01

4.500047e+01
4.500047e+01
4.500047e+01
4.500047e+01
4.500047e+01
4.500047e+01
4.500047e+01
4.500047e+01
4.500047e+01
4.500047e+01
4.500047e+01
4.500047e+01
4.500047e+01
4.500047e+01
4.500047e+01
4.500047e+01
4.500047e+01
4.500047e+01
4.500047e+01
4.500047e+01
4.500047e+01
4.500047e+01
4.500047e+01
4.500047e+01
4.500047e+01
4.500047e+01
4.500047e+01
4.500047e+01
4.500047e+01
4.500047e+01
4.500047e+01
4.500047e+01
4.500047e+01
4.500047e+01
4.500047e+01
4.500047e+01
4.500047e+01
4.500047e+01
4.500047e+01
4.500047e+01
4.500047e+01
4.500047e+01
4.500047e+01
4.500047e+01
4.500047e+01
4.500047e+01
4.500047e+01
4.500047e+01
4.500047e+01
4.500047e+01
4.500047e+01
4.500047e+01
4.500047e+01
4.500047e+01
4.500047e+01
4.500047e+01
4.500047e+01
4.500047e+01
4.500047e+01
4.500047e+01
4.500047e+01
4.500047e+01
4.500047e+01
4.500047e+01
4.500047e+01
4.500047e+01

4.500047e+01
4.500047e+01
4.500047e+01
4.500047e+01
4.500047e+01
4.500047e+01
4.500047e+01
4.500047e+01
4.500047e+01
4.500047e+01
4.500047e+01
4.500047e+01
4.500047e+01
4.500047e+01
4.500047e+01
4.500047e+01
4.500047e+01
4.500047e+01
4.500047e+01
4.500047e+01
4.500047e+01
4.500047e+01
4.500047e+01
4.500047e+01
4.500047e+01
4.500047e+01
4.500047e+01
4.500047e+01
4.500047e+01
4.500047e+01
4.500047e+01
4.500047e+01
4.500047e+01
4.500047e+01
4.500047e+01
4.500047e+01
4.500047e+01
4.500047e+01
4.500047e+01
4.500047e+01
4.500047e+01
4.500047e+01
4.500047e+01
4.500047e+01
4.500047e+01
4.500047e+01
4.500047e+01
4.500047e+01
4.500047e+01
4.500047e+01
4.500047e+01
4.500047e+01
4.500047e+01
4.500047e+01
4.500047e+01
4.500047e+01
4.500047e+01
4.500047e+01
4.500047e+01
4.500047e+01
4.500047e+01
4.500047e+01
4.500047e+01
4.500047e+01
4.500047e+01
4.500047e+01

4.500047e+01
4.500047e+01
4.500047e+01
4.500047e+01
4.500047e+01
4.500047e+01
4.500047e+01
4.500047e+01
4.500047e+01
4.500047e+01
4.500047e+01
4.500047e+01
4.500047e+01
4.500047e+01
4.500047e+01
4.500047e+01
4.500047e+01
4.500047e+01
4.500047e+01
4.500047e+01
4.500047e+01
4.500047e+01
4.500047e+01
4.500047e+01
4.500047e+01
4.500047e+01
4.500047e+01
4.500047e+01
4.500047e+01
4.500047e+01
4.500047e+01
4.500047e+01
4.500047e+01
4.500047e+01
4.500047e+01
4.500047e+01
4.500047e+01
4.500047e+01
4.500047e+01
4.500047e+01
4.500047e+01
4.500047e+01
4.500047e+01
4.500047e+01
4.500047e+01
4.500047e+01
4.500047e+01
4.500047e+01
4.500047e+01
4.500047e+01
4.500047e+01
4.500047e+01
4.500047e+01
4.500047e+01
4.500047e+01
4.500047e+01
4.500047e+01
4.500047e+01
4.500047e+01
4.500047e+01
4.500047e+01
4.500047e+01
4.500047e+01
4.500047e+01
4.500047e+01
4.500047e+01

