1.000000e+02 
1.000000e+02 
1.000000e+02 
1.000000e+02 
1.000000e+02 
1.000000e+02 
1.000000e+02 
1.000000e+02 
1.000000e+02 
1.000000e+02 
1.000000e+02 
1.000000e+02 
1.000000e+02 
1.000000e+02 
1.000000e+02 
1.000000e+02 
1.000000e+02 
1.000000e+02 
1.000000e+02 
1.000000e+02 
1.000000e+02 
1.000000e+02 
1.000000e+02 
1.000000e+02 
1.000000e+02 
1.000000e+02 
1.000000e+02 
1.000000e+02 
1.000000e+02 
1.000000e+02 
1.000000e+02 
1.000000e+02 
1.000000e+02 
1.000000e+02 
1.000000e+02 
1.000000e+02 
1.000000e+02 
1.000000e+02 
1.000000e+02 
1.000000e+02 
1.000000e+02 
1.000000e+02 
1.000000e+02 
1.000000e+02 
1.000000e+02 
1.000000e+02 
1.000000e+02 
1.000000e+02 
1.000000e+02 
1.000000e+02 
1.000000e+02 
1.000000e+02 
1.000000e+02 
1.000000e+02 
1.000000e+02 
1.000000e+02 
1.000000e+02 
1.000000e+02 
1.000000e+02 
1.000000e+02 
1.000000e+02 
1.000000e+02 
1.000000e+02 
1.000000e+02 
1.000000e+02 
1.000000e+02 

1.000000e+02 
1.000000e+02 
1.000000e+02 
1.000000e+02 
1.000000e+02 
1.000000e+02 
1.000000e+02 
1.000000e+02 
1.000000e+02 
1.000000e+02 
1.000000e+02 
1.000000e+02 
1.000000e+02 
1.000000e+02 
1.000000e+02 
1.000000e+02 
1.000000e+02 
1.000000e+02 
1.000000e+02 
1.000000e+02 
1.000000e+02 
1.000000e+02 
1.000000e+02 
1.000000e+02 
1.000000e+02 
1.000000e+02 
1.000000e+02 
1.000000e+02 
1.000000e+02 
1.000000e+02 
1.000000e+02 
1.000000e+02 
1.000000e+02 
1.000000e+02 
1.000000e+02 
1.000000e+02 
1.000000e+02 
1.000000e+02 
1.000000e+02 
1.000000e+02 
1.000000e+02 
1.000000e+02 
1.000000e+02 
1.000000e+02 
1.000000e+02 
1.000000e+02 
1.000000e+02 
1.000000e+02 
1.000000e+02 
1.000000e+02 
1.000000e+02 
1.000000e+02 
1.000000e+02 
1.000000e+02 
1.000000e+02 
1.000000e+02 
1.000000e+02 
1.000000e+02 
1.000000e+02 
1.000000e+02 
1.000000e+02 
1.000000e+02 
1.000000e+02 
1.000000e+02 
1.000000e+02 
1.000000e+02 

1.000000e+02 
1.000000e+02 
1.000000e+02 
1.000000e+02 
1.000000e+02 
1.000000e+02 
1.000000e+02 
1.000000e+02 
1.000000e+02 
1.000000e+02 
1.000000e+02 
1.000000e+02 
1.000000e+02 
1.000000e+02 
1.000000e+02 
1.000000e+02 
1.000000e+02 
1.000000e+02 
1.000000e+02 
1.000000e+02 
1.000000e+02 
1.000000e+02 
1.000000e+02 
1.000000e+02 
1.000000e+02 
1.000000e+02 
1.000000e+02 
1.000000e+02 
1.000000e+02 
1.000000e+02 
1.000000e+02 
1.000000e+02 
1.000000e+02 
1.000000e+02 
1.000000e+02 
1.000000e+02 
1.000000e+02 
1.000000e+02 
1.000000e+02 
1.000000e+02 
1.000000e+02 
1.000000e+02 
1.000000e+02 
1.000000e+02 
1.000000e+02 
1.000000e+02 
1.000000e+02 
1.000000e+02 
1.000000e+02 
1.000000e+02 
1.000000e+02 
1.000000e+02 
1.000000e+02 
1.000000e+02 
1.000000e+02 
1.000000e+02 
1.000000e+02 
1.000000e+02 
1.000000e+02 
1.000000e+02 
1.000000e+02 
1.000000e+02 
1.000000e+02 
1.000000e+02 
1.000000e+02 
1.000000e+02 

1.000000e+02 
1.000000e+02 
1.000000e+02 
1.000000e+02 
1.000000e+02 
1.000000e+02 
1.000000e+02 
9.999999e+01 
9.999999e+01 
9.999999e+01 
9.999999e+01 
9.999999e+01 
9.999999e+01 
9.999999e+01 
9.999999e+01 
9.999999e+01 
9.999999e+01 
9.999999e+01 
9.999999e+01 
9.999999e+01 
9.999999e+01 
9.999999e+01 
9.999999e+01 
9.999999e+01 
9.999999e+01 
9.999999e+01 
9.999999e+01 
9.999999e+01 
9.999999e+01 
9.999999e+01 
9.999999e+01 
9.999999e+01 
9.999999e+01 
9.999999e+01 
9.999999e+01 
9.999999e+01 
9.999999e+01 
9.999999e+01 
9.999999e+01 
9.999999e+01 
9.999999e+01 
9.999999e+01 
9.999999e+01 
9.999999e+01 
9.999999e+01 
9.999999e+01 
9.999999e+01 
9.999999e+01 
9.999999e+01 
9.999999e+01 
9.999999e+01 
9.999999e+01 
9.999999e+01 
9.999999e+01 
9.999999e+01 
9.999999e+01 
9.999999e+01 
9.999999e+01 
9.999999e+01 
1.000000e+02 
1.000000e+02 
1.000000e+02 
1.000000e+02 
1.000000e+02 
1.000000e+02 
1.000000e+02 

1.000000e+02 
1.000000e+02 
1.000000e+02 
9.999999e+01 
9.999999e+01 
9.999998e+01 
9.999997e+01 
9.999996e+01 
9.999995e+01 
9.999994e+01 
9.999993e+01 
9.999992e+01 
9.999991e+01 
9.999991e+01 
9.999991e+01 
9.999991e+01 
9.999991e+01 
9.999990e+01 
9.999990e+01 
9.999990e+01 
9.999990e+01 
9.999990e+01 
9.999990e+01 
9.999990e+01 
9.999990e+01 
9.999990e+01 
9.999990e+01 
9.999990e+01 
9.999990e+01 
9.999990e+01 
9.999990e+01 
9.999990e+01 
9.999990e+01 
9.999990e+01 
9.999990e+01 
9.999990e+01 
9.999990e+01 
9.999990e+01 
9.999990e+01 
9.999990e+01 
9.999990e+01 
9.999990e+01 
9.999990e+01 
9.999990e+01 
9.999990e+01 
9.999990e+01 
9.999990e+01 
9.999990e+01 
9.999990e+01 
9.999991e+01 
9.999991e+01 
9.999991e+01 
9.999991e+01 
9.999991e+01 
9.999992e+01 
9.999993e+01 
9.999994e+01 
9.999995e+01 
9.999996e+01 
9.999997e+01 
9.999998e+01 
9.999999e+01 
9.999999e+01 
1.000000e+02 
1.000000e+02 
1.000000e+02 

1.000000e+02 
1.000000e+02 
9.999999e+01 
9.999999e+01 
9.999998e+01 
9.999996e+01 
9.999994e+01 
9.999991e+01 
9.999987e+01 
9.999983e+01 
9.999979e+01 
9.999976e+01 
9.999973e+01 
9.999972e+01 
9.999971e+01 
9.999970e+01 
9.999969e+01 
9.999969e+01 
9.999969e+01 
9.999969e+01 
9.999969e+01 
9.999968e+01 
9.999968e+01 
9.999968e+01 
9.999968e+01 
9.999968e+01 
9.999968e+01 
9.999968e+01 
9.999968e+01 
9.999968e+01 
9.999968e+01 
9.999968e+01 
9.999968e+01 
9.999968e+01 
9.999968e+01 
9.999968e+01 
9.999968e+01 
9.999968e+01 
9.999968e+01 
9.999968e+01 
9.999968e+01 
9.999968e+01 
9.999968e+01 
9.999968e+01 
9.999968e+01 
9.999969e+01 
9.999969e+01 
9.999969e+01 
9.999969e+01 
9.999969e+01 
9.999970e+01 
9.999971e+01 
9.999972e+01 
9.999973e+01 
9.999976e+01 
9.999979e+01 
9.999983e+01 
9.999987e+01 
9.999991e+01 
9.999994e+01 
9.999996e+01 
9.999998e+01 
9.999999e+01 
9.999999e+01 
1.000000e+02 
1.000000e+02 

1.000000e+02 
1.000000e+02 
9.999999e+01 
9.999998e+01 
9.999997e+01 
9.999996e+01 
9.999993e+01 
9.999988e+01 
9.999979e+01 
9.999968e+01 
9.999957e+01 
9.999947e+01 
9.999939e+01 
9.999933e+01 
9.999928e+01 
9.999925e+01 
9.999923e+01 
9.999922e+01 
9.999921e+01 
9.999920e+01 
9.999920e+01 
9.999919e+01 
9.999919e+01 
9.999919e+01 
9.999919e+01 
9.999919e+01 
9.999919e+01 
9.999919e+01 
9.999919e+01 
9.999919e+01 
9.999919e+01 
9.999918e+01 
9.999918e+01 
9.999918e+01 
9.999918e+01 
9.999919e+01 
9.999919e+01 
9.999919e+01 
9.999919e+01 
9.999919e+01 
9.999919e+01 
9.999919e+01 
9.999919e+01 
9.999919e+01 
9.999919e+01 
9.999920e+01 
9.999920e+01 
9.999921e+01 
9.999922e+01 
9.999923e+01 
9.999925e+01 
9.999928e+01 
9.999933e+01 
9.999939e+01 
9.999947e+01 
9.999957e+01 
9.999968e+01 
9.999979e+01 
9.999988e+01 
9.999993e+01 
9.999996e+01 
9.999997e+01 
9.999998e+01 
9.999999e+01 
1.000000e+02 
1.000000e+02 

1.000000e+02 
1.000000e+02 
9.999999e+01 
9.999997e+01 
9.999997e+01 
9.999997e+01 
9.999997e+01 
9.999992e+01 
9.999979e+01 
9.999958e+01 
9.999932e+01 
9.999905e+01 
9.999881e+01 
9.999862e+01 
9.999848e+01 
9.999838e+01 
9.999831e+01 
9.999826e+01 
9.999822e+01 
9.999820e+01 
9.999818e+01 
9.999817e+01 
9.999816e+01 
9.999816e+01 
9.999815e+01 
9.999815e+01 
9.999814e+01 
9.999814e+01 
9.999814e+01 
9.999814e+01 
9.999814e+01 
9.999813e+01 
9.999813e+01 
9.999813e+01 
9.999813e+01 
9.999814e+01 
9.999814e+01 
9.999814e+01 
9.999814e+01 
9.999814e+01 
9.999815e+01 
9.999815e+01 
9.999816e+01 
9.999816e+01 
9.999817e+01 
9.999818e+01 
9.999820e+01 
9.999822e+01 
9.999826e+01 
9.999831e+01 
9.999838e+01 
9.999848e+01 
9.999862e+01 
9.999881e+01 
9.999905e+01 
9.999932e+01 
9.999958e+01 
9.999979e+01 
9.999992e+01 
9.999997e+01 
9.999997e+01 
9.999997e+01 
9.999997e+01 
9.999999e+01 
1.000000e+02 
1.000000e+02 

1.000000e+02 
1.000000e+02 
9.999999e+01 
9.999997e+01 
9.999997e+01 
9.999999e+01 
1.000000e+02 
1.000001e+02 
9.999998e+01 
9.999970e+01 
9.999922e+01 
9.999863e+01 
9.999804e+01 
9.999752e+01 
9.999710e+01 
9.999679e+01 
9.999656e+01 
9.999640e+01 
9.999628e+01 
9.999620e+01 
9.999615e+01 
9.999611e+01 
9.999608e+01 
9.999606e+01 
9.999605e+01 
9.999603e+01 
9.999602e+01 
9.999601e+01 
9.999600e+01 
9.999599e+01 
9.999599e+01 
9.999599e+01 
9.999598e+01 
9.999598e+01 
9.999599e+01 
9.999599e+01 
9.999599e+01 
9.999600e+01 
9.999601e+01 
9.999602e+01 
9.999603e+01 
9.999605e+01 
9.999606e+01 
9.999608e+01 
9.999611e+01 
9.999615e+01 
9.999620e+01 
9.999628e+01 
9.999640e+01 
9.999656e+01 
9.999679e+01 
9.999710e+01 
9.999752e+01 
9.999804e+01 
9.999863e+01 
9.999922e+01 
9.999970e+01 
9.999998e+01 
1.000001e+02 
1.000000e+02 
9.999999e+01 
9.999997e+01 
9.999997e+01 
9.999999e+01 
1.000000e+02 
1.000000e+02 

1.000000e+02 
1.000000e+02 
9.999998e+01 
9.999997e+01 
9.999997e+01 
1.000000e+02 
1.000001e+02 
1.000003e+02 
1.000004e+02 
1.000002e+02 
9.999960e+01 
9.999858e+01 
9.999734e+01 
9.999610e+01 
9.999500e+01 
9.999412e+01 
9.999346e+01 
9.999297e+01 
9.999262e+01 
9.999238e+01 
9.999220e+01 
9.999208e+01 
9.999199e+01 
9.999193e+01 
9.999188e+01 
9.999184e+01 
9.999180e+01 
9.999176e+01 
9.999173e+01 
9.999171e+01 
9.999169e+01 
9.999168e+01 
9.999168e+01 
9.999168e+01 
9.999168e+01 
9.999169e+01 
9.999171e+01 
9.999173e+01 
9.999176e+01 
9.999180e+01 
9.999184e+01 
9.999188e+01 
9.999193e+01 
9.999199e+01 
9.999208e+01 
9.999220e+01 
9.999238e+01 
9.999262e+01 
9.999297e+01 
9.999346e+01 
9.999412e+01 
9.999500e+01 
9.999610e+01 
9.999734e+01 
9.999858e+01 
9.999960e+01 
1.000002e+02 
1.000004e+02 
1.000003e+02 
1.000001e+02 
1.000000e+02 
9.999997e+01 
9.999997e+01 
9.999998e+01 
1.000000e+02 
1.000000e+02 

1.000000e+02 
1.000000e+02 
9.999998e+01 
9.999997e+01 
9.999997e+01 
1.000000e+02 
1.000003e+02 
1.000006e+02 
1.000010e+02 
1.000012e+02 
1.000008e+02 
9.999951e+01 
9.999743e+01 
9.999493e+01 
9.999242e+01 
9.999021e+01 
9.998842e+01 
9.998706e+01 
9.998606e+01 
9.998533e+01 
9.998481e+01 
9.998444e+01 
9.998417e+01 
9.998398e+01 
9.998382e+01 
9.998369e+01 
9.998356e+01 
9.998346e+01 
9.998337e+01 
9.998330e+01 
9.998325e+01 
9.998321e+01 
9.998319e+01 
9.998319e+01 
9.998321e+01 
9.998325e+01 
9.998330e+01 
9.998337e+01 
9.998346e+01 
9.998356e+01 
9.998369e+01 
9.998382e+01 
9.998398e+01 
9.998417e+01 
9.998444e+01 
9.998481e+01 
9.998533e+01 
9.998606e+01 
9.998706e+01 
9.998842e+01 
9.999021e+01 
9.999242e+01 
9.999493e+01 
9.999743e+01 
9.999951e+01 
1.000008e+02 
1.000012e+02 
1.000010e+02 
1.000006e+02 
1.000003e+02 
1.000000e+02 
9.999997e+01 
9.999997e+01 
9.999998e+01 
1.000000e+02 
1.000000e+02 

1.000000e+02 
1.000000e+02 
9.999998e+01 
9.999996e+01 
9.999997e+01 
1.000001e+02 
1.000004e+02 
1.000009e+02 
1.000018e+02 
1.000027e+02 
1.000030e+02 
1.000021e+02 
9.999945e+01 
9.999536e+01 
9.999048e+01 
9.998560e+01 
9.998129e+01 
9.997779e+01 
9.997509e+01 
9.997308e+01 
9.997161e+01 
9.997054e+01 
9.996977e+01 
9.996921e+01 
9.996875e+01 
9.996834e+01 
9.996798e+01 
9.996767e+01 
9.996741e+01 
9.996719e+01 
9.996703e+01 
9.996693e+01 
9.996687e+01 
9.996687e+01 
9.996693e+01 
9.996703e+01 
9.996719e+01 
9.996741e+01 
9.996767e+01 
9.996798e+01 
9.996834e+01 
9.996875e+01 
9.996921e+01 
9.996977e+01 
9.997054e+01 
9.997161e+01 
9.997308e+01 
9.997509e+01 
9.997779e+01 
9.998129e+01 
9.998560e+01 
9.999048e+01 
9.999536e+01 
9.999945e+01 
1.000021e+02 
1.000030e+02 
1.000027e+02 
1.000018e+02 
1.000009e+02 
1.000004e+02 
1.000001e+02 
9.999997e+01 
9.999996e+01 
9.999998e+01 
1.000000e+02 
1.000000e+02 

1.000000e+02 
1.000000e+02 
9.999998e+01 
9.999996e+01 
9.999997e+01 
1.000001e+02 
1.000004e+02 
1.000012e+02 
1.000025e+02 
1.000042e+02 
1.000059e+02 
1.000064e+02 
1.000045e+02 
9.999945e+01 
9.999169e+01 
9.998251e+01 
9.997336e+01 
9.996524e+01 
9.995858e+01 
9.995339e+01 
9.994948e+01 
9.994658e+01 
9.994444e+01 
9.994287e+01 
9.994160e+01 
9.994044e+01 
9.993941e+01 
9.993851e+01 
9.993776e+01 
9.993714e+01 
9.993668e+01 
9.993637e+01 
9.993621e+01 
9.993621e+01 
9.993637e+01 
9.993668e+01 
9.993714e+01 
9.993776e+01 
9.993851e+01 
9.993941e+01 
9.994044e+01 
9.994160e+01 
9.994287e+01 
9.994444e+01 
9.994658e+01 
9.994948e+01 
9.995339e+01 
9.995858e+01 
9.996524e+01 
9.997336e+01 
9.998251e+01 
9.999169e+01 
9.999945e+01 
1.000045e+02 
1.000064e+02 
1.000059e+02 
1.000042e+02 
1.000025e+02 
1.000012e+02 
1.000004e+02 
1.000001e+02 
9.999997e+01 
9.999996e+01 
9.999998e+01 
1.000000e+02 
1.000000e+02 

1.000000e+02 
1.000000e+02 
9.999998e+01 
9.999996e+01 
9.999998e+01 
1.000001e+02 
1.000005e+02 
1.000014e+02 
1.000031e+02 
1.000058e+02 
1.000092e+02 
1.000122e+02 
1.000129e+02 
1.000091e+02 
9.999962e+01 
9.998541e+01 
9.996876e+01 
9.995215e+01 
9.993730e+01 
9.992499e+01 
9.991529e+01 
9.990788e+01 
9.990230e+01 
9.989813e+01 
9.989470e+01 
9.989156e+01 
9.988873e+01 
9.988626e+01 
9.988415e+01 
9.988244e+01 
9.988114e+01 
9.988026e+01 
9.987982e+01 
9.987982e+01 
9.988026e+01 
9.988114e+01 
9.988244e+01 
9.988415e+01 
9.988626e+01 
9.988873e+01 
9.989156e+01 
9.989470e+01 
9.989813e+01 
9.990230e+01 
9.990788e+01 
9.991529e+01 
9.992499e+01 
9.993730e+01 
9.995215e+01 
9.996876e+01 
9.998541e+01 
9.999962e+01 
1.000091e+02 
1.000129e+02 
1.000122e+02 
1.000092e+02 
1.000058e+02 
1.000031e+02 
1.000014e+02 
1.000005e+02 
1.000001e+02 
9.999998e+01 
9.999996e+01 
9.999998e+01 
1.000000e+02 
1.000000e+02 

1.000000e+02 
1.000000e+02 
9.999998e+01 
9.999996e+01 
9.999998e+01 
1.000001e+02 
1.000005e+02 
1.000016e+02 
1.000036e+02 
1.000071e+02 
1.000122e+02 
1.000185e+02 
1.000238e+02 
1.000245e+02 
1.000172e+02 
1.000002e+02 
9.997520e+01 
9.994606e+01 
9.991690e+01 
9.989065e+01 
9.986867e+01 
9.985112e+01 
9.983748e+01 
9.982706e+01 
9.981833e+01 
9.981022e+01 
9.980283e+01 
9.979628e+01 
9.979066e+01 
9.978605e+01 
9.978253e+01 
9.978015e+01 
9.977895e+01 
9.977895e+01 
9.978015e+01 
9.978253e+01 
9.978605e+01 
9.979066e+01 
9.979628e+01 
9.980283e+01 
9.981022e+01 
9.981833e+01 
9.982706e+01 
9.983748e+01 
9.985112e+01 
9.986867e+01 
9.989065e+01 
9.991690e+01 
9.994606e+01 
9.997520e+01 
1.000002e+02 
1.000172e+02 
1.000245e+02 
1.000238e+02 
1.000185e+02 
1.000122e+02 
1.000071e+02 
1.000036e+02 
1.000016e+02 
1.000005e+02 
1.000001e+02 
9.999998e+01 
9.999996e+01 
9.999998e+01 
1.000000e+02 
1.000000e+02 

1.000000e+02 
1.000000e+02 
9.999998e+01 
9.999996e+01 
9.999998e+01 
1.000001e+02 
1.000006e+02 
1.000017e+02 
1.000039e+02 
1.000081e+02 
1.000149e+02 
1.000245e+02 
1.000355e+02 
1.000443e+02 
1.000448e+02 
1.000314e+02 
1.000020e+02 
9.995960e+01 
9.991055e+01 
9.986138e+01 
9.981680e+01 
9.977904e+01 
9.974841e+01 
9.972426e+01 
9.970351e+01 
9.968384e+01 
9.966559e+01 
9.964915e+01 
9.963484e+01 
9.962298e+01 
9.961384e+01 
9.960762e+01 
9.960448e+01 
9.960448e+01 
9.960762e+01 
9.961384e+01 
9.962298e+01 
9.963484e+01 
9.964915e+01 
9.966559e+01 
9.968384e+01 
9.970351e+01 
9.972426e+01 
9.974841e+01 
9.977904e+01 
9.981680e+01 
9.986138e+01 
9.991055e+01 
9.995960e+01 
1.000020e+02 
1.000314e+02 
1.000448e+02 
1.000443e+02 
1.000355e+02 
1.000245e+02 
1.000149e+02 
1.000081e+02 
1.000039e+02 
1.000017e+02 
1.000006e+02 
1.000001e+02 
9.999998e+01 
9.999996e+01 
9.999998e+01 
1.000000e+02 
1.000000e+02 

1.000000e+02 
1.000000e+02 
9.999998e+01 
9.999996e+01 
9.999998e+01 
1.000001e+02 
1.000006e+02 
1.000018e+02 
1.000042e+02 
1.000089e+02 
1.000170e+02 
1.000296e+02 
1.000467e+02 
1.000655e+02 
1.000793e+02 
1.000786e+02 
1.000550e+02 
1.000062e+02 
9.993749e+01 
9.985854e+01 
9.977939e+01 
9.970709e+01 
9.964506e+01 
9.959402e+01 
9.954873e+01 
9.950454e+01 
9.946254e+01 
9.942381e+01 
9.938948e+01 
9.936057e+01 
9.933800e+01 
9.932251e+01 
9.931463e+01 
9.931463e+01 
9.932251e+01 
9.933800e+01 
9.936057e+01 
9.938948e+01 
9.942381e+01 
9.946254e+01 
9.950454e+01 
9.954873e+01 
9.959402e+01 
9.964506e+01 
9.970709e+01 
9.977939e+01 
9.985854e+01 
9.993749e+01 
1.000062e+02 
1.000550e+02 
1.000786e+02 
1.000793e+02 
1.000655e+02 
1.000467e+02 
1.000296e+02 
1.000170e+02 
1.000089e+02 
1.000042e+02 
1.000018e+02 
1.000006e+02 
1.000001e+02 
9.999998e+01 
9.999996e+01 
9.999998e+01 
1.000000e+02 
1.000000e+02 

1.000000e+02 
1.000000e+02 
9.999998e+01 
9.999996e+01 
9.999998e+01 
1.000001e+02 
1.000006e+02 
1.000018e+02 
1.000044e+02 
1.000094e+02 
1.000185e+02 
1.000337e+02 
1.000562e+02 
1.000855e+02 
1.001161e+02 
1.001367e+02 
1.001326e+02 
1.000929e+02 
1.000156e+02 
9.990930e+01 
9.978853e+01 
9.966747e+01 
9.955603e+01 
9.945936e+01 
9.936981e+01 
9.927921e+01 
9.919016e+01 
9.910559e+01 
9.902865e+01 
9.896244e+01 
9.890986e+01 
9.887334e+01 
9.885462e+01 
9.885462e+01 
9.887334e+01 
9.890986e+01 
9.896244e+01 
9.902865e+01 
9.910559e+01 
9.919016e+01 
9.927921e+01 
9.936981e+01 
9.945936e+01 
9.955603e+01 
9.966747e+01 
9.978853e+01 
9.990930e+01 
1.000156e+02 
1.000929e+02 
1.001326e+02 
1.001367e+02 
1.001161e+02 
1.000855e+02 
1.000562e+02 
1.000337e+02 
1.000185e+02 
1.000094e+02 
1.000044e+02 
1.000018e+02 
1.000006e+02 
1.000001e+02 
9.999998e+01 
9.999996e+01 
9.999998e+01 
1.000000e+02 
1.000000e+02 

1.000000e+02 
1.000000e+02 
9.999998e+01 
9.999996e+01 
9.999998e+01 
1.000001e+02 
1.000006e+02 
1.000019e+02 
1.000045e+02 
1.000098e+02 
1.000197e+02 
1.000367e+02 
1.000639e+02 
1.001028e+02 
1.001508e+02 
1.001980e+02 
1.002262e+02 
1.002151e+02 
1.001512e+02 
1.000346e+02 
9.987867e+01 
9.970373e+01 
9.952853e+01 
9.936646e+01 
9.920827e+01 
9.904080e+01 
9.886911e+01 
9.869977e+01 
9.854045e+01 
9.839946e+01 
9.828495e+01 
9.820410e+01 
9.816224e+01 
9.816224e+01 
9.820410e+01 
9.828495e+01 
9.839946e+01 
9.854045e+01 
9.869977e+01 
9.886911e+01 
9.904080e+01 
9.920827e+01 
9.936646e+01 
9.952853e+01 
9.970373e+01 
9.987867e+01 
1.000346e+02 
1.001512e+02 
1.002151e+02 
1.002262e+02 
1.001980e+02 
1.001508e+02 
1.001028e+02 
1.000639e+02 
1.000367e+02 
1.000197e+02 
1.000098e+02 
1.000045e+02 
1.000019e+02 
1.000006e+02 
1.000001e+02 
9.999998e+01 
9.999996e+01 
9.999998e+01 
1.000000e+02 
1.000000e+02 

1.000000e+02 
1.000000e+02 
9.999998e+01 
9.999996e+01 
9.999998e+01 
1.000001e+02 
1.000006e+02 
1.000019e+02 
1.000046e+02 
1.000101e+02 
1.000205e+02 
1.000390e+02 
1.000698e+02 
1.001167e+02 
1.001809e+02 
1.002558e+02 
1.003238e+02 
1.003587e+02 
1.003344e+02 
1.002365e+02 
1.000696e+02 
9.985349e+01 
9.961431e+01 
9.937584e+01 
9.912839e+01 
9.885190e+01 
9.855384e+01 
9.824600e+01 
9.794429e+01 
9.766782e+01 
9.743689e+01 
9.727046e+01 
9.718321e+01 
9.718321e+01 
9.727046e+01 
9.743689e+01 
9.766782e+01 
9.794429e+01 
9.824600e+01 
9.855384e+01 
9.885190e+01 
9.912839e+01 
9.937584e+01 
9.961431e+01 
9.985349e+01 
1.000696e+02 
1.002365e+02 
1.003344e+02 
1.003587e+02 
1.003238e+02 
1.002558e+02 
1.001809e+02 
1.001167e+02 
1.000698e+02 
1.000390e+02 
1.000205e+02 
1.000101e+02 
1.000046e+02 
1.000019e+02 
1.000006e+02 
1.000001e+02 
9.999998e+01 
9.999996e+01 
9.999998e+01 
1.000000e+02 
1.000000e+02 

1.000000e+02 
1.000000e+02 
9.999998e+01 
9.999996e+01 
9.999998e+01 
1.000001e+02 
1.000006e+02 
1.000019e+02 
1.000047e+02 
1.000103e+02 
1.000211e+02 
1.000407e+02 
1.000741e+02 
1.001276e+02 
1.002055e+02 
1.003060e+02 
1.004154e+02 
1.005062e+02 
1.005432e+02 
1.004963e+02 
1.003542e+02 
1.001281e+02 
9.984529e+01 
9.953781e+01 
9.919578e+01 
9.878948e+01 
9.832561e+01 
9.782043e+01 
9.730125e+01 
9.680561e+01 
9.637767e+01 
9.606161e+01 
9.589343e+01 
9.589343e+01 
9.606161e+01 
9.637767e+01 
9.680561e+01 
9.730125e+01 
9.782043e+01 
9.832561e+01 
9.878948e+01 
9.919578e+01 
9.953781e+01 
9.984529e+01 
1.001281e+02 
1.003542e+02 
1.004963e+02 
1.005432e+02 
1.005062e+02 
1.004154e+02 
1.003060e+02 
1.002055e+02 
1.001276e+02 
1.000741e+02 
1.000407e+02 
1.000211e+02 
1.000103e+02 
1.000047e+02 
1.000019e+02 
1.000006e+02 
1.000001e+02 
9.999998e+01 
9.999996e+01 
9.999998e+01 
1.000000e+02 
1.000000e+02 

1.000000e+02 
1.000000e+02 
9.999998e+01 
9.999996e+01 
9.999998e+01 
1.000001e+02 
1.000006e+02 
1.000019e+02 
1.000047e+02 
1.000104e+02 
1.000215e+02 
1.000419e+02 
1.000774e+02 
1.001357e+02 
1.002247e+02 
1.003473e+02 
1.004953e+02 
1.006439e+02 
1.007540e+02 
1.007830e+02 
1.007018e+02 
1.005063e+02 
1.002166e+02 
9.986762e+01 
9.944776e+01 
9.891413e+01 
9.826527e+01 
9.751623e+01 
9.670478e+01 
9.589396e+01 
9.516737e+01 
9.461580e+01 
9.431734e+01 
9.431734e+01 
9.461580e+01 
9.516737e+01 
9.589396e+01 
9.670478e+01 
9.751623e+01 
9.826527e+01 
9.891413e+01 
9.944776e+01 
9.986762e+01 
1.002166e+02 
1.005063e+02 
1.007018e+02 
1.007830e+02 
1.007540e+02 
1.006439e+02 
1.004953e+02 
1.003473e+02 
1.002247e+02 
1.001357e+02 
1.000774e+02 
1.000419e+02 
1.000215e+02 
1.000104e+02 
1.000047e+02 
1.000019e+02 
1.000006e+02 
1.000001e+02 
9.999998e+01 
9.999996e+01 
9.999998e+01 
1.000000e+02 
1.000000e+02 

1.000000e+02 
1.000000e+02 
9.999998e+01 
9.999996e+01 
9.999998e+01 
1.000001e+02 
1.000006e+02 
1.000019e+02 
1.000047e+02 
1.000105e+02 
1.000218e+02 
1.000428e+02 
1.000797e+02 
1.001418e+02 
1.002394e+02 
1.003801e+02 
1.005614e+02 
1.007642e+02 
1.009496e+02 
1.010673e+02 
1.010730e+02 
1.009448e+02 
1.006899e+02 
1.003387e+02 
9.987626e+01 
9.924343e+01 
9.842047e+01 
9.740986e+01 
9.625201e+01 
9.503732e+01 
9.390475e+01 
9.301945e+01 
9.253176e+01 
9.253176e+01 
9.301945e+01 
9.390475e+01 
9.503732e+01 
9.625201e+01 
9.740986e+01 
9.842047e+01 
9.924343e+01 
9.987626e+01 
1.003387e+02 
1.006899e+02 
1.009448e+02 
1.010730e+02 
1.010673e+02 
1.009496e+02 
1.007642e+02 
1.005614e+02 
1.003801e+02 
1.002394e+02 
1.001418e+02 
1.000797e+02 
1.000428e+02 
1.000218e+02 
1.000105e+02 
1.000047e+02 
1.000019e+02 
1.000006e+02 
1.000001e+02 
9.999998e+01 
9.999996e+01 
9.999998e+01 
1.000000e+02 
1.000000e+02 

1.000000e+02 
1.000000e+02 
9.999998e+01 
9.999996e+01 
9.999998e+01 
1.000001e+02 
1.000006e+02 
1.000019e+02 
1.000048e+02 
1.000106e+02 
1.000220e+02 
1.000434e+02 
1.000815e+02 
1.001464e+02 
1.002506e+02 
1.004055e+02 
1.006145e+02 
1.008644e+02 
1.011201e+02 
1.013283e+02 
1.014331e+02 
1.013967e+02 
1.012106e+02 
1.008959e+02 
1.004330e+02 
9.974583e+01 
9.878713e+01 
9.753268e+01 
9.601077e+01 
9.433262e+01 
9.270330e+01 
9.139135e+01 
9.065554e+01 
9.065554e+01 
9.139135e+01 
9.270330e+01 
9.433262e+01 
9.601077e+01 
9.753268e+01 
9.878713e+01 
9.974583e+01 
1.004330e+02 
1.008959e+02 
1.012106e+02 
1.013967e+02 
1.014331e+02 
1.013283e+02 
1.011201e+02 
1.008644e+02 
1.006145e+02 
1.004055e+02 
1.002506e+02 
1.001464e+02 
1.000815e+02 
1.000434e+02 
1.000220e+02 
1.000106e+02 
1.000048e+02 
1.000019e+02 
1.000006e+02 
1.000001e+02 
9.999998e+01 
9.999996e+01 
9.999998e+01 
1.000000e+02 
1.000000e+02 

1.000000e+02 
1.000000e+02 
9.999998e+01 
9.999996e+01 
9.999998e+01 
1.000001e+02 
1.000006e+02 
1.000019e+02 
1.000048e+02 
1.000107e+02 
1.000222e+02 
1.000439e+02 
1.000829e+02 
1.001501e+02 
1.002598e+02 
1.004270e+02 
1.006606e+02 
1.009543e+02 
1.012789e+02 
1.015815e+02 
1.017990e+02 
1.018788e+02 
1.017961e+02 
1.015582e+02 
1.011410e+02 
1.004521e+02 
9.940672e+01 
9.793535e+01 
9.602978e+01 
9.380519e+01 
9.154208e+01 
8.965716e+01 
8.857801e+01 
8.857801e+01 
8.965716e+01 
9.154208e+01 
9.380519e+01 
9.602978e+01 
9.793535e+01 
9.940672e+01 
1.004521e+02 
1.011410e+02 
1.015582e+02 
1.017961e+02 
1.018788e+02 
1.017990e+02 
1.015815e+02 
1.012789e+02 
1.009543e+02 
1.006606e+02 
1.004270e+02 
1.002598e+02 
1.001501e+02 
1.000829e+02 
1.000439e+02 
1.000222e+02 
1.000107e+02 
1.000048e+02 
1.000019e+02 
1.000006e+02 
1.000001e+02 
9.999998e+01 
9.999996e+01 
9.999998e+01 
1.000000e+02 
1.000000e+02 

1.000000e+02 
1.000000e+02 
9.999998e+01 
9.999996e+01 
9.999998e+01 
1.000001e+02 
1.000006e+02 
1.000019e+02 
1.000048e+02 
1.000107e+02 
1.000224e+02 
1.000443e+02 
1.000841e+02 
1.001534e+02 
1.002684e+02 
1.004472e+02 
1.007048e+02 
1.010427e+02 
1.014398e+02 
1.018471e+02 
1.021974e+02 
1.024251e+02 
1.024877e+02 
1.023755e+02 
1.020608e+02 
1.014373e+02 
1.003729e+02 
9.872886e+01 
9.642201e+01 
9.353667e+01 
9.043479e+01 
8.774408e+01 
8.616846e+01 
8.616846e+01 
8.774408e+01 
9.043479e+01 
9.353667e+01 
9.642201e+01 
9.872886e+01 
1.003729e+02 
1.014373e+02 
1.020608e+02 
1.023755e+02 
1.024877e+02 
1.024251e+02 
1.021974e+02 
1.018471e+02 
1.014398e+02 
1.010427e+02 
1.007048e+02 
1.004472e+02 
1.002684e+02 
1.001534e+02 
1.000841e+02 
1.000443e+02 
1.000224e+02 
1.000107e+02 
1.000048e+02 
1.000019e+02 
1.000006e+02 
1.000001e+02 
9.999998e+01 
9.999996e+01 
9.999998e+01 
1.000000e+02 
1.000000e+02 

1.000000e+02 
1.000000e+02 
9.999998e+01 
9.999996e+01 
9.999998e+01 
1.000001e+02 
1.000006e+02 
1.000019e+02 
1.000048e+02 
1.000108e+02 
1.000225e+02 
1.000447e+02 
1.000853e+02 
1.001565e+02 
1.002761e+02 
1.004658e+02 
1.007461e+02 
1.011274e+02 
1.015982e+02 
1.021168e+02 
1.026155e+02 
1.030191e+02 
1.032678e+02 
1.033322e+02 
1.031849e+02 
1.027124e+02 
1.017313e+02 
1.000117e+02 
9.734634e+01 
9.372977e+01 
8.958800e+01 
8.585261e+01 
8.360866e+01 
8.360866e+01 
8.585261e+01 
8.958800e+01 
9.372977e+01 
9.734634e+01 
1.000117e+02 
1.017313e+02 
1.027124e+02 
1.031849e+02 
1.033322e+02 
1.032678e+02 
1.030191e+02 
1.026155e+02 
1.021168e+02 
1.015982e+02 
1.011274e+02 
1.007461e+02 
1.004658e+02 
1.002761e+02 
1.001565e+02 
1.000853e+02 
1.000447e+02 
1.000225e+02 
1.000108e+02 
1.000048e+02 
1.000019e+02 
1.000006e+02 
1.000001e+02 
9.999998e+01 
9.999996e+01 
9.999998e+01 
1.000000e+02 
1.000000e+02 

1.000000e+02 
1.000000e+02 
9.999998e+01 
9.999996e+01 
9.999998e+01 
1.000001e+02 
1.000006e+02 
1.000019e+02 
1.000048e+02 
1.000108e+02 
1.000226e+02 
1.000451e+02 
1.000862e+02 
1.001591e+02 
1.002829e+02 
1.004824e+02 
1.007837e+02 
1.012060e+02 
1.017488e+02 
1.023802e+02 
1.030361e+02 
1.036349e+02 
1.041018e+02 
1.043872e+02 
1.044678e+02 
1.042340e+02 
1.034548e+02 
1.017967e+02 
9.887898e+01 
9.452927e+01 
8.923963e+01 
8.425550e+01 
8.121784e+01 
8.121784e+01 
8.425550e+01 
8.923963e+01 
9.452927e+01 
9.887898e+01 
1.017967e+02 
1.034548e+02 
1.042340e+02 
1.044678e+02 
1.043872e+02 
1.041018e+02 
1.036349e+02 
1.030361e+02 
1.023802e+02 
1.017488e+02 
1.012060e+02 
1.007837e+02 
1.004824e+02 
1.002829e+02 
1.001591e+02 
1.000862e+02 
1.000451e+02 
1.000226e+02 
1.000108e+02 
1.000048e+02 
1.000019e+02 
1.000006e+02 
1.000001e+02 
9.999998e+01 
9.999996e+01 
9.999998e+01 
1.000000e+02 
1.000000e+02 

1.000000e+02 
1.000000e+02 
9.999998e+01 
9.999996e+01 
9.999998e+01 
1.000001e+02 
1.000006e+02 
1.000019e+02 
1.000048e+02 
1.000108e+02 
1.000227e+02 
1.000454e+02 
1.000871e+02 
1.001614e+02 
1.002888e+02 
1.004967e+02 
1.008166e+02 
1.012760e+02 
1.018859e+02 
1.026258e+02 
1.034379e+02 
1.042384e+02 
1.049395e+02 
1.054727e+02 
1.058228e+02 
1.058938e+02 
1.054151e+02 
1.039517e+02 
1.009056e+02 
9.591998e+01 
8.946089e+01 
8.320372e+01 
7.931674e+01 
7.931674e+01 
8.320372e+01 
8.946089e+01 
9.591998e+01 
1.009056e+02 
1.039517e+02 
1.054151e+02 
1.058938e+02 
1.058228e+02 
1.054727e+02 
1.049395e+02 
1.042384e+02 
1.034379e+02 
1.026258e+02 
1.018859e+02 
1.012760e+02 
1.008166e+02 
1.004967e+02 
1.002888e+02 
1.001614e+02 
1.000871e+02 
1.000454e+02 
1.000227e+02 
1.000108e+02 
1.000048e+02 
1.000019e+02 
1.000006e+02 
1.000001e+02 
9.999998e+01 
9.999996e+01 
9.999998e+01 
1.000000e+02 
1.000000e+02 

1.000000e+02 
1.000000e+02 
9.999998e+01 
9.999996e+01 
9.999998e+01 
1.000001e+02 
1.000006e+02 
1.000019e+02 
1.000048e+02 
1.000109e+02 
1.000228e+02 
1.000456e+02 
1.000877e+02 
1.001632e+02 
1.002935e+02 
1.005085e+02 
1.008441e+02 
1.013353e+02 
1.020040e+02 
1.028413e+02 
1.037977e+02 
1.047896e+02 
1.057197e+02 
1.065015e+02 
1.071302e+02 
1.075284e+02 
1.073928e+02 
1.061949e+02 
1.031190e+02 
9.762419e+01 
9.012321e+01 
8.271589e+01 
7.805285e+01 
7.805285e+01 
8.271589e+01 
9.012321e+01 
9.762419e+01 
1.031190e+02 
1.061949e+02 
1.073928e+02 
1.075284e+02 
1.071302e+02 
1.065015e+02 
1.057197e+02 
1.047896e+02 
1.037977e+02 
1.028413e+02 
1.020040e+02 
1.013353e+02 
1.008441e+02 
1.005085e+02 
1.002935e+02 
1.001632e+02 
1.000877e+02 
1.000456e+02 
1.000228e+02 
1.000109e+02 
1.000048e+02 
1.000019e+02 
1.000006e+02 
1.000001e+02 
9.999998e+01 
9.999996e+01 
9.999998e+01 
1.000000e+02 
1.000000e+02 

1.000000e+02 
1.000000e+02 
9.999998e+01 
9.999996e+01 
9.999998e+01 
1.000001e+02 
1.000006e+02 
1.000019e+02 
1.000048e+02 
1.000109e+02 
1.000229e+02 
1.000458e+02 
1.000882e+02 
1.001646e+02 
1.002972e+02 
1.005176e+02 
1.008653e+02 
1.013818e+02 
1.020978e+02 
1.030150e+02 
1.040924e+02 
1.052479e+02 
1.063773e+02 
1.073791e+02 
1.082577e+02 
1.089528e+02 
1.091323e+02 
1.081835e+02 
1.051210e+02 
9.922364e+01 
9.092811e+01 
8.259717e+01 
7.734412e+01 
7.734412e+01 
8.259717e+01 
9.092811e+01 
9.922364e+01 
1.051210e+02 
1.081835e+02 
1.091323e+02 
1.089528e+02 
1.082577e+02 
1.073791e+02 
1.063773e+02 
1.052479e+02 
1.040924e+02 
1.030150e+02 
1.020978e+02 
1.013818e+02 
1.008653e+02 
1.005176e+02 
1.002972e+02 
1.001646e+02 
1.000882e+02 
1.000458e+02 
1.000229e+02 
1.000109e+02 
1.000048e+02 
1.000019e+02 
1.000006e+02 
1.000001e+02 
9.999998e+01 
9.999996e+01 
9.999998e+01 
1.000000e+02 
1.000000e+02 

1.000000e+02 
1.000000e+02 
9.999998e+01 
9.999996e+01 
9.999998e+01 
1.000001e+02 
1.000006e+02 
1.000019e+02 
1.000049e+02 
1.000109e+02 
1.000229e+02 
1.000459e+02 
1.000886e+02 
1.001655e+02 
1.002996e+02 
1.005237e+02 
1.008798e+02 
1.014138e+02 
1.021629e+02 
1.031370e+02 
1.043017e+02 
1.055768e+02 
1.068535e+02 
1.080191e+02 
1.090845e+02 
1.100009e+02 
1.104113e+02 
1.096366e+02 
1.065764e+02 
1.003974e+02 
9.155350e+01 
8.262355e+01 
7.698303e+01 
7.698303e+01 
8.262355e+01 
9.155350e+01 
1.003974e+02 
1.065764e+02 
1.096366e+02 
1.104113e+02 
1.100009e+02 
1.090845e+02 
1.080191e+02 
1.068535e+02 
1.055768e+02 
1.043017e+02 
1.031370e+02 
1.021629e+02 
1.014138e+02 
1.008798e+02 
1.005237e+02 
1.002996e+02 
1.001655e+02 
1.000886e+02 
1.000459e+02 
1.000229e+02 
1.000109e+02 
1.000049e+02 
1.000019e+02 
1.000006e+02 
1.000001e+02 
9.999998e+01 
9.999996e+01 
9.999998e+01 
1.000000e+02 
1.000000e+02 

1.000000e+02 
1.000000e+02 
9.999998e+01 
9.999996e+01 
9.999998e+01 
1.000001e+02 
1.000006e+02 
1.000019e+02 
1.000049e+02 
1.000109e+02 
1.000229e+02 
1.000460e+02 
1.000887e+02 
1.001660e+02 
1.003008e+02 
1.005268e+02 
1.008872e+02 
1.014300e+02 
1.021963e+02 
1.032000e+02 
1.044103e+02 
1.057486e+02 
1.071035e+02 
1.083564e+02 
1.095213e+02 
1.105546e+02 
1.110839e+02 
1.103931e+02 
1.073231e+02 
1.009926e+02 
9.187436e+01 
8.264960e+01 
7.682485e+01 
7.682485e+01 
8.264960e+01 
9.187436e+01 
1.009926e+02 
1.073231e+02 
1.103931e+02 
1.110839e+02 
1.105546e+02 
1.095213e+02 
1.083564e+02 
1.071035e+02 
1.057486e+02 
1.044103e+02 
1.032000e+02 
1.021963e+02 
1.014300e+02 
1.008872e+02 
1.005268e+02 
1.003008e+02 
1.001660e+02 
1.000887e+02 
1.000460e+02 
1.000229e+02 
1.000109e+02 
1.000049e+02 
1.000019e+02 
1.000006e+02 
1.000001e+02 
9.999998e+01 
9.999996e+01 
9.999998e+01 
1.000000e+02 
1.000000e+02 

1.000000e+02 
1.000000e+02 
9.999998e+01 
9.999996e+01 
9.999998e+01 
1.000001e+02 
1.000006e+02 
1.000019e+02 
1.000049e+02 
1.000109e+02 
1.000229e+02 
1.000460e+02 
1.000887e+02 
1.001660e+02 
1.003008e+02 
1.005268e+02 
1.008872e+02 
1.014300e+02 
1.021963e+02 
1.032000e+02 
1.044103e+02 
1.057486e+02 
1.071035e+02 
1.083564e+02 
1.095213e+02 
1.105546e+02 
1.110839e+02 
1.103931e+02 
1.073231e+02 
1.009926e+02 
9.187436e+01 
8.264960e+01 
7.682485e+01 
7.682485e+01 
8.264960e+01 
9.187436e+01 
1.009926e+02 
1.073231e+02 
1.103931e+02 
1.110839e+02 
1.105546e+02 
1.095213e+02 
1.083564e+02 
1.071035e+02 
1.057486e+02 
1.044103e+02 
1.032000e+02 
1.021963e+02 
1.014300e+02 
1.008872e+02 
1.005268e+02 
1.003008e+02 
1.001660e+02 
1.000887e+02 
1.000460e+02 
1.000229e+02 
1.000109e+02 
1.000049e+02 
1.000019e+02 
1.000006e+02 
1.000001e+02 
9.999998e+01 
9.999996e+01 
9.999998e+01 
1.000000e+02 
1.000000e+02 

1.000000e+02 
1.000000e+02 
9.999998e+01 
9.999996e+01 
9.999998e+01 
1.000001e+02 
1.000006e+02 
1.000019e+02 
1.000049e+02 
1.000109e+02 
1.000229e+02 
1.000459e+02 
1.000886e+02 
1.001655e+02 
1.002996e+02 
1.005237e+02 
1.008798e+02 
1.014138e+02 
1.021629e+02 
1.031370e+02 
1.043017e+02 
1.055768e+02 
1.068535e+02 
1.080191e+02 
1.090845e+02 
1.100009e+02 
1.104113e+02 
1.096366e+02 
1.065764e+02 
1.003974e+02 
9.155350e+01 
8.262355e+01 
7.698303e+01 
7.698303e+01 
8.262355e+01 
9.155350e+01 
1.003974e+02 
1.065764e+02 
1.096366e+02 
1.104113e+02 
1.100009e+02 
1.090845e+02 
1.080191e+02 
1.068535e+02 
1.055768e+02 
1.043017e+02 
1.031370e+02 
1.021629e+02 
1.014138e+02 
1.008798e+02 
1.005237e+02 
1.002996e+02 
1.001655e+02 
1.000886e+02 
1.000459e+02 
1.000229e+02 
1.000109e+02 
1.000049e+02 
1.000019e+02 
1.000006e+02 
1.000001e+02 
9.999998e+01 
9.999996e+01 
9.999998e+01 
1.000000e+02 
1.000000e+02 

1.000000e+02 
1.000000e+02 
9.999998e+01 
9.999996e+01 
9.999998e+01 
1.000001e+02 
1.000006e+02 
1.000019e+02 
1.000048e+02 
1.000109e+02 
1.000229e+02 
1.000458e+02 
1.000882e+02 
1.001646e+02 
1.002972e+02 
1.005176e+02 
1.008653e+02 
1.013818e+02 
1.020978e+02 
1.030150e+02 
1.040924e+02 
1.052479e+02 
1.063773e+02 
1.073791e+02 
1.082577e+02 
1.089528e+02 
1.091323e+02 
1.081835e+02 
1.051210e+02 
9.922364e+01 
9.092811e+01 
8.259717e+01 
7.734412e+01 
7.734412e+01 
8.259717e+01 
9.092811e+01 
9.922364e+01 
1.051210e+02 
1.081835e+02 
1.091323e+02 
1.089528e+02 
1.082577e+02 
1.073791e+02 
1.063773e+02 
1.052479e+02 
1.040924e+02 
1.030150e+02 
1.020978e+02 
1.013818e+02 
1.008653e+02 
1.005176e+02 
1.002972e+02 
1.001646e+02 
1.000882e+02 
1.000458e+02 
1.000229e+02 
1.000109e+02 
1.000048e+02 
1.000019e+02 
1.000006e+02 
1.000001e+02 
9.999998e+01 
9.999996e+01 
9.999998e+01 
1.000000e+02 
1.000000e+02 

1.000000e+02 
1.000000e+02 
9.999998e+01 
9.999996e+01 
9.999998e+01 
1.000001e+02 
1.000006e+02 
1.000019e+02 
1.000048e+02 
1.000109e+02 
1.000228e+02 
1.000456e+02 
1.000877e+02 
1.001632e+02 
1.002935e+02 
1.005085e+02 
1.008441e+02 
1.013353e+02 
1.020040e+02 
1.028413e+02 
1.037977e+02 
1.047896e+02 
1.057197e+02 
1.065015e+02 
1.071302e+02 
1.075284e+02 
1.073928e+02 
1.061949e+02 
1.031190e+02 
9.762419e+01 
9.012321e+01 
8.271589e+01 
7.805285e+01 
7.805285e+01 
8.271589e+01 
9.012321e+01 
9.762419e+01 
1.031190e+02 
1.061949e+02 
1.073928e+02 
1.075284e+02 
1.071302e+02 
1.065015e+02 
1.057197e+02 
1.047896e+02 
1.037977e+02 
1.028413e+02 
1.020040e+02 
1.013353e+02 
1.008441e+02 
1.005085e+02 
1.002935e+02 
1.001632e+02 
1.000877e+02 
1.000456e+02 
1.000228e+02 
1.000109e+02 
1.000048e+02 
1.000019e+02 
1.000006e+02 
1.000001e+02 
9.999998e+01 
9.999996e+01 
9.999998e+01 
1.000000e+02 
1.000000e+02 

1.000000e+02 
1.000000e+02 
9.999998e+01 
9.999996e+01 
9.999998e+01 
1.000001e+02 
1.000006e+02 
1.000019e+02 
1.000048e+02 
1.000108e+02 
1.000227e+02 
1.000454e+02 
1.000871e+02 
1.001614e+02 
1.002888e+02 
1.004967e+02 
1.008166e+02 
1.012760e+02 
1.018859e+02 
1.026258e+02 
1.034379e+02 
1.042384e+02 
1.049395e+02 
1.054727e+02 
1.058228e+02 
1.058938e+02 
1.054151e+02 
1.039517e+02 
1.009056e+02 
9.591998e+01 
8.946089e+01 
8.320372e+01 
7.931674e+01 
7.931674e+01 
8.320372e+01 
8.946089e+01 
9.591998e+01 
1.009056e+02 
1.039517e+02 
1.054151e+02 
1.058938e+02 
1.058228e+02 
1.054727e+02 
1.049395e+02 
1.042384e+02 
1.034379e+02 
1.026258e+02 
1.018859e+02 
1.012760e+02 
1.008166e+02 
1.004967e+02 
1.002888e+02 
1.001614e+02 
1.000871e+02 
1.000454e+02 
1.000227e+02 
1.000108e+02 
1.000048e+02 
1.000019e+02 
1.000006e+02 
1.000001e+02 
9.999998e+01 
9.999996e+01 
9.999998e+01 
1.000000e+02 
1.000000e+02 

1.000000e+02 
1.000000e+02 
9.999998e+01 
9.999996e+01 
9.999998e+01 
1.000001e+02 
1.000006e+02 
1.000019e+02 
1.000048e+02 
1.000108e+02 
1.000226e+02 
1.000451e+02 
1.000862e+02 
1.001591e+02 
1.002829e+02 
1.004824e+02 
1.007837e+02 
1.012060e+02 
1.017488e+02 
1.023802e+02 
1.030361e+02 
1.036349e+02 
1.041018e+02 
1.043872e+02 
1.044678e+02 
1.042340e+02 
1.034548e+02 
1.017967e+02 
9.887898e+01 
9.452927e+01 
8.923963e+01 
8.425550e+01 
8.121784e+01 
8.121784e+01 
8.425550e+01 
8.923963e+01 
9.452927e+01 
9.887898e+01 
1.017967e+02 
1.034548e+02 
1.042340e+02 
1.044678e+02 
1.043872e+02 
1.041018e+02 
1.036349e+02 
1.030361e+02 
1.023802e+02 
1.017488e+02 
1.012060e+02 
1.007837e+02 
1.004824e+02 
1.002829e+02 
1.001591e+02 
1.000862e+02 
1.000451e+02 
1.000226e+02 
1.000108e+02 
1.000048e+02 
1.000019e+02 
1.000006e+02 
1.000001e+02 
9.999998e+01 
9.999996e+01 
9.999998e+01 
1.000000e+02 
1.000000e+02 

1.000000e+02 
1.000000e+02 
9.999998e+01 
9.999996e+01 
9.999998e+01 
1.000001e+02 
1.000006e+02 
1.000019e+02 
1.000048e+02 
1.000108e+02 
1.000225e+02 
1.000447e+02 
1.000853e+02 
1.001565e+02 
1.002761e+02 
1.004658e+02 
1.007461e+02 
1.011274e+02 
1.015982e+02 
1.021168e+02 
1.026155e+02 
1.030191e+02 
1.032678e+02 
1.033322e+02 
1.031849e+02 
1.027124e+02 
1.017313e+02 
1.000117e+02 
9.734634e+01 
9.372977e+01 
8.958800e+01 
8.585261e+01 
8.360866e+01 
8.360866e+01 
8.585261e+01 
8.958800e+01 
9.372977e+01 
9.734634e+01 
1.000117e+02 
1.017313e+02 
1.027124e+02 
1.031849e+02 
1.033322e+02 
1.032678e+02 
1.030191e+02 
1.026155e+02 
1.021168e+02 
1.015982e+02 
1.011274e+02 
1.007461e+02 
1.004658e+02 
1.002761e+02 
1.001565e+02 
1.000853e+02 
1.000447e+02 
1.000225e+02 
1.000108e+02 
1.000048e+02 
1.000019e+02 
1.000006e+02 
1.000001e+02 
9.999998e+01 
9.999996e+01 
9.999998e+01 
1.000000e+02 
1.000000e+02 

1.000000e+02 
1.000000e+02 
9.999998e+01 
9.999996e+01 
9.999998e+01 
1.000001e+02 
1.000006e+02 
1.000019e+02 
1.000048e+02 
1.000107e+02 
1.000224e+02 
1.000443e+02 
1.000841e+02 
1.001534e+02 
1.002684e+02 
1.004472e+02 
1.007048e+02 
1.010427e+02 
1.014398e+02 
1.018471e+02 
1.021974e+02 
1.024251e+02 
1.024877e+02 
1.023755e+02 
1.020608e+02 
1.014373e+02 
1.003729e+02 
9.872886e+01 
9.642201e+01 
9.353667e+01 
9.043479e+01 
8.774408e+01 
8.616846e+01 
8.616846e+01 
8.774408e+01 
9.043479e+01 
9.353667e+01 
9.642201e+01 
9.872886e+01 
1.003729e+02 
1.014373e+02 
1.020608e+02 
1.023755e+02 
1.024877e+02 
1.024251e+02 
1.021974e+02 
1.018471e+02 
1.014398e+02 
1.010427e+02 
1.007048e+02 
1.004472e+02 
1.002684e+02 
1.001534e+02 
1.000841e+02 
1.000443e+02 
1.000224e+02 
1.000107e+02 
1.000048e+02 
1.000019e+02 
1.000006e+02 
1.000001e+02 
9.999998e+01 
9.999996e+01 
9.999998e+01 
1.000000e+02 
1.000000e+02 

1.000000e+02 
1.000000e+02 
9.999998e+01 
9.999996e+01 
9.999998e+01 
1.000001e+02 
1.000006e+02 
1.000019e+02 
1.000048e+02 
1.000107e+02 
1.000222e+02 
1.000439e+02 
1.000829e+02 
1.001501e+02 
1.002598e+02 
1.004270e+02 
1.006606e+02 
1.009543e+02 
1.012789e+02 
1.015815e+02 
1.017990e+02 
1.018788e+02 
1.017961e+02 
1.015582e+02 
1.011410e+02 
1.004521e+02 
9.940672e+01 
9.793535e+01 
9.602978e+01 
9.380519e+01 
9.154208e+01 
8.965716e+01 
8.857801e+01 
8.857801e+01 
8.965716e+01 
9.154208e+01 
9.380519e+01 
9.602978e+01 
9.793535e+01 
9.940672e+01 
1.004521e+02 
1.011410e+02 
1.015582e+02 
1.017961e+02 
1.018788e+02 
1.017990e+02 
1.015815e+02 
1.012789e+02 
1.009543e+02 
1.006606e+02 
1.004270e+02 
1.002598e+02 
1.001501e+02 
1.000829e+02 
1.000439e+02 
1.000222e+02 
1.000107e+02 
1.000048e+02 
1.000019e+02 
1.000006e+02 
1.000001e+02 
9.999998e+01 
9.999996e+01 
9.999998e+01 
1.000000e+02 
1.000000e+02 

1.000000e+02 
1.000000e+02 
9.999998e+01 
9.999996e+01 
9.999998e+01 
1.000001e+02 
1.000006e+02 
1.000019e+02 
1.000048e+02 
1.000106e+02 
1.000220e+02 
1.000434e+02 
1.000815e+02 
1.001464e+02 
1.002506e+02 
1.004055e+02 
1.006145e+02 
1.008644e+02 
1.011201e+02 
1.013283e+02 
1.014331e+02 
1.013967e+02 
1.012106e+02 
1.008959e+02 
1.004330e+02 
9.974583e+01 
9.878713e+01 
9.753268e+01 
9.601077e+01 
9.433262e+01 
9.270330e+01 
9.139135e+01 
9.065554e+01 
9.065554e+01 
9.139135e+01 
9.270330e+01 
9.433262e+01 
9.601077e+01 
9.753268e+01 
9.878713e+01 
9.974583e+01 
1.004330e+02 
1.008959e+02 
1.012106e+02 
1.013967e+02 
1.014331e+02 
1.013283e+02 
1.011201e+02 
1.008644e+02 
1.006145e+02 
1.004055e+02 
1.002506e+02 
1.001464e+02 
1.000815e+02 
1.000434e+02 
1.000220e+02 
1.000106e+02 
1.000048e+02 
1.000019e+02 
1.000006e+02 
1.000001e+02 
9.999998e+01 
9.999996e+01 
9.999998e+01 
1.000000e+02 
1.000000e+02 

1.000000e+02 
1.000000e+02 
9.999998e+01 
9.999996e+01 
9.999998e+01 
1.000001e+02 
1.000006e+02 
1.000019e+02 
1.000047e+02 
1.000105e+02 
1.000218e+02 
1.000428e+02 
1.000797e+02 
1.001418e+02 
1.002394e+02 
1.003801e+02 
1.005614e+02 
1.007642e+02 
1.009496e+02 
1.010673e+02 
1.010730e+02 
1.009448e+02 
1.006899e+02 
1.003387e+02 
9.987626e+01 
9.924343e+01 
9.842047e+01 
9.740986e+01 
9.625201e+01 
9.503732e+01 
9.390475e+01 
9.301945e+01 
9.253176e+01 
9.253176e+01 
9.301945e+01 
9.390475e+01 
9.503732e+01 
9.625201e+01 
9.740986e+01 
9.842047e+01 
9.924343e+01 
9.987626e+01 
1.003387e+02 
1.006899e+02 
1.009448e+02 
1.010730e+02 
1.010673e+02 
1.009496e+02 
1.007642e+02 
1.005614e+02 
1.003801e+02 
1.002394e+02 
1.001418e+02 
1.000797e+02 
1.000428e+02 
1.000218e+02 
1.000105e+02 
1.000047e+02 
1.000019e+02 
1.000006e+02 
1.000001e+02 
9.999998e+01 
9.999996e+01 
9.999998e+01 
1.000000e+02 
1.000000e+02 

1.000000e+02 
1.000000e+02 
9.999998e+01 
9.999996e+01 
9.999998e+01 
1.000001e+02 
1.000006e+02 
1.000019e+02 
1.000047e+02 
1.000104e+02 
1.000215e+02 
1.000419e+02 
1.000774e+02 
1.001357e+02 
1.002247e+02 
1.003473e+02 
1.004953e+02 
1.006439e+02 
1.007540e+02 
1.007830e+02 
1.007018e+02 
1.005063e+02 
1.002166e+02 
9.986762e+01 
9.944776e+01 
9.891413e+01 
9.826527e+01 
9.751623e+01 
9.670478e+01 
9.589396e+01 
9.516737e+01 
9.461580e+01 
9.431734e+01 
9.431734e+01 
9.461580e+01 
9.516737e+01 
9.589396e+01 
9.670478e+01 
9.751623e+01 
9.826527e+01 
9.891413e+01 
9.944776e+01 
9.986762e+01 
1.002166e+02 
1.005063e+02 
1.007018e+02 
1.007830e+02 
1.007540e+02 
1.006439e+02 
1.004953e+02 
1.003473e+02 
1.002247e+02 
1.001357e+02 
1.000774e+02 
1.000419e+02 
1.000215e+02 
1.000104e+02 
1.000047e+02 
1.000019e+02 
1.000006e+02 
1.000001e+02 
9.999998e+01 
9.999996e+01 
9.999998e+01 
1.000000e+02 
1.000000e+02 

1.000000e+02 
1.000000e+02 
9.999998e+01 
9.999996e+01 
9.999998e+01 
1.000001e+02 
1.000006e+02 
1.000019e+02 
1.000047e+02 
1.000103e+02 
1.000211e+02 
1.000407e+02 
1.000741e+02 
1.001276e+02 
1.002055e+02 
1.003060e+02 
1.004154e+02 
1.005062e+02 
1.005432e+02 
1.004963e+02 
1.003542e+02 
1.001281e+02 
9.984529e+01 
9.953781e+01 
9.919578e+01 
9.878948e+01 
9.832561e+01 
9.782043e+01 
9.730125e+01 
9.680561e+01 
9.637767e+01 
9.606161e+01 
9.589343e+01 
9.589343e+01 
9.606161e+01 
9.637767e+01 
9.680561e+01 
9.730125e+01 
9.782043e+01 
9.832561e+01 
9.878948e+01 
9.919578e+01 
9.953781e+01 
9.984529e+01 
1.001281e+02 
1.003542e+02 
1.004963e+02 
1.005432e+02 
1.005062e+02 
1.004154e+02 
1.003060e+02 
1.002055e+02 
1.001276e+02 
1.000741e+02 
1.000407e+02 
1.000211e+02 
1.000103e+02 
1.000047e+02 
1.000019e+02 
1.000006e+02 
1.000001e+02 
9.999998e+01 
9.999996e+01 
9.999998e+01 
1.000000e+02 
1.000000e+02 

1.000000e+02 
1.000000e+02 
9.999998e+01 
9.999996e+01 
9.999998e+01 
1.000001e+02 
1.000006e+02 
1.000019e+02 
1.000046e+02 
1.000101e+02 
1.000205e+02 
1.000390e+02 
1.000698e+02 
1.001167e+02 
1.001809e+02 
1.002558e+02 
1.003238e+02 
1.003587e+02 
1.003344e+02 
1.002365e+02 
1.000696e+02 
9.985349e+01 
9.961431e+01 
9.937584e+01 
9.912839e+01 
9.885190e+01 
9.855384e+01 
9.824600e+01 
9.794429e+01 
9.766782e+01 
9.743689e+01 
9.727046e+01 
9.718321e+01 
9.718321e+01 
9.727046e+01 
9.743689e+01 
9.766782e+01 
9.794429e+01 
9.824600e+01 
9.855384e+01 
9.885190e+01 
9.912839e+01 
9.937584e+01 
9.961431e+01 
9.985349e+01 
1.000696e+02 
1.002365e+02 
1.003344e+02 
1.003587e+02 
1.003238e+02 
1.002558e+02 
1.001809e+02 
1.001167e+02 
1.000698e+02 
1.000390e+02 
1.000205e+02 
1.000101e+02 
1.000046e+02 
1.000019e+02 
1.000006e+02 
1.000001e+02 
9.999998e+01 
9.999996e+01 
9.999998e+01 
1.000000e+02 
1.000000e+02 

1.000000e+02 
1.000000e+02 
9.999998e+01 
9.999996e+01 
9.999998e+01 
1.000001e+02 
1.000006e+02 
1.000019e+02 
1.000045e+02 
1.000098e+02 
1.000197e+02 
1.000367e+02 
1.000639e+02 
1.001028e+02 
1.001508e+02 
1.001980e+02 
1.002262e+02 
1.002151e+02 
1.001512e+02 
1.000346e+02 
9.987867e+01 
9.970373e+01 
9.952853e+01 
9.936646e+01 
9.920827e+01 
9.904080e+01 
9.886911e+01 
9.869977e+01 
9.854045e+01 
9.839946e+01 
9.828495e+01 
9.820410e+01 
9.816224e+01 
9.816224e+01 
9.820410e+01 
9.828495e+01 
9.839946e+01 
9.854045e+01 
9.869977e+01 
9.886911e+01 
9.904080e+01 
9.920827e+01 
9.936646e+01 
9.952853e+01 
9.970373e+01 
9.987867e+01 
1.000346e+02 
1.001512e+02 
1.002151e+02 
1.002262e+02 
1.001980e+02 
1.001508e+02 
1.001028e+02 
1.000639e+02 
1.000367e+02 
1.000197e+02 
1.000098e+02 
1.000045e+02 
1.000019e+02 
1.000006e+02 
1.000001e+02 
9.999998e+01 
9.999996e+01 
9.999998e+01 
1.000000e+02 
1.000000e+02 

1.000000e+02 
1.000000e+02 
9.999998e+01 
9.999996e+01 
9.999998e+01 
1.000001e+02 
1.000006e+02 
1.000018e+02 
1.000044e+02 
1.000094e+02 
1.000185e+02 
1.000337e+02 
1.000562e+02 
1.000855e+02 
1.001161e+02 
1.001367e+02 
1.001326e+02 
1.000929e+02 
1.000156e+02 
9.990930e+01 
9.978853e+01 
9.966747e+01 
9.955603e+01 
9.945936e+01 
9.936981e+01 
9.927921e+01 
9.919016e+01 
9.910559e+01 
9.902865e+01 
9.896244e+01 
9.890986e+01 
9.887334e+01 
9.885462e+01 
9.885462e+01 
9.887334e+01 
9.890986e+01 
9.896244e+01 
9.902865e+01 
9.910559e+01 
9.919016e+01 
9.927921e+01 
9.936981e+01 
9.945936e+01 
9.955603e+01 
9.966747e+01 
9.978853e+01 
9.990930e+01 
1.000156e+02 
1.000929e+02 
1.001326e+02 
1.001367e+02 
1.001161e+02 
1.000855e+02 
1.000562e+02 
1.000337e+02 
1.000185e+02 
1.000094e+02 
1.000044e+02 
1.000018e+02 
1.000006e+02 
1.000001e+02 
9.999998e+01 
9.999996e+01 
9.999998e+01 
1.000000e+02 
1.000000e+02 

1.000000e+02 
1.000000e+02 
9.999998e+01 
9.999996e+01 
9.999998e+01 
1.000001e+02 
1.000006e+02 
1.000018e+02 
1.000042e+02 
1.000089e+02 
1.000170e+02 
1.000296e+02 
1.000467e+02 
1.000655e+02 
1.000793e+02 
1.000786e+02 
1.000550e+02 
1.000062e+02 
9.993749e+01 
9.985854e+01 
9.977939e+01 
9.970709e+01 
9.964506e+01 
9.959402e+01 
9.954873e+01 
9.950454e+01 
9.946254e+01 
9.942381e+01 
9.938948e+01 
9.936057e+01 
9.933800e+01 
9.932251e+01 
9.931463e+01 
9.931463e+01 
9.932251e+01 
9.933800e+01 
9.936057e+01 
9.938948e+01 
9.942381e+01 
9.946254e+01 
9.950454e+01 
9.954873e+01 
9.959402e+01 
9.964506e+01 
9.970709e+01 
9.977939e+01 
9.985854e+01 
9.993749e+01 
1.000062e+02 
1.000550e+02 
1.000786e+02 
1.000793e+02 
1.000655e+02 
1.000467e+02 
1.000296e+02 
1.000170e+02 
1.000089e+02 
1.000042e+02 
1.000018e+02 
1.000006e+02 
1.000001e+02 
9.999998e+01 
9.999996e+01 
9.999998e+01 
1.000000e+02 
1.000000e+02 

1.000000e+02 
1.000000e+02 
9.999998e+01 
9.999996e+01 
9.999998e+01 
1.000001e+02 
1.000006e+02 
1.000017e+02 
1.000039e+02 
1.000081e+02 
1.000149e+02 
1.000245e+02 
1.000355e+02 
1.000443e+02 
1.000448e+02 
1.000314e+02 
1.000020e+02 
9.995960e+01 
9.991055e+01 
9.986138e+01 
9.981680e+01 
9.977904e+01 
9.974841e+01 
9.972426e+01 
9.970351e+01 
9.968384e+01 
9.966559e+01 
9.964915e+01 
9.963484e+01 
9.962298e+01 
9.961384e+01 
9.960762e+01 
9.960448e+01 
9.960448e+01 
9.960762e+01 
9.961384e+01 
9.962298e+01 
9.963484e+01 
9.964915e+01 
9.966559e+01 
9.968384e+01 
9.970351e+01 
9.972426e+01 
9.974841e+01 
9.977904e+01 
9.981680e+01 
9.986138e+01 
9.991055e+01 
9.995960e+01 
1.000020e+02 
1.000314e+02 
1.000448e+02 
1.000443e+02 
1.000355e+02 
1.000245e+02 
1.000149e+02 
1.000081e+02 
1.000039e+02 
1.000017e+02 
1.000006e+02 
1.000001e+02 
9.999998e+01 
9.999996e+01 
9.999998e+01 
1.000000e+02 
1.000000e+02 

1.000000e+02 
1.000000e+02 
9.999998e+01 
9.999996e+01 
9.999998e+01 
1.000001e+02 
1.000005e+02 
1.000016e+02 
1.000036e+02 
1.000071e+02 
1.000122e+02 
1.000185e+02 
1.000238e+02 
1.000245e+02 
1.000172e+02 
1.000002e+02 
9.997520e+01 
9.994606e+01 
9.991690e+01 
9.989065e+01 
9.986867e+01 
9.985112e+01 
9.983748e+01 
9.982706e+01 
9.981833e+01 
9.981022e+01 
9.980283e+01 
9.979628e+01 
9.979066e+01 
9.978605e+01 
9.978253e+01 
9.978015e+01 
9.977895e+01 
9.977895e+01 
9.978015e+01 
9.978253e+01 
9.978605e+01 
9.979066e+01 
9.979628e+01 
9.980283e+01 
9.981022e+01 
9.981833e+01 
9.982706e+01 
9.983748e+01 
9.985112e+01 
9.986867e+01 
9.989065e+01 
9.991690e+01 
9.994606e+01 
9.997520e+01 
1.000002e+02 
1.000172e+02 
1.000245e+02 
1.000238e+02 
1.000185e+02 
1.000122e+02 
1.000071e+02 
1.000036e+02 
1.000016e+02 
1.000005e+02 
1.000001e+02 
9.999998e+01 
9.999996e+01 
9.999998e+01 
1.000000e+02 
1.000000e+02 

1.000000e+02 
1.000000e+02 
9.999998e+01 
9.999996e+01 
9.999998e+01 
1.000001e+02 
1.000005e+02 
1.000014e+02 
1.000031e+02 
1.000058e+02 
1.000092e+02 
1.000122e+02 
1.000129e+02 
1.000091e+02 
9.999962e+01 
9.998541e+01 
9.996876e+01 
9.995215e+01 
9.993730e+01 
9.992499e+01 
9.991529e+01 
9.990788e+01 
9.990230e+01 
9.989813e+01 
9.989470e+01 
9.989156e+01 
9.988873e+01 
9.988626e+01 
9.988415e+01 
9.988244e+01 
9.988114e+01 
9.988026e+01 
9.987982e+01 
9.987982e+01 
9.988026e+01 
9.988114e+01 
9.988244e+01 
9.988415e+01 
9.988626e+01 
9.988873e+01 
9.989156e+01 
9.989470e+01 
9.989813e+01 
9.990230e+01 
9.990788e+01 
9.991529e+01 
9.992499e+01 
9.993730e+01 
9.995215e+01 
9.996876e+01 
9.998541e+01 
9.999962e+01 
1.000091e+02 
1.000129e+02 
1.000122e+02 
1.000092e+02 
1.000058e+02 
1.000031e+02 
1.000014e+02 
1.000005e+02 
1.000001e+02 
9.999998e+01 
9.999996e+01 
9.999998e+01 
1.000000e+02 
1.000000e+02 

1.000000e+02 
1.000000e+02 
9.999998e+01 
9.999996e+01 
9.999997e+01 
1.000001e+02 
1.000004e+02 
1.000012e+02 
1.000025e+02 
1.000042e+02 
1.000059e+02 
1.000064e+02 
1.000045e+02 
9.999945e+01 
9.999169e+01 
9.998251e+01 
9.997336e+01 
9.996524e+01 
9.995858e+01 
9.995339e+01 
9.994948e+01 
9.994658e+01 
9.994444e+01 
9.994287e+01 
9.994160e+01 
9.994044e+01 
9.993941e+01 
9.993851e+01 
9.993776e+01 
9.993714e+01 
9.993668e+01 
9.993637e+01 
9.993621e+01 
9.993621e+01 
9.993637e+01 
9.993668e+01 
9.993714e+01 
9.993776e+01 
9.993851e+01 
9.993941e+01 
9.994044e+01 
9.994160e+01 
9.994287e+01 
9.994444e+01 
9.994658e+01 
9.994948e+01 
9.995339e+01 
9.995858e+01 
9.996524e+01 
9.997336e+01 
9.998251e+01 
9.999169e+01 
9.999945e+01 
1.000045e+02 
1.000064e+02 
1.000059e+02 
1.000042e+02 
1.000025e+02 
1.000012e+02 
1.000004e+02 
1.000001e+02 
9.999997e+01 
9.999996e+01 
9.999998e+01 
1.000000e+02 
1.000000e+02 

1.000000e+02 
1.000000e+02 
9.999998e+01 
9.999996e+01 
9.999997e+01 
1.000001e+02 
1.000004e+02 
1.000009e+02 
1.000018e+02 
1.000027e+02 
1.000030e+02 
1.000021e+02 
9.999945e+01 
9.999536e+01 
9.999048e+01 
9.998560e+01 
9.998129e+01 
9.997779e+01 
9.997509e+01 
9.997308e+01 
9.997161e+01 
9.997054e+01 
9.996977e+01 
9.996921e+01 
9.996875e+01 
9.996834e+01 
9.996798e+01 
9.996767e+01 
9.996741e+01 
9.996719e+01 
9.996703e+01 
9.996693e+01 
9.996687e+01 
9.996687e+01 
9.996693e+01 
9.996703e+01 
9.996719e+01 
9.996741e+01 
9.996767e+01 
9.996798e+01 
9.996834e+01 
9.996875e+01 
9.996921e+01 
9.996977e+01 
9.997054e+01 
9.997161e+01 
9.997308e+01 
9.997509e+01 
9.997779e+01 
9.998129e+01 
9.998560e+01 
9.999048e+01 
9.999536e+01 
9.999945e+01 
1.000021e+02 
1.000030e+02 
1.000027e+02 
1.000018e+02 
1.000009e+02 
1.000004e+02 
1.000001e+02 
9.999997e+01 
9.999996e+01 
9.999998e+01 
1.000000e+02 
1.000000e+02 

1.000000e+02 
1.000000e+02 
9.999998e+01 
9.999997e+01 
9.999997e+01 
1.000000e+02 
1.000003e+02 
1.000006e+02 
1.000010e+02 
1.000012e+02 
1.000008e+02 
9.999951e+01 
9.999743e+01 
9.999493e+01 
9.999242e+01 
9.999021e+01 
9.998842e+01 
9.998706e+01 
9.998606e+01 
9.998533e+01 
9.998481e+01 
9.998444e+01 
9.998417e+01 
9.998398e+01 
9.998382e+01 
9.998369e+01 
9.998356e+01 
9.998346e+01 
9.998337e+01 
9.998330e+01 
9.998325e+01 
9.998321e+01 
9.998319e+01 
9.998319e+01 
9.998321e+01 
9.998325e+01 
9.998330e+01 
9.998337e+01 
9.998346e+01 
9.998356e+01 
9.998369e+01 
9.998382e+01 
9.998398e+01 
9.998417e+01 
9.998444e+01 
9.998481e+01 
9.998533e+01 
9.998606e+01 
9.998706e+01 
9.998842e+01 
9.999021e+01 
9.999242e+01 
9.999493e+01 
9.999743e+01 
9.999951e+01 
1.000008e+02 
1.000012e+02 
1.000010e+02 
1.000006e+02 
1.000003e+02 
1.000000e+02 
9.999997e+01 
9.999997e+01 
9.999998e+01 
1.000000e+02 
1.000000e+02 

1.000000e+02 
1.000000e+02 
9.999998e+01 
9.999997e+01 
9.999997e+01 
1.000000e+02 
1.000001e+02 
1.000003e+02 
1.000004e+02 
1.000002e+02 
9.999960e+01 
9.999858e+01 
9.999734e+01 
9.999610e+01 
9.999500e+01 
9.999412e+01 
9.999346e+01 
9.999297e+01 
9.999262e+01 
9.999238e+01 
9.999220e+01 
9.999208e+01 
9.999199e+01 
9.999193e+01 
9.999188e+01 
9.999184e+01 
9.999180e+01 
9.999176e+01 
9.999173e+01 
9.999171e+01 
9.999169e+01 
9.999168e+01 
9.999168e+01 
9.999168e+01 
9.999168e+01 
9.999169e+01 
9.999171e+01 
9.999173e+01 
9.999176e+01 
9.999180e+01 
9.999184e+01 
9.999188e+01 
9.999193e+01 
9.999199e+01 
9.999208e+01 
9.999220e+01 
9.999238e+01 
9.999262e+01 
9.999297e+01 
9.999346e+01 
9.999412e+01 
9.999500e+01 
9.999610e+01 
9.999734e+01 
9.999858e+01 
9.999960e+01 
1.000002e+02 
1.000004e+02 
1.000003e+02 
1.000001e+02 
1.000000e+02 
9.999997e+01 
9.999997e+01 
9.999998e+01 
1.000000e+02 
1.000000e+02 

1.000000e+02 
1.000000e+02 
9.999999e+01 
9.999997e+01 
9.999997e+01 
9.999999e+01 
1.000000e+02 
1.000001e+02 
9.999998e+01 
9.999970e+01 
9.999922e+01 
9.999863e+01 
9.999804e+01 
9.999752e+01 
9.999710e+01 
9.999679e+01 
9.999656e+01 
9.999640e+01 
9.999628e+01 
9.999620e+01 
9.999615e+01 
9.999611e+01 
9.999608e+01 
9.999606e+01 
9.999605e+01 
9.999603e+01 
9.999602e+01 
9.999601e+01 
9.999600e+01 
9.999599e+01 
9.999599e+01 
9.999599e+01 
9.999598e+01 
9.999598e+01 
9.999599e+01 
9.999599e+01 
9.999599e+01 
9.999600e+01 
9.999601e+01 
9.999602e+01 
9.999603e+01 
9.999605e+01 
9.999606e+01 
9.999608e+01 
9.999611e+01 
9.999615e+01 
9.999620e+01 
9.999628e+01 
9.999640e+01 
9.999656e+01 
9.999679e+01 
9.999710e+01 
9.999752e+01 
9.999804e+01 
9.999863e+01 
9.999922e+01 
9.999970e+01 
9.999998e+01 
1.000001e+02 
1.000000e+02 
9.999999e+01 
9.999997e+01 
9.999997e+01 
9.999999e+01 
1.000000e+02 
1.000000e+02 

1.000000e+02 
1.000000e+02 
9.999999e+01 
9.999997e+01 
9.999997e+01 
9.999997e+01 
9.999997e+01 
9.999992e+01 
9.999979e+01 
9.999958e+01 
9.999932e+01 
9.999905e+01 
9.999881e+01 
9.999862e+01 
9.999848e+01 
9.999838e+01 
9.999831e+01 
9.999826e+01 
9.999822e+01 
9.999820e+01 
9.999818e+01 
9.999817e+01 
9.999816e+01 
9.999816e+01 
9.999815e+01 
9.999815e+01 
9.999814e+01 
9.999814e+01 
9.999814e+01 
9.999814e+01 
9.999814e+01 
9.999813e+01 
9.999813e+01 
9.999813e+01 
9.999813e+01 
9.999814e+01 
9.999814e+01 
9.999814e+01 
9.999814e+01 
9.999814e+01 
9.999815e+01 
9.999815e+01 
9.999816e+01 
9.999816e+01 
9.999817e+01 
9.999818e+01 
9.999820e+01 
9.999822e+01 
9.999826e+01 
9.999831e+01 
9.999838e+01 
9.999848e+01 
9.999862e+01 
9.999881e+01 
9.999905e+01 
9.999932e+01 
9.999958e+01 
9.999979e+01 
9.999992e+01 
9.999997e+01 
9.999997e+01 
9.999997e+01 
9.999997e+01 
9.999999e+01 
1.000000e+02 
1.000000e+02 

1.000000e+02 
1.000000e+02 
9.999999e+01 
9.999998e+01 
9.999997e+01 
9.999996e+01 
9.999993e+01 
9.999988e+01 
9.999979e+01 
9.999968e+01 
9.999957e+01 
9.999947e+01 
9.999939e+01 
9.999933e+01 
9.999928e+01 
9.999925e+01 
9.999923e+01 
9.999922e+01 
9.999921e+01 
9.999920e+01 
9.999920e+01 
9.999919e+01 
9.999919e+01 
9.999919e+01 
9.999919e+01 
9.999919e+01 
9.999919e+01 
9.999919e+01 
9.999919e+01 
9.999919e+01 
9.999919e+01 
9.999918e+01 
9.999918e+01 
9.999918e+01 
9.999918e+01 
9.999919e+01 
9.999919e+01 
9.999919e+01 
9.999919e+01 
9.999919e+01 
9.999919e+01 
9.999919e+01 
9.999919e+01 
9.999919e+01 
9.999919e+01 
9.999920e+01 
9.999920e+01 
9.999921e+01 
9.999922e+01 
9.999923e+01 
9.999925e+01 
9.999928e+01 
9.999933e+01 
9.999939e+01 
9.999947e+01 
9.999957e+01 
9.999968e+01 
9.999979e+01 
9.999988e+01 
9.999993e+01 
9.999996e+01 
9.999997e+01 
9.999998e+01 
9.999999e+01 
1.000000e+02 
1.000000e+02 

1.000000e+02 
1.000000e+02 
9.999999e+01 
9.999999e+01 
9.999998e+01 
9.999996e+01 
9.999994e+01 
9.999991e+01 
9.999987e+01 
9.999983e+01 
9.999979e+01 
9.999976e+01 
9.999973e+01 
9.999972e+01 
9.999971e+01 
9.999970e+01 
9.999969e+01 
9.999969e+01 
9.999969e+01 
9.999969e+01 
9.999969e+01 
9.999968e+01 
9.999968e+01 
9.999968e+01 
9.999968e+01 
9.999968e+01 
9.999968e+01 
9.999968e+01 
9.999968e+01 
9.999968e+01 
9.999968e+01 
9.999968e+01 
9.999968e+01 
9.999968e+01 
9.999968e+01 
9.999968e+01 
9.999968e+01 
9.999968e+01 
9.999968e+01 
9.999968e+01 
9.999968e+01 
9.999968e+01 
9.999968e+01 
9.999968e+01 
9.999968e+01 
9.999969e+01 
9.999969e+01 
9.999969e+01 
9.999969e+01 
9.999969e+01 
9.999970e+01 
9.999971e+01 
9.999972e+01 
9.999973e+01 
9.999976e+01 
9.999979e+01 
9.999983e+01 
9.999987e+01 
9.999991e+01 
9.999994e+01 
9.999996e+01 
9.999998e+01 
9.999999e+01 
9.999999e+01 
1.000000e+02 
1.000000e+02 

1.000000e+02 
1.000000e+02 
1.000000e+02 
9.999999e+01 
9.999999e+01 
9.999998e+01 
9.999997e+01 
9.999996e+01 
9.999995e+01 
9.999994e+01 
9.999993e+01 
9.999992e+01 
9.999991e+01 
9.999991e+01 
9.999991e+01 
9.999991e+01 
9.999991e+01 
9.999990e+01 
9.999990e+01 
9.999990e+01 
9.999990e+01 
9.999990e+01 
9.999990e+01 
9.999990e+01 
9.999990e+01 
9.999990e+01 
9.999990e+01 
9.999990e+01 
9.999990e+01 
9.999990e+01 
9.999990e+01 
9.999990e+01 
9.999990e+01 
9.999990e+01 
9.999990e+01 
9.999990e+01 
9.999990e+01 
9.999990e+01 
9.999990e+01 
9.999990e+01 
9.999990e+01 
9.999990e+01 
9.999990e+01 
9.999990e+01 
9.999990e+01 
9.999990e+01 
9.999990e+01 
9.999990e+01 
9.999990e+01 
9.999991e+01 
9.999991e+01 
9.999991e+01 
9.999991e+01 
9.999991e+01 
9.999992e+01 
9.999993e+01 
9.999994e+01 
9.999995e+01 
9.999996e+01 
9.999997e+01 
9.999998e+01 
9.999999e+01 
9.999999e+01 
1.000000e+02 
1.000000e+02 
1.000000e+02 

1.000000e+02 
1.000000e+02 
1.000000e+02 
1.000000e+02 
1.000000e+02 
1.000000e+02 
1.000000e+02 
9.999999e+01 
9.999999e+01 
9.999999e+01 
9.999999e+01 
9.999999e+01 
9.999999e+01 
9.999999e+01 
9.999999e+01 
9.999999e+01 
9.999999e+01 
9.999999e+01 
9.999999e+01 
9.999999e+01 
9.999999e+01 
9.999999e+01 
9.999999e+01 
9.999999e+01 
9.999999e+01 
9.999999e+01 
9.999999e+01 
9.999999e+01 
9.999999e+01 
9.999999e+01 
9.999999e+01 
9.999999e+01 
9.999999e+01 
9.999999e+01 
9.999999e+01 
9.999999e+01 
9.999999e+01 
9.999999e+01 
9.999999e+01 
9.999999e+01 
9.999999e+01 
9.999999e+01 
9.999999e+01 
9.999999e+01 
9.999999e+01 
9.999999e+01 
9.999999e+01 
9.999999e+01 
9.999999e+01 
9.999999e+01 
9.999999e+01 
9.999999e+01 
9.999999e+01 
9.999999e+01 
9.999999e+01 
9.999999e+01 
9.999999e+01 
9.999999e+01 
9.999999e+01 
1.000000e+02 
1.000000e+02 
1.000000e+02 
1.000000e+02 
1.000000e+02 
1.000000e+02 
1.000000e+02 

1.000000e+02 
1.000000e+02 
1.000000e+02 
1.000000e+02 
1.000000e+02 
1.000000e+02 
1.000000e+02 
1.000000e+02 
1.000000e+02 
1.000000e+02 
1.000000e+02 
1.000000e+02 
1.000000e+02 
1.000000e+02 
1.000000e+02 
1.000000e+02 
1.000000e+02 
1.000000e+02 
1.000000e+02 
1.000000e+02 
1.000000e+02 
1.000000e+02 
1.000000e+02 
1.000000e+02 
1.000000e+02 
1.000000e+02 
1.000000e+02 
1.000000e+02 
1.000000e+02 
1.000000e+02 
1.000000e+02 
1.000000e+02 
1.000000e+02 
1.000000e+02 
1.000000e+02 
1.000000e+02 
1.000000e+02 
1.000000e+02 
1.000000e+02 
1.000000e+02 
1.000000e+02 
1.000000e+02 
1.000000e+02 
1.000000e+02 
1.000000e+02 
1.000000e+02 
1.000000e+02 
1.000000e+02 
1.000000e+02 
1.000000e+02 
1.000000e+02 
1.000000e+02 
1.000000e+02 
1.000000e+02 
1.000000e+02 
1.000000e+02 
1.000000e+02 
1.000000e+02 
1.000000e+02 
1.000000e+02 
1.000000e+02 
1.000000e+02 
1.000000e+02 
1.000000e+02 
1.000000e+02 
1.000000e+02 

1.000000e+02 
1.000000e+02 
1.000000e+02 
1.000000e+02 
1.000000e+02 
1.000000e+02 
1.000000e+02 
1.000000e+02 
1.000000e+02 
1.000000e+02 
1.000000e+02 
1.000000e+02 
1.000000e+02 
1.000000e+02 
1.000000e+02 
1.000000e+02 
1.000000e+02 
1.000000e+02 
1.000000e+02 
1.000000e+02 
1.000000e+02 
1.000000e+02 
1.000000e+02 
1.000000e+02 
1.000000e+02 
1.000000e+02 
1.000000e+02 
1.000000e+02 
1.000000e+02 
1.000000e+02 
1.000000e+02 
1.000000e+02 
1.000000e+02 
1.000000e+02 
1.000000e+02 
1.000000e+02 
1.000000e+02 
1.000000e+02 
1.000000e+02 
1.000000e+02 
1.000000e+02 
1.000000e+02 
1.000000e+02 
1.000000e+02 
1.000000e+02 
1.000000e+02 
1.000000e+02 
1.000000e+02 
1.000000e+02 
1.000000e+02 
1.000000e+02 
1.000000e+02 
1.000000e+02 
1.000000e+02 
1.000000e+02 
1.000000e+02 
1.000000e+02 
1.000000e+02 
1.000000e+02 
1.000000e+02 
1.000000e+02 
1.000000e+02 
1.000000e+02 
1.000000e+02 
1.000000e+02 
1.000000e+02 

1.000000e+02 
1.000000e+02 
1.000000e+02 
1.000000e+02 
1.000000e+02 
1.000000e+02 
1.000000e+02 
1.000000e+02 
1.000000e+02 
1.000000e+02 
1.000000e+02 
1.000000e+02 
1.000000e+02 
1.000000e+02 
1.000000e+02 
1.000000e+02 
1.000000e+02 
1.000000e+02 
1.000000e+02 
1.000000e+02 
1.000000e+02 
1.000000e+02 
1.000000e+02 
1.000000e+02 
1.000000e+02 
1.000000e+02 
1.000000e+02 
1.000000e+02 
1.000000e+02 
1.000000e+02 
1.000000e+02 
1.000000e+02 
1.000000e+02 
1.000000e+02 
1.000000e+02 
1.000000e+02 
1.000000e+02 
1.000000e+02 
1.000000e+02 
1.000000e+02 
1.000000e+02 
1.000000e+02 
1.000000e+02 
1.000000e+02 
1.000000e+02 
1.000000e+02 
1.000000e+02 
1.000000e+02 
1.000000e+02 
1.000000e+02 
1.000000e+02 
1.000000e+02 
1.000000e+02 
1.000000e+02 
1.000000e+02 
1.000000e+02 
1.000000e+02 
1.000000e+02 
1.000000e+02 
1.000000e+02 
1.000000e+02 
1.000000e+02 
1.000000e+02 
1.000000e+02 
1.000000e+02 
1.000000e+02 

