1.000000e+02 
1.000000e+02 
1.000000e+02 
1.000000e+02 
1.000000e+02 
1.000000e+02 
1.000000e+02 
1.000000e+02 
1.000000e+02 
1.000000e+02 
1.000000e+02 
1.000000e+02 
1.000000e+02 
1.000000e+02 
1.000000e+02 
1.000000e+02 
1.000000e+02 
1.000000e+02 
1.000000e+02 
1.000000e+02 
1.000000e+02 
1.000000e+02 
1.000000e+02 
1.000000e+02 
1.000000e+02 
1.000000e+02 
1.000000e+02 
1.000000e+02 
1.000000e+02 
1.000000e+02 
1.000000e+02 
1.000000e+02 
1.000000e+02 
1.000000e+02 
1.000000e+02 
1.000000e+02 
1.000000e+02 
1.000000e+02 
1.000000e+02 
1.000000e+02 
1.000000e+02 
1.000000e+02 
1.000000e+02 
1.000000e+02 
1.000000e+02 
1.000000e+02 
1.000000e+02 
1.000000e+02 
1.000000e+02 
1.000000e+02 
1.000000e+02 
1.000000e+02 
1.000000e+02 
1.000000e+02 
1.000000e+02 
1.000000e+02 
1.000000e+02 
1.000000e+02 
1.000000e+02 
1.000000e+02 
1.000000e+02 
1.000000e+02 
1.000000e+02 
1.000000e+02 
1.000000e+02 
1.000000e+02 

1.000000e+02 
1.000000e+02 
1.000000e+02 
1.000000e+02 
1.000000e+02 
1.000000e+02 
1.000000e+02 
1.000000e+02 
9.999999e+01 
9.999999e+01 
9.999999e+01 
9.999999e+01 
9.999999e+01 
9.999999e+01 
9.999999e+01 
9.999999e+01 
9.999999e+01 
9.999999e+01 
9.999999e+01 
9.999999e+01 
9.999999e+01 
9.999999e+01 
9.999999e+01 
9.999999e+01 
9.999999e+01 
9.999999e+01 
9.999999e+01 
9.999999e+01 
9.999999e+01 
9.999999e+01 
9.999999e+01 
9.999999e+01 
9.999999e+01 
9.999999e+01 
9.999999e+01 
9.999999e+01 
9.999999e+01 
9.999999e+01 
9.999999e+01 
9.999999e+01 
9.999999e+01 
9.999999e+01 
9.999999e+01 
9.999999e+01 
9.999999e+01 
9.999999e+01 
9.999999e+01 
9.999999e+01 
9.999999e+01 
9.999999e+01 
9.999999e+01 
9.999999e+01 
9.999999e+01 
9.999999e+01 
9.999999e+01 
9.999999e+01 
9.999999e+01 
9.999999e+01 
1.000000e+02 
1.000000e+02 
1.000000e+02 
1.000000e+02 
1.000000e+02 
1.000000e+02 
1.000000e+02 
1.000000e+02 

1.000000e+02 
1.000000e+02 
1.000000e+02 
1.000000e+02 
9.999999e+01 
9.999999e+01 
9.999998e+01 
9.999998e+01 
9.999998e+01 
9.999998e+01 
9.999997e+01 
9.999997e+01 
9.999997e+01 
9.999997e+01 
9.999997e+01 
9.999997e+01 
9.999997e+01 
9.999997e+01 
9.999997e+01 
9.999997e+01 
9.999997e+01 
9.999997e+01 
9.999997e+01 
9.999997e+01 
9.999997e+01 
9.999997e+01 
9.999997e+01 
9.999997e+01 
9.999997e+01 
9.999997e+01 
9.999997e+01 
9.999997e+01 
9.999997e+01 
9.999997e+01 
9.999997e+01 
9.999997e+01 
9.999997e+01 
9.999997e+01 
9.999997e+01 
9.999997e+01 
9.999997e+01 
9.999997e+01 
9.999997e+01 
9.999997e+01 
9.999997e+01 
9.999997e+01 
9.999997e+01 
9.999997e+01 
9.999997e+01 
9.999997e+01 
9.999997e+01 
9.999997e+01 
9.999997e+01 
9.999997e+01 
9.999997e+01 
9.999997e+01 
9.999998e+01 
9.999998e+01 
9.999998e+01 
9.999998e+01 
9.999999e+01 
9.999999e+01 
1.000000e+02 
1.000000e+02 
1.000000e+02 
1.000000e+02 

1.000000e+02 
1.000000e+02 
1.000000e+02 
1.000000e+02 
9.999999e+01 
9.999997e+01 
9.999996e+01 
9.999996e+01 
9.999995e+01 
9.999995e+01 
9.999995e+01 
9.999995e+01 
9.999995e+01 
9.999995e+01 
9.999995e+01 
9.999995e+01 
9.999995e+01 
9.999995e+01 
9.999995e+01 
9.999994e+01 
9.999994e+01 
9.999994e+01 
9.999994e+01 
9.999994e+01 
9.999994e+01 
9.999994e+01 
9.999994e+01 
9.999994e+01 
9.999994e+01 
9.999994e+01 
9.999994e+01 
9.999994e+01 
9.999994e+01 
9.999994e+01 
9.999994e+01 
9.999994e+01 
9.999994e+01 
9.999994e+01 
9.999994e+01 
9.999994e+01 
9.999994e+01 
9.999994e+01 
9.999994e+01 
9.999994e+01 
9.999994e+01 
9.999994e+01 
9.999994e+01 
9.999995e+01 
9.999995e+01 
9.999995e+01 
9.999995e+01 
9.999995e+01 
9.999995e+01 
9.999995e+01 
9.999995e+01 
9.999995e+01 
9.999995e+01 
9.999995e+01 
9.999996e+01 
9.999996e+01 
9.999997e+01 
9.999999e+01 
1.000000e+02 
1.000000e+02 
1.000000e+02 
1.000000e+02 

1.000000e+02 
1.000000e+02 
1.000000e+02 
9.999999e+01 
9.999997e+01 
9.999995e+01 
9.999994e+01 
9.999994e+01 
9.999995e+01 
9.999995e+01 
9.999996e+01 
9.999997e+01 
9.999997e+01 
9.999998e+01 
9.999998e+01 
9.999998e+01 
9.999998e+01 
9.999998e+01 
9.999998e+01 
9.999998e+01 
9.999998e+01 
9.999998e+01 
9.999998e+01 
9.999998e+01 
9.999998e+01 
9.999998e+01 
9.999998e+01 
9.999998e+01 
9.999998e+01 
9.999998e+01 
9.999998e+01 
9.999998e+01 
9.999998e+01 
9.999998e+01 
9.999998e+01 
9.999998e+01 
9.999998e+01 
9.999998e+01 
9.999998e+01 
9.999998e+01 
9.999998e+01 
9.999998e+01 
9.999998e+01 
9.999998e+01 
9.999998e+01 
9.999998e+01 
9.999998e+01 
9.999998e+01 
9.999998e+01 
9.999998e+01 
9.999998e+01 
9.999998e+01 
9.999998e+01 
9.999997e+01 
9.999997e+01 
9.999996e+01 
9.999995e+01 
9.999995e+01 
9.999994e+01 
9.999994e+01 
9.999995e+01 
9.999997e+01 
9.999999e+01 
1.000000e+02 
1.000000e+02 
1.000000e+02 

1.000000e+02 
1.000000e+02 
1.000000e+02 
9.999998e+01 
9.999995e+01 
9.999993e+01 
9.999992e+01 
9.999994e+01 
9.999999e+01 
1.000000e+02 
1.000001e+02 
1.000001e+02 
1.000002e+02 
1.000002e+02 
1.000002e+02 
1.000002e+02 
1.000002e+02 
1.000002e+02 
1.000002e+02 
1.000002e+02 
1.000002e+02 
1.000002e+02 
1.000002e+02 
1.000002e+02 
1.000002e+02 
1.000003e+02 
1.000003e+02 
1.000003e+02 
1.000003e+02 
1.000003e+02 
1.000003e+02 
1.000003e+02 
1.000003e+02 
1.000003e+02 
1.000003e+02 
1.000003e+02 
1.000003e+02 
1.000003e+02 
1.000003e+02 
1.000003e+02 
1.000003e+02 
1.000002e+02 
1.000002e+02 
1.000002e+02 
1.000002e+02 
1.000002e+02 
1.000002e+02 
1.000002e+02 
1.000002e+02 
1.000002e+02 
1.000002e+02 
1.000002e+02 
1.000002e+02 
1.000002e+02 
1.000001e+02 
1.000001e+02 
1.000000e+02 
9.999999e+01 
9.999994e+01 
9.999992e+01 
9.999993e+01 
9.999995e+01 
9.999998e+01 
1.000000e+02 
1.000000e+02 
1.000000e+02 

1.000000e+02 
1.000000e+02 
1.000000e+02 
9.999998e+01 
9.999993e+01 
9.999988e+01 
9.999988e+01 
9.999994e+01 
1.000001e+02 
1.000003e+02 
1.000005e+02 
1.000006e+02 
1.000008e+02 
1.000009e+02 
1.000009e+02 
1.000010e+02 
1.000010e+02 
1.000010e+02 
1.000011e+02 
1.000011e+02 
1.000011e+02 
1.000011e+02 
1.000011e+02 
1.000011e+02 
1.000011e+02 
1.000011e+02 
1.000011e+02 
1.000011e+02 
1.000011e+02 
1.000011e+02 
1.000011e+02 
1.000011e+02 
1.000011e+02 
1.000011e+02 
1.000011e+02 
1.000011e+02 
1.000011e+02 
1.000011e+02 
1.000011e+02 
1.000011e+02 
1.000011e+02 
1.000011e+02 
1.000011e+02 
1.000011e+02 
1.000011e+02 
1.000011e+02 
1.000011e+02 
1.000011e+02 
1.000010e+02 
1.000010e+02 
1.000010e+02 
1.000009e+02 
1.000009e+02 
1.000008e+02 
1.000006e+02 
1.000005e+02 
1.000003e+02 
1.000001e+02 
9.999994e+01 
9.999988e+01 
9.999988e+01 
9.999993e+01 
9.999998e+01 
1.000000e+02 
1.000000e+02 
1.000000e+02 

1.000000e+02 
1.000000e+02 
1.000000e+02 
9.999997e+01 
9.999990e+01 
9.999982e+01 
9.999979e+01 
9.999987e+01 
1.000001e+02 
1.000006e+02 
1.000011e+02 
1.000016e+02 
1.000020e+02 
1.000023e+02 
1.000026e+02 
1.000028e+02 
1.000029e+02 
1.000030e+02 
1.000031e+02 
1.000031e+02 
1.000031e+02 
1.000031e+02 
1.000032e+02 
1.000032e+02 
1.000032e+02 
1.000032e+02 
1.000032e+02 
1.000032e+02 
1.000032e+02 
1.000032e+02 
1.000032e+02 
1.000032e+02 
1.000032e+02 
1.000032e+02 
1.000032e+02 
1.000032e+02 
1.000032e+02 
1.000032e+02 
1.000032e+02 
1.000032e+02 
1.000032e+02 
1.000032e+02 
1.000032e+02 
1.000032e+02 
1.000031e+02 
1.000031e+02 
1.000031e+02 
1.000031e+02 
1.000030e+02 
1.000029e+02 
1.000028e+02 
1.000026e+02 
1.000023e+02 
1.000020e+02 
1.000016e+02 
1.000011e+02 
1.000006e+02 
1.000001e+02 
9.999987e+01 
9.999979e+01 
9.999982e+01 
9.999990e+01 
9.999997e+01 
1.000000e+02 
1.000000e+02 
1.000000e+02 

1.000000e+02 
1.000000e+02 
1.000000e+02 
9.999996e+01 
9.999988e+01 
9.999975e+01 
9.999964e+01 
9.999969e+01 
1.000000e+02 
1.000008e+02 
1.000018e+02 
1.000030e+02 
1.000041e+02 
1.000051e+02 
1.000059e+02 
1.000064e+02 
1.000068e+02 
1.000071e+02 
1.000073e+02 
1.000075e+02 
1.000076e+02 
1.000076e+02 
1.000077e+02 
1.000077e+02 
1.000078e+02 
1.000078e+02 
1.000078e+02 
1.000078e+02 
1.000078e+02 
1.000079e+02 
1.000079e+02 
1.000079e+02 
1.000079e+02 
1.000079e+02 
1.000079e+02 
1.000079e+02 
1.000079e+02 
1.000078e+02 
1.000078e+02 
1.000078e+02 
1.000078e+02 
1.000078e+02 
1.000077e+02 
1.000077e+02 
1.000076e+02 
1.000076e+02 
1.000075e+02 
1.000073e+02 
1.000071e+02 
1.000068e+02 
1.000064e+02 
1.000059e+02 
1.000051e+02 
1.000041e+02 
1.000030e+02 
1.000018e+02 
1.000008e+02 
1.000000e+02 
9.999969e+01 
9.999964e+01 
9.999975e+01 
9.999988e+01 
9.999996e+01 
1.000000e+02 
1.000000e+02 
1.000000e+02 

1.000000e+02 
1.000000e+02 
1.000000e+02 
9.999996e+01 
9.999985e+01 
9.999968e+01 
9.999947e+01 
9.999937e+01 
9.999964e+01 
1.000006e+02 
1.000022e+02 
1.000045e+02 
1.000071e+02 
1.000095e+02 
1.000115e+02 
1.000131e+02 
1.000143e+02 
1.000152e+02 
1.000158e+02 
1.000162e+02 
1.000165e+02 
1.000168e+02 
1.000169e+02 
1.000170e+02 
1.000171e+02 
1.000172e+02 
1.000173e+02 
1.000173e+02 
1.000174e+02 
1.000174e+02 
1.000174e+02 
1.000175e+02 
1.000175e+02 
1.000175e+02 
1.000175e+02 
1.000174e+02 
1.000174e+02 
1.000174e+02 
1.000173e+02 
1.000173e+02 
1.000172e+02 
1.000171e+02 
1.000170e+02 
1.000169e+02 
1.000168e+02 
1.000165e+02 
1.000162e+02 
1.000158e+02 
1.000152e+02 
1.000143e+02 
1.000131e+02 
1.000115e+02 
1.000095e+02 
1.000071e+02 
1.000045e+02 
1.000022e+02 
1.000006e+02 
9.999964e+01 
9.999937e+01 
9.999947e+01 
9.999968e+01 
9.999985e+01 
9.999996e+01 
1.000000e+02 
1.000000e+02 
1.000000e+02 

1.000000e+02 
1.000000e+02 
1.000000e+02 
9.999995e+01 
9.999984e+01 
9.999961e+01 
9.999929e+01 
9.999898e+01 
9.999896e+01 
9.999973e+01 
1.000018e+02 
1.000053e+02 
1.000100e+02 
1.000151e+02 
1.000199e+02 
1.000240e+02 
1.000273e+02 
1.000297e+02 
1.000315e+02 
1.000328e+02 
1.000337e+02 
1.000343e+02 
1.000348e+02 
1.000351e+02 
1.000354e+02 
1.000356e+02 
1.000358e+02 
1.000360e+02 
1.000362e+02 
1.000363e+02 
1.000364e+02 
1.000365e+02 
1.000365e+02 
1.000365e+02 
1.000365e+02 
1.000364e+02 
1.000363e+02 
1.000362e+02 
1.000360e+02 
1.000358e+02 
1.000356e+02 
1.000354e+02 
1.000351e+02 
1.000348e+02 
1.000343e+02 
1.000337e+02 
1.000328e+02 
1.000315e+02 
1.000297e+02 
1.000273e+02 
1.000240e+02 
1.000199e+02 
1.000151e+02 
1.000100e+02 
1.000053e+02 
1.000018e+02 
9.999973e+01 
9.999896e+01 
9.999898e+01 
9.999929e+01 
9.999961e+01 
9.999984e+01 
9.999995e+01 
1.000000e+02 
1.000000e+02 
1.000000e+02 

1.000000e+02 
1.000000e+02 
1.000000e+02 
9.999995e+01 
9.999982e+01 
9.999956e+01 
9.999914e+01 
9.999858e+01 
9.999812e+01 
9.999832e+01 
1.000001e+02 
1.000043e+02 
1.000113e+02 
1.000204e+02 
1.000303e+02 
1.000395e+02 
1.000475e+02 
1.000538e+02 
1.000586e+02 
1.000621e+02 
1.000647e+02 
1.000665e+02 
1.000679e+02 
1.000689e+02 
1.000696e+02 
1.000703e+02 
1.000710e+02 
1.000715e+02 
1.000719e+02 
1.000723e+02 
1.000726e+02 
1.000728e+02 
1.000729e+02 
1.000729e+02 
1.000728e+02 
1.000726e+02 
1.000723e+02 
1.000719e+02 
1.000715e+02 
1.000710e+02 
1.000703e+02 
1.000696e+02 
1.000689e+02 
1.000679e+02 
1.000665e+02 
1.000647e+02 
1.000621e+02 
1.000586e+02 
1.000538e+02 
1.000475e+02 
1.000395e+02 
1.000303e+02 
1.000204e+02 
1.000113e+02 
1.000043e+02 
1.000001e+02 
9.999832e+01 
9.999812e+01 
9.999858e+01 
9.999914e+01 
9.999956e+01 
9.999982e+01 
9.999995e+01 
1.000000e+02 
1.000000e+02 
1.000000e+02 

1.000000e+02 
1.000000e+02 
1.000000e+02 
9.999995e+01 
9.999981e+01 
9.999952e+01 
9.999901e+01 
9.999823e+01 
9.999727e+01 
9.999658e+01 
9.999724e+01 
1.000009e+02 
1.000092e+02 
1.000225e+02 
1.000395e+02 
1.000578e+02 
1.000750e+02 
1.000898e+02 
1.001017e+02 
1.001108e+02 
1.001177e+02 
1.001227e+02 
1.001263e+02 
1.001290e+02 
1.001312e+02 
1.001332e+02 
1.001349e+02 
1.001365e+02 
1.001377e+02 
1.001388e+02 
1.001396e+02 
1.001401e+02 
1.001403e+02 
1.001403e+02 
1.001401e+02 
1.001396e+02 
1.001388e+02 
1.001377e+02 
1.001365e+02 
1.001349e+02 
1.001332e+02 
1.001312e+02 
1.001290e+02 
1.001263e+02 
1.001227e+02 
1.001177e+02 
1.001108e+02 
1.001017e+02 
1.000898e+02 
1.000750e+02 
1.000578e+02 
1.000395e+02 
1.000225e+02 
1.000092e+02 
1.000009e+02 
9.999724e+01 
9.999658e+01 
9.999727e+01 
9.999823e+01 
9.999901e+01 
9.999952e+01 
9.999981e+01 
9.999995e+01 
1.000000e+02 
1.000000e+02 
1.000000e+02 

1.000000e+02 
1.000000e+02 
1.000000e+02 
9.999995e+01 
9.999981e+01 
9.999950e+01 
9.999892e+01 
9.999795e+01 
9.999652e+01 
9.999482e+01 
9.999376e+01 
9.999537e+01 
1.000026e+02 
1.000181e+02 
1.000424e+02 
1.000730e+02 
1.001059e+02 
1.001369e+02 
1.001637e+02 
1.001855e+02 
1.002023e+02 
1.002151e+02 
1.002247e+02 
1.002318e+02 
1.002376e+02 
1.002429e+02 
1.002476e+02 
1.002518e+02 
1.002553e+02 
1.002582e+02 
1.002603e+02 
1.002618e+02 
1.002625e+02 
1.002625e+02 
1.002618e+02 
1.002603e+02 
1.002582e+02 
1.002553e+02 
1.002518e+02 
1.002476e+02 
1.002429e+02 
1.002376e+02 
1.002318e+02 
1.002247e+02 
1.002151e+02 
1.002023e+02 
1.001855e+02 
1.001637e+02 
1.001369e+02 
1.001059e+02 
1.000730e+02 
1.000424e+02 
1.000181e+02 
1.000026e+02 
9.999537e+01 
9.999376e+01 
9.999482e+01 
9.999652e+01 
9.999795e+01 
9.999892e+01 
9.999950e+01 
9.999981e+01 
9.999995e+01 
1.000000e+02 
1.000000e+02 
1.000000e+02 

1.000000e+02 
1.000000e+02 
1.000000e+02 
9.999995e+01 
9.999980e+01 
9.999948e+01 
9.999886e+01 
9.999774e+01 
9.999592e+01 
9.999327e+01 
9.999025e+01 
9.998862e+01 
9.999204e+01 
1.000056e+02 
1.000336e+02 
1.000764e+02 
1.001297e+02 
1.001865e+02 
1.002405e+02 
1.002875e+02 
1.003260e+02 
1.003562e+02 
1.003795e+02 
1.003972e+02 
1.004118e+02 
1.004254e+02 
1.004377e+02 
1.004486e+02 
1.004579e+02 
1.004655e+02 
1.004713e+02 
1.004752e+02 
1.004771e+02 
1.004771e+02 
1.004752e+02 
1.004713e+02 
1.004655e+02 
1.004579e+02 
1.004486e+02 
1.004377e+02 
1.004254e+02 
1.004118e+02 
1.003972e+02 
1.003795e+02 
1.003562e+02 
1.003260e+02 
1.002875e+02 
1.002405e+02 
1.001865e+02 
1.001297e+02 
1.000764e+02 
1.000336e+02 
1.000056e+02 
9.999204e+01 
9.998862e+01 
9.999025e+01 
9.999327e+01 
9.999592e+01 
9.999774e+01 
9.999886e+01 
9.999948e+01 
9.999980e+01 
9.999995e+01 
1.000000e+02 
1.000000e+02 
1.000000e+02 

1.000000e+02 
1.000000e+02 
1.000000e+02 
9.999995e+01 
9.999980e+01 
9.999947e+01 
9.999881e+01 
9.999759e+01 
9.999546e+01 
9.999202e+01 
9.998715e+01 
9.998185e+01 
9.997943e+01 
9.998631e+01 
1.000108e+02 
1.000594e+02 
1.001318e+02 
1.002209e+02 
1.003156e+02 
1.004057e+02 
1.004848e+02 
1.005502e+02 
1.006024e+02 
1.006432e+02 
1.006778e+02 
1.007105e+02 
1.007405e+02 
1.007675e+02 
1.007908e+02 
1.008101e+02 
1.008249e+02 
1.008350e+02 
1.008401e+02 
1.008401e+02 
1.008350e+02 
1.008249e+02 
1.008101e+02 
1.007908e+02 
1.007675e+02 
1.007405e+02 
1.007105e+02 
1.006778e+02 
1.006432e+02 
1.006024e+02 
1.005502e+02 
1.004848e+02 
1.004057e+02 
1.003156e+02 
1.002209e+02 
1.001318e+02 
1.000594e+02 
1.000108e+02 
9.998631e+01 
9.997943e+01 
9.998185e+01 
9.998715e+01 
9.999202e+01 
9.999546e+01 
9.999759e+01 
9.999881e+01 
9.999947e+01 
9.999980e+01 
9.999995e+01 
1.000000e+02 
1.000000e+02 
1.000000e+02 

1.000000e+02 
1.000000e+02 
1.000000e+02 
9.999995e+01 
9.999980e+01 
9.999946e+01 
9.999878e+01 
9.999749e+01 
9.999513e+01 
9.999107e+01 
9.998464e+01 
9.997586e+01 
9.996683e+01 
9.996352e+01 
9.997673e+01 
1.000194e+02 
1.001002e+02 
1.002177e+02 
1.003601e+02 
1.005107e+02 
1.006542e+02 
1.007809e+02 
1.008871e+02 
1.009731e+02 
1.010484e+02 
1.011211e+02 
1.011896e+02 
1.012522e+02 
1.013074e+02 
1.013536e+02 
1.013895e+02 
1.014140e+02 
1.014265e+02 
1.014265e+02 
1.014140e+02 
1.013895e+02 
1.013536e+02 
1.013074e+02 
1.012522e+02 
1.011896e+02 
1.011211e+02 
1.010484e+02 
1.009731e+02 
1.008871e+02 
1.007809e+02 
1.006542e+02 
1.005107e+02 
1.003601e+02 
1.002177e+02 
1.001002e+02 
1.000194e+02 
9.997673e+01 
9.996352e+01 
9.996683e+01 
9.997586e+01 
9.998464e+01 
9.999107e+01 
9.999513e+01 
9.999749e+01 
9.999878e+01 
9.999946e+01 
9.999980e+01 
9.999995e+01 
1.000000e+02 
1.000000e+02 
1.000000e+02 

1.000000e+02 
1.000000e+02 
1.000000e+02 
9.999995e+01 
9.999979e+01 
9.999945e+01 
9.999876e+01 
9.999741e+01 
9.999490e+01 
9.999038e+01 
9.998273e+01 
9.997100e+01 
9.995564e+01 
9.994079e+01 
9.993696e+01 
9.996133e+01 
1.000324e+02 
1.001608e+02 
1.003424e+02 
1.005589e+02 
1.007859e+02 
1.010022e+02 
1.011948e+02 
1.013580e+02 
1.015065e+02 
1.016544e+02 
1.017978e+02 
1.019325e+02 
1.020537e+02 
1.021573e+02 
1.022389e+02 
1.022954e+02 
1.023243e+02 
1.023243e+02 
1.022954e+02 
1.022389e+02 
1.021573e+02 
1.020537e+02 
1.019325e+02 
1.017978e+02 
1.016544e+02 
1.015065e+02 
1.013580e+02 
1.011948e+02 
1.010022e+02 
1.007859e+02 
1.005589e+02 
1.003424e+02 
1.001608e+02 
1.000324e+02 
9.996133e+01 
9.993696e+01 
9.994079e+01 
9.995564e+01 
9.997100e+01 
9.998273e+01 
9.999038e+01 
9.999490e+01 
9.999741e+01 
9.999876e+01 
9.999945e+01 
9.999979e+01 
9.999995e+01 
1.000000e+02 
1.000000e+02 
1.000000e+02 

1.000000e+02 
1.000000e+02 
1.000000e+02 
9.999995e+01 
9.999979e+01 
9.999945e+01 
9.999874e+01 
9.999736e+01 
9.999473e+01 
9.998988e+01 
9.998131e+01 
9.996724e+01 
9.994647e+01 
9.992052e+01 
9.989735e+01 
9.989448e+01 
9.993729e+01 
1.000502e+02 
1.002444e+02 
1.005103e+02 
1.008208e+02 
1.011433e+02 
1.014509e+02 
1.017259e+02 
1.019881e+02 
1.022597e+02 
1.025327e+02 
1.027975e+02 
1.030431e+02 
1.032580e+02 
1.034309e+02 
1.035522e+02 
1.036147e+02 
1.036147e+02 
1.035522e+02 
1.034309e+02 
1.032580e+02 
1.030431e+02 
1.027975e+02 
1.025327e+02 
1.022597e+02 
1.019881e+02 
1.017259e+02 
1.014509e+02 
1.011433e+02 
1.008208e+02 
1.005103e+02 
1.002444e+02 
1.000502e+02 
9.993729e+01 
9.989448e+01 
9.989735e+01 
9.992052e+01 
9.994647e+01 
9.996724e+01 
9.998131e+01 
9.998988e+01 
9.999473e+01 
9.999736e+01 
9.999874e+01 
9.999945e+01 
9.999979e+01 
9.999995e+01 
1.000000e+02 
1.000000e+02 
1.000000e+02 

1.000000e+02 
1.000000e+02 
1.000000e+02 
9.999995e+01 
9.999979e+01 
9.999945e+01 
9.999873e+01 
9.999733e+01 
9.999462e+01 
9.998953e+01 
9.998029e+01 
9.996444e+01 
9.993933e+01 
9.990377e+01 
9.986189e+01 
9.982815e+01 
9.982965e+01 
9.990109e+01 
1.000714e+02 
1.003487e+02 
1.007148e+02 
1.011332e+02 
1.015634e+02 
1.019723e+02 
1.023831e+02 
1.028284e+02 
1.032958e+02 
1.037676e+02 
1.042210e+02 
1.046299e+02 
1.049673e+02 
1.052082e+02 
1.053339e+02 
1.053339e+02 
1.052082e+02 
1.049673e+02 
1.046299e+02 
1.042210e+02 
1.037676e+02 
1.032958e+02 
1.028284e+02 
1.023831e+02 
1.019723e+02 
1.015634e+02 
1.011332e+02 
1.007148e+02 
1.003487e+02 
1.000714e+02 
9.990109e+01 
9.982965e+01 
9.982815e+01 
9.986189e+01 
9.990377e+01 
9.993933e+01 
9.996444e+01 
9.998029e+01 
9.998953e+01 
9.999462e+01 
9.999733e+01 
9.999873e+01 
9.999945e+01 
9.999979e+01 
9.999995e+01 
1.000000e+02 
1.000000e+02 
1.000000e+02 

1.000000e+02 
1.000000e+02 
1.000000e+02 
9.999995e+01 
9.999979e+01 
9.999944e+01 
9.999872e+01 
9.999730e+01 
9.999454e+01 
9.998928e+01 
9.997956e+01 
9.996240e+01 
9.993395e+01 
9.989060e+01 
9.983236e+01 
9.976863e+01 
9.972355e+01 
9.973585e+01 
9.984844e+01 
1.000905e+02 
1.004624e+02 
1.009350e+02 
1.014628e+02 
1.019982e+02 
1.025681e+02 
1.032179e+02 
1.039340e+02 
1.046904e+02 
1.054481e+02 
1.061564e+02 
1.067581e+02 
1.071974e+02 
1.074295e+02 
1.074295e+02 
1.071974e+02 
1.067581e+02 
1.061564e+02 
1.054481e+02 
1.046904e+02 
1.039340e+02 
1.032179e+02 
1.025681e+02 
1.019982e+02 
1.014628e+02 
1.009350e+02 
1.004624e+02 
1.000905e+02 
9.984844e+01 
9.973585e+01 
9.972355e+01 
9.976863e+01 
9.983236e+01 
9.989060e+01 
9.993395e+01 
9.996240e+01 
9.997956e+01 
9.998928e+01 
9.999454e+01 
9.999730e+01 
9.999872e+01 
9.999944e+01 
9.999979e+01 
9.999995e+01 
1.000000e+02 
1.000000e+02 
1.000000e+02 

1.000000e+02 
1.000000e+02 
1.000000e+02 
9.999995e+01 
9.999979e+01 
9.999944e+01 
9.999872e+01 
9.999728e+01 
9.999448e+01 
9.998911e+01 
9.997904e+01 
9.996091e+01 
9.992997e+01 
9.988055e+01 
9.980888e+01 
9.971866e+01 
9.962817e+01 
9.957433e+01 
9.960728e+01 
9.977375e+01 
1.000964e+02 
1.005633e+02 
1.011345e+02 
1.017557e+02 
1.024587e+02 
1.033050e+02 
1.042877e+02 
1.053790e+02 
1.065234e+02 
1.076371e+02 
1.086151e+02 
1.093469e+02 
1.097396e+02 
1.097396e+02 
1.093469e+02 
1.086151e+02 
1.076371e+02 
1.065234e+02 
1.053790e+02 
1.042877e+02 
1.033050e+02 
1.024587e+02 
1.017557e+02 
1.011345e+02 
1.005633e+02 
1.000964e+02 
9.977375e+01 
9.960728e+01 
9.957433e+01 
9.962817e+01 
9.971866e+01 
9.980888e+01 
9.988055e+01 
9.992997e+01 
9.996091e+01 
9.997904e+01 
9.998911e+01 
9.999448e+01 
9.999728e+01 
9.999872e+01 
9.999944e+01 
9.999979e+01 
9.999995e+01 
1.000000e+02 
1.000000e+02 
1.000000e+02 

1.000000e+02 
1.000000e+02 
1.000000e+02 
9.999995e+01 
9.999979e+01 
9.999944e+01 
9.999872e+01 
9.999727e+01 
9.999444e+01 
9.998898e+01 
9.997866e+01 
9.995984e+01 
9.992704e+01 
9.987300e+01 
9.979071e+01 
9.967842e+01 
9.954743e+01 
9.942897e+01 
9.937388e+01 
9.943984e+01 
9.966929e+01 
1.000716e+02 
1.006208e+02 
1.012657e+02 
1.020444e+02 
1.030363e+02 
1.042534e+02 
1.056778e+02 
1.072462e+02 
1.088398e+02 
1.102901e+02 
1.114047e+02 
1.120127e+02 
1.120127e+02 
1.114047e+02 
1.102901e+02 
1.088398e+02 
1.072462e+02 
1.056778e+02 
1.042534e+02 
1.030363e+02 
1.020444e+02 
1.012657e+02 
1.006208e+02 
1.000716e+02 
9.966929e+01 
9.943984e+01 
9.937388e+01 
9.942897e+01 
9.954743e+01 
9.967842e+01 
9.979071e+01 
9.987300e+01 
9.992704e+01 
9.995984e+01 
9.997866e+01 
9.998898e+01 
9.999444e+01 
9.999727e+01 
9.999872e+01 
9.999944e+01 
9.999979e+01 
9.999995e+01 
1.000000e+02 
1.000000e+02 
1.000000e+02 

1.000000e+02 
1.000000e+02 
1.000000e+02 
9.999995e+01 
9.999979e+01 
9.999944e+01 
9.999871e+01 
9.999726e+01 
9.999441e+01 
9.998889e+01 
9.997839e+01 
9.995906e+01 
9.992489e+01 
9.986736e+01 
9.977685e+01 
9.964686e+01 
9.948173e+01 
9.930525e+01 
9.916432e+01 
9.912108e+01 
9.923216e+01 
9.952677e+01 
9.999684e+01 
1.006017e+02 
1.013852e+02 
1.024444e+02 
1.038195e+02 
1.055177e+02 
1.074835e+02 
1.095715e+02 
1.115427e+02 
1.130999e+02 
1.139637e+02 
1.139637e+02 
1.130999e+02 
1.115427e+02 
1.095715e+02 
1.074835e+02 
1.055177e+02 
1.038195e+02 
1.024444e+02 
1.013852e+02 
1.006017e+02 
9.999684e+01 
9.952677e+01 
9.923216e+01 
9.912108e+01 
9.916432e+01 
9.930525e+01 
9.948173e+01 
9.964686e+01 
9.977685e+01 
9.986736e+01 
9.992489e+01 
9.995906e+01 
9.997839e+01 
9.998889e+01 
9.999441e+01 
9.999726e+01 
9.999871e+01 
9.999944e+01 
9.999979e+01 
9.999995e+01 
1.000000e+02 
1.000000e+02 
1.000000e+02 

1.000000e+02 
1.000000e+02 
1.000000e+02 
9.999995e+01 
9.999979e+01 
9.999944e+01 
9.999871e+01 
9.999726e+01 
9.999439e+01 
9.998882e+01 
9.997817e+01 
9.995843e+01 
9.992314e+01 
9.986272e+01 
9.976527e+01 
9.961989e+01 
9.942395e+01 
9.919251e+01 
9.896523e+01 
9.880338e+01 
9.877259e+01 
9.891933e+01 
9.925514e+01 
9.975499e+01 
1.004669e+02 
1.015014e+02 
1.029353e+02 
1.048174e+02 
1.071221e+02 
1.096957e+02 
1.122276e+02 
1.142895e+02 
1.154550e+02 
1.154550e+02 
1.142895e+02 
1.122276e+02 
1.096957e+02 
1.071221e+02 
1.048174e+02 
1.029353e+02 
1.015014e+02 
1.004669e+02 
9.975499e+01 
9.925514e+01 
9.891933e+01 
9.877259e+01 
9.880338e+01 
9.896523e+01 
9.919251e+01 
9.942395e+01 
9.961989e+01 
9.976527e+01 
9.986272e+01 
9.992314e+01 
9.995843e+01 
9.997817e+01 
9.998882e+01 
9.999439e+01 
9.999726e+01 
9.999871e+01 
9.999944e+01 
9.999979e+01 
9.999995e+01 
1.000000e+02 
1.000000e+02 
1.000000e+02 

1.000000e+02 
1.000000e+02 
1.000000e+02 
9.999995e+01 
9.999979e+01 
9.999944e+01 
9.999871e+01 
9.999725e+01 
9.999437e+01 
9.998876e+01 
9.997798e+01 
9.995786e+01 
9.992155e+01 
9.985848e+01 
9.975452e+01 
9.959439e+01 
9.936803e+01 
9.908014e+01 
9.875966e+01 
9.846191e+01 
9.825626e+01 
9.820346e+01 
9.833558e+01 
9.864815e+01 
9.918800e+01 
1.000703e+02 
1.014131e+02 
1.033230e+02 
1.058344e+02 
1.088170e+02 
1.119038e+02 
1.145115e+02 
1.160164e+02 
1.160164e+02 
1.145115e+02 
1.119038e+02 
1.088170e+02 
1.058344e+02 
1.033230e+02 
1.014131e+02 
1.000703e+02 
9.918800e+01 
9.864815e+01 
9.833558e+01 
9.820346e+01 
9.825626e+01 
9.846191e+01 
9.875966e+01 
9.908014e+01 
9.936803e+01 
9.959439e+01 
9.975452e+01 
9.985848e+01 
9.992155e+01 
9.995786e+01 
9.997798e+01 
9.998876e+01 
9.999437e+01 
9.999725e+01 
9.999871e+01 
9.999944e+01 
9.999979e+01 
9.999995e+01 
1.000000e+02 
1.000000e+02 
1.000000e+02 

1.000000e+02 
1.000000e+02 
1.000000e+02 
9.999995e+01 
9.999979e+01 
9.999944e+01 
9.999871e+01 
9.999725e+01 
9.999435e+01 
9.998870e+01 
9.997781e+01 
9.995736e+01 
9.992014e+01 
9.985467e+01 
9.974475e+01 
9.957084e+01 
9.931526e+01 
9.897124e+01 
9.855403e+01 
9.810784e+01 
9.769948e+01 
9.739879e+01 
9.725659e+01 
9.729149e+01 
9.753921e+01 
9.810155e+01 
9.912816e+01 
1.007854e+02 
1.031873e+02 
1.062661e+02 
1.096309e+02 
1.125885e+02 
1.143447e+02 
1.143447e+02 
1.125885e+02 
1.096309e+02 
1.062661e+02 
1.031873e+02 
1.007854e+02 
9.912816e+01 
9.810155e+01 
9.753921e+01 
9.729149e+01 
9.725659e+01 
9.739879e+01 
9.769948e+01 
9.810784e+01 
9.855403e+01 
9.897124e+01 
9.931526e+01 
9.957084e+01 
9.974475e+01 
9.985467e+01 
9.992014e+01 
9.995736e+01 
9.997781e+01 
9.998870e+01 
9.999435e+01 
9.999725e+01 
9.999871e+01 
9.999944e+01 
9.999979e+01 
9.999995e+01 
1.000000e+02 
1.000000e+02 
1.000000e+02 

1.000000e+02 
1.000000e+02 
1.000000e+02 
9.999995e+01 
9.999979e+01 
9.999944e+01 
9.999871e+01 
9.999724e+01 
9.999434e+01 
9.998865e+01 
9.997766e+01 
9.995692e+01 
9.991891e+01 
9.985133e+01 
9.973610e+01 
9.954968e+01 
9.926694e+01 
9.886915e+01 
9.835583e+01 
9.775564e+01 
9.712648e+01 
9.654091e+01 
9.606432e+01 
9.573845e+01 
9.557490e+01 
9.563649e+01 
9.607929e+01 
9.710472e+01 
9.889871e+01 
1.014755e+02 
1.045415e+02 
1.073859e+02 
1.091107e+02 
1.091107e+02 
1.073859e+02 
1.045415e+02 
1.014755e+02 
9.889871e+01 
9.710472e+01 
9.607929e+01 
9.563649e+01 
9.557490e+01 
9.573845e+01 
9.606432e+01 
9.654091e+01 
9.712648e+01 
9.775564e+01 
9.835583e+01 
9.886915e+01 
9.926694e+01 
9.954968e+01 
9.973610e+01 
9.985133e+01 
9.991891e+01 
9.995692e+01 
9.997766e+01 
9.998865e+01 
9.999434e+01 
9.999724e+01 
9.999871e+01 
9.999944e+01 
9.999979e+01 
9.999995e+01 
1.000000e+02 
1.000000e+02 
1.000000e+02 

1.000000e+02 
1.000000e+02 
1.000000e+02 
9.999995e+01 
9.999979e+01 
9.999944e+01 
9.999871e+01 
9.999724e+01 
9.999433e+01 
9.998861e+01 
9.997754e+01 
9.995655e+01 
9.991787e+01 
9.984849e+01 
9.972868e+01 
9.953132e+01 
9.922435e+01 
9.877733e+01 
9.817324e+01 
9.742232e+01 
9.656842e+01 
9.568055e+01 
9.483361e+01 
9.409035e+01 
9.342631e+01 
9.284076e+01 
9.246372e+01 
9.249316e+01 
9.314729e+01 
9.457022e+01 
9.657465e+01 
9.862476e+01 
9.995732e+01 
9.995732e+01 
9.862476e+01 
9.657465e+01 
9.457022e+01 
9.314729e+01 
9.249316e+01 
9.246372e+01 
9.284076e+01 
9.342631e+01 
9.409035e+01 
9.483361e+01 
9.568055e+01 
9.656842e+01 
9.742232e+01 
9.817324e+01 
9.877733e+01 
9.922435e+01 
9.953132e+01 
9.972868e+01 
9.984849e+01 
9.991787e+01 
9.995655e+01 
9.997754e+01 
9.998861e+01 
9.999433e+01 
9.999724e+01 
9.999871e+01 
9.999944e+01 
9.999979e+01 
9.999995e+01 
1.000000e+02 
1.000000e+02 
1.000000e+02 

1.000000e+02 
1.000000e+02 
1.000000e+02 
9.999995e+01 
9.999979e+01 
9.999944e+01 
9.999870e+01 
9.999723e+01 
9.999432e+01 
9.998858e+01 
9.997744e+01 
9.995626e+01 
9.991703e+01 
9.984618e+01 
9.972261e+01 
9.951614e+01 
9.918866e+01 
9.869911e+01 
9.801457e+01 
9.712617e+01 
9.606086e+01 
9.487957e+01 
9.366199e+01 
9.248880e+01 
9.129319e+01 
8.999756e+01 
8.868563e+01 
8.751877e+01 
8.674325e+01 
8.657898e+01 
8.709218e+01 
8.797133e+01 
8.863639e+01 
8.863639e+01 
8.797133e+01 
8.709218e+01 
8.657898e+01 
8.674325e+01 
8.751877e+01 
8.868563e+01 
8.999756e+01 
9.129319e+01 
9.248880e+01 
9.366199e+01 
9.487957e+01 
9.606086e+01 
9.712617e+01 
9.801457e+01 
9.869911e+01 
9.918866e+01 
9.951614e+01 
9.972261e+01 
9.984618e+01 
9.991703e+01 
9.995626e+01 
9.997744e+01 
9.998858e+01 
9.999432e+01 
9.999723e+01 
9.999870e+01 
9.999944e+01 
9.999979e+01 
9.999995e+01 
1.000000e+02 
1.000000e+02 
1.000000e+02 

1.000000e+02 
1.000000e+02 
1.000000e+02 
9.999995e+01 
9.999979e+01 
9.999944e+01 
9.999870e+01 
9.999723e+01 
9.999431e+01 
9.998856e+01 
9.997736e+01 
9.995604e+01 
9.991639e+01 
9.984443e+01 
9.971797e+01 
9.950445e+01 
9.916091e+01 
9.863748e+01 
9.788760e+01 
9.688504e+01 
9.564007e+01 
9.420372e+01 
9.265719e+01 
9.109556e+01 
8.941166e+01 
8.745478e+01 
8.526245e+01 
8.296310e+01 
8.081669e+01 
7.915442e+01 
7.820051e+01 
7.789671e+01 
7.791923e+01 
7.791923e+01 
7.789671e+01 
7.820051e+01 
7.915442e+01 
8.081669e+01 
8.296310e+01 
8.526245e+01 
8.745478e+01 
8.941166e+01 
9.109556e+01 
9.265719e+01 
9.420372e+01 
9.564007e+01 
9.688504e+01 
9.788760e+01 
9.863748e+01 
9.916091e+01 
9.950445e+01 
9.971797e+01 
9.984443e+01 
9.991639e+01 
9.995604e+01 
9.997736e+01 
9.998856e+01 
9.999431e+01 
9.999723e+01 
9.999870e+01 
9.999944e+01 
9.999979e+01 
9.999995e+01 
1.000000e+02 
1.000000e+02 
1.000000e+02 

1.000000e+02 
1.000000e+02 
1.000000e+02 
9.999995e+01 
9.999979e+01 
9.999944e+01 
9.999870e+01 
9.999723e+01 
9.999430e+01 
9.998854e+01 
9.997731e+01 
9.995589e+01 
9.991597e+01 
9.984325e+01 
9.971484e+01 
9.949652e+01 
9.914192e+01 
9.859492e+01 
9.779892e+01 
9.671453e+01 
9.533869e+01 
9.371368e+01 
9.192065e+01 
9.006502e+01 
8.800885e+01 
8.554669e+01 
8.268551e+01 
7.953959e+01 
7.639211e+01 
7.365264e+01 
7.168844e+01 
7.059406e+01 
7.017108e+01 
7.017108e+01 
7.059406e+01 
7.168844e+01 
7.365264e+01 
7.639211e+01 
7.953959e+01 
8.268551e+01 
8.554669e+01 
8.800885e+01 
9.006502e+01 
9.192065e+01 
9.371368e+01 
9.533869e+01 
9.671453e+01 
9.779892e+01 
9.859492e+01 
9.914192e+01 
9.949652e+01 
9.971484e+01 
9.984325e+01 
9.991597e+01 
9.995589e+01 
9.997731e+01 
9.998854e+01 
9.999430e+01 
9.999723e+01 
9.999870e+01 
9.999944e+01 
9.999979e+01 
9.999995e+01 
1.000000e+02 
1.000000e+02 
1.000000e+02 

1.000000e+02 
1.000000e+02 
1.000000e+02 
9.999995e+01 
9.999979e+01 
9.999944e+01 
9.999870e+01 
9.999723e+01 
9.999430e+01 
9.998853e+01 
9.997729e+01 
9.995581e+01 
9.991575e+01 
9.984266e+01 
9.971326e+01 
9.949251e+01 
9.913228e+01 
9.857318e+01 
9.775332e+01 
9.662619e+01 
9.518136e+01 
9.345603e+01 
9.153098e+01 
8.951715e+01 
8.726019e+01 
8.452616e+01 
8.130874e+01 
7.772132e+01 
7.406757e+01 
7.080143e+01 
6.834931e+01 
6.687603e+01 
6.624795e+01 
6.624795e+01 
6.687603e+01 
6.834931e+01 
7.080143e+01 
7.406757e+01 
7.772132e+01 
8.130874e+01 
8.452616e+01 
8.726019e+01 
8.951715e+01 
9.153098e+01 
9.345603e+01 
9.518136e+01 
9.662619e+01 
9.775332e+01 
9.857318e+01 
9.913228e+01 
9.949251e+01 
9.971326e+01 
9.984266e+01 
9.991575e+01 
9.995581e+01 
9.997729e+01 
9.998853e+01 
9.999430e+01 
9.999723e+01 
9.999870e+01 
9.999944e+01 
9.999979e+01 
9.999995e+01 
1.000000e+02 
1.000000e+02 
1.000000e+02 

1.000000e+02 
1.000000e+02 
1.000000e+02 
9.999995e+01 
9.999979e+01 
9.999944e+01 
9.999870e+01 
9.999723e+01 
9.999430e+01 
9.998853e+01 
9.997729e+01 
9.995581e+01 
9.991575e+01 
9.984266e+01 
9.971326e+01 
9.949251e+01 
9.913228e+01 
9.857318e+01 
9.775332e+01 
9.662619e+01 
9.518136e+01 
9.345603e+01 
9.153098e+01 
8.951715e+01 
8.726019e+01 
8.452616e+01 
8.130874e+01 
7.772132e+01 
7.406757e+01 
7.080143e+01 
6.834931e+01 
6.687603e+01 
6.624795e+01 
6.624795e+01 
6.687603e+01 
6.834931e+01 
7.080143e+01 
7.406757e+01 
7.772132e+01 
8.130874e+01 
8.452616e+01 
8.726019e+01 
8.951715e+01 
9.153098e+01 
9.345603e+01 
9.518136e+01 
9.662619e+01 
9.775332e+01 
9.857318e+01 
9.913228e+01 
9.949251e+01 
9.971326e+01 
9.984266e+01 
9.991575e+01 
9.995581e+01 
9.997729e+01 
9.998853e+01 
9.999430e+01 
9.999723e+01 
9.999870e+01 
9.999944e+01 
9.999979e+01 
9.999995e+01 
1.000000e+02 
1.000000e+02 
1.000000e+02 

1.000000e+02 
1.000000e+02 
1.000000e+02 
9.999995e+01 
9.999979e+01 
9.999944e+01 
9.999870e+01 
9.999723e+01 
9.999430e+01 
9.998854e+01 
9.997731e+01 
9.995589e+01 
9.991597e+01 
9.984325e+01 
9.971484e+01 
9.949652e+01 
9.914192e+01 
9.859492e+01 
9.779892e+01 
9.671453e+01 
9.533869e+01 
9.371368e+01 
9.192065e+01 
9.006502e+01 
8.800885e+01 
8.554669e+01 
8.268551e+01 
7.953959e+01 
7.639211e+01 
7.365264e+01 
7.168844e+01 
7.059406e+01 
7.017108e+01 
7.017108e+01 
7.059406e+01 
7.168844e+01 
7.365264e+01 
7.639211e+01 
7.953959e+01 
8.268551e+01 
8.554669e+01 
8.800885e+01 
9.006502e+01 
9.192065e+01 
9.371368e+01 
9.533869e+01 
9.671453e+01 
9.779892e+01 
9.859492e+01 
9.914192e+01 
9.949652e+01 
9.971484e+01 
9.984325e+01 
9.991597e+01 
9.995589e+01 
9.997731e+01 
9.998854e+01 
9.999430e+01 
9.999723e+01 
9.999870e+01 
9.999944e+01 
9.999979e+01 
9.999995e+01 
1.000000e+02 
1.000000e+02 
1.000000e+02 

1.000000e+02 
1.000000e+02 
1.000000e+02 
9.999995e+01 
9.999979e+01 
9.999944e+01 
9.999870e+01 
9.999723e+01 
9.999431e+01 
9.998856e+01 
9.997736e+01 
9.995604e+01 
9.991639e+01 
9.984443e+01 
9.971797e+01 
9.950445e+01 
9.916091e+01 
9.863748e+01 
9.788760e+01 
9.688504e+01 
9.564007e+01 
9.420372e+01 
9.265719e+01 
9.109556e+01 
8.941166e+01 
8.745478e+01 
8.526245e+01 
8.296310e+01 
8.081669e+01 
7.915442e+01 
7.820051e+01 
7.789671e+01 
7.791923e+01 
7.791923e+01 
7.789671e+01 
7.820051e+01 
7.915442e+01 
8.081669e+01 
8.296310e+01 
8.526245e+01 
8.745478e+01 
8.941166e+01 
9.109556e+01 
9.265719e+01 
9.420372e+01 
9.564007e+01 
9.688504e+01 
9.788760e+01 
9.863748e+01 
9.916091e+01 
9.950445e+01 
9.971797e+01 
9.984443e+01 
9.991639e+01 
9.995604e+01 
9.997736e+01 
9.998856e+01 
9.999431e+01 
9.999723e+01 
9.999870e+01 
9.999944e+01 
9.999979e+01 
9.999995e+01 
1.000000e+02 
1.000000e+02 
1.000000e+02 

1.000000e+02 
1.000000e+02 
1.000000e+02 
9.999995e+01 
9.999979e+01 
9.999944e+01 
9.999870e+01 
9.999723e+01 
9.999432e+01 
9.998858e+01 
9.997744e+01 
9.995626e+01 
9.991703e+01 
9.984618e+01 
9.972261e+01 
9.951614e+01 
9.918866e+01 
9.869911e+01 
9.801457e+01 
9.712617e+01 
9.606086e+01 
9.487957e+01 
9.366199e+01 
9.248880e+01 
9.129319e+01 
8.999756e+01 
8.868563e+01 
8.751877e+01 
8.674325e+01 
8.657898e+01 
8.709218e+01 
8.797133e+01 
8.863639e+01 
8.863639e+01 
8.797133e+01 
8.709218e+01 
8.657898e+01 
8.674325e+01 
8.751877e+01 
8.868563e+01 
8.999756e+01 
9.129319e+01 
9.248880e+01 
9.366199e+01 
9.487957e+01 
9.606086e+01 
9.712617e+01 
9.801457e+01 
9.869911e+01 
9.918866e+01 
9.951614e+01 
9.972261e+01 
9.984618e+01 
9.991703e+01 
9.995626e+01 
9.997744e+01 
9.998858e+01 
9.999432e+01 
9.999723e+01 
9.999870e+01 
9.999944e+01 
9.999979e+01 
9.999995e+01 
1.000000e+02 
1.000000e+02 
1.000000e+02 

1.000000e+02 
1.000000e+02 
1.000000e+02 
9.999995e+01 
9.999979e+01 
9.999944e+01 
9.999871e+01 
9.999724e+01 
9.999433e+01 
9.998861e+01 
9.997754e+01 
9.995655e+01 
9.991787e+01 
9.984849e+01 
9.972868e+01 
9.953132e+01 
9.922435e+01 
9.877733e+01 
9.817324e+01 
9.742232e+01 
9.656842e+01 
9.568055e+01 
9.483361e+01 
9.409035e+01 
9.342631e+01 
9.284076e+01 
9.246372e+01 
9.249316e+01 
9.314729e+01 
9.457022e+01 
9.657465e+01 
9.862476e+01 
9.995732e+01 
9.995732e+01 
9.862476e+01 
9.657465e+01 
9.457022e+01 
9.314729e+01 
9.249316e+01 
9.246372e+01 
9.284076e+01 
9.342631e+01 
9.409035e+01 
9.483361e+01 
9.568055e+01 
9.656842e+01 
9.742232e+01 
9.817324e+01 
9.877733e+01 
9.922435e+01 
9.953132e+01 
9.972868e+01 
9.984849e+01 
9.991787e+01 
9.995655e+01 
9.997754e+01 
9.998861e+01 
9.999433e+01 
9.999724e+01 
9.999871e+01 
9.999944e+01 
9.999979e+01 
9.999995e+01 
1.000000e+02 
1.000000e+02 
1.000000e+02 

1.000000e+02 
1.000000e+02 
1.000000e+02 
9.999995e+01 
9.999979e+01 
9.999944e+01 
9.999871e+01 
9.999724e+01 
9.999434e+01 
9.998865e+01 
9.997766e+01 
9.995692e+01 
9.991891e+01 
9.985133e+01 
9.973610e+01 
9.954968e+01 
9.926694e+01 
9.886915e+01 
9.835583e+01 
9.775564e+01 
9.712648e+01 
9.654091e+01 
9.606432e+01 
9.573845e+01 
9.557490e+01 
9.563649e+01 
9.607929e+01 
9.710472e+01 
9.889871e+01 
1.014755e+02 
1.045415e+02 
1.073859e+02 
1.091107e+02 
1.091107e+02 
1.073859e+02 
1.045415e+02 
1.014755e+02 
9.889871e+01 
9.710472e+01 
9.607929e+01 
9.563649e+01 
9.557490e+01 
9.573845e+01 
9.606432e+01 
9.654091e+01 
9.712648e+01 
9.775564e+01 
9.835583e+01 
9.886915e+01 
9.926694e+01 
9.954968e+01 
9.973610e+01 
9.985133e+01 
9.991891e+01 
9.995692e+01 
9.997766e+01 
9.998865e+01 
9.999434e+01 
9.999724e+01 
9.999871e+01 
9.999944e+01 
9.999979e+01 
9.999995e+01 
1.000000e+02 
1.000000e+02 
1.000000e+02 

1.000000e+02 
1.000000e+02 
1.000000e+02 
9.999995e+01 
9.999979e+01 
9.999944e+01 
9.999871e+01 
9.999725e+01 
9.999435e+01 
9.998870e+01 
9.997781e+01 
9.995736e+01 
9.992014e+01 
9.985467e+01 
9.974475e+01 
9.957084e+01 
9.931526e+01 
9.897124e+01 
9.855403e+01 
9.810784e+01 
9.769948e+01 
9.739879e+01 
9.725659e+01 
9.729149e+01 
9.753921e+01 
9.810155e+01 
9.912816e+01 
1.007854e+02 
1.031873e+02 
1.062661e+02 
1.096309e+02 
1.125885e+02 
1.143447e+02 
1.143447e+02 
1.125885e+02 
1.096309e+02 
1.062661e+02 
1.031873e+02 
1.007854e+02 
9.912816e+01 
9.810155e+01 
9.753921e+01 
9.729149e+01 
9.725659e+01 
9.739879e+01 
9.769948e+01 
9.810784e+01 
9.855403e+01 
9.897124e+01 
9.931526e+01 
9.957084e+01 
9.974475e+01 
9.985467e+01 
9.992014e+01 
9.995736e+01 
9.997781e+01 
9.998870e+01 
9.999435e+01 
9.999725e+01 
9.999871e+01 
9.999944e+01 
9.999979e+01 
9.999995e+01 
1.000000e+02 
1.000000e+02 
1.000000e+02 

1.000000e+02 
1.000000e+02 
1.000000e+02 
9.999995e+01 
9.999979e+01 
9.999944e+01 
9.999871e+01 
9.999725e+01 
9.999437e+01 
9.998876e+01 
9.997798e+01 
9.995786e+01 
9.992155e+01 
9.985848e+01 
9.975452e+01 
9.959439e+01 
9.936803e+01 
9.908014e+01 
9.875966e+01 
9.846191e+01 
9.825626e+01 
9.820346e+01 
9.833558e+01 
9.864815e+01 
9.918800e+01 
1.000703e+02 
1.014131e+02 
1.033230e+02 
1.058344e+02 
1.088170e+02 
1.119038e+02 
1.145115e+02 
1.160164e+02 
1.160164e+02 
1.145115e+02 
1.119038e+02 
1.088170e+02 
1.058344e+02 
1.033230e+02 
1.014131e+02 
1.000703e+02 
9.918800e+01 
9.864815e+01 
9.833558e+01 
9.820346e+01 
9.825626e+01 
9.846191e+01 
9.875966e+01 
9.908014e+01 
9.936803e+01 
9.959439e+01 
9.975452e+01 
9.985848e+01 
9.992155e+01 
9.995786e+01 
9.997798e+01 
9.998876e+01 
9.999437e+01 
9.999725e+01 
9.999871e+01 
9.999944e+01 
9.999979e+01 
9.999995e+01 
1.000000e+02 
1.000000e+02 
1.000000e+02 

1.000000e+02 
1.000000e+02 
1.000000e+02 
9.999995e+01 
9.999979e+01 
9.999944e+01 
9.999871e+01 
9.999726e+01 
9.999439e+01 
9.998882e+01 
9.997817e+01 
9.995843e+01 
9.992314e+01 
9.986272e+01 
9.976527e+01 
9.961989e+01 
9.942395e+01 
9.919251e+01 
9.896523e+01 
9.880338e+01 
9.877259e+01 
9.891933e+01 
9.925514e+01 
9.975499e+01 
1.004669e+02 
1.015014e+02 
1.029353e+02 
1.048174e+02 
1.071221e+02 
1.096957e+02 
1.122276e+02 
1.142895e+02 
1.154550e+02 
1.154550e+02 
1.142895e+02 
1.122276e+02 
1.096957e+02 
1.071221e+02 
1.048174e+02 
1.029353e+02 
1.015014e+02 
1.004669e+02 
9.975499e+01 
9.925514e+01 
9.891933e+01 
9.877259e+01 
9.880338e+01 
9.896523e+01 
9.919251e+01 
9.942395e+01 
9.961989e+01 
9.976527e+01 
9.986272e+01 
9.992314e+01 
9.995843e+01 
9.997817e+01 
9.998882e+01 
9.999439e+01 
9.999726e+01 
9.999871e+01 
9.999944e+01 
9.999979e+01 
9.999995e+01 
1.000000e+02 
1.000000e+02 
1.000000e+02 

1.000000e+02 
1.000000e+02 
1.000000e+02 
9.999995e+01 
9.999979e+01 
9.999944e+01 
9.999871e+01 
9.999726e+01 
9.999441e+01 
9.998889e+01 
9.997839e+01 
9.995906e+01 
9.992489e+01 
9.986736e+01 
9.977685e+01 
9.964686e+01 
9.948173e+01 
9.930525e+01 
9.916432e+01 
9.912108e+01 
9.923216e+01 
9.952677e+01 
9.999684e+01 
1.006017e+02 
1.013852e+02 
1.024444e+02 
1.038195e+02 
1.055177e+02 
1.074835e+02 
1.095715e+02 
1.115427e+02 
1.130999e+02 
1.139637e+02 
1.139637e+02 
1.130999e+02 
1.115427e+02 
1.095715e+02 
1.074835e+02 
1.055177e+02 
1.038195e+02 
1.024444e+02 
1.013852e+02 
1.006017e+02 
9.999684e+01 
9.952677e+01 
9.923216e+01 
9.912108e+01 
9.916432e+01 
9.930525e+01 
9.948173e+01 
9.964686e+01 
9.977685e+01 
9.986736e+01 
9.992489e+01 
9.995906e+01 
9.997839e+01 
9.998889e+01 
9.999441e+01 
9.999726e+01 
9.999871e+01 
9.999944e+01 
9.999979e+01 
9.999995e+01 
1.000000e+02 
1.000000e+02 
1.000000e+02 

1.000000e+02 
1.000000e+02 
1.000000e+02 
9.999995e+01 
9.999979e+01 
9.999944e+01 
9.999872e+01 
9.999727e+01 
9.999444e+01 
9.998898e+01 
9.997866e+01 
9.995984e+01 
9.992704e+01 
9.987300e+01 
9.979071e+01 
9.967842e+01 
9.954743e+01 
9.942897e+01 
9.937388e+01 
9.943984e+01 
9.966929e+01 
1.000716e+02 
1.006208e+02 
1.012657e+02 
1.020444e+02 
1.030363e+02 
1.042534e+02 
1.056778e+02 
1.072462e+02 
1.088398e+02 
1.102901e+02 
1.114047e+02 
1.120127e+02 
1.120127e+02 
1.114047e+02 
1.102901e+02 
1.088398e+02 
1.072462e+02 
1.056778e+02 
1.042534e+02 
1.030363e+02 
1.020444e+02 
1.012657e+02 
1.006208e+02 
1.000716e+02 
9.966929e+01 
9.943984e+01 
9.937388e+01 
9.942897e+01 
9.954743e+01 
9.967842e+01 
9.979071e+01 
9.987300e+01 
9.992704e+01 
9.995984e+01 
9.997866e+01 
9.998898e+01 
9.999444e+01 
9.999727e+01 
9.999872e+01 
9.999944e+01 
9.999979e+01 
9.999995e+01 
1.000000e+02 
1.000000e+02 
1.000000e+02 

1.000000e+02 
1.000000e+02 
1.000000e+02 
9.999995e+01 
9.999979e+01 
9.999944e+01 
9.999872e+01 
9.999728e+01 
9.999448e+01 
9.998911e+01 
9.997904e+01 
9.996091e+01 
9.992997e+01 
9.988055e+01 
9.980888e+01 
9.971866e+01 
9.962817e+01 
9.957433e+01 
9.960728e+01 
9.977375e+01 
1.000964e+02 
1.005633e+02 
1.011345e+02 
1.017557e+02 
1.024587e+02 
1.033050e+02 
1.042877e+02 
1.053790e+02 
1.065234e+02 
1.076371e+02 
1.086151e+02 
1.093469e+02 
1.097396e+02 
1.097396e+02 
1.093469e+02 
1.086151e+02 
1.076371e+02 
1.065234e+02 
1.053790e+02 
1.042877e+02 
1.033050e+02 
1.024587e+02 
1.017557e+02 
1.011345e+02 
1.005633e+02 
1.000964e+02 
9.977375e+01 
9.960728e+01 
9.957433e+01 
9.962817e+01 
9.971866e+01 
9.980888e+01 
9.988055e+01 
9.992997e+01 
9.996091e+01 
9.997904e+01 
9.998911e+01 
9.999448e+01 
9.999728e+01 
9.999872e+01 
9.999944e+01 
9.999979e+01 
9.999995e+01 
1.000000e+02 
1.000000e+02 
1.000000e+02 

1.000000e+02 
1.000000e+02 
1.000000e+02 
9.999995e+01 
9.999979e+01 
9.999944e+01 
9.999872e+01 
9.999730e+01 
9.999454e+01 
9.998928e+01 
9.997956e+01 
9.996240e+01 
9.993395e+01 
9.989060e+01 
9.983236e+01 
9.976863e+01 
9.972355e+01 
9.973585e+01 
9.984844e+01 
1.000905e+02 
1.004624e+02 
1.009350e+02 
1.014628e+02 
1.019982e+02 
1.025681e+02 
1.032179e+02 
1.039340e+02 
1.046904e+02 
1.054481e+02 
1.061564e+02 
1.067581e+02 
1.071974e+02 
1.074295e+02 
1.074295e+02 
1.071974e+02 
1.067581e+02 
1.061564e+02 
1.054481e+02 
1.046904e+02 
1.039340e+02 
1.032179e+02 
1.025681e+02 
1.019982e+02 
1.014628e+02 
1.009350e+02 
1.004624e+02 
1.000905e+02 
9.984844e+01 
9.973585e+01 
9.972355e+01 
9.976863e+01 
9.983236e+01 
9.989060e+01 
9.993395e+01 
9.996240e+01 
9.997956e+01 
9.998928e+01 
9.999454e+01 
9.999730e+01 
9.999872e+01 
9.999944e+01 
9.999979e+01 
9.999995e+01 
1.000000e+02 
1.000000e+02 
1.000000e+02 

1.000000e+02 
1.000000e+02 
1.000000e+02 
9.999995e+01 
9.999979e+01 
9.999945e+01 
9.999873e+01 
9.999733e+01 
9.999462e+01 
9.998953e+01 
9.998029e+01 
9.996444e+01 
9.993933e+01 
9.990377e+01 
9.986189e+01 
9.982815e+01 
9.982965e+01 
9.990109e+01 
1.000714e+02 
1.003487e+02 
1.007148e+02 
1.011332e+02 
1.015634e+02 
1.019723e+02 
1.023831e+02 
1.028284e+02 
1.032958e+02 
1.037676e+02 
1.042210e+02 
1.046299e+02 
1.049673e+02 
1.052082e+02 
1.053339e+02 
1.053339e+02 
1.052082e+02 
1.049673e+02 
1.046299e+02 
1.042210e+02 
1.037676e+02 
1.032958e+02 
1.028284e+02 
1.023831e+02 
1.019723e+02 
1.015634e+02 
1.011332e+02 
1.007148e+02 
1.003487e+02 
1.000714e+02 
9.990109e+01 
9.982965e+01 
9.982815e+01 
9.986189e+01 
9.990377e+01 
9.993933e+01 
9.996444e+01 
9.998029e+01 
9.998953e+01 
9.999462e+01 
9.999733e+01 
9.999873e+01 
9.999945e+01 
9.999979e+01 
9.999995e+01 
1.000000e+02 
1.000000e+02 
1.000000e+02 

1.000000e+02 
1.000000e+02 
1.000000e+02 
9.999995e+01 
9.999979e+01 
9.999945e+01 
9.999874e+01 
9.999736e+01 
9.999473e+01 
9.998988e+01 
9.998131e+01 
9.996724e+01 
9.994647e+01 
9.992052e+01 
9.989735e+01 
9.989448e+01 
9.993729e+01 
1.000502e+02 
1.002444e+02 
1.005103e+02 
1.008208e+02 
1.011433e+02 
1.014509e+02 
1.017259e+02 
1.019881e+02 
1.022597e+02 
1.025327e+02 
1.027975e+02 
1.030431e+02 
1.032580e+02 
1.034309e+02 
1.035522e+02 
1.036147e+02 
1.036147e+02 
1.035522e+02 
1.034309e+02 
1.032580e+02 
1.030431e+02 
1.027975e+02 
1.025327e+02 
1.022597e+02 
1.019881e+02 
1.017259e+02 
1.014509e+02 
1.011433e+02 
1.008208e+02 
1.005103e+02 
1.002444e+02 
1.000502e+02 
9.993729e+01 
9.989448e+01 
9.989735e+01 
9.992052e+01 
9.994647e+01 
9.996724e+01 
9.998131e+01 
9.998988e+01 
9.999473e+01 
9.999736e+01 
9.999874e+01 
9.999945e+01 
9.999979e+01 
9.999995e+01 
1.000000e+02 
1.000000e+02 
1.000000e+02 

1.000000e+02 
1.000000e+02 
1.000000e+02 
9.999995e+01 
9.999979e+01 
9.999945e+01 
9.999876e+01 
9.999741e+01 
9.999490e+01 
9.999038e+01 
9.998273e+01 
9.997100e+01 
9.995564e+01 
9.994079e+01 
9.993696e+01 
9.996133e+01 
1.000324e+02 
1.001608e+02 
1.003424e+02 
1.005589e+02 
1.007859e+02 
1.010022e+02 
1.011948e+02 
1.013580e+02 
1.015065e+02 
1.016544e+02 
1.017978e+02 
1.019325e+02 
1.020537e+02 
1.021573e+02 
1.022389e+02 
1.022954e+02 
1.023243e+02 
1.023243e+02 
1.022954e+02 
1.022389e+02 
1.021573e+02 
1.020537e+02 
1.019325e+02 
1.017978e+02 
1.016544e+02 
1.015065e+02 
1.013580e+02 
1.011948e+02 
1.010022e+02 
1.007859e+02 
1.005589e+02 
1.003424e+02 
1.001608e+02 
1.000324e+02 
9.996133e+01 
9.993696e+01 
9.994079e+01 
9.995564e+01 
9.997100e+01 
9.998273e+01 
9.999038e+01 
9.999490e+01 
9.999741e+01 
9.999876e+01 
9.999945e+01 
9.999979e+01 
9.999995e+01 
1.000000e+02 
1.000000e+02 
1.000000e+02 

1.000000e+02 
1.000000e+02 
1.000000e+02 
9.999995e+01 
9.999980e+01 
9.999946e+01 
9.999878e+01 
9.999749e+01 
9.999513e+01 
9.999107e+01 
9.998464e+01 
9.997586e+01 
9.996683e+01 
9.996352e+01 
9.997673e+01 
1.000194e+02 
1.001002e+02 
1.002177e+02 
1.003601e+02 
1.005107e+02 
1.006542e+02 
1.007809e+02 
1.008871e+02 
1.009731e+02 
1.010484e+02 
1.011211e+02 
1.011896e+02 
1.012522e+02 
1.013074e+02 
1.013536e+02 
1.013895e+02 
1.014140e+02 
1.014265e+02 
1.014265e+02 
1.014140e+02 
1.013895e+02 
1.013536e+02 
1.013074e+02 
1.012522e+02 
1.011896e+02 
1.011211e+02 
1.010484e+02 
1.009731e+02 
1.008871e+02 
1.007809e+02 
1.006542e+02 
1.005107e+02 
1.003601e+02 
1.002177e+02 
1.001002e+02 
1.000194e+02 
9.997673e+01 
9.996352e+01 
9.996683e+01 
9.997586e+01 
9.998464e+01 
9.999107e+01 
9.999513e+01 
9.999749e+01 
9.999878e+01 
9.999946e+01 
9.999980e+01 
9.999995e+01 
1.000000e+02 
1.000000e+02 
1.000000e+02 

1.000000e+02 
1.000000e+02 
1.000000e+02 
9.999995e+01 
9.999980e+01 
9.999947e+01 
9.999881e+01 
9.999759e+01 
9.999546e+01 
9.999202e+01 
9.998715e+01 
9.998185e+01 
9.997943e+01 
9.998631e+01 
1.000108e+02 
1.000594e+02 
1.001318e+02 
1.002209e+02 
1.003156e+02 
1.004057e+02 
1.004848e+02 
1.005502e+02 
1.006024e+02 
1.006432e+02 
1.006778e+02 
1.007105e+02 
1.007405e+02 
1.007675e+02 
1.007908e+02 
1.008101e+02 
1.008249e+02 
1.008350e+02 
1.008401e+02 
1.008401e+02 
1.008350e+02 
1.008249e+02 
1.008101e+02 
1.007908e+02 
1.007675e+02 
1.007405e+02 
1.007105e+02 
1.006778e+02 
1.006432e+02 
1.006024e+02 
1.005502e+02 
1.004848e+02 
1.004057e+02 
1.003156e+02 
1.002209e+02 
1.001318e+02 
1.000594e+02 
1.000108e+02 
9.998631e+01 
9.997943e+01 
9.998185e+01 
9.998715e+01 
9.999202e+01 
9.999546e+01 
9.999759e+01 
9.999881e+01 
9.999947e+01 
9.999980e+01 
9.999995e+01 
1.000000e+02 
1.000000e+02 
1.000000e+02 

1.000000e+02 
1.000000e+02 
1.000000e+02 
9.999995e+01 
9.999980e+01 
9.999948e+01 
9.999886e+01 
9.999774e+01 
9.999592e+01 
9.999327e+01 
9.999025e+01 
9.998862e+01 
9.999204e+01 
1.000056e+02 
1.000336e+02 
1.000764e+02 
1.001297e+02 
1.001865e+02 
1.002405e+02 
1.002875e+02 
1.003260e+02 
1.003562e+02 
1.003795e+02 
1.003972e+02 
1.004118e+02 
1.004254e+02 
1.004377e+02 
1.004486e+02 
1.004579e+02 
1.004655e+02 
1.004713e+02 
1.004752e+02 
1.004771e+02 
1.004771e+02 
1.004752e+02 
1.004713e+02 
1.004655e+02 
1.004579e+02 
1.004486e+02 
1.004377e+02 
1.004254e+02 
1.004118e+02 
1.003972e+02 
1.003795e+02 
1.003562e+02 
1.003260e+02 
1.002875e+02 
1.002405e+02 
1.001865e+02 
1.001297e+02 
1.000764e+02 
1.000336e+02 
1.000056e+02 
9.999204e+01 
9.998862e+01 
9.999025e+01 
9.999327e+01 
9.999592e+01 
9.999774e+01 
9.999886e+01 
9.999948e+01 
9.999980e+01 
9.999995e+01 
1.000000e+02 
1.000000e+02 
1.000000e+02 

1.000000e+02 
1.000000e+02 
1.000000e+02 
9.999995e+01 
9.999981e+01 
9.999950e+01 
9.999892e+01 
9.999795e+01 
9.999652e+01 
9.999482e+01 
9.999376e+01 
9.999537e+01 
1.000026e+02 
1.000181e+02 
1.000424e+02 
1.000730e+02 
1.001059e+02 
1.001369e+02 
1.001637e+02 
1.001855e+02 
1.002023e+02 
1.002151e+02 
1.002247e+02 
1.002318e+02 
1.002376e+02 
1.002429e+02 
1.002476e+02 
1.002518e+02 
1.002553e+02 
1.002582e+02 
1.002603e+02 
1.002618e+02 
1.002625e+02 
1.002625e+02 
1.002618e+02 
1.002603e+02 
1.002582e+02 
1.002553e+02 
1.002518e+02 
1.002476e+02 
1.002429e+02 
1.002376e+02 
1.002318e+02 
1.002247e+02 
1.002151e+02 
1.002023e+02 
1.001855e+02 
1.001637e+02 
1.001369e+02 
1.001059e+02 
1.000730e+02 
1.000424e+02 
1.000181e+02 
1.000026e+02 
9.999537e+01 
9.999376e+01 
9.999482e+01 
9.999652e+01 
9.999795e+01 
9.999892e+01 
9.999950e+01 
9.999981e+01 
9.999995e+01 
1.000000e+02 
1.000000e+02 
1.000000e+02 

1.000000e+02 
1.000000e+02 
1.000000e+02 
9.999995e+01 
9.999981e+01 
9.999952e+01 
9.999901e+01 
9.999823e+01 
9.999727e+01 
9.999658e+01 
9.999724e+01 
1.000009e+02 
1.000092e+02 
1.000225e+02 
1.000395e+02 
1.000578e+02 
1.000750e+02 
1.000898e+02 
1.001017e+02 
1.001108e+02 
1.001177e+02 
1.001227e+02 
1.001263e+02 
1.001290e+02 
1.001312e+02 
1.001332e+02 
1.001349e+02 
1.001365e+02 
1.001377e+02 
1.001388e+02 
1.001396e+02 
1.001401e+02 
1.001403e+02 
1.001403e+02 
1.001401e+02 
1.001396e+02 
1.001388e+02 
1.001377e+02 
1.001365e+02 
1.001349e+02 
1.001332e+02 
1.001312e+02 
1.001290e+02 
1.001263e+02 
1.001227e+02 
1.001177e+02 
1.001108e+02 
1.001017e+02 
1.000898e+02 
1.000750e+02 
1.000578e+02 
1.000395e+02 
1.000225e+02 
1.000092e+02 
1.000009e+02 
9.999724e+01 
9.999658e+01 
9.999727e+01 
9.999823e+01 
9.999901e+01 
9.999952e+01 
9.999981e+01 
9.999995e+01 
1.000000e+02 
1.000000e+02 
1.000000e+02 

1.000000e+02 
1.000000e+02 
1.000000e+02 
9.999995e+01 
9.999982e+01 
9.999956e+01 
9.999914e+01 
9.999858e+01 
9.999812e+01 
9.999832e+01 
1.000001e+02 
1.000043e+02 
1.000113e+02 
1.000204e+02 
1.000303e+02 
1.000395e+02 
1.000475e+02 
1.000538e+02 
1.000586e+02 
1.000621e+02 
1.000647e+02 
1.000665e+02 
1.000679e+02 
1.000689e+02 
1.000696e+02 
1.000703e+02 
1.000710e+02 
1.000715e+02 
1.000719e+02 
1.000723e+02 
1.000726e+02 
1.000728e+02 
1.000729e+02 
1.000729e+02 
1.000728e+02 
1.000726e+02 
1.000723e+02 
1.000719e+02 
1.000715e+02 
1.000710e+02 
1.000703e+02 
1.000696e+02 
1.000689e+02 
1.000679e+02 
1.000665e+02 
1.000647e+02 
1.000621e+02 
1.000586e+02 
1.000538e+02 
1.000475e+02 
1.000395e+02 
1.000303e+02 
1.000204e+02 
1.000113e+02 
1.000043e+02 
1.000001e+02 
9.999832e+01 
9.999812e+01 
9.999858e+01 
9.999914e+01 
9.999956e+01 
9.999982e+01 
9.999995e+01 
1.000000e+02 
1.000000e+02 
1.000000e+02 

1.000000e+02 
1.000000e+02 
1.000000e+02 
9.999995e+01 
9.999984e+01 
9.999961e+01 
9.999929e+01 
9.999898e+01 
9.999896e+01 
9.999973e+01 
1.000018e+02 
1.000053e+02 
1.000100e+02 
1.000151e+02 
1.000199e+02 
1.000240e+02 
1.000273e+02 
1.000297e+02 
1.000315e+02 
1.000328e+02 
1.000337e+02 
1.000343e+02 
1.000348e+02 
1.000351e+02 
1.000354e+02 
1.000356e+02 
1.000358e+02 
1.000360e+02 
1.000362e+02 
1.000363e+02 
1.000364e+02 
1.000365e+02 
1.000365e+02 
1.000365e+02 
1.000365e+02 
1.000364e+02 
1.000363e+02 
1.000362e+02 
1.000360e+02 
1.000358e+02 
1.000356e+02 
1.000354e+02 
1.000351e+02 
1.000348e+02 
1.000343e+02 
1.000337e+02 
1.000328e+02 
1.000315e+02 
1.000297e+02 
1.000273e+02 
1.000240e+02 
1.000199e+02 
1.000151e+02 
1.000100e+02 
1.000053e+02 
1.000018e+02 
9.999973e+01 
9.999896e+01 
9.999898e+01 
9.999929e+01 
9.999961e+01 
9.999984e+01 
9.999995e+01 
1.000000e+02 
1.000000e+02 
1.000000e+02 

1.000000e+02 
1.000000e+02 
1.000000e+02 
9.999996e+01 
9.999985e+01 
9.999968e+01 
9.999947e+01 
9.999937e+01 
9.999964e+01 
1.000006e+02 
1.000022e+02 
1.000045e+02 
1.000071e+02 
1.000095e+02 
1.000115e+02 
1.000131e+02 
1.000143e+02 
1.000152e+02 
1.000158e+02 
1.000162e+02 
1.000165e+02 
1.000168e+02 
1.000169e+02 
1.000170e+02 
1.000171e+02 
1.000172e+02 
1.000173e+02 
1.000173e+02 
1.000174e+02 
1.000174e+02 
1.000174e+02 
1.000175e+02 
1.000175e+02 
1.000175e+02 
1.000175e+02 
1.000174e+02 
1.000174e+02 
1.000174e+02 
1.000173e+02 
1.000173e+02 
1.000172e+02 
1.000171e+02 
1.000170e+02 
1.000169e+02 
1.000168e+02 
1.000165e+02 
1.000162e+02 
1.000158e+02 
1.000152e+02 
1.000143e+02 
1.000131e+02 
1.000115e+02 
1.000095e+02 
1.000071e+02 
1.000045e+02 
1.000022e+02 
1.000006e+02 
9.999964e+01 
9.999937e+01 
9.999947e+01 
9.999968e+01 
9.999985e+01 
9.999996e+01 
1.000000e+02 
1.000000e+02 
1.000000e+02 

1.000000e+02 
1.000000e+02 
1.000000e+02 
9.999996e+01 
9.999988e+01 
9.999975e+01 
9.999964e+01 
9.999969e+01 
1.000000e+02 
1.000008e+02 
1.000018e+02 
1.000030e+02 
1.000041e+02 
1.000051e+02 
1.000059e+02 
1.000064e+02 
1.000068e+02 
1.000071e+02 
1.000073e+02 
1.000075e+02 
1.000076e+02 
1.000076e+02 
1.000077e+02 
1.000077e+02 
1.000078e+02 
1.000078e+02 
1.000078e+02 
1.000078e+02 
1.000078e+02 
1.000079e+02 
1.000079e+02 
1.000079e+02 
1.000079e+02 
1.000079e+02 
1.000079e+02 
1.000079e+02 
1.000079e+02 
1.000078e+02 
1.000078e+02 
1.000078e+02 
1.000078e+02 
1.000078e+02 
1.000077e+02 
1.000077e+02 
1.000076e+02 
1.000076e+02 
1.000075e+02 
1.000073e+02 
1.000071e+02 
1.000068e+02 
1.000064e+02 
1.000059e+02 
1.000051e+02 
1.000041e+02 
1.000030e+02 
1.000018e+02 
1.000008e+02 
1.000000e+02 
9.999969e+01 
9.999964e+01 
9.999975e+01 
9.999988e+01 
9.999996e+01 
1.000000e+02 
1.000000e+02 
1.000000e+02 

1.000000e+02 
1.000000e+02 
1.000000e+02 
9.999997e+01 
9.999990e+01 
9.999982e+01 
9.999979e+01 
9.999987e+01 
1.000001e+02 
1.000006e+02 
1.000011e+02 
1.000016e+02 
1.000020e+02 
1.000023e+02 
1.000026e+02 
1.000028e+02 
1.000029e+02 
1.000030e+02 
1.000031e+02 
1.000031e+02 
1.000031e+02 
1.000031e+02 
1.000032e+02 
1.000032e+02 
1.000032e+02 
1.000032e+02 
1.000032e+02 
1.000032e+02 
1.000032e+02 
1.000032e+02 
1.000032e+02 
1.000032e+02 
1.000032e+02 
1.000032e+02 
1.000032e+02 
1.000032e+02 
1.000032e+02 
1.000032e+02 
1.000032e+02 
1.000032e+02 
1.000032e+02 
1.000032e+02 
1.000032e+02 
1.000032e+02 
1.000031e+02 
1.000031e+02 
1.000031e+02 
1.000031e+02 
1.000030e+02 
1.000029e+02 
1.000028e+02 
1.000026e+02 
1.000023e+02 
1.000020e+02 
1.000016e+02 
1.000011e+02 
1.000006e+02 
1.000001e+02 
9.999987e+01 
9.999979e+01 
9.999982e+01 
9.999990e+01 
9.999997e+01 
1.000000e+02 
1.000000e+02 
1.000000e+02 

1.000000e+02 
1.000000e+02 
1.000000e+02 
9.999998e+01 
9.999993e+01 
9.999988e+01 
9.999988e+01 
9.999994e+01 
1.000001e+02 
1.000003e+02 
1.000005e+02 
1.000006e+02 
1.000008e+02 
1.000009e+02 
1.000009e+02 
1.000010e+02 
1.000010e+02 
1.000010e+02 
1.000011e+02 
1.000011e+02 
1.000011e+02 
1.000011e+02 
1.000011e+02 
1.000011e+02 
1.000011e+02 
1.000011e+02 
1.000011e+02 
1.000011e+02 
1.000011e+02 
1.000011e+02 
1.000011e+02 
1.000011e+02 
1.000011e+02 
1.000011e+02 
1.000011e+02 
1.000011e+02 
1.000011e+02 
1.000011e+02 
1.000011e+02 
1.000011e+02 
1.000011e+02 
1.000011e+02 
1.000011e+02 
1.000011e+02 
1.000011e+02 
1.000011e+02 
1.000011e+02 
1.000011e+02 
1.000010e+02 
1.000010e+02 
1.000010e+02 
1.000009e+02 
1.000009e+02 
1.000008e+02 
1.000006e+02 
1.000005e+02 
1.000003e+02 
1.000001e+02 
9.999994e+01 
9.999988e+01 
9.999988e+01 
9.999993e+01 
9.999998e+01 
1.000000e+02 
1.000000e+02 
1.000000e+02 

1.000000e+02 
1.000000e+02 
1.000000e+02 
9.999998e+01 
9.999995e+01 
9.999993e+01 
9.999992e+01 
9.999994e+01 
9.999999e+01 
1.000000e+02 
1.000001e+02 
1.000001e+02 
1.000002e+02 
1.000002e+02 
1.000002e+02 
1.000002e+02 
1.000002e+02 
1.000002e+02 
1.000002e+02 
1.000002e+02 
1.000002e+02 
1.000002e+02 
1.000002e+02 
1.000002e+02 
1.000002e+02 
1.000003e+02 
1.000003e+02 
1.000003e+02 
1.000003e+02 
1.000003e+02 
1.000003e+02 
1.000003e+02 
1.000003e+02 
1.000003e+02 
1.000003e+02 
1.000003e+02 
1.000003e+02 
1.000003e+02 
1.000003e+02 
1.000003e+02 
1.000003e+02 
1.000002e+02 
1.000002e+02 
1.000002e+02 
1.000002e+02 
1.000002e+02 
1.000002e+02 
1.000002e+02 
1.000002e+02 
1.000002e+02 
1.000002e+02 
1.000002e+02 
1.000002e+02 
1.000002e+02 
1.000001e+02 
1.000001e+02 
1.000000e+02 
9.999999e+01 
9.999994e+01 
9.999992e+01 
9.999993e+01 
9.999995e+01 
9.999998e+01 
1.000000e+02 
1.000000e+02 
1.000000e+02 

1.000000e+02 
1.000000e+02 
1.000000e+02 
9.999999e+01 
9.999997e+01 
9.999995e+01 
9.999994e+01 
9.999994e+01 
9.999995e+01 
9.999995e+01 
9.999996e+01 
9.999997e+01 
9.999997e+01 
9.999998e+01 
9.999998e+01 
9.999998e+01 
9.999998e+01 
9.999998e+01 
9.999998e+01 
9.999998e+01 
9.999998e+01 
9.999998e+01 
9.999998e+01 
9.999998e+01 
9.999998e+01 
9.999998e+01 
9.999998e+01 
9.999998e+01 
9.999998e+01 
9.999998e+01 
9.999998e+01 
9.999998e+01 
9.999998e+01 
9.999998e+01 
9.999998e+01 
9.999998e+01 
9.999998e+01 
9.999998e+01 
9.999998e+01 
9.999998e+01 
9.999998e+01 
9.999998e+01 
9.999998e+01 
9.999998e+01 
9.999998e+01 
9.999998e+01 
9.999998e+01 
9.999998e+01 
9.999998e+01 
9.999998e+01 
9.999998e+01 
9.999998e+01 
9.999998e+01 
9.999997e+01 
9.999997e+01 
9.999996e+01 
9.999995e+01 
9.999995e+01 
9.999994e+01 
9.999994e+01 
9.999995e+01 
9.999997e+01 
9.999999e+01 
1.000000e+02 
1.000000e+02 
1.000000e+02 

1.000000e+02 
1.000000e+02 
1.000000e+02 
1.000000e+02 
9.999999e+01 
9.999997e+01 
9.999996e+01 
9.999996e+01 
9.999995e+01 
9.999995e+01 
9.999995e+01 
9.999995e+01 
9.999995e+01 
9.999995e+01 
9.999995e+01 
9.999995e+01 
9.999995e+01 
9.999995e+01 
9.999995e+01 
9.999994e+01 
9.999994e+01 
9.999994e+01 
9.999994e+01 
9.999994e+01 
9.999994e+01 
9.999994e+01 
9.999994e+01 
9.999994e+01 
9.999994e+01 
9.999994e+01 
9.999994e+01 
9.999994e+01 
9.999994e+01 
9.999994e+01 
9.999994e+01 
9.999994e+01 
9.999994e+01 
9.999994e+01 
9.999994e+01 
9.999994e+01 
9.999994e+01 
9.999994e+01 
9.999994e+01 
9.999994e+01 
9.999994e+01 
9.999994e+01 
9.999994e+01 
9.999995e+01 
9.999995e+01 
9.999995e+01 
9.999995e+01 
9.999995e+01 
9.999995e+01 
9.999995e+01 
9.999995e+01 
9.999995e+01 
9.999995e+01 
9.999995e+01 
9.999996e+01 
9.999996e+01 
9.999997e+01 
9.999999e+01 
1.000000e+02 
1.000000e+02 
1.000000e+02 
1.000000e+02 

1.000000e+02 
1.000000e+02 
1.000000e+02 
1.000000e+02 
9.999999e+01 
9.999999e+01 
9.999998e+01 
9.999998e+01 
9.999998e+01 
9.999998e+01 
9.999997e+01 
9.999997e+01 
9.999997e+01 
9.999997e+01 
9.999997e+01 
9.999997e+01 
9.999997e+01 
9.999997e+01 
9.999997e+01 
9.999997e+01 
9.999997e+01 
9.999997e+01 
9.999997e+01 
9.999997e+01 
9.999997e+01 
9.999997e+01 
9.999997e+01 
9.999997e+01 
9.999997e+01 
9.999997e+01 
9.999997e+01 
9.999997e+01 
9.999997e+01 
9.999997e+01 
9.999997e+01 
9.999997e+01 
9.999997e+01 
9.999997e+01 
9.999997e+01 
9.999997e+01 
9.999997e+01 
9.999997e+01 
9.999997e+01 
9.999997e+01 
9.999997e+01 
9.999997e+01 
9.999997e+01 
9.999997e+01 
9.999997e+01 
9.999997e+01 
9.999997e+01 
9.999997e+01 
9.999997e+01 
9.999997e+01 
9.999997e+01 
9.999997e+01 
9.999998e+01 
9.999998e+01 
9.999998e+01 
9.999998e+01 
9.999999e+01 
9.999999e+01 
1.000000e+02 
1.000000e+02 
1.000000e+02 
1.000000e+02 

1.000000e+02 
1.000000e+02 
1.000000e+02 
1.000000e+02 
1.000000e+02 
1.000000e+02 
1.000000e+02 
1.000000e+02 
9.999999e+01 
9.999999e+01 
9.999999e+01 
9.999999e+01 
9.999999e+01 
9.999999e+01 
9.999999e+01 
9.999999e+01 
9.999999e+01 
9.999999e+01 
9.999999e+01 
9.999999e+01 
9.999999e+01 
9.999999e+01 
9.999999e+01 
9.999999e+01 
9.999999e+01 
9.999999e+01 
9.999999e+01 
9.999999e+01 
9.999999e+01 
9.999999e+01 
9.999999e+01 
9.999999e+01 
9.999999e+01 
9.999999e+01 
9.999999e+01 
9.999999e+01 
9.999999e+01 
9.999999e+01 
9.999999e+01 
9.999999e+01 
9.999999e+01 
9.999999e+01 
9.999999e+01 
9.999999e+01 
9.999999e+01 
9.999999e+01 
9.999999e+01 
9.999999e+01 
9.999999e+01 
9.999999e+01 
9.999999e+01 
9.999999e+01 
9.999999e+01 
9.999999e+01 
9.999999e+01 
9.999999e+01 
9.999999e+01 
9.999999e+01 
1.000000e+02 
1.000000e+02 
1.000000e+02 
1.000000e+02 
1.000000e+02 
1.000000e+02 
1.000000e+02 
1.000000e+02 

1.000000e+02 
1.000000e+02 
1.000000e+02 
1.000000e+02 
1.000000e+02 
1.000000e+02 
1.000000e+02 
1.000000e+02 
1.000000e+02 
1.000000e+02 
1.000000e+02 
1.000000e+02 
1.000000e+02 
1.000000e+02 
1.000000e+02 
1.000000e+02 
1.000000e+02 
1.000000e+02 
1.000000e+02 
1.000000e+02 
1.000000e+02 
1.000000e+02 
1.000000e+02 
1.000000e+02 
1.000000e+02 
1.000000e+02 
1.000000e+02 
1.000000e+02 
1.000000e+02 
1.000000e+02 
1.000000e+02 
1.000000e+02 
1.000000e+02 
1.000000e+02 
1.000000e+02 
1.000000e+02 
1.000000e+02 
1.000000e+02 
1.000000e+02 
1.000000e+02 
1.000000e+02 
1.000000e+02 
1.000000e+02 
1.000000e+02 
1.000000e+02 
1.000000e+02 
1.000000e+02 
1.000000e+02 
1.000000e+02 
1.000000e+02 
1.000000e+02 
1.000000e+02 
1.000000e+02 
1.000000e+02 
1.000000e+02 
1.000000e+02 
1.000000e+02 
1.000000e+02 
1.000000e+02 
1.000000e+02 
1.000000e+02 
1.000000e+02 
1.000000e+02 
1.000000e+02 
1.000000e+02 
1.000000e+02 

