4.500094e+01
4.500094e+01
4.500094e+01
4.500094e+01
4.500094e+01
4.500094e+01
4.500094e+01
4.500094e+01
4.500094e+01
4.500094e+01
4.500094e+01
4.500094e+01
4.500094e+01
4.500094e+01
4.500094e+01
4.500094e+01
4.500094e+01
4.500094e+01
4.500094e+01
4.500094e+01
4.500094e+01
4.500094e+01
4.500094e+01
4.500094e+01
4.500094e+01
4.500094e+01
4.500094e+01
4.500094e+01
4.500094e+01
4.500094e+01
4.500094e+01
4.500094e+01
4.500094e+01
4.500094e+01
4.500094e+01
4.500094e+01
4.500094e+01
4.500094e+01
4.500094e+01
4.500094e+01
4.500094e+01
4.500094e+01
4.500094e+01
4.500094e+01
4.500094e+01
4.500094e+01
4.500094e+01
4.500094e+01
4.500094e+01
4.500094e+01
4.500094e+01
4.500094e+01
4.500094e+01
4.500094e+01
4.500094e+01
4.500094e+01
4.500094e+01
4.500094e+01
4.500094e+01
4.500094e+01
4.500094e+01
4.500094e+01
4.500094e+01
4.500094e+01
4.500094e+01
4.500094e+01

4.500094e+01
4.500094e+01
4.500094e+01
4.500094e+01
4.500094e+01
4.500094e+01
4.500094e+01
4.500094e+01
4.500094e+01
4.500094e+01
4.500094e+01
4.500094e+01
4.500094e+01
4.500094e+01
4.500094e+01
4.500094e+01
4.500094e+01
4.500094e+01
4.500094e+01
4.500094e+01
4.500094e+01
4.500094e+01
4.500094e+01
4.500094e+01
4.500094e+01
4.500094e+01
4.500094e+01
4.500094e+01
4.500094e+01
4.500094e+01
4.500094e+01
4.500094e+01
4.500094e+01
4.500094e+01
4.500094e+01
4.500094e+01
4.500094e+01
4.500094e+01
4.500094e+01
4.500094e+01
4.500094e+01
4.500094e+01
4.500094e+01
4.500094e+01
4.500094e+01
4.500094e+01
4.500094e+01
4.500094e+01
4.500094e+01
4.500094e+01
4.500094e+01
4.500094e+01
4.500094e+01
4.500094e+01
4.500094e+01
4.500094e+01
4.500094e+01
4.500094e+01
4.500094e+01
4.500094e+01
4.500094e+01
4.500094e+01
4.500094e+01
4.500094e+01
4.500094e+01
4.500094e+01

4.500094e+01
4.500094e+01
4.500094e+01
4.500094e+01
4.500094e+01
4.500094e+01
4.500094e+01
4.500094e+01
4.500094e+01
4.500094e+01
4.500094e+01
4.500094e+01
4.500094e+01
4.500094e+01
4.500094e+01
4.500094e+01
4.500094e+01
4.500094e+01
4.500094e+01
4.500094e+01
4.500094e+01
4.500094e+01
4.500094e+01
4.500094e+01
4.500094e+01
4.500094e+01
4.500094e+01
4.500094e+01
4.500094e+01
4.500094e+01
4.500094e+01
4.500094e+01
4.500094e+01
4.500094e+01
4.500094e+01
4.500094e+01
4.500094e+01
4.500094e+01
4.500094e+01
4.500094e+01
4.500094e+01
4.500094e+01
4.500094e+01
4.500094e+01
4.500094e+01
4.500094e+01
4.500094e+01
4.500094e+01
4.500094e+01
4.500094e+01
4.500094e+01
4.500094e+01
4.500094e+01
4.500094e+01
4.500094e+01
4.500094e+01
4.500094e+01
4.500094e+01
4.500094e+01
4.500094e+01
4.500094e+01
4.500094e+01
4.500094e+01
4.500094e+01
4.500094e+01
4.500094e+01

4.500094e+01
4.500094e+01
4.500094e+01
4.500094e+01
4.500094e+01
4.500095e+01
4.500095e+01
4.500095e+01
4.500094e+01
4.500094e+01
4.500094e+01
4.500094e+01
4.500094e+01
4.500094e+01
4.500094e+01
4.500094e+01
4.500094e+01
4.500094e+01
4.500094e+01
4.500094e+01
4.500094e+01
4.500094e+01
4.500094e+01
4.500094e+01
4.500094e+01
4.500094e+01
4.500094e+01
4.500094e+01
4.500094e+01
4.500094e+01
4.500094e+01
4.500094e+01
4.500094e+01
4.500094e+01
4.500094e+01
4.500094e+01
4.500094e+01
4.500094e+01
4.500094e+01
4.500094e+01
4.500094e+01
4.500094e+01
4.500094e+01
4.500094e+01
4.500094e+01
4.500094e+01
4.500094e+01
4.500094e+01
4.500094e+01
4.500094e+01
4.500094e+01
4.500094e+01
4.500094e+01
4.500094e+01
4.500094e+01
4.500094e+01
4.500094e+01
4.500094e+01
4.500095e+01
4.500095e+01
4.500095e+01
4.500094e+01
4.500094e+01
4.500094e+01
4.500094e+01
4.500094e+01

4.500094e+01
4.500094e+01
4.500094e+01
4.500095e+01
4.500095e+01
4.500095e+01
4.500095e+01
4.500094e+01
4.500094e+01
4.500093e+01
4.500093e+01
4.500092e+01
4.500092e+01
4.500092e+01
4.500092e+01
4.500092e+01
4.500092e+01
4.500091e+01
4.500091e+01
4.500091e+01
4.500091e+01
4.500091e+01
4.500091e+01
4.500091e+01
4.500091e+01
4.500091e+01
4.500091e+01
4.500091e+01
4.500091e+01
4.500091e+01
4.500091e+01
4.500091e+01
4.500091e+01
4.500091e+01
4.500091e+01
4.500091e+01
4.500091e+01
4.500091e+01
4.500091e+01
4.500091e+01
4.500091e+01
4.500091e+01
4.500091e+01
4.500091e+01
4.500091e+01
4.500091e+01
4.500091e+01
4.500091e+01
4.500091e+01
4.500092e+01
4.500092e+01
4.500092e+01
4.500092e+01
4.500092e+01
4.500092e+01
4.500093e+01
4.500093e+01
4.500094e+01
4.500094e+01
4.500095e+01
4.500095e+01
4.500095e+01
4.500095e+01
4.500094e+01
4.500094e+01
4.500094e+01

4.500094e+01
4.500094e+01
4.500094e+01
4.500095e+01
4.500095e+01
4.500095e+01
4.500095e+01
4.500093e+01
4.500091e+01
4.500089e+01
4.500087e+01
4.500085e+01
4.500084e+01
4.500083e+01
4.500082e+01
4.500082e+01
4.500082e+01
4.500082e+01
4.500081e+01
4.500081e+01
4.500081e+01
4.500081e+01
4.500081e+01
4.500081e+01
4.500081e+01
4.500081e+01
4.500081e+01
4.500081e+01
4.500081e+01
4.500081e+01
4.500081e+01
4.500081e+01
4.500081e+01
4.500081e+01
4.500081e+01
4.500081e+01
4.500081e+01
4.500081e+01
4.500081e+01
4.500081e+01
4.500081e+01
4.500081e+01
4.500081e+01
4.500081e+01
4.500081e+01
4.500081e+01
4.500081e+01
4.500081e+01
4.500082e+01
4.500082e+01
4.500082e+01
4.500082e+01
4.500083e+01
4.500084e+01
4.500085e+01
4.500087e+01
4.500089e+01
4.500091e+01
4.500093e+01
4.500095e+01
4.500095e+01
4.500095e+01
4.500095e+01
4.500094e+01
4.500094e+01
4.500094e+01

4.500094e+01
4.500094e+01
4.500094e+01
4.500095e+01
4.500096e+01
4.500097e+01
4.500095e+01
4.500092e+01
4.500087e+01
4.500081e+01
4.500075e+01
4.500070e+01
4.500066e+01
4.500063e+01
4.500061e+01
4.500060e+01
4.500059e+01
4.500058e+01
4.500058e+01
4.500057e+01
4.500057e+01
4.500057e+01
4.500057e+01
4.500057e+01
4.500057e+01
4.500057e+01
4.500057e+01
4.500057e+01
4.500057e+01
4.500057e+01
4.500057e+01
4.500056e+01
4.500056e+01
4.500056e+01
4.500056e+01
4.500057e+01
4.500057e+01
4.500057e+01
4.500057e+01
4.500057e+01
4.500057e+01
4.500057e+01
4.500057e+01
4.500057e+01
4.500057e+01
4.500057e+01
4.500057e+01
4.500058e+01
4.500058e+01
4.500059e+01
4.500060e+01
4.500061e+01
4.500063e+01
4.500066e+01
4.500070e+01
4.500075e+01
4.500081e+01
4.500087e+01
4.500092e+01
4.500095e+01
4.500097e+01
4.500096e+01
4.500095e+01
4.500094e+01
4.500094e+01
4.500094e+01

4.500094e+01
4.500094e+01
4.500095e+01
4.500095e+01
4.500097e+01
4.500098e+01
4.500097e+01
4.500092e+01
4.500083e+01
4.500071e+01
4.500058e+01
4.500045e+01
4.500035e+01
4.500028e+01
4.500022e+01
4.500018e+01
4.500015e+01
4.500013e+01
4.500012e+01
4.500011e+01
4.500011e+01
4.500010e+01
4.500010e+01
4.500010e+01
4.500009e+01
4.500009e+01
4.500009e+01
4.500009e+01
4.500009e+01
4.500009e+01
4.500009e+01
4.500009e+01
4.500009e+01
4.500009e+01
4.500009e+01
4.500009e+01
4.500009e+01
4.500009e+01
4.500009e+01
4.500009e+01
4.500009e+01
4.500009e+01
4.500010e+01
4.500010e+01
4.500010e+01
4.500011e+01
4.500011e+01
4.500012e+01
4.500013e+01
4.500015e+01
4.500018e+01
4.500022e+01
4.500028e+01
4.500035e+01
4.500045e+01
4.500058e+01
4.500071e+01
4.500083e+01
4.500092e+01
4.500097e+01
4.500098e+01
4.500097e+01
4.500095e+01
4.500095e+01
4.500094e+01
4.500094e+01

4.500094e+01
4.500094e+01
4.500095e+01
4.500096e+01
4.500098e+01
4.500100e+01
4.500100e+01
4.500095e+01
4.500083e+01
4.500063e+01
4.500039e+01
4.500015e+01
4.499993e+01
4.499975e+01
4.499962e+01
4.499952e+01
4.499944e+01
4.499939e+01
4.499936e+01
4.499934e+01
4.499932e+01
4.499931e+01
4.499930e+01
4.499929e+01
4.499929e+01
4.499928e+01
4.499928e+01
4.499928e+01
4.499927e+01
4.499927e+01
4.499927e+01
4.499927e+01
4.499927e+01
4.499927e+01
4.499927e+01
4.499927e+01
4.499927e+01
4.499927e+01
4.499928e+01
4.499928e+01
4.499928e+01
4.499929e+01
4.499929e+01
4.499930e+01
4.499931e+01
4.499932e+01
4.499934e+01
4.499936e+01
4.499939e+01
4.499944e+01
4.499952e+01
4.499962e+01
4.499975e+01
4.499993e+01
4.500015e+01
4.500039e+01
4.500063e+01
4.500083e+01
4.500095e+01
4.500100e+01
4.500100e+01
4.500098e+01
4.500096e+01
4.500095e+01
4.500094e+01
4.500094e+01

4.500094e+01
4.500094e+01
4.500095e+01
4.500096e+01
4.500099e+01
4.500102e+01
4.500104e+01
4.500100e+01
4.500088e+01
4.500063e+01
4.500028e+01
4.499987e+01
4.499946e+01
4.499909e+01
4.499879e+01
4.499856e+01
4.499839e+01
4.499827e+01
4.499819e+01
4.499813e+01
4.499809e+01
4.499806e+01
4.499804e+01
4.499802e+01
4.499801e+01
4.499800e+01
4.499799e+01
4.499798e+01
4.499798e+01
4.499797e+01
4.499797e+01
4.499796e+01
4.499796e+01
4.499796e+01
4.499796e+01
4.499797e+01
4.499797e+01
4.499798e+01
4.499798e+01
4.499799e+01
4.499800e+01
4.499801e+01
4.499802e+01
4.499804e+01
4.499806e+01
4.499809e+01
4.499813e+01
4.499819e+01
4.499827e+01
4.499839e+01
4.499856e+01
4.499879e+01
4.499909e+01
4.499946e+01
4.499987e+01
4.500028e+01
4.500063e+01
4.500088e+01
4.500100e+01
4.500104e+01
4.500102e+01
4.500099e+01
4.500096e+01
4.500095e+01
4.500094e+01
4.500094e+01

4.500094e+01
4.500094e+01
4.500095e+01
4.500096e+01
4.500099e+01
4.500104e+01
4.500108e+01
4.500107e+01
4.500097e+01
4.500072e+01
4.500029e+01
4.499971e+01
4.499905e+01
4.499839e+01
4.499781e+01
4.499733e+01
4.499697e+01
4.499670e+01
4.499650e+01
4.499636e+01
4.499626e+01
4.499619e+01
4.499614e+01
4.499611e+01
4.499608e+01
4.499605e+01
4.499603e+01
4.499601e+01
4.499599e+01
4.499598e+01
4.499597e+01
4.499597e+01
4.499596e+01
4.499596e+01
4.499597e+01
4.499597e+01
4.499598e+01
4.499599e+01
4.499601e+01
4.499603e+01
4.499605e+01
4.499608e+01
4.499611e+01
4.499614e+01
4.499619e+01
4.499626e+01
4.499636e+01
4.499650e+01
4.499670e+01
4.499697e+01
4.499733e+01
4.499781e+01
4.499839e+01
4.499905e+01
4.499971e+01
4.500029e+01
4.500072e+01
4.500097e+01
4.500107e+01
4.500108e+01
4.500104e+01
4.500099e+01
4.500096e+01
4.500095e+01
4.500094e+01
4.500094e+01

4.500094e+01
4.500094e+01
4.500095e+01
4.500096e+01
4.500100e+01
4.500105e+01
4.500111e+01
4.500114e+01
4.500109e+01
4.500089e+01
4.500047e+01
4.499979e+01
4.499888e+01
4.499786e+01
4.499685e+01
4.499595e+01
4.499521e+01
4.499464e+01
4.499422e+01
4.499390e+01
4.499368e+01
4.499352e+01
4.499340e+01
4.499332e+01
4.499325e+01
4.499319e+01
4.499314e+01
4.499310e+01
4.499306e+01
4.499303e+01
4.499300e+01
4.499299e+01
4.499298e+01
4.499298e+01
4.499299e+01
4.499300e+01
4.499303e+01
4.499306e+01
4.499310e+01
4.499314e+01
4.499319e+01
4.499325e+01
4.499332e+01
4.499340e+01
4.499352e+01
4.499368e+01
4.499390e+01
4.499422e+01
4.499464e+01
4.499521e+01
4.499595e+01
4.499685e+01
4.499786e+01
4.499888e+01
4.499979e+01
4.500047e+01
4.500089e+01
4.500109e+01
4.500114e+01
4.500111e+01
4.500105e+01
4.500100e+01
4.500096e+01
4.500095e+01
4.500094e+01
4.500094e+01

4.500094e+01
4.500094e+01
4.500095e+01
4.500096e+01
4.500100e+01
4.500106e+01
4.500113e+01
4.500120e+01
4.500121e+01
4.500110e+01
4.500077e+01
4.500011e+01
4.499907e+01
4.499771e+01
4.499617e+01
4.499466e+01
4.499331e+01
4.499220e+01
4.499133e+01
4.499067e+01
4.499019e+01
4.498983e+01
4.498958e+01
4.498939e+01
4.498924e+01
4.498910e+01
4.498898e+01
4.498887e+01
4.498879e+01
4.498871e+01
4.498866e+01
4.498862e+01
4.498861e+01
4.498861e+01
4.498862e+01
4.498866e+01
4.498871e+01
4.498879e+01
4.498887e+01
4.498898e+01
4.498910e+01
4.498924e+01
4.498939e+01
4.498958e+01
4.498983e+01
4.499019e+01
4.499067e+01
4.499133e+01
4.499220e+01
4.499331e+01
4.499466e+01
4.499617e+01
4.499771e+01
4.499907e+01
4.500011e+01
4.500077e+01
4.500110e+01
4.500121e+01
4.500120e+01
4.500113e+01
4.500106e+01
4.500100e+01
4.500096e+01
4.500095e+01
4.500094e+01
4.500094e+01

4.500094e+01
4.500094e+01
4.500095e+01
4.500096e+01
4.500100e+01
4.500107e+01
4.500115e+01
4.500125e+01
4.500132e+01
4.500131e+01
4.500113e+01
4.500062e+01
4.499963e+01
4.499810e+01
4.499610e+01
4.499386e+01
4.499164e+01
4.498965e+01
4.498800e+01
4.498669e+01
4.498570e+01
4.498495e+01
4.498440e+01
4.498399e+01
4.498366e+01
4.498335e+01
4.498308e+01
4.498285e+01
4.498265e+01
4.498249e+01
4.498236e+01
4.498228e+01
4.498224e+01
4.498224e+01
4.498228e+01
4.498236e+01
4.498249e+01
4.498265e+01
4.498285e+01
4.498308e+01
4.498335e+01
4.498366e+01
4.498399e+01
4.498440e+01
4.498495e+01
4.498570e+01
4.498669e+01
4.498800e+01
4.498965e+01
4.499164e+01
4.499386e+01
4.499610e+01
4.499810e+01
4.499963e+01
4.500062e+01
4.500113e+01
4.500131e+01
4.500132e+01
4.500125e+01
4.500115e+01
4.500107e+01
4.500100e+01
4.500096e+01
4.500095e+01
4.500094e+01
4.500094e+01

4.500094e+01
4.500094e+01
4.500095e+01
4.500096e+01
4.500100e+01
4.500107e+01
4.500117e+01
4.500128e+01
4.500140e+01
4.500150e+01
4.500148e+01
4.500121e+01
4.500047e+01
4.499903e+01
4.499682e+01
4.499395e+01
4.499074e+01
4.498756e+01
4.498468e+01
4.498227e+01
4.498034e+01
4.497885e+01
4.497772e+01
4.497686e+01
4.497616e+01
4.497551e+01
4.497493e+01
4.497441e+01
4.497398e+01
4.497362e+01
4.497335e+01
4.497316e+01
4.497307e+01
4.497307e+01
4.497316e+01
4.497335e+01
4.497362e+01
4.497398e+01
4.497441e+01
4.497493e+01
4.497551e+01
4.497616e+01
4.497686e+01
4.497772e+01
4.497885e+01
4.498034e+01
4.498227e+01
4.498468e+01
4.498756e+01
4.499074e+01
4.499395e+01
4.499682e+01
4.499903e+01
4.500047e+01
4.500121e+01
4.500148e+01
4.500150e+01
4.500140e+01
4.500128e+01
4.500117e+01
4.500107e+01
4.500100e+01
4.500096e+01
4.500095e+01
4.500094e+01
4.500094e+01

4.500094e+01
4.500094e+01
4.500095e+01
4.500096e+01
4.500100e+01
4.500107e+01
4.500118e+01
4.500131e+01
4.500147e+01
4.500164e+01
4.500179e+01
4.500178e+01
4.500141e+01
4.500035e+01
4.499831e+01
4.499517e+01
4.499114e+01
4.498664e+01
4.498217e+01
4.497811e+01
4.497467e+01
4.497189e+01
4.496970e+01
4.496802e+01
4.496660e+01
4.496527e+01
4.496405e+01
4.496297e+01
4.496204e+01
4.496127e+01
4.496068e+01
4.496028e+01
4.496008e+01
4.496008e+01
4.496028e+01
4.496068e+01
4.496127e+01
4.496204e+01
4.496297e+01
4.496405e+01
4.496527e+01
4.496660e+01
4.496802e+01
4.496970e+01
4.497189e+01
4.497467e+01
4.497811e+01
4.498217e+01
4.498664e+01
4.499114e+01
4.499517e+01
4.499831e+01
4.500035e+01
4.500141e+01
4.500178e+01
4.500179e+01
4.500164e+01
4.500147e+01
4.500131e+01
4.500118e+01
4.500107e+01
4.500100e+01
4.500096e+01
4.500095e+01
4.500094e+01
4.500094e+01

4.500094e+01
4.500094e+01
4.500095e+01
4.500096e+01
4.500100e+01
4.500108e+01
4.500118e+01
4.500133e+01
4.500151e+01
4.500175e+01
4.500203e+01
4.500228e+01
4.500232e+01
4.500182e+01
4.500033e+01
4.499746e+01
4.499311e+01
4.498757e+01
4.498141e+01
4.497530e+01
4.496973e+01
4.496496e+01
4.496106e+01
4.495795e+01
4.495526e+01
4.495269e+01
4.495029e+01
4.494812e+01
4.494622e+01
4.494463e+01
4.494340e+01
4.494257e+01
4.494215e+01
4.494215e+01
4.494257e+01
4.494340e+01
4.494463e+01
4.494622e+01
4.494812e+01
4.495029e+01
4.495269e+01
4.495526e+01
4.495795e+01
4.496106e+01
4.496496e+01
4.496973e+01
4.497530e+01
4.498141e+01
4.498757e+01
4.499311e+01
4.499746e+01
4.500033e+01
4.500182e+01
4.500232e+01
4.500228e+01
4.500203e+01
4.500175e+01
4.500151e+01
4.500133e+01
4.500118e+01
4.500108e+01
4.500100e+01
4.500096e+01
4.500095e+01
4.500094e+01
4.500094e+01

4.500094e+01
4.500094e+01
4.500095e+01
4.500096e+01
4.500100e+01
4.500108e+01
4.500119e+01
4.500134e+01
4.500154e+01
4.500183e+01
4.500221e+01
4.500268e+01
4.500311e+01
4.500321e+01
4.500252e+01
4.500043e+01
4.499647e+01
4.499057e+01
4.498316e+01
4.497500e+01
4.496692e+01
4.495954e+01
4.495317e+01
4.494789e+01
4.494316e+01
4.493853e+01
4.493409e+01
4.492998e+01
4.492630e+01
4.492320e+01
4.492076e+01
4.491908e+01
4.491823e+01
4.491823e+01
4.491908e+01
4.492076e+01
4.492320e+01
4.492630e+01
4.492998e+01
4.493409e+01
4.493853e+01
4.494316e+01
4.494789e+01
4.495317e+01
4.495954e+01
4.496692e+01
4.497500e+01
4.498316e+01
4.499057e+01
4.499647e+01
4.500043e+01
4.500252e+01
4.500321e+01
4.500311e+01
4.500268e+01
4.500221e+01
4.500183e+01
4.500154e+01
4.500134e+01
4.500119e+01
4.500108e+01
4.500100e+01
4.500096e+01
4.500095e+01
4.500094e+01
4.500094e+01

4.500094e+01
4.500094e+01
4.500095e+01
4.500096e+01
4.500101e+01
4.500108e+01
4.500119e+01
4.500135e+01
4.500157e+01
4.500189e+01
4.500235e+01
4.500298e+01
4.500374e+01
4.500442e+01
4.500461e+01
4.500362e+01
4.500070e+01
4.499534e+01
4.498756e+01
4.497797e+01
4.496755e+01
4.495730e+01
4.494790e+01
4.493974e+01
4.493215e+01
4.492444e+01
4.491683e+01
4.490957e+01
4.490293e+01
4.489719e+01
4.489261e+01
4.488943e+01
4.488779e+01
4.488779e+01
4.488943e+01
4.489261e+01
4.489719e+01
4.490293e+01
4.490957e+01
4.491683e+01
4.492444e+01
4.493215e+01
4.493974e+01
4.494790e+01
4.495730e+01
4.496755e+01
4.497797e+01
4.498756e+01
4.499534e+01
4.500070e+01
4.500362e+01
4.500461e+01
4.500442e+01
4.500374e+01
4.500298e+01
4.500235e+01
4.500189e+01
4.500157e+01
4.500135e+01
4.500119e+01
4.500108e+01
4.500101e+01
4.500096e+01
4.500095e+01
4.500094e+01
4.500094e+01

4.500094e+01
4.500094e+01
4.500095e+01
4.500096e+01
4.500101e+01
4.500108e+01
4.500119e+01
4.500135e+01
4.500158e+01
4.500193e+01
4.500245e+01
4.500320e+01
4.500422e+01
4.500540e+01
4.500642e+01
4.500664e+01
4.500519e+01
4.500117e+01
4.499409e+01
4.498416e+01
4.497224e+01
4.495951e+01
4.494705e+01
4.493566e+01
4.492457e+01
4.491287e+01
4.490088e+01
4.488906e+01
4.487792e+01
4.486805e+01
4.486002e+01
4.485434e+01
4.485140e+01
4.485140e+01
4.485434e+01
4.486002e+01
4.486805e+01
4.487792e+01
4.488906e+01
4.490088e+01
4.491287e+01
4.492457e+01
4.493566e+01
4.494705e+01
4.495951e+01
4.497224e+01
4.498416e+01
4.499409e+01
4.500117e+01
4.500519e+01
4.500664e+01
4.500642e+01
4.500540e+01
4.500422e+01
4.500320e+01
4.500245e+01
4.500193e+01
4.500158e+01
4.500135e+01
4.500119e+01
4.500108e+01
4.500101e+01
4.500096e+01
4.500095e+01
4.500094e+01
4.500094e+01

4.500094e+01
4.500094e+01
4.500095e+01
4.500096e+01
4.500101e+01
4.500108e+01
4.500119e+01
4.500136e+01
4.500159e+01
4.500195e+01
4.500252e+01
4.500337e+01
4.500458e+01
4.500616e+01
4.500790e+01
4.500928e+01
4.500942e+01
4.500724e+01
4.500180e+01
4.499277e+01
4.498061e+01
4.496644e+01
4.495159e+01
4.493722e+01
4.492253e+01
4.490636e+01
4.488911e+01
4.487144e+01
4.485422e+01
4.483852e+01
4.482544e+01
4.481604e+01
4.481112e+01
4.481112e+01
4.481604e+01
4.482544e+01
4.483852e+01
4.485422e+01
4.487144e+01
4.488911e+01
4.490636e+01
4.492253e+01
4.493722e+01
4.495159e+01
4.496644e+01
4.498061e+01
4.499277e+01
4.500180e+01
4.500724e+01
4.500942e+01
4.500928e+01
4.500790e+01
4.500616e+01
4.500458e+01
4.500337e+01
4.500252e+01
4.500195e+01
4.500159e+01
4.500136e+01
4.500119e+01
4.500108e+01
4.500101e+01
4.500096e+01
4.500095e+01
4.500094e+01
4.500094e+01

4.500094e+01
4.500094e+01
4.500095e+01
4.500096e+01
4.500101e+01
4.500108e+01
4.500119e+01
4.500136e+01
4.500160e+01
4.500197e+01
4.500257e+01
4.500348e+01
4.500485e+01
4.500673e+01
4.500905e+01
4.501144e+01
4.501312e+01
4.501295e+01
4.500972e+01
4.500258e+01
4.499149e+01
4.497727e+01
4.496121e+01
4.494475e+01
4.492704e+01
4.490662e+01
4.488389e+01
4.485963e+01
4.483513e+01
4.481205e+01
4.479235e+01
4.477792e+01
4.477028e+01
4.477028e+01
4.477792e+01
4.479235e+01
4.481205e+01
4.483513e+01
4.485963e+01
4.488389e+01
4.490662e+01
4.492704e+01
4.494475e+01
4.496121e+01
4.497727e+01
4.499149e+01
4.500258e+01
4.500972e+01
4.501295e+01
4.501312e+01
4.501144e+01
4.500905e+01
4.500673e+01
4.500485e+01
4.500348e+01
4.500257e+01
4.500197e+01
4.500160e+01
4.500136e+01
4.500119e+01
4.500108e+01
4.500101e+01
4.500096e+01
4.500095e+01
4.500094e+01
4.500094e+01

4.500094e+01
4.500094e+01
4.500095e+01
4.500096e+01
4.500101e+01
4.500108e+01
4.500120e+01
4.500136e+01
4.500161e+01
4.500199e+01
4.500260e+01
4.500357e+01
4.500504e+01
4.500716e+01
4.500994e+01
4.501316e+01
4.501619e+01
4.501796e+01
4.501712e+01
4.501248e+01
4.500348e+01
4.499049e+01
4.497461e+01
4.495730e+01
4.493766e+01
4.491396e+01
4.488634e+01
4.485559e+01
4.482330e+01
4.479188e+01
4.476434e+01
4.474377e+01
4.473276e+01
4.473276e+01
4.474377e+01
4.476434e+01
4.479188e+01
4.482330e+01
4.485559e+01
4.488634e+01
4.491396e+01
4.493766e+01
4.495730e+01
4.497461e+01
4.499049e+01
4.500348e+01
4.501248e+01
4.501712e+01
4.501796e+01
4.501619e+01
4.501316e+01
4.500994e+01
4.500716e+01
4.500504e+01
4.500357e+01
4.500260e+01
4.500199e+01
4.500161e+01
4.500136e+01
4.500120e+01
4.500108e+01
4.500101e+01
4.500096e+01
4.500095e+01
4.500094e+01
4.500094e+01

4.500094e+01
4.500094e+01
4.500095e+01
4.500096e+01
4.500101e+01
4.500108e+01
4.500120e+01
4.500136e+01
4.500161e+01
4.500200e+01
4.500263e+01
4.500363e+01
4.500519e+01
4.500748e+01
4.501061e+01
4.501449e+01
4.501865e+01
4.502214e+01
4.502361e+01
4.502166e+01
4.501534e+01
4.500452e+01
4.498999e+01
4.497310e+01
4.495286e+01
4.492724e+01
4.489600e+01
4.485968e+01
4.482001e+01
4.478010e+01
4.474415e+01
4.471679e+01
4.470198e+01
4.470198e+01
4.471679e+01
4.474415e+01
4.478010e+01
4.482001e+01
4.485968e+01
4.489600e+01
4.492724e+01
4.495286e+01
4.497310e+01
4.498999e+01
4.500452e+01
4.501534e+01
4.502166e+01
4.502361e+01
4.502214e+01
4.501865e+01
4.501449e+01
4.501061e+01
4.500748e+01
4.500519e+01
4.500363e+01
4.500263e+01
4.500200e+01
4.500161e+01
4.500136e+01
4.500120e+01
4.500108e+01
4.500101e+01
4.500096e+01
4.500095e+01
4.500094e+01
4.500094e+01

4.500094e+01
4.500094e+01
4.500095e+01
4.500096e+01
4.500101e+01
4.500108e+01
4.500120e+01
4.500136e+01
4.500161e+01
4.500201e+01
4.500265e+01
4.500368e+01
4.500530e+01
4.500774e+01
4.501117e+01
4.501562e+01
4.502079e+01
4.502590e+01
4.502968e+01
4.503064e+01
4.502751e+01
4.501975e+01
4.500770e+01
4.499247e+01
4.497301e+01
4.494701e+01
4.491363e+01
4.487291e+01
4.482642e+01
4.477781e+01
4.473269e+01
4.469762e+01
4.467839e+01
4.467839e+01
4.469762e+01
4.473269e+01
4.477781e+01
4.482642e+01
4.487291e+01
4.491363e+01
4.494701e+01
4.497301e+01
4.499247e+01
4.500770e+01
4.501975e+01
4.502751e+01
4.503064e+01
4.502968e+01
4.502590e+01
4.502079e+01
4.501562e+01
4.501117e+01
4.500774e+01
4.500530e+01
4.500368e+01
4.500265e+01
4.500201e+01
4.500161e+01
4.500136e+01
4.500120e+01
4.500108e+01
4.500101e+01
4.500096e+01
4.500095e+01
4.500094e+01
4.500094e+01

4.500094e+01
4.500094e+01
4.500095e+01
4.500096e+01
4.500101e+01
4.500108e+01
4.500120e+01
4.500136e+01
4.500162e+01
4.500201e+01
4.500267e+01
4.500373e+01
4.500541e+01
4.500797e+01
4.501168e+01
4.501668e+01
4.502284e+01
4.502960e+01
4.503587e+01
4.504015e+01
4.504097e+01
4.503738e+01
4.502924e+01
4.501726e+01
4.500037e+01
4.497608e+01
4.494275e+01
4.489952e+01
4.484732e+01
4.479004e+01
4.473481e+01
4.469072e+01
4.466620e+01
4.466620e+01
4.469072e+01
4.473481e+01
4.479004e+01
4.484732e+01
4.489952e+01
4.494275e+01
4.497608e+01
4.500037e+01
4.501726e+01
4.502924e+01
4.503738e+01
4.504097e+01
4.504015e+01
4.503587e+01
4.502960e+01
4.502284e+01
4.501668e+01
4.501168e+01
4.500797e+01
4.500541e+01
4.500373e+01
4.500267e+01
4.500201e+01
4.500162e+01
4.500136e+01
4.500120e+01
4.500108e+01
4.500101e+01
4.500096e+01
4.500095e+01
4.500094e+01
4.500094e+01

4.500094e+01
4.500094e+01
4.500095e+01
4.500096e+01
4.500101e+01
4.500108e+01
4.500120e+01
4.500137e+01
4.500162e+01
4.500202e+01
4.500268e+01
4.500376e+01
4.500550e+01
4.500819e+01
4.501215e+01
4.501766e+01
4.502477e+01
4.503316e+01
4.504199e+01
4.504989e+01
4.505532e+01
4.505697e+01
4.505424e+01
4.504734e+01
4.503531e+01
4.501568e+01
4.498598e+01
4.494411e+01
4.488977e+01
4.482645e+01
4.476257e+01
4.470991e+01
4.467996e+01
4.467996e+01
4.470991e+01
4.476257e+01
4.482645e+01
4.488977e+01
4.494411e+01
4.498598e+01
4.501568e+01
4.503531e+01
4.504734e+01
4.505424e+01
4.505697e+01
4.505532e+01
4.504989e+01
4.504199e+01
4.503316e+01
4.502477e+01
4.501766e+01
4.501215e+01
4.500819e+01
4.500550e+01
4.500376e+01
4.500268e+01
4.500202e+01
4.500162e+01
4.500137e+01
4.500120e+01
4.500108e+01
4.500101e+01
4.500096e+01
4.500095e+01
4.500094e+01
4.500094e+01

4.500094e+01
4.500094e+01
4.500095e+01
4.500096e+01
4.500101e+01
4.500108e+01
4.500120e+01
4.500137e+01
4.500162e+01
4.500203e+01
4.500270e+01
4.500380e+01
4.500558e+01
4.500837e+01
4.501256e+01
4.501853e+01
4.502652e+01
4.503647e+01
4.504784e+01
4.505950e+01
4.506996e+01
4.507772e+01
4.508177e+01
4.508177e+01
4.507710e+01
4.506570e+01
4.504448e+01
4.501011e+01
4.496060e+01
4.489813e+01
4.483081e+01
4.477272e+01
4.473897e+01
4.473897e+01
4.477272e+01
4.483081e+01
4.489813e+01
4.496060e+01
4.501011e+01
4.504448e+01
4.506570e+01
4.507710e+01
4.508177e+01
4.508177e+01
4.507772e+01
4.506996e+01
4.505950e+01
4.504784e+01
4.503647e+01
4.502652e+01
4.501853e+01
4.501256e+01
4.500837e+01
4.500558e+01
4.500380e+01
4.500270e+01
4.500203e+01
4.500162e+01
4.500137e+01
4.500120e+01
4.500108e+01
4.500101e+01
4.500096e+01
4.500095e+01
4.500094e+01
4.500094e+01

4.500094e+01
4.500094e+01
4.500095e+01
4.500096e+01
4.500101e+01
4.500108e+01
4.500120e+01
4.500137e+01
4.500162e+01
4.500203e+01
4.500271e+01
4.500383e+01
4.500565e+01
4.500853e+01
4.501291e+01
4.501928e+01
4.502806e+01
4.503943e+01
4.505319e+01
4.506853e+01
4.508414e+01
4.509849e+01
4.511025e+01
4.511859e+01
4.512347e+01
4.512377e+01
4.511632e+01
4.509704e+01
4.506230e+01
4.501147e+01
4.495137e+01
4.489586e+01
4.486193e+01
4.486193e+01
4.489586e+01
4.495137e+01
4.501147e+01
4.506230e+01
4.509704e+01
4.511632e+01
4.512377e+01
4.512347e+01
4.511859e+01
4.511025e+01
4.509849e+01
4.508414e+01
4.506853e+01
4.505319e+01
4.503943e+01
4.502806e+01
4.501928e+01
4.501291e+01
4.500853e+01
4.500565e+01
4.500383e+01
4.500271e+01
4.500203e+01
4.500162e+01
4.500137e+01
4.500120e+01
4.500108e+01
4.500101e+01
4.500096e+01
4.500095e+01
4.500094e+01
4.500094e+01

4.500094e+01
4.500094e+01
4.500095e+01
4.500096e+01
4.500101e+01
4.500108e+01
4.500120e+01
4.500137e+01
4.500162e+01
4.500203e+01
4.500272e+01
4.500385e+01
4.500570e+01
4.500866e+01
4.501320e+01
4.501990e+01
4.502934e+01
4.504194e+01
4.505781e+01
4.507651e+01
4.509701e+01
4.511785e+01
4.513754e+01
4.515484e+01
4.517051e+01
4.518484e+01
4.519527e+01
4.519781e+01
4.518751e+01
4.516115e+01
4.512081e+01
4.507797e+01
4.505003e+01
4.505003e+01
4.507797e+01
4.512081e+01
4.516115e+01
4.518751e+01
4.519781e+01
4.519527e+01
4.518484e+01
4.517051e+01
4.515484e+01
4.513754e+01
4.511785e+01
4.509701e+01
4.507651e+01
4.505781e+01
4.504194e+01
4.502934e+01
4.501990e+01
4.501320e+01
4.500866e+01
4.500570e+01
4.500385e+01
4.500272e+01
4.500203e+01
4.500162e+01
4.500137e+01
4.500120e+01
4.500108e+01
4.500101e+01
4.500096e+01
4.500095e+01
4.500094e+01
4.500094e+01

4.500094e+01
4.500094e+01
4.500095e+01
4.500096e+01
4.500101e+01
4.500108e+01
4.500120e+01
4.500137e+01
4.500163e+01
4.500204e+01
4.500272e+01
4.500387e+01
4.500575e+01
4.500875e+01
4.501342e+01
4.502038e+01
4.503033e+01
4.504391e+01
4.506149e+01
4.508299e+01
4.510766e+01
4.513422e+01
4.516113e+01
4.518685e+01
4.521302e+01
4.524156e+01
4.527094e+01
4.529802e+01
4.531742e+01
4.532312e+01
4.531267e+01
4.529213e+01
4.527536e+01
4.527536e+01
4.529213e+01
4.531267e+01
4.532312e+01
4.531742e+01
4.529802e+01
4.527094e+01
4.524156e+01
4.521302e+01
4.518685e+01
4.516113e+01
4.513422e+01
4.510766e+01
4.508299e+01
4.506149e+01
4.504391e+01
4.503033e+01
4.502038e+01
4.501342e+01
4.500875e+01
4.500575e+01
4.500387e+01
4.500272e+01
4.500204e+01
4.500163e+01
4.500137e+01
4.500120e+01
4.500108e+01
4.500101e+01
4.500096e+01
4.500095e+01
4.500094e+01
4.500094e+01

4.500094e+01
4.500094e+01
4.500095e+01
4.500096e+01
4.500101e+01
4.500108e+01
4.500120e+01
4.500137e+01
4.500163e+01
4.500204e+01
4.500273e+01
4.500388e+01
4.500577e+01
4.500882e+01
4.501357e+01
4.502070e+01
4.503101e+01
4.504526e+01
4.506406e+01
4.508756e+01
4.511528e+01
4.514612e+01
4.517855e+01
4.521086e+01
4.524542e+01
4.528559e+01
4.533092e+01
4.537922e+01
4.542526e+01
4.546115e+01
4.547995e+01
4.548222e+01
4.547789e+01
4.547789e+01
4.548222e+01
4.547995e+01
4.546115e+01
4.542526e+01
4.537922e+01
4.533092e+01
4.528559e+01
4.524542e+01
4.521086e+01
4.517855e+01
4.514612e+01
4.511528e+01
4.508756e+01
4.506406e+01
4.504526e+01
4.503101e+01
4.502070e+01
4.501357e+01
4.500882e+01
4.500577e+01
4.500388e+01
4.500273e+01
4.500204e+01
4.500163e+01
4.500137e+01
4.500120e+01
4.500108e+01
4.500101e+01
4.500096e+01
4.500095e+01
4.500094e+01
4.500094e+01

4.500094e+01
4.500094e+01
4.500095e+01
4.500096e+01
4.500101e+01
4.500108e+01
4.500120e+01
4.500137e+01
4.500163e+01
4.500204e+01
4.500273e+01
4.500389e+01
4.500579e+01
4.500885e+01
4.501364e+01
4.502087e+01
4.503135e+01
4.504595e+01
4.506538e+01
4.508993e+01
4.511927e+01
4.515240e+01
4.518782e+01
4.522375e+01
4.526298e+01
4.530971e+01
4.536414e+01
4.542469e+01
4.548627e+01
4.554009e+01
4.557678e+01
4.559347e+01
4.559702e+01
4.559702e+01
4.559347e+01
4.557678e+01
4.554009e+01
4.548627e+01
4.542469e+01
4.536414e+01
4.530971e+01
4.526298e+01
4.522375e+01
4.518782e+01
4.515240e+01
4.511927e+01
4.508993e+01
4.506538e+01
4.504595e+01
4.503135e+01
4.502087e+01
4.501364e+01
4.500885e+01
4.500579e+01
4.500389e+01
4.500273e+01
4.500204e+01
4.500163e+01
4.500137e+01
4.500120e+01
4.500108e+01
4.500101e+01
4.500096e+01
4.500095e+01
4.500094e+01
4.500094e+01

4.500094e+01
4.500094e+01
4.500095e+01
4.500096e+01
4.500101e+01
4.500108e+01
4.500120e+01
4.500137e+01
4.500163e+01
4.500204e+01
4.500273e+01
4.500389e+01
4.500579e+01
4.500885e+01
4.501364e+01
4.502087e+01
4.503135e+01
4.504595e+01
4.506538e+01
4.508993e+01
4.511927e+01
4.515240e+01
4.518782e+01
4.522375e+01
4.526298e+01
4.530971e+01
4.536414e+01
4.542469e+01
4.548627e+01
4.554009e+01
4.557678e+01
4.559347e+01
4.559702e+01
4.559702e+01
4.559347e+01
4.557678e+01
4.554009e+01
4.548627e+01
4.542469e+01
4.536414e+01
4.530971e+01
4.526298e+01
4.522375e+01
4.518782e+01
4.515240e+01
4.511927e+01
4.508993e+01
4.506538e+01
4.504595e+01
4.503135e+01
4.502087e+01
4.501364e+01
4.500885e+01
4.500579e+01
4.500389e+01
4.500273e+01
4.500204e+01
4.500163e+01
4.500137e+01
4.500120e+01
4.500108e+01
4.500101e+01
4.500096e+01
4.500095e+01
4.500094e+01
4.500094e+01

4.500094e+01
4.500094e+01
4.500095e+01
4.500096e+01
4.500101e+01
4.500108e+01
4.500120e+01
4.500137e+01
4.500163e+01
4.500204e+01
4.500273e+01
4.500388e+01
4.500577e+01
4.500882e+01
4.501357e+01
4.502070e+01
4.503101e+01
4.504526e+01
4.506406e+01
4.508756e+01
4.511528e+01
4.514612e+01
4.517855e+01
4.521086e+01
4.524542e+01
4.528559e+01
4.533092e+01
4.537922e+01
4.542526e+01
4.546115e+01
4.547995e+01
4.548222e+01
4.547789e+01
4.547789e+01
4.548222e+01
4.547995e+01
4.546115e+01
4.542526e+01
4.537922e+01
4.533092e+01
4.528559e+01
4.524542e+01
4.521086e+01
4.517855e+01
4.514612e+01
4.511528e+01
4.508756e+01
4.506406e+01
4.504526e+01
4.503101e+01
4.502070e+01
4.501357e+01
4.500882e+01
4.500577e+01
4.500388e+01
4.500273e+01
4.500204e+01
4.500163e+01
4.500137e+01
4.500120e+01
4.500108e+01
4.500101e+01
4.500096e+01
4.500095e+01
4.500094e+01
4.500094e+01

4.500094e+01
4.500094e+01
4.500095e+01
4.500096e+01
4.500101e+01
4.500108e+01
4.500120e+01
4.500137e+01
4.500163e+01
4.500204e+01
4.500272e+01
4.500387e+01
4.500575e+01
4.500875e+01
4.501342e+01
4.502038e+01
4.503033e+01
4.504391e+01
4.506149e+01
4.508299e+01
4.510766e+01
4.513422e+01
4.516113e+01
4.518685e+01
4.521302e+01
4.524156e+01
4.527094e+01
4.529802e+01
4.531742e+01
4.532312e+01
4.531267e+01
4.529213e+01
4.527536e+01
4.527536e+01
4.529213e+01
4.531267e+01
4.532312e+01
4.531742e+01
4.529802e+01
4.527094e+01
4.524156e+01
4.521302e+01
4.518685e+01
4.516113e+01
4.513422e+01
4.510766e+01
4.508299e+01
4.506149e+01
4.504391e+01
4.503033e+01
4.502038e+01
4.501342e+01
4.500875e+01
4.500575e+01
4.500387e+01
4.500272e+01
4.500204e+01
4.500163e+01
4.500137e+01
4.500120e+01
4.500108e+01
4.500101e+01
4.500096e+01
4.500095e+01
4.500094e+01
4.500094e+01

4.500094e+01
4.500094e+01
4.500095e+01
4.500096e+01
4.500101e+01
4.500108e+01
4.500120e+01
4.500137e+01
4.500162e+01
4.500203e+01
4.500272e+01
4.500385e+01
4.500570e+01
4.500866e+01
4.501320e+01
4.501990e+01
4.502934e+01
4.504194e+01
4.505781e+01
4.507651e+01
4.509701e+01
4.511785e+01
4.513754e+01
4.515484e+01
4.517051e+01
4.518484e+01
4.519527e+01
4.519781e+01
4.518751e+01
4.516115e+01
4.512081e+01
4.507797e+01
4.505003e+01
4.505003e+01
4.507797e+01
4.512081e+01
4.516115e+01
4.518751e+01
4.519781e+01
4.519527e+01
4.518484e+01
4.517051e+01
4.515484e+01
4.513754e+01
4.511785e+01
4.509701e+01
4.507651e+01
4.505781e+01
4.504194e+01
4.502934e+01
4.501990e+01
4.501320e+01
4.500866e+01
4.500570e+01
4.500385e+01
4.500272e+01
4.500203e+01
4.500162e+01
4.500137e+01
4.500120e+01
4.500108e+01
4.500101e+01
4.500096e+01
4.500095e+01
4.500094e+01
4.500094e+01

4.500094e+01
4.500094e+01
4.500095e+01
4.500096e+01
4.500101e+01
4.500108e+01
4.500120e+01
4.500137e+01
4.500162e+01
4.500203e+01
4.500271e+01
4.500383e+01
4.500565e+01
4.500853e+01
4.501291e+01
4.501928e+01
4.502806e+01
4.503943e+01
4.505319e+01
4.506853e+01
4.508414e+01
4.509849e+01
4.511025e+01
4.511859e+01
4.512347e+01
4.512377e+01
4.511632e+01
4.509704e+01
4.506230e+01
4.501147e+01
4.495137e+01
4.489586e+01
4.486193e+01
4.486193e+01
4.489586e+01
4.495137e+01
4.501147e+01
4.506230e+01
4.509704e+01
4.511632e+01
4.512377e+01
4.512347e+01
4.511859e+01
4.511025e+01
4.509849e+01
4.508414e+01
4.506853e+01
4.505319e+01
4.503943e+01
4.502806e+01
4.501928e+01
4.501291e+01
4.500853e+01
4.500565e+01
4.500383e+01
4.500271e+01
4.500203e+01
4.500162e+01
4.500137e+01
4.500120e+01
4.500108e+01
4.500101e+01
4.500096e+01
4.500095e+01
4.500094e+01
4.500094e+01

4.500094e+01
4.500094e+01
4.500095e+01
4.500096e+01
4.500101e+01
4.500108e+01
4.500120e+01
4.500137e+01
4.500162e+01
4.500203e+01
4.500270e+01
4.500380e+01
4.500558e+01
4.500837e+01
4.501256e+01
4.501853e+01
4.502652e+01
4.503647e+01
4.504784e+01
4.505950e+01
4.506996e+01
4.507772e+01
4.508177e+01
4.508177e+01
4.507710e+01
4.506570e+01
4.504448e+01
4.501011e+01
4.496060e+01
4.489813e+01
4.483081e+01
4.477272e+01
4.473897e+01
4.473897e+01
4.477272e+01
4.483081e+01
4.489813e+01
4.496060e+01
4.501011e+01
4.504448e+01
4.506570e+01
4.507710e+01
4.508177e+01
4.508177e+01
4.507772e+01
4.506996e+01
4.505950e+01
4.504784e+01
4.503647e+01
4.502652e+01
4.501853e+01
4.501256e+01
4.500837e+01
4.500558e+01
4.500380e+01
4.500270e+01
4.500203e+01
4.500162e+01
4.500137e+01
4.500120e+01
4.500108e+01
4.500101e+01
4.500096e+01
4.500095e+01
4.500094e+01
4.500094e+01

4.500094e+01
4.500094e+01
4.500095e+01
4.500096e+01
4.500101e+01
4.500108e+01
4.500120e+01
4.500137e+01
4.500162e+01
4.500202e+01
4.500268e+01
4.500376e+01
4.500550e+01
4.500819e+01
4.501215e+01
4.501766e+01
4.502477e+01
4.503316e+01
4.504199e+01
4.504989e+01
4.505532e+01
4.505697e+01
4.505424e+01
4.504734e+01
4.503531e+01
4.501568e+01
4.498598e+01
4.494411e+01
4.488977e+01
4.482645e+01
4.476257e+01
4.470991e+01
4.467996e+01
4.467996e+01
4.470991e+01
4.476257e+01
4.482645e+01
4.488977e+01
4.494411e+01
4.498598e+01
4.501568e+01
4.503531e+01
4.504734e+01
4.505424e+01
4.505697e+01
4.505532e+01
4.504989e+01
4.504199e+01
4.503316e+01
4.502477e+01
4.501766e+01
4.501215e+01
4.500819e+01
4.500550e+01
4.500376e+01
4.500268e+01
4.500202e+01
4.500162e+01
4.500137e+01
4.500120e+01
4.500108e+01
4.500101e+01
4.500096e+01
4.500095e+01
4.500094e+01
4.500094e+01

4.500094e+01
4.500094e+01
4.500095e+01
4.500096e+01
4.500101e+01
4.500108e+01
4.500120e+01
4.500136e+01
4.500162e+01
4.500201e+01
4.500267e+01
4.500373e+01
4.500541e+01
4.500797e+01
4.501168e+01
4.501668e+01
4.502284e+01
4.502960e+01
4.503587e+01
4.504015e+01
4.504097e+01
4.503738e+01
4.502924e+01
4.501726e+01
4.500037e+01
4.497608e+01
4.494275e+01
4.489952e+01
4.484732e+01
4.479004e+01
4.473481e+01
4.469072e+01
4.466620e+01
4.466620e+01
4.469072e+01
4.473481e+01
4.479004e+01
4.484732e+01
4.489952e+01
4.494275e+01
4.497608e+01
4.500037e+01
4.501726e+01
4.502924e+01
4.503738e+01
4.504097e+01
4.504015e+01
4.503587e+01
4.502960e+01
4.502284e+01
4.501668e+01
4.501168e+01
4.500797e+01
4.500541e+01
4.500373e+01
4.500267e+01
4.500201e+01
4.500162e+01
4.500136e+01
4.500120e+01
4.500108e+01
4.500101e+01
4.500096e+01
4.500095e+01
4.500094e+01
4.500094e+01

4.500094e+01
4.500094e+01
4.500095e+01
4.500096e+01
4.500101e+01
4.500108e+01
4.500120e+01
4.500136e+01
4.500161e+01
4.500201e+01
4.500265e+01
4.500368e+01
4.500530e+01
4.500774e+01
4.501117e+01
4.501562e+01
4.502079e+01
4.502590e+01
4.502968e+01
4.503064e+01
4.502751e+01
4.501975e+01
4.500770e+01
4.499247e+01
4.497301e+01
4.494701e+01
4.491363e+01
4.487291e+01
4.482642e+01
4.477781e+01
4.473269e+01
4.469762e+01
4.467839e+01
4.467839e+01
4.469762e+01
4.473269e+01
4.477781e+01
4.482642e+01
4.487291e+01
4.491363e+01
4.494701e+01
4.497301e+01
4.499247e+01
4.500770e+01
4.501975e+01
4.502751e+01
4.503064e+01
4.502968e+01
4.502590e+01
4.502079e+01
4.501562e+01
4.501117e+01
4.500774e+01
4.500530e+01
4.500368e+01
4.500265e+01
4.500201e+01
4.500161e+01
4.500136e+01
4.500120e+01
4.500108e+01
4.500101e+01
4.500096e+01
4.500095e+01
4.500094e+01
4.500094e+01

4.500094e+01
4.500094e+01
4.500095e+01
4.500096e+01
4.500101e+01
4.500108e+01
4.500120e+01
4.500136e+01
4.500161e+01
4.500200e+01
4.500263e+01
4.500363e+01
4.500519e+01
4.500748e+01
4.501061e+01
4.501449e+01
4.501865e+01
4.502214e+01
4.502361e+01
4.502166e+01
4.501534e+01
4.500452e+01
4.498999e+01
4.497310e+01
4.495286e+01
4.492724e+01
4.489600e+01
4.485968e+01
4.482001e+01
4.478010e+01
4.474415e+01
4.471679e+01
4.470198e+01
4.470198e+01
4.471679e+01
4.474415e+01
4.478010e+01
4.482001e+01
4.485968e+01
4.489600e+01
4.492724e+01
4.495286e+01
4.497310e+01
4.498999e+01
4.500452e+01
4.501534e+01
4.502166e+01
4.502361e+01
4.502214e+01
4.501865e+01
4.501449e+01
4.501061e+01
4.500748e+01
4.500519e+01
4.500363e+01
4.500263e+01
4.500200e+01
4.500161e+01
4.500136e+01
4.500120e+01
4.500108e+01
4.500101e+01
4.500096e+01
4.500095e+01
4.500094e+01
4.500094e+01

4.500094e+01
4.500094e+01
4.500095e+01
4.500096e+01
4.500101e+01
4.500108e+01
4.500120e+01
4.500136e+01
4.500161e+01
4.500199e+01
4.500260e+01
4.500357e+01
4.500504e+01
4.500716e+01
4.500994e+01
4.501316e+01
4.501619e+01
4.501796e+01
4.501712e+01
4.501248e+01
4.500348e+01
4.499049e+01
4.497461e+01
4.495730e+01
4.493766e+01
4.491396e+01
4.488634e+01
4.485559e+01
4.482330e+01
4.479188e+01
4.476434e+01
4.474377e+01
4.473276e+01
4.473276e+01
4.474377e+01
4.476434e+01
4.479188e+01
4.482330e+01
4.485559e+01
4.488634e+01
4.491396e+01
4.493766e+01
4.495730e+01
4.497461e+01
4.499049e+01
4.500348e+01
4.501248e+01
4.501712e+01
4.501796e+01
4.501619e+01
4.501316e+01
4.500994e+01
4.500716e+01
4.500504e+01
4.500357e+01
4.500260e+01
4.500199e+01
4.500161e+01
4.500136e+01
4.500120e+01
4.500108e+01
4.500101e+01
4.500096e+01
4.500095e+01
4.500094e+01
4.500094e+01

4.500094e+01
4.500094e+01
4.500095e+01
4.500096e+01
4.500101e+01
4.500108e+01
4.500119e+01
4.500136e+01
4.500160e+01
4.500197e+01
4.500257e+01
4.500348e+01
4.500485e+01
4.500673e+01
4.500905e+01
4.501144e+01
4.501312e+01
4.501295e+01
4.500972e+01
4.500258e+01
4.499149e+01
4.497727e+01
4.496121e+01
4.494475e+01
4.492704e+01
4.490662e+01
4.488389e+01
4.485963e+01
4.483513e+01
4.481205e+01
4.479235e+01
4.477792e+01
4.477028e+01
4.477028e+01
4.477792e+01
4.479235e+01
4.481205e+01
4.483513e+01
4.485963e+01
4.488389e+01
4.490662e+01
4.492704e+01
4.494475e+01
4.496121e+01
4.497727e+01
4.499149e+01
4.500258e+01
4.500972e+01
4.501295e+01
4.501312e+01
4.501144e+01
4.500905e+01
4.500673e+01
4.500485e+01
4.500348e+01
4.500257e+01
4.500197e+01
4.500160e+01
4.500136e+01
4.500119e+01
4.500108e+01
4.500101e+01
4.500096e+01
4.500095e+01
4.500094e+01
4.500094e+01

4.500094e+01
4.500094e+01
4.500095e+01
4.500096e+01
4.500101e+01
4.500108e+01
4.500119e+01
4.500136e+01
4.500159e+01
4.500195e+01
4.500252e+01
4.500337e+01
4.500458e+01
4.500616e+01
4.500790e+01
4.500928e+01
4.500942e+01
4.500724e+01
4.500180e+01
4.499277e+01
4.498061e+01
4.496644e+01
4.495159e+01
4.493722e+01
4.492253e+01
4.490636e+01
4.488911e+01
4.487144e+01
4.485422e+01
4.483852e+01
4.482544e+01
4.481604e+01
4.481112e+01
4.481112e+01
4.481604e+01
4.482544e+01
4.483852e+01
4.485422e+01
4.487144e+01
4.488911e+01
4.490636e+01
4.492253e+01
4.493722e+01
4.495159e+01
4.496644e+01
4.498061e+01
4.499277e+01
4.500180e+01
4.500724e+01
4.500942e+01
4.500928e+01
4.500790e+01
4.500616e+01
4.500458e+01
4.500337e+01
4.500252e+01
4.500195e+01
4.500159e+01
4.500136e+01
4.500119e+01
4.500108e+01
4.500101e+01
4.500096e+01
4.500095e+01
4.500094e+01
4.500094e+01

4.500094e+01
4.500094e+01
4.500095e+01
4.500096e+01
4.500101e+01
4.500108e+01
4.500119e+01
4.500135e+01
4.500158e+01
4.500193e+01
4.500245e+01
4.500320e+01
4.500422e+01
4.500540e+01
4.500642e+01
4.500664e+01
4.500519e+01
4.500117e+01
4.499409e+01
4.498416e+01
4.497224e+01
4.495951e+01
4.494705e+01
4.493566e+01
4.492457e+01
4.491287e+01
4.490088e+01
4.488906e+01
4.487792e+01
4.486805e+01
4.486002e+01
4.485434e+01
4.485140e+01
4.485140e+01
4.485434e+01
4.486002e+01
4.486805e+01
4.487792e+01
4.488906e+01
4.490088e+01
4.491287e+01
4.492457e+01
4.493566e+01
4.494705e+01
4.495951e+01
4.497224e+01
4.498416e+01
4.499409e+01
4.500117e+01
4.500519e+01
4.500664e+01
4.500642e+01
4.500540e+01
4.500422e+01
4.500320e+01
4.500245e+01
4.500193e+01
4.500158e+01
4.500135e+01
4.500119e+01
4.500108e+01
4.500101e+01
4.500096e+01
4.500095e+01
4.500094e+01
4.500094e+01

4.500094e+01
4.500094e+01
4.500095e+01
4.500096e+01
4.500101e+01
4.500108e+01
4.500119e+01
4.500135e+01
4.500157e+01
4.500189e+01
4.500235e+01
4.500298e+01
4.500374e+01
4.500442e+01
4.500461e+01
4.500362e+01
4.500070e+01
4.499534e+01
4.498756e+01
4.497797e+01
4.496755e+01
4.495730e+01
4.494790e+01
4.493974e+01
4.493215e+01
4.492444e+01
4.491683e+01
4.490957e+01
4.490293e+01
4.489719e+01
4.489261e+01
4.488943e+01
4.488779e+01
4.488779e+01
4.488943e+01
4.489261e+01
4.489719e+01
4.490293e+01
4.490957e+01
4.491683e+01
4.492444e+01
4.493215e+01
4.493974e+01
4.494790e+01
4.495730e+01
4.496755e+01
4.497797e+01
4.498756e+01
4.499534e+01
4.500070e+01
4.500362e+01
4.500461e+01
4.500442e+01
4.500374e+01
4.500298e+01
4.500235e+01
4.500189e+01
4.500157e+01
4.500135e+01
4.500119e+01
4.500108e+01
4.500101e+01
4.500096e+01
4.500095e+01
4.500094e+01
4.500094e+01

4.500094e+01
4.500094e+01
4.500095e+01
4.500096e+01
4.500100e+01
4.500108e+01
4.500119e+01
4.500134e+01
4.500154e+01
4.500183e+01
4.500221e+01
4.500268e+01
4.500311e+01
4.500321e+01
4.500252e+01
4.500043e+01
4.499647e+01
4.499057e+01
4.498316e+01
4.497500e+01
4.496692e+01
4.495954e+01
4.495317e+01
4.494789e+01
4.494316e+01
4.493853e+01
4.493409e+01
4.492998e+01
4.492630e+01
4.492320e+01
4.492076e+01
4.491908e+01
4.491823e+01
4.491823e+01
4.491908e+01
4.492076e+01
4.492320e+01
4.492630e+01
4.492998e+01
4.493409e+01
4.493853e+01
4.494316e+01
4.494789e+01
4.495317e+01
4.495954e+01
4.496692e+01
4.497500e+01
4.498316e+01
4.499057e+01
4.499647e+01
4.500043e+01
4.500252e+01
4.500321e+01
4.500311e+01
4.500268e+01
4.500221e+01
4.500183e+01
4.500154e+01
4.500134e+01
4.500119e+01
4.500108e+01
4.500100e+01
4.500096e+01
4.500095e+01
4.500094e+01
4.500094e+01

4.500094e+01
4.500094e+01
4.500095e+01
4.500096e+01
4.500100e+01
4.500108e+01
4.500118e+01
4.500133e+01
4.500151e+01
4.500175e+01
4.500203e+01
4.500228e+01
4.500232e+01
4.500182e+01
4.500033e+01
4.499746e+01
4.499311e+01
4.498757e+01
4.498141e+01
4.497530e+01
4.496973e+01
4.496496e+01
4.496106e+01
4.495795e+01
4.495526e+01
4.495269e+01
4.495029e+01
4.494812e+01
4.494622e+01
4.494463e+01
4.494340e+01
4.494257e+01
4.494215e+01
4.494215e+01
4.494257e+01
4.494340e+01
4.494463e+01
4.494622e+01
4.494812e+01
4.495029e+01
4.495269e+01
4.495526e+01
4.495795e+01
4.496106e+01
4.496496e+01
4.496973e+01
4.497530e+01
4.498141e+01
4.498757e+01
4.499311e+01
4.499746e+01
4.500033e+01
4.500182e+01
4.500232e+01
4.500228e+01
4.500203e+01
4.500175e+01
4.500151e+01
4.500133e+01
4.500118e+01
4.500108e+01
4.500100e+01
4.500096e+01
4.500095e+01
4.500094e+01
4.500094e+01

4.500094e+01
4.500094e+01
4.500095e+01
4.500096e+01
4.500100e+01
4.500107e+01
4.500118e+01
4.500131e+01
4.500147e+01
4.500164e+01
4.500179e+01
4.500178e+01
4.500141e+01
4.500035e+01
4.499831e+01
4.499517e+01
4.499114e+01
4.498664e+01
4.498217e+01
4.497811e+01
4.497467e+01
4.497189e+01
4.496970e+01
4.496802e+01
4.496660e+01
4.496527e+01
4.496405e+01
4.496297e+01
4.496204e+01
4.496127e+01
4.496068e+01
4.496028e+01
4.496008e+01
4.496008e+01
4.496028e+01
4.496068e+01
4.496127e+01
4.496204e+01
4.496297e+01
4.496405e+01
4.496527e+01
4.496660e+01
4.496802e+01
4.496970e+01
4.497189e+01
4.497467e+01
4.497811e+01
4.498217e+01
4.498664e+01
4.499114e+01
4.499517e+01
4.499831e+01
4.500035e+01
4.500141e+01
4.500178e+01
4.500179e+01
4.500164e+01
4.500147e+01
4.500131e+01
4.500118e+01
4.500107e+01
4.500100e+01
4.500096e+01
4.500095e+01
4.500094e+01
4.500094e+01

4.500094e+01
4.500094e+01
4.500095e+01
4.500096e+01
4.500100e+01
4.500107e+01
4.500117e+01
4.500128e+01
4.500140e+01
4.500150e+01
4.500148e+01
4.500121e+01
4.500047e+01
4.499903e+01
4.499682e+01
4.499395e+01
4.499074e+01
4.498756e+01
4.498468e+01
4.498227e+01
4.498034e+01
4.497885e+01
4.497772e+01
4.497686e+01
4.497616e+01
4.497551e+01
4.497493e+01
4.497441e+01
4.497398e+01
4.497362e+01
4.497335e+01
4.497316e+01
4.497307e+01
4.497307e+01
4.497316e+01
4.497335e+01
4.497362e+01
4.497398e+01
4.497441e+01
4.497493e+01
4.497551e+01
4.497616e+01
4.497686e+01
4.497772e+01
4.497885e+01
4.498034e+01
4.498227e+01
4.498468e+01
4.498756e+01
4.499074e+01
4.499395e+01
4.499682e+01
4.499903e+01
4.500047e+01
4.500121e+01
4.500148e+01
4.500150e+01
4.500140e+01
4.500128e+01
4.500117e+01
4.500107e+01
4.500100e+01
4.500096e+01
4.500095e+01
4.500094e+01
4.500094e+01

4.500094e+01
4.500094e+01
4.500095e+01
4.500096e+01
4.500100e+01
4.500107e+01
4.500115e+01
4.500125e+01
4.500132e+01
4.500131e+01
4.500113e+01
4.500062e+01
4.499963e+01
4.499810e+01
4.499610e+01
4.499386e+01
4.499164e+01
4.498965e+01
4.498800e+01
4.498669e+01
4.498570e+01
4.498495e+01
4.498440e+01
4.498399e+01
4.498366e+01
4.498335e+01
4.498308e+01
4.498285e+01
4.498265e+01
4.498249e+01
4.498236e+01
4.498228e+01
4.498224e+01
4.498224e+01
4.498228e+01
4.498236e+01
4.498249e+01
4.498265e+01
4.498285e+01
4.498308e+01
4.498335e+01
4.498366e+01
4.498399e+01
4.498440e+01
4.498495e+01
4.498570e+01
4.498669e+01
4.498800e+01
4.498965e+01
4.499164e+01
4.499386e+01
4.499610e+01
4.499810e+01
4.499963e+01
4.500062e+01
4.500113e+01
4.500131e+01
4.500132e+01
4.500125e+01
4.500115e+01
4.500107e+01
4.500100e+01
4.500096e+01
4.500095e+01
4.500094e+01
4.500094e+01

4.500094e+01
4.500094e+01
4.500095e+01
4.500096e+01
4.500100e+01
4.500106e+01
4.500113e+01
4.500120e+01
4.500121e+01
4.500110e+01
4.500077e+01
4.500011e+01
4.499907e+01
4.499771e+01
4.499617e+01
4.499466e+01
4.499331e+01
4.499220e+01
4.499133e+01
4.499067e+01
4.499019e+01
4.498983e+01
4.498958e+01
4.498939e+01
4.498924e+01
4.498910e+01
4.498898e+01
4.498887e+01
4.498879e+01
4.498871e+01
4.498866e+01
4.498862e+01
4.498861e+01
4.498861e+01
4.498862e+01
4.498866e+01
4.498871e+01
4.498879e+01
4.498887e+01
4.498898e+01
4.498910e+01
4.498924e+01
4.498939e+01
4.498958e+01
4.498983e+01
4.499019e+01
4.499067e+01
4.499133e+01
4.499220e+01
4.499331e+01
4.499466e+01
4.499617e+01
4.499771e+01
4.499907e+01
4.500011e+01
4.500077e+01
4.500110e+01
4.500121e+01
4.500120e+01
4.500113e+01
4.500106e+01
4.500100e+01
4.500096e+01
4.500095e+01
4.500094e+01
4.500094e+01

4.500094e+01
4.500094e+01
4.500095e+01
4.500096e+01
4.500100e+01
4.500105e+01
4.500111e+01
4.500114e+01
4.500109e+01
4.500089e+01
4.500047e+01
4.499979e+01
4.499888e+01
4.499786e+01
4.499685e+01
4.499595e+01
4.499521e+01
4.499464e+01
4.499422e+01
4.499390e+01
4.499368e+01
4.499352e+01
4.499340e+01
4.499332e+01
4.499325e+01
4.499319e+01
4.499314e+01
4.499310e+01
4.499306e+01
4.499303e+01
4.499300e+01
4.499299e+01
4.499298e+01
4.499298e+01
4.499299e+01
4.499300e+01
4.499303e+01
4.499306e+01
4.499310e+01
4.499314e+01
4.499319e+01
4.499325e+01
4.499332e+01
4.499340e+01
4.499352e+01
4.499368e+01
4.499390e+01
4.499422e+01
4.499464e+01
4.499521e+01
4.499595e+01
4.499685e+01
4.499786e+01
4.499888e+01
4.499979e+01
4.500047e+01
4.500089e+01
4.500109e+01
4.500114e+01
4.500111e+01
4.500105e+01
4.500100e+01
4.500096e+01
4.500095e+01
4.500094e+01
4.500094e+01

4.500094e+01
4.500094e+01
4.500095e+01
4.500096e+01
4.500099e+01
4.500104e+01
4.500108e+01
4.500107e+01
4.500097e+01
4.500072e+01
4.500029e+01
4.499971e+01
4.499905e+01
4.499839e+01
4.499781e+01
4.499733e+01
4.499697e+01
4.499670e+01
4.499650e+01
4.499636e+01
4.499626e+01
4.499619e+01
4.499614e+01
4.499611e+01
4.499608e+01
4.499605e+01
4.499603e+01
4.499601e+01
4.499599e+01
4.499598e+01
4.499597e+01
4.499597e+01
4.499596e+01
4.499596e+01
4.499597e+01
4.499597e+01
4.499598e+01
4.499599e+01
4.499601e+01
4.499603e+01
4.499605e+01
4.499608e+01
4.499611e+01
4.499614e+01
4.499619e+01
4.499626e+01
4.499636e+01
4.499650e+01
4.499670e+01
4.499697e+01
4.499733e+01
4.499781e+01
4.499839e+01
4.499905e+01
4.499971e+01
4.500029e+01
4.500072e+01
4.500097e+01
4.500107e+01
4.500108e+01
4.500104e+01
4.500099e+01
4.500096e+01
4.500095e+01
4.500094e+01
4.500094e+01

4.500094e+01
4.500094e+01
4.500095e+01
4.500096e+01
4.500099e+01
4.500102e+01
4.500104e+01
4.500100e+01
4.500088e+01
4.500063e+01
4.500028e+01
4.499987e+01
4.499946e+01
4.499909e+01
4.499879e+01
4.499856e+01
4.499839e+01
4.499827e+01
4.499819e+01
4.499813e+01
4.499809e+01
4.499806e+01
4.499804e+01
4.499802e+01
4.499801e+01
4.499800e+01
4.499799e+01
4.499798e+01
4.499798e+01
4.499797e+01
4.499797e+01
4.499796e+01
4.499796e+01
4.499796e+01
4.499796e+01
4.499797e+01
4.499797e+01
4.499798e+01
4.499798e+01
4.499799e+01
4.499800e+01
4.499801e+01
4.499802e+01
4.499804e+01
4.499806e+01
4.499809e+01
4.499813e+01
4.499819e+01
4.499827e+01
4.499839e+01
4.499856e+01
4.499879e+01
4.499909e+01
4.499946e+01
4.499987e+01
4.500028e+01
4.500063e+01
4.500088e+01
4.500100e+01
4.500104e+01
4.500102e+01
4.500099e+01
4.500096e+01
4.500095e+01
4.500094e+01
4.500094e+01

4.500094e+01
4.500094e+01
4.500095e+01
4.500096e+01
4.500098e+01
4.500100e+01
4.500100e+01
4.500095e+01
4.500083e+01
4.500063e+01
4.500039e+01
4.500015e+01
4.499993e+01
4.499975e+01
4.499962e+01
4.499952e+01
4.499944e+01
4.499939e+01
4.499936e+01
4.499934e+01
4.499932e+01
4.499931e+01
4.499930e+01
4.499929e+01
4.499929e+01
4.499928e+01
4.499928e+01
4.499928e+01
4.499927e+01
4.499927e+01
4.499927e+01
4.499927e+01
4.499927e+01
4.499927e+01
4.499927e+01
4.499927e+01
4.499927e+01
4.499927e+01
4.499928e+01
4.499928e+01
4.499928e+01
4.499929e+01
4.499929e+01
4.499930e+01
4.499931e+01
4.499932e+01
4.499934e+01
4.499936e+01
4.499939e+01
4.499944e+01
4.499952e+01
4.499962e+01
4.499975e+01
4.499993e+01
4.500015e+01
4.500039e+01
4.500063e+01
4.500083e+01
4.500095e+01
4.500100e+01
4.500100e+01
4.500098e+01
4.500096e+01
4.500095e+01
4.500094e+01
4.500094e+01

4.500094e+01
4.500094e+01
4.500095e+01
4.500095e+01
4.500097e+01
4.500098e+01
4.500097e+01
4.500092e+01
4.500083e+01
4.500071e+01
4.500058e+01
4.500045e+01
4.500035e+01
4.500028e+01
4.500022e+01
4.500018e+01
4.500015e+01
4.500013e+01
4.500012e+01
4.500011e+01
4.500011e+01
4.500010e+01
4.500010e+01
4.500010e+01
4.500009e+01
4.500009e+01
4.500009e+01
4.500009e+01
4.500009e+01
4.500009e+01
4.500009e+01
4.500009e+01
4.500009e+01
4.500009e+01
4.500009e+01
4.500009e+01
4.500009e+01
4.500009e+01
4.500009e+01
4.500009e+01
4.500009e+01
4.500009e+01
4.500010e+01
4.500010e+01
4.500010e+01
4.500011e+01
4.500011e+01
4.500012e+01
4.500013e+01
4.500015e+01
4.500018e+01
4.500022e+01
4.500028e+01
4.500035e+01
4.500045e+01
4.500058e+01
4.500071e+01
4.500083e+01
4.500092e+01
4.500097e+01
4.500098e+01
4.500097e+01
4.500095e+01
4.500095e+01
4.500094e+01
4.500094e+01

4.500094e+01
4.500094e+01
4.500094e+01
4.500095e+01
4.500096e+01
4.500097e+01
4.500095e+01
4.500092e+01
4.500087e+01
4.500081e+01
4.500075e+01
4.500070e+01
4.500066e+01
4.500063e+01
4.500061e+01
4.500060e+01
4.500059e+01
4.500058e+01
4.500058e+01
4.500057e+01
4.500057e+01
4.500057e+01
4.500057e+01
4.500057e+01
4.500057e+01
4.500057e+01
4.500057e+01
4.500057e+01
4.500057e+01
4.500057e+01
4.500057e+01
4.500056e+01
4.500056e+01
4.500056e+01
4.500056e+01
4.500057e+01
4.500057e+01
4.500057e+01
4.500057e+01
4.500057e+01
4.500057e+01
4.500057e+01
4.500057e+01
4.500057e+01
4.500057e+01
4.500057e+01
4.500057e+01
4.500058e+01
4.500058e+01
4.500059e+01
4.500060e+01
4.500061e+01
4.500063e+01
4.500066e+01
4.500070e+01
4.500075e+01
4.500081e+01
4.500087e+01
4.500092e+01
4.500095e+01
4.500097e+01
4.500096e+01
4.500095e+01
4.500094e+01
4.500094e+01
4.500094e+01

4.500094e+01
4.500094e+01
4.500094e+01
4.500095e+01
4.500095e+01
4.500095e+01
4.500095e+01
4.500093e+01
4.500091e+01
4.500089e+01
4.500087e+01
4.500085e+01
4.500084e+01
4.500083e+01
4.500082e+01
4.500082e+01
4.500082e+01
4.500082e+01
4.500081e+01
4.500081e+01
4.500081e+01
4.500081e+01
4.500081e+01
4.500081e+01
4.500081e+01
4.500081e+01
4.500081e+01
4.500081e+01
4.500081e+01
4.500081e+01
4.500081e+01
4.500081e+01
4.500081e+01
4.500081e+01
4.500081e+01
4.500081e+01
4.500081e+01
4.500081e+01
4.500081e+01
4.500081e+01
4.500081e+01
4.500081e+01
4.500081e+01
4.500081e+01
4.500081e+01
4.500081e+01
4.500081e+01
4.500081e+01
4.500082e+01
4.500082e+01
4.500082e+01
4.500082e+01
4.500083e+01
4.500084e+01
4.500085e+01
4.500087e+01
4.500089e+01
4.500091e+01
4.500093e+01
4.500095e+01
4.500095e+01
4.500095e+01
4.500095e+01
4.500094e+01
4.500094e+01
4.500094e+01

4.500094e+01
4.500094e+01
4.500094e+01
4.500095e+01
4.500095e+01
4.500095e+01
4.500095e+01
4.500094e+01
4.500094e+01
4.500093e+01
4.500093e+01
4.500092e+01
4.500092e+01
4.500092e+01
4.500092e+01
4.500092e+01
4.500092e+01
4.500091e+01
4.500091e+01
4.500091e+01
4.500091e+01
4.500091e+01
4.500091e+01
4.500091e+01
4.500091e+01
4.500091e+01
4.500091e+01
4.500091e+01
4.500091e+01
4.500091e+01
4.500091e+01
4.500091e+01
4.500091e+01
4.500091e+01
4.500091e+01
4.500091e+01
4.500091e+01
4.500091e+01
4.500091e+01
4.500091e+01
4.500091e+01
4.500091e+01
4.500091e+01
4.500091e+01
4.500091e+01
4.500091e+01
4.500091e+01
4.500091e+01
4.500091e+01
4.500092e+01
4.500092e+01
4.500092e+01
4.500092e+01
4.500092e+01
4.500092e+01
4.500093e+01
4.500093e+01
4.500094e+01
4.500094e+01
4.500095e+01
4.500095e+01
4.500095e+01
4.500095e+01
4.500094e+01
4.500094e+01
4.500094e+01

4.500094e+01
4.500094e+01
4.500094e+01
4.500094e+01
4.500094e+01
4.500095e+01
4.500095e+01
4.500095e+01
4.500094e+01
4.500094e+01
4.500094e+01
4.500094e+01
4.500094e+01
4.500094e+01
4.500094e+01
4.500094e+01
4.500094e+01
4.500094e+01
4.500094e+01
4.500094e+01
4.500094e+01
4.500094e+01
4.500094e+01
4.500094e+01
4.500094e+01
4.500094e+01
4.500094e+01
4.500094e+01
4.500094e+01
4.500094e+01
4.500094e+01
4.500094e+01
4.500094e+01
4.500094e+01
4.500094e+01
4.500094e+01
4.500094e+01
4.500094e+01
4.500094e+01
4.500094e+01
4.500094e+01
4.500094e+01
4.500094e+01
4.500094e+01
4.500094e+01
4.500094e+01
4.500094e+01
4.500094e+01
4.500094e+01
4.500094e+01
4.500094e+01
4.500094e+01
4.500094e+01
4.500094e+01
4.500094e+01
4.500094e+01
4.500094e+01
4.500094e+01
4.500095e+01
4.500095e+01
4.500095e+01
4.500094e+01
4.500094e+01
4.500094e+01
4.500094e+01
4.500094e+01

4.500094e+01
4.500094e+01
4.500094e+01
4.500094e+01
4.500094e+01
4.500094e+01
4.500094e+01
4.500094e+01
4.500094e+01
4.500094e+01
4.500094e+01
4.500094e+01
4.500094e+01
4.500094e+01
4.500094e+01
4.500094e+01
4.500094e+01
4.500094e+01
4.500094e+01
4.500094e+01
4.500094e+01
4.500094e+01
4.500094e+01
4.500094e+01
4.500094e+01
4.500094e+01
4.500094e+01
4.500094e+01
4.500094e+01
4.500094e+01
4.500094e+01
4.500094e+01
4.500094e+01
4.500094e+01
4.500094e+01
4.500094e+01
4.500094e+01
4.500094e+01
4.500094e+01
4.500094e+01
4.500094e+01
4.500094e+01
4.500094e+01
4.500094e+01
4.500094e+01
4.500094e+01
4.500094e+01
4.500094e+01
4.500094e+01
4.500094e+01
4.500094e+01
4.500094e+01
4.500094e+01
4.500094e+01
4.500094e+01
4.500094e+01
4.500094e+01
4.500094e+01
4.500094e+01
4.500094e+01
4.500094e+01
4.500094e+01
4.500094e+01
4.500094e+01
4.500094e+01
4.500094e+01

4.500094e+01
4.500094e+01
4.500094e+01
4.500094e+01
4.500094e+01
4.500094e+01
4.500094e+01
4.500094e+01
4.500094e+01
4.500094e+01
4.500094e+01
4.500094e+01
4.500094e+01
4.500094e+01
4.500094e+01
4.500094e+01
4.500094e+01
4.500094e+01
4.500094e+01
4.500094e+01
4.500094e+01
4.500094e+01
4.500094e+01
4.500094e+01
4.500094e+01
4.500094e+01
4.500094e+01
4.500094e+01
4.500094e+01
4.500094e+01
4.500094e+01
4.500094e+01
4.500094e+01
4.500094e+01
4.500094e+01
4.500094e+01
4.500094e+01
4.500094e+01
4.500094e+01
4.500094e+01
4.500094e+01
4.500094e+01
4.500094e+01
4.500094e+01
4.500094e+01
4.500094e+01
4.500094e+01
4.500094e+01
4.500094e+01
4.500094e+01
4.500094e+01
4.500094e+01
4.500094e+01
4.500094e+01
4.500094e+01
4.500094e+01
4.500094e+01
4.500094e+01
4.500094e+01
4.500094e+01
4.500094e+01
4.500094e+01
4.500094e+01
4.500094e+01
4.500094e+01
4.500094e+01

4.500094e+01
4.500094e+01
4.500094e+01
4.500094e+01
4.500094e+01
4.500094e+01
4.500094e+01
4.500094e+01
4.500094e+01
4.500094e+01
4.500094e+01
4.500094e+01
4.500094e+01
4.500094e+01
4.500094e+01
4.500094e+01
4.500094e+01
4.500094e+01
4.500094e+01
4.500094e+01
4.500094e+01
4.500094e+01
4.500094e+01
4.500094e+01
4.500094e+01
4.500094e+01
4.500094e+01
4.500094e+01
4.500094e+01
4.500094e+01
4.500094e+01
4.500094e+01
4.500094e+01
4.500094e+01
4.500094e+01
4.500094e+01
4.500094e+01
4.500094e+01
4.500094e+01
4.500094e+01
4.500094e+01
4.500094e+01
4.500094e+01
4.500094e+01
4.500094e+01
4.500094e+01
4.500094e+01
4.500094e+01
4.500094e+01
4.500094e+01
4.500094e+01
4.500094e+01
4.500094e+01
4.500094e+01
4.500094e+01
4.500094e+01
4.500094e+01
4.500094e+01
4.500094e+01
4.500094e+01
4.500094e+01
4.500094e+01
4.500094e+01
4.500094e+01
4.500094e+01
4.500094e+01

