4.500094e+01 
4.500094e+01 
4.500094e+01 
4.500094e+01 
4.500094e+01 
4.500094e+01 
4.500094e+01 
4.500094e+01 
4.500094e+01 
4.500094e+01 
4.500094e+01 
4.500094e+01 
4.500094e+01 
4.500094e+01 
4.500094e+01 
4.500094e+01 
4.500094e+01 
4.500094e+01 
4.500094e+01 
4.500094e+01 
4.500094e+01 
4.500094e+01 
4.500094e+01 
4.500094e+01 
4.500094e+01 
4.500094e+01 
4.500094e+01 
4.500094e+01 
4.500094e+01 
4.500094e+01 
4.500094e+01 
4.500094e+01 
4.500094e+01 
4.500094e+01 
4.500094e+01 
4.500094e+01 
4.500094e+01 
4.500094e+01 
4.500094e+01 
4.500094e+01 
4.500094e+01 
4.500094e+01 
4.500094e+01 
4.500094e+01 
4.500094e+01 
4.500094e+01 
4.500094e+01 
4.500094e+01 
4.500094e+01 
4.500094e+01 
4.500094e+01 
4.500094e+01 
4.500094e+01 
4.500094e+01 
4.500094e+01 
4.500094e+01 
4.500094e+01 
4.500094e+01 
4.500094e+01 
4.500094e+01 
4.500094e+01 
4.500094e+01 
4.500094e+01 
4.500094e+01 
4.500094e+01 
4.500094e+01 

4.500094e+01 
4.500094e+01 
4.500094e+01 
4.500094e+01 
4.500094e+01 
4.500094e+01 
4.500094e+01 
4.500094e+01 
4.500094e+01 
4.500094e+01 
4.500094e+01 
4.500094e+01 
4.500094e+01 
4.500094e+01 
4.500094e+01 
4.500094e+01 
4.500094e+01 
4.500094e+01 
4.500094e+01 
4.500094e+01 
4.500094e+01 
4.500094e+01 
4.500094e+01 
4.500094e+01 
4.500094e+01 
4.500094e+01 
4.500094e+01 
4.500094e+01 
4.500094e+01 
4.500094e+01 
4.500094e+01 
4.500094e+01 
4.500094e+01 
4.500094e+01 
4.500094e+01 
4.500094e+01 
4.500094e+01 
4.500094e+01 
4.500094e+01 
4.500094e+01 
4.500094e+01 
4.500094e+01 
4.500094e+01 
4.500094e+01 
4.500094e+01 
4.500094e+01 
4.500094e+01 
4.500094e+01 
4.500094e+01 
4.500094e+01 
4.500094e+01 
4.500094e+01 
4.500094e+01 
4.500094e+01 
4.500094e+01 
4.500094e+01 
4.500094e+01 
4.500094e+01 
4.500094e+01 
4.500094e+01 
4.500094e+01 
4.500094e+01 
4.500094e+01 
4.500094e+01 
4.500094e+01 
4.500094e+01 

4.500094e+01 
4.500094e+01 
4.500094e+01 
4.500094e+01 
4.500094e+01 
4.500094e+01 
4.500094e+01 
4.500094e+01 
4.500094e+01 
4.500094e+01 
4.500094e+01 
4.500094e+01 
4.500094e+01 
4.500094e+01 
4.500094e+01 
4.500094e+01 
4.500094e+01 
4.500094e+01 
4.500094e+01 
4.500094e+01 
4.500094e+01 
4.500094e+01 
4.500094e+01 
4.500094e+01 
4.500094e+01 
4.500094e+01 
4.500094e+01 
4.500094e+01 
4.500094e+01 
4.500094e+01 
4.500094e+01 
4.500094e+01 
4.500094e+01 
4.500094e+01 
4.500094e+01 
4.500094e+01 
4.500094e+01 
4.500094e+01 
4.500094e+01 
4.500094e+01 
4.500094e+01 
4.500094e+01 
4.500094e+01 
4.500094e+01 
4.500094e+01 
4.500094e+01 
4.500094e+01 
4.500094e+01 
4.500094e+01 
4.500094e+01 
4.500094e+01 
4.500094e+01 
4.500094e+01 
4.500094e+01 
4.500094e+01 
4.500094e+01 
4.500094e+01 
4.500094e+01 
4.500094e+01 
4.500094e+01 
4.500094e+01 
4.500094e+01 
4.500094e+01 
4.500094e+01 
4.500094e+01 
4.500094e+01 

4.500094e+01 
4.500094e+01 
4.500094e+01 
4.500094e+01 
4.500094e+01 
4.500094e+01 
4.500095e+01 
4.500095e+01 
4.500095e+01 
4.500095e+01 
4.500095e+01 
4.500095e+01 
4.500095e+01 
4.500095e+01 
4.500095e+01 
4.500095e+01 
4.500095e+01 
4.500095e+01 
4.500095e+01 
4.500095e+01 
4.500095e+01 
4.500095e+01 
4.500095e+01 
4.500095e+01 
4.500095e+01 
4.500095e+01 
4.500095e+01 
4.500095e+01 
4.500095e+01 
4.500095e+01 
4.500095e+01 
4.500095e+01 
4.500095e+01 
4.500095e+01 
4.500095e+01 
4.500095e+01 
4.500095e+01 
4.500095e+01 
4.500095e+01 
4.500095e+01 
4.500095e+01 
4.500095e+01 
4.500095e+01 
4.500095e+01 
4.500095e+01 
4.500095e+01 
4.500095e+01 
4.500095e+01 
4.500095e+01 
4.500095e+01 
4.500095e+01 
4.500095e+01 
4.500095e+01 
4.500095e+01 
4.500095e+01 
4.500095e+01 
4.500095e+01 
4.500095e+01 
4.500095e+01 
4.500095e+01 
4.500094e+01 
4.500094e+01 
4.500094e+01 
4.500094e+01 
4.500094e+01 
4.500094e+01 

4.500094e+01 
4.500094e+01 
4.500094e+01 
4.500094e+01 
4.500094e+01 
4.500095e+01 
4.500095e+01 
4.500096e+01 
4.500096e+01 
4.500097e+01 
4.500097e+01 
4.500097e+01 
4.500098e+01 
4.500098e+01 
4.500098e+01 
4.500098e+01 
4.500098e+01 
4.500098e+01 
4.500098e+01 
4.500098e+01 
4.500098e+01 
4.500098e+01 
4.500098e+01 
4.500098e+01 
4.500098e+01 
4.500098e+01 
4.500098e+01 
4.500098e+01 
4.500098e+01 
4.500098e+01 
4.500098e+01 
4.500098e+01 
4.500098e+01 
4.500098e+01 
4.500098e+01 
4.500098e+01 
4.500098e+01 
4.500098e+01 
4.500098e+01 
4.500098e+01 
4.500098e+01 
4.500098e+01 
4.500098e+01 
4.500098e+01 
4.500098e+01 
4.500098e+01 
4.500098e+01 
4.500098e+01 
4.500098e+01 
4.500098e+01 
4.500098e+01 
4.500098e+01 
4.500098e+01 
4.500098e+01 
4.500097e+01 
4.500097e+01 
4.500097e+01 
4.500096e+01 
4.500096e+01 
4.500095e+01 
4.500095e+01 
4.500094e+01 
4.500094e+01 
4.500094e+01 
4.500094e+01 
4.500094e+01 

4.500094e+01 
4.500094e+01 
4.500094e+01 
4.500094e+01 
4.500095e+01 
4.500095e+01 
4.500096e+01 
4.500097e+01 
4.500098e+01 
4.500099e+01 
4.500100e+01 
4.500101e+01 
4.500102e+01 
4.500103e+01 
4.500103e+01 
4.500103e+01 
4.500103e+01 
4.500103e+01 
4.500103e+01 
4.500104e+01 
4.500104e+01 
4.500104e+01 
4.500104e+01 
4.500104e+01 
4.500104e+01 
4.500104e+01 
4.500104e+01 
4.500104e+01 
4.500104e+01 
4.500104e+01 
4.500104e+01 
4.500104e+01 
4.500104e+01 
4.500104e+01 
4.500104e+01 
4.500104e+01 
4.500104e+01 
4.500104e+01 
4.500104e+01 
4.500104e+01 
4.500104e+01 
4.500104e+01 
4.500104e+01 
4.500104e+01 
4.500104e+01 
4.500104e+01 
4.500104e+01 
4.500103e+01 
4.500103e+01 
4.500103e+01 
4.500103e+01 
4.500103e+01 
4.500103e+01 
4.500102e+01 
4.500101e+01 
4.500100e+01 
4.500099e+01 
4.500098e+01 
4.500097e+01 
4.500096e+01 
4.500095e+01 
4.500095e+01 
4.500094e+01 
4.500094e+01 
4.500094e+01 
4.500094e+01 

4.500094e+01 
4.500094e+01 
4.500094e+01 
4.500094e+01 
4.500094e+01 
4.500095e+01 
4.500095e+01 
4.500097e+01 
4.500099e+01 
4.500102e+01 
4.500104e+01 
4.500107e+01 
4.500109e+01 
4.500110e+01 
4.500111e+01 
4.500112e+01 
4.500112e+01 
4.500113e+01 
4.500113e+01 
4.500113e+01 
4.500113e+01 
4.500113e+01 
4.500113e+01 
4.500113e+01 
4.500113e+01 
4.500113e+01 
4.500113e+01 
4.500113e+01 
4.500113e+01 
4.500113e+01 
4.500113e+01 
4.500113e+01 
4.500113e+01 
4.500113e+01 
4.500113e+01 
4.500113e+01 
4.500113e+01 
4.500113e+01 
4.500113e+01 
4.500113e+01 
4.500113e+01 
4.500113e+01 
4.500113e+01 
4.500113e+01 
4.500113e+01 
4.500113e+01 
4.500113e+01 
4.500113e+01 
4.500113e+01 
4.500112e+01 
4.500112e+01 
4.500111e+01 
4.500110e+01 
4.500109e+01 
4.500107e+01 
4.500104e+01 
4.500102e+01 
4.500099e+01 
4.500097e+01 
4.500095e+01 
4.500095e+01 
4.500094e+01 
4.500094e+01 
4.500094e+01 
4.500094e+01 
4.500094e+01 

4.500094e+01 
4.500094e+01 
4.500094e+01 
4.500094e+01 
4.500094e+01 
4.500094e+01 
4.500093e+01 
4.500094e+01 
4.500096e+01 
4.500101e+01 
4.500106e+01 
4.500112e+01 
4.500116e+01 
4.500120e+01 
4.500123e+01 
4.500125e+01 
4.500126e+01 
4.500127e+01 
4.500127e+01 
4.500128e+01 
4.500128e+01 
4.500128e+01 
4.500129e+01 
4.500129e+01 
4.500129e+01 
4.500129e+01 
4.500129e+01 
4.500129e+01 
4.500129e+01 
4.500129e+01 
4.500129e+01 
4.500129e+01 
4.500129e+01 
4.500129e+01 
4.500129e+01 
4.500129e+01 
4.500129e+01 
4.500129e+01 
4.500129e+01 
4.500129e+01 
4.500129e+01 
4.500129e+01 
4.500129e+01 
4.500129e+01 
4.500128e+01 
4.500128e+01 
4.500128e+01 
4.500127e+01 
4.500127e+01 
4.500126e+01 
4.500125e+01 
4.500123e+01 
4.500120e+01 
4.500116e+01 
4.500112e+01 
4.500106e+01 
4.500101e+01 
4.500096e+01 
4.500094e+01 
4.500093e+01 
4.500094e+01 
4.500094e+01 
4.500094e+01 
4.500094e+01 
4.500094e+01 
4.500094e+01 

4.500094e+01 
4.500094e+01 
4.500094e+01 
4.500094e+01 
4.500094e+01 
4.500092e+01 
4.500090e+01 
4.500088e+01 
4.500089e+01 
4.500094e+01 
4.500103e+01 
4.500112e+01 
4.500122e+01 
4.500130e+01 
4.500137e+01 
4.500142e+01 
4.500145e+01 
4.500148e+01 
4.500150e+01 
4.500151e+01 
4.500152e+01 
4.500152e+01 
4.500153e+01 
4.500153e+01 
4.500153e+01 
4.500153e+01 
4.500154e+01 
4.500154e+01 
4.500154e+01 
4.500154e+01 
4.500154e+01 
4.500154e+01 
4.500154e+01 
4.500154e+01 
4.500154e+01 
4.500154e+01 
4.500154e+01 
4.500154e+01 
4.500154e+01 
4.500154e+01 
4.500153e+01 
4.500153e+01 
4.500153e+01 
4.500153e+01 
4.500152e+01 
4.500152e+01 
4.500151e+01 
4.500150e+01 
4.500148e+01 
4.500145e+01 
4.500142e+01 
4.500137e+01 
4.500130e+01 
4.500122e+01 
4.500112e+01 
4.500103e+01 
4.500094e+01 
4.500089e+01 
4.500088e+01 
4.500090e+01 
4.500092e+01 
4.500094e+01 
4.500094e+01 
4.500094e+01 
4.500094e+01 
4.500094e+01 

4.500094e+01 
4.500094e+01 
4.500094e+01 
4.500094e+01 
4.500094e+01 
4.500091e+01 
4.500086e+01 
4.500081e+01 
4.500078e+01 
4.500080e+01 
4.500089e+01 
4.500104e+01 
4.500121e+01 
4.500138e+01 
4.500152e+01 
4.500163e+01 
4.500172e+01 
4.500178e+01 
4.500182e+01 
4.500186e+01 
4.500188e+01 
4.500189e+01 
4.500190e+01 
4.500191e+01 
4.500192e+01 
4.500192e+01 
4.500193e+01 
4.500193e+01 
4.500194e+01 
4.500194e+01 
4.500194e+01 
4.500194e+01 
4.500194e+01 
4.500194e+01 
4.500194e+01 
4.500194e+01 
4.500194e+01 
4.500194e+01 
4.500193e+01 
4.500193e+01 
4.500192e+01 
4.500192e+01 
4.500191e+01 
4.500190e+01 
4.500189e+01 
4.500188e+01 
4.500186e+01 
4.500182e+01 
4.500178e+01 
4.500172e+01 
4.500163e+01 
4.500152e+01 
4.500138e+01 
4.500121e+01 
4.500104e+01 
4.500089e+01 
4.500080e+01 
4.500078e+01 
4.500081e+01 
4.500086e+01 
4.500091e+01 
4.500094e+01 
4.500094e+01 
4.500094e+01 
4.500094e+01 
4.500094e+01 

4.500094e+01 
4.500094e+01 
4.500094e+01 
4.500094e+01 
4.500093e+01 
4.500090e+01 
4.500083e+01 
4.500073e+01 
4.500063e+01 
4.500058e+01 
4.500063e+01 
4.500080e+01 
4.500105e+01 
4.500134e+01 
4.500162e+01 
4.500186e+01 
4.500205e+01 
4.500220e+01 
4.500230e+01 
4.500238e+01 
4.500243e+01 
4.500247e+01 
4.500250e+01 
4.500252e+01 
4.500254e+01 
4.500255e+01 
4.500256e+01 
4.500257e+01 
4.500258e+01 
4.500259e+01 
4.500260e+01 
4.500260e+01 
4.500260e+01 
4.500260e+01 
4.500260e+01 
4.500260e+01 
4.500259e+01 
4.500258e+01 
4.500257e+01 
4.500256e+01 
4.500255e+01 
4.500254e+01 
4.500252e+01 
4.500250e+01 
4.500247e+01 
4.500243e+01 
4.500238e+01 
4.500230e+01 
4.500220e+01 
4.500205e+01 
4.500186e+01 
4.500162e+01 
4.500134e+01 
4.500105e+01 
4.500080e+01 
4.500063e+01 
4.500058e+01 
4.500063e+01 
4.500073e+01 
4.500083e+01 
4.500090e+01 
4.500093e+01 
4.500094e+01 
4.500094e+01 
4.500094e+01 
4.500094e+01 

4.500094e+01 
4.500094e+01 
4.500094e+01 
4.500094e+01 
4.500093e+01 
4.500089e+01 
4.500079e+01 
4.500065e+01 
4.500047e+01 
4.500031e+01 
4.500026e+01 
4.500037e+01 
4.500067e+01 
4.500109e+01 
4.500157e+01 
4.500202e+01 
4.500242e+01 
4.500273e+01 
4.500296e+01 
4.500314e+01 
4.500327e+01 
4.500336e+01 
4.500342e+01 
4.500347e+01 
4.500351e+01 
4.500355e+01 
4.500358e+01 
4.500360e+01 
4.500363e+01 
4.500364e+01 
4.500366e+01 
4.500367e+01 
4.500367e+01 
4.500367e+01 
4.500367e+01 
4.500366e+01 
4.500364e+01 
4.500363e+01 
4.500360e+01 
4.500358e+01 
4.500355e+01 
4.500351e+01 
4.500347e+01 
4.500342e+01 
4.500336e+01 
4.500327e+01 
4.500314e+01 
4.500296e+01 
4.500273e+01 
4.500242e+01 
4.500202e+01 
4.500157e+01 
4.500109e+01 
4.500067e+01 
4.500037e+01 
4.500026e+01 
4.500031e+01 
4.500047e+01 
4.500065e+01 
4.500079e+01 
4.500089e+01 
4.500093e+01 
4.500094e+01 
4.500094e+01 
4.500094e+01 
4.500094e+01 

4.500094e+01 
4.500094e+01 
4.500094e+01 
4.500094e+01 
4.500093e+01 
4.500088e+01 
4.500077e+01 
4.500058e+01 
4.500032e+01 
4.500004e+01 
4.499983e+01 
4.499979e+01 
4.500001e+01 
4.500050e+01 
4.500119e+01 
4.500195e+01 
4.500267e+01 
4.500329e+01 
4.500378e+01 
4.500416e+01 
4.500445e+01 
4.500466e+01 
4.500481e+01 
4.500492e+01 
4.500501e+01 
4.500509e+01 
4.500517e+01 
4.500523e+01 
4.500528e+01 
4.500533e+01 
4.500536e+01 
4.500538e+01 
4.500539e+01 
4.500539e+01 
4.500538e+01 
4.500536e+01 
4.500533e+01 
4.500528e+01 
4.500523e+01 
4.500517e+01 
4.500509e+01 
4.500501e+01 
4.500492e+01 
4.500481e+01 
4.500466e+01 
4.500445e+01 
4.500416e+01 
4.500378e+01 
4.500329e+01 
4.500267e+01 
4.500195e+01 
4.500119e+01 
4.500050e+01 
4.500001e+01 
4.499979e+01 
4.499983e+01 
4.500004e+01 
4.500032e+01 
4.500058e+01 
4.500077e+01 
4.500088e+01 
4.500093e+01 
4.500094e+01 
4.500094e+01 
4.500094e+01 
4.500094e+01 

4.500094e+01 
4.500094e+01 
4.500094e+01 
4.500094e+01 
4.500093e+01 
4.500088e+01 
4.500075e+01 
4.500053e+01 
4.500021e+01 
4.499980e+01 
4.499939e+01 
4.499911e+01 
4.499912e+01 
4.499953e+01 
4.500033e+01 
4.500140e+01 
4.500257e+01 
4.500368e+01 
4.500463e+01 
4.500540e+01 
4.500600e+01 
4.500645e+01 
4.500679e+01 
4.500704e+01 
4.500725e+01 
4.500744e+01 
4.500760e+01 
4.500775e+01 
4.500788e+01 
4.500798e+01 
4.500805e+01 
4.500811e+01 
4.500813e+01 
4.500813e+01 
4.500811e+01 
4.500805e+01 
4.500798e+01 
4.500788e+01 
4.500775e+01 
4.500760e+01 
4.500744e+01 
4.500725e+01 
4.500704e+01 
4.500679e+01 
4.500645e+01 
4.500600e+01 
4.500540e+01 
4.500463e+01 
4.500368e+01 
4.500257e+01 
4.500140e+01 
4.500033e+01 
4.499953e+01 
4.499912e+01 
4.499911e+01 
4.499939e+01 
4.499980e+01 
4.500021e+01 
4.500053e+01 
4.500075e+01 
4.500088e+01 
4.500093e+01 
4.500094e+01 
4.500094e+01 
4.500094e+01 
4.500094e+01 

4.500094e+01 
4.500094e+01 
4.500094e+01 
4.500094e+01 
4.500093e+01 
4.500087e+01 
4.500074e+01 
4.500050e+01 
4.500012e+01 
4.499960e+01 
4.499900e+01 
4.499843e+01 
4.499810e+01 
4.499821e+01 
4.499890e+01 
4.500015e+01 
4.500178e+01 
4.500353e+01 
4.500519e+01 
4.500663e+01 
4.500780e+01 
4.500872e+01 
4.500943e+01 
4.500996e+01 
4.501041e+01 
4.501082e+01 
4.501119e+01 
4.501152e+01 
4.501181e+01 
4.501204e+01 
4.501221e+01 
4.501233e+01 
4.501239e+01 
4.501239e+01 
4.501233e+01 
4.501221e+01 
4.501204e+01 
4.501181e+01 
4.501152e+01 
4.501119e+01 
4.501082e+01 
4.501041e+01 
4.500996e+01 
4.500943e+01 
4.500872e+01 
4.500780e+01 
4.500663e+01 
4.500519e+01 
4.500353e+01 
4.500178e+01 
4.500015e+01 
4.499890e+01 
4.499821e+01 
4.499810e+01 
4.499843e+01 
4.499900e+01 
4.499960e+01 
4.500012e+01 
4.500050e+01 
4.500074e+01 
4.500087e+01 
4.500093e+01 
4.500094e+01 
4.500094e+01 
4.500094e+01 
4.500094e+01 

4.500094e+01 
4.500094e+01 
4.500094e+01 
4.500094e+01 
4.500093e+01 
4.500087e+01 
4.500073e+01 
4.500047e+01 
4.500005e+01 
4.499944e+01 
4.499867e+01 
4.499782e+01 
4.499708e+01 
4.499671e+01 
4.499700e+01 
4.499812e+01 
4.500001e+01 
4.500239e+01 
4.500493e+01 
4.500734e+01 
4.500945e+01 
4.501119e+01 
4.501257e+01 
4.501365e+01 
4.501456e+01 
4.501542e+01 
4.501622e+01 
4.501693e+01 
4.501755e+01 
4.501805e+01 
4.501844e+01 
4.501871e+01 
4.501884e+01 
4.501884e+01 
4.501871e+01 
4.501844e+01 
4.501805e+01 
4.501755e+01 
4.501693e+01 
4.501622e+01 
4.501542e+01 
4.501456e+01 
4.501365e+01 
4.501257e+01 
4.501119e+01 
4.500945e+01 
4.500734e+01 
4.500493e+01 
4.500239e+01 
4.500001e+01 
4.499812e+01 
4.499700e+01 
4.499671e+01 
4.499708e+01 
4.499782e+01 
4.499867e+01 
4.499944e+01 
4.500005e+01 
4.500047e+01 
4.500073e+01 
4.500087e+01 
4.500093e+01 
4.500094e+01 
4.500094e+01 
4.500094e+01 
4.500094e+01 

4.500094e+01 
4.500094e+01 
4.500094e+01 
4.500094e+01 
4.500093e+01 
4.500087e+01 
4.500072e+01 
4.500045e+01 
4.500000e+01 
4.499933e+01 
4.499843e+01 
4.499732e+01 
4.499617e+01 
4.499522e+01 
4.499485e+01 
4.499545e+01 
4.499717e+01 
4.499990e+01 
4.500328e+01 
4.500685e+01 
4.501024e+01 
4.501323e+01 
4.501572e+01 
4.501774e+01 
4.501950e+01 
4.502120e+01 
4.502280e+01 
4.502426e+01 
4.502555e+01 
4.502663e+01 
4.502746e+01 
4.502804e+01 
4.502833e+01 
4.502833e+01 
4.502804e+01 
4.502746e+01 
4.502663e+01 
4.502555e+01 
4.502426e+01 
4.502280e+01 
4.502120e+01 
4.501950e+01 
4.501774e+01 
4.501572e+01 
4.501323e+01 
4.501024e+01 
4.500685e+01 
4.500328e+01 
4.499990e+01 
4.499717e+01 
4.499545e+01 
4.499485e+01 
4.499522e+01 
4.499617e+01 
4.499732e+01 
4.499843e+01 
4.499933e+01 
4.500000e+01 
4.500045e+01 
4.500072e+01 
4.500087e+01 
4.500093e+01 
4.500094e+01 
4.500094e+01 
4.500094e+01 
4.500094e+01 

4.500094e+01 
4.500094e+01 
4.500094e+01 
4.500094e+01 
4.500093e+01 
4.500087e+01 
4.500072e+01 
4.500044e+01 
4.499997e+01 
4.499925e+01 
4.499824e+01 
4.499694e+01 
4.499541e+01 
4.499388e+01 
4.499272e+01 
4.499245e+01 
4.499349e+01 
4.499602e+01 
4.499984e+01 
4.500445e+01 
4.500929e+01 
4.501389e+01 
4.501797e+01 
4.502141e+01 
4.502455e+01 
4.502767e+01 
4.503069e+01 
4.503353e+01 
4.503608e+01 
4.503827e+01 
4.503999e+01 
4.504118e+01 
4.504179e+01 
4.504179e+01 
4.504118e+01 
4.503999e+01 
4.503827e+01 
4.503608e+01 
4.503353e+01 
4.503069e+01 
4.502767e+01 
4.502455e+01 
4.502141e+01 
4.501797e+01 
4.501389e+01 
4.500929e+01 
4.500445e+01 
4.499984e+01 
4.499602e+01 
4.499349e+01 
4.499245e+01 
4.499272e+01 
4.499388e+01 
4.499541e+01 
4.499694e+01 
4.499824e+01 
4.499925e+01 
4.499997e+01 
4.500044e+01 
4.500072e+01 
4.500087e+01 
4.500093e+01 
4.500094e+01 
4.500094e+01 
4.500094e+01 
4.500094e+01 

4.500094e+01 
4.500094e+01 
4.500094e+01 
4.500094e+01 
4.500093e+01 
4.500087e+01 
4.500072e+01 
4.500043e+01 
4.499994e+01 
4.499919e+01 
4.499811e+01 
4.499665e+01 
4.499482e+01 
4.499276e+01 
4.499080e+01 
4.498947e+01 
4.498940e+01 
4.499109e+01 
4.499466e+01 
4.499978e+01 
4.500583e+01 
4.501212e+01 
4.501810e+01 
4.502345e+01 
4.502852e+01 
4.503379e+01 
4.503908e+01 
4.504423e+01 
4.504901e+01 
4.505319e+01 
4.505657e+01 
4.505894e+01 
4.506016e+01 
4.506016e+01 
4.505894e+01 
4.505657e+01 
4.505319e+01 
4.504901e+01 
4.504423e+01 
4.503908e+01 
4.503379e+01 
4.502852e+01 
4.502345e+01 
4.501810e+01 
4.501212e+01 
4.500583e+01 
4.499978e+01 
4.499466e+01 
4.499109e+01 
4.498940e+01 
4.498947e+01 
4.499080e+01 
4.499276e+01 
4.499482e+01 
4.499665e+01 
4.499811e+01 
4.499919e+01 
4.499994e+01 
4.500043e+01 
4.500072e+01 
4.500087e+01 
4.500093e+01 
4.500094e+01 
4.500094e+01 
4.500094e+01 
4.500094e+01 

4.500094e+01 
4.500094e+01 
4.500094e+01 
4.500094e+01 
4.500093e+01 
4.500087e+01 
4.500072e+01 
4.500042e+01 
4.499993e+01 
4.499915e+01 
4.499802e+01 
4.499644e+01 
4.499438e+01 
4.499188e+01 
4.498919e+01 
4.498678e+01 
4.498537e+01 
4.498570e+01 
4.498826e+01 
4.499307e+01 
4.499966e+01 
4.500726e+01 
4.501508e+01 
4.502251e+01 
4.502995e+01 
4.503803e+01 
4.504654e+01 
4.505516e+01 
4.506348e+01 
4.507101e+01 
4.507724e+01 
4.508171e+01 
4.508404e+01 
4.508404e+01 
4.508171e+01 
4.507724e+01 
4.507101e+01 
4.506348e+01 
4.505516e+01 
4.504654e+01 
4.503803e+01 
4.502995e+01 
4.502251e+01 
4.501508e+01 
4.500726e+01 
4.499966e+01 
4.499307e+01 
4.498826e+01 
4.498570e+01 
4.498537e+01 
4.498678e+01 
4.498919e+01 
4.499188e+01 
4.499438e+01 
4.499644e+01 
4.499802e+01 
4.499915e+01 
4.499993e+01 
4.500042e+01 
4.500072e+01 
4.500087e+01 
4.500093e+01 
4.500094e+01 
4.500094e+01 
4.500094e+01 
4.500094e+01 

4.500094e+01 
4.500094e+01 
4.500094e+01 
4.500094e+01 
4.500093e+01 
4.500086e+01 
4.500071e+01 
4.500042e+01 
4.499992e+01 
4.499913e+01 
4.499795e+01 
4.499628e+01 
4.499405e+01 
4.499121e+01 
4.498790e+01 
4.498451e+01 
4.498172e+01 
4.498042e+01 
4.498139e+01 
4.498506e+01 
4.499127e+01 
4.499938e+01 
4.500849e+01 
4.501776e+01 
4.502759e+01 
4.503884e+01 
4.505131e+01 
4.506456e+01 
4.507793e+01 
4.509052e+01 
4.510129e+01 
4.510920e+01 
4.511339e+01 
4.511339e+01 
4.510920e+01 
4.510129e+01 
4.509052e+01 
4.507793e+01 
4.506456e+01 
4.505131e+01 
4.503884e+01 
4.502759e+01 
4.501776e+01 
4.500849e+01 
4.499938e+01 
4.499127e+01 
4.498506e+01 
4.498139e+01 
4.498042e+01 
4.498172e+01 
4.498451e+01 
4.498790e+01 
4.499121e+01 
4.499405e+01 
4.499628e+01 
4.499795e+01 
4.499913e+01 
4.499992e+01 
4.500042e+01 
4.500071e+01 
4.500086e+01 
4.500093e+01 
4.500094e+01 
4.500094e+01 
4.500094e+01 
4.500094e+01 

4.500094e+01 
4.500094e+01 
4.500094e+01 
4.500094e+01 
4.500093e+01 
4.500086e+01 
4.500071e+01 
4.500042e+01 
4.499991e+01 
4.499911e+01 
4.499790e+01 
4.499617e+01 
4.499381e+01 
4.499071e+01 
4.498691e+01 
4.498269e+01 
4.497864e+01 
4.497566e+01 
4.497474e+01 
4.497666e+01 
4.498164e+01 
4.498931e+01 
4.499884e+01 
4.500927e+01 
4.502102e+01 
4.503526e+01 
4.505191e+01 
4.507057e+01 
4.509037e+01 
4.510986e+01 
4.512719e+01 
4.514028e+01 
4.514735e+01 
4.514735e+01 
4.514028e+01 
4.512719e+01 
4.510986e+01 
4.509037e+01 
4.507057e+01 
4.505191e+01 
4.503526e+01 
4.502102e+01 
4.500927e+01 
4.499884e+01 
4.498931e+01 
4.498164e+01 
4.497666e+01 
4.497474e+01 
4.497566e+01 
4.497864e+01 
4.498269e+01 
4.498691e+01 
4.499071e+01 
4.499381e+01 
4.499617e+01 
4.499790e+01 
4.499911e+01 
4.499991e+01 
4.500042e+01 
4.500071e+01 
4.500086e+01 
4.500093e+01 
4.500094e+01 
4.500094e+01 
4.500094e+01 
4.500094e+01 

4.500094e+01 
4.500094e+01 
4.500094e+01 
4.500094e+01 
4.500093e+01 
4.500086e+01 
4.500071e+01 
4.500042e+01 
4.499990e+01 
4.499909e+01 
4.499787e+01 
4.499610e+01 
4.499363e+01 
4.499034e+01 
4.498616e+01 
4.498126e+01 
4.497613e+01 
4.497161e+01 
4.496877e+01 
4.496864e+01 
4.497181e+01 
4.497822e+01 
4.498726e+01 
4.499798e+01 
4.501085e+01 
4.502736e+01 
4.504779e+01 
4.507198e+01 
4.509902e+01 
4.512699e+01 
4.515291e+01 
4.517314e+01 
4.518430e+01 
4.518430e+01 
4.517314e+01 
4.515291e+01 
4.512699e+01 
4.509902e+01 
4.507198e+01 
4.504779e+01 
4.502736e+01 
4.501085e+01 
4.499798e+01 
4.498726e+01 
4.497822e+01 
4.497181e+01 
4.496864e+01 
4.496877e+01 
4.497161e+01 
4.497613e+01 
4.498126e+01 
4.498616e+01 
4.499034e+01 
4.499363e+01 
4.499610e+01 
4.499787e+01 
4.499909e+01 
4.499990e+01 
4.500042e+01 
4.500071e+01 
4.500086e+01 
4.500093e+01 
4.500094e+01 
4.500094e+01 
4.500094e+01 
4.500094e+01 

4.500094e+01 
4.500094e+01 
4.500094e+01 
4.500094e+01 
4.500093e+01 
4.500086e+01 
4.500071e+01 
4.500041e+01 
4.499990e+01 
4.499908e+01 
4.499784e+01 
4.499604e+01 
4.499351e+01 
4.499006e+01 
4.498560e+01 
4.498017e+01 
4.497414e+01 
4.496829e+01 
4.496368e+01 
4.496149e+01 
4.496258e+01 
4.496723e+01 
4.497508e+01 
4.498528e+01 
4.499839e+01 
4.501619e+01 
4.503947e+01 
4.506858e+01 
4.510291e+01 
4.514023e+01 
4.517637e+01 
4.520559e+01 
4.522205e+01 
4.522205e+01 
4.520559e+01 
4.517637e+01 
4.514023e+01 
4.510291e+01 
4.506858e+01 
4.503947e+01 
4.501619e+01 
4.499839e+01 
4.498528e+01 
4.497508e+01 
4.496723e+01 
4.496258e+01 
4.496149e+01 
4.496368e+01 
4.496829e+01 
4.497414e+01 
4.498017e+01 
4.498560e+01 
4.499006e+01 
4.499351e+01 
4.499604e+01 
4.499784e+01 
4.499908e+01 
4.499990e+01 
4.500041e+01 
4.500071e+01 
4.500086e+01 
4.500093e+01 
4.500094e+01 
4.500094e+01 
4.500094e+01 
4.500094e+01 

4.500094e+01 
4.500094e+01 
4.500094e+01 
4.500094e+01 
4.500093e+01 
4.500086e+01 
4.500071e+01 
4.500041e+01 
4.499990e+01 
4.499907e+01 
4.499782e+01 
4.499599e+01 
4.499340e+01 
4.498984e+01 
4.498513e+01 
4.497925e+01 
4.497244e+01 
4.496536e+01 
4.495903e+01 
4.495470e+01 
4.495345e+01 
4.495587e+01 
4.496188e+01 
4.497082e+01 
4.498328e+01 
4.500135e+01 
4.502646e+01 
4.505976e+01 
4.510140e+01 
4.514931e+01 
4.519813e+01 
4.523924e+01 
4.526306e+01 
4.526306e+01 
4.523924e+01 
4.519813e+01 
4.514931e+01 
4.510140e+01 
4.505976e+01 
4.502646e+01 
4.500135e+01 
4.498328e+01 
4.497082e+01 
4.496188e+01 
4.495587e+01 
4.495345e+01 
4.495470e+01 
4.495903e+01 
4.496536e+01 
4.497244e+01 
4.497925e+01 
4.498513e+01 
4.498984e+01 
4.499340e+01 
4.499599e+01 
4.499782e+01 
4.499907e+01 
4.499990e+01 
4.500041e+01 
4.500071e+01 
4.500086e+01 
4.500093e+01 
4.500094e+01 
4.500094e+01 
4.500094e+01 
4.500094e+01 

4.500094e+01 
4.500094e+01 
4.500094e+01 
4.500094e+01 
4.500093e+01 
4.500086e+01 
4.500071e+01 
4.500041e+01 
4.499989e+01 
4.499907e+01 
4.499781e+01 
4.499595e+01 
4.499331e+01 
4.498964e+01 
4.498470e+01 
4.497839e+01 
4.497082e+01 
4.496250e+01 
4.495438e+01 
4.494770e+01 
4.494374e+01 
4.494335e+01 
4.494677e+01 
4.495360e+01 
4.496444e+01 
4.498161e+01 
4.500728e+01 
4.504378e+01 
4.509266e+01 
4.515281e+01 
4.521801e+01 
4.527582e+01 
4.531045e+01 
4.531045e+01 
4.527582e+01 
4.521801e+01 
4.515281e+01 
4.509266e+01 
4.504378e+01 
4.500728e+01 
4.498161e+01 
4.496444e+01 
4.495360e+01 
4.494677e+01 
4.494335e+01 
4.494374e+01 
4.494770e+01 
4.495438e+01 
4.496250e+01 
4.497082e+01 
4.497839e+01 
4.498470e+01 
4.498964e+01 
4.499331e+01 
4.499595e+01 
4.499781e+01 
4.499907e+01 
4.499989e+01 
4.500041e+01 
4.500071e+01 
4.500086e+01 
4.500093e+01 
4.500094e+01 
4.500094e+01 
4.500094e+01 
4.500094e+01 

4.500094e+01 
4.500094e+01 
4.500094e+01 
4.500094e+01 
4.500093e+01 
4.500086e+01 
4.500071e+01 
4.500041e+01 
4.499989e+01 
4.499906e+01 
4.499779e+01 
4.499592e+01 
4.499323e+01 
4.498946e+01 
4.498432e+01 
4.497761e+01 
4.496932e+01 
4.495980e+01 
4.494986e+01 
4.494073e+01 
4.493376e+01 
4.493008e+01 
4.493023e+01 
4.493412e+01 
4.494231e+01 
4.495717e+01 
4.498169e+01 
4.501955e+01 
4.507441e+01 
4.514732e+01 
4.523223e+01 
4.531190e+01 
4.536158e+01 
4.536158e+01 
4.531190e+01 
4.523223e+01 
4.514732e+01 
4.507441e+01 
4.501955e+01 
4.498169e+01 
4.495717e+01 
4.494231e+01 
4.493412e+01 
4.493023e+01 
4.493008e+01 
4.493376e+01 
4.494073e+01 
4.494986e+01 
4.495980e+01 
4.496932e+01 
4.497761e+01 
4.498432e+01 
4.498946e+01 
4.499323e+01 
4.499592e+01 
4.499779e+01 
4.499906e+01 
4.499989e+01 
4.500041e+01 
4.500071e+01 
4.500086e+01 
4.500093e+01 
4.500094e+01 
4.500094e+01 
4.500094e+01 
4.500094e+01 

4.500094e+01 
4.500094e+01 
4.500094e+01 
4.500094e+01 
4.500093e+01 
4.500086e+01 
4.500071e+01 
4.500041e+01 
4.499989e+01 
4.499905e+01 
4.499778e+01 
4.499589e+01 
4.499316e+01 
4.498930e+01 
4.498398e+01 
4.497691e+01 
4.496796e+01 
4.495731e+01 
4.494562e+01 
4.493401e+01 
4.492391e+01 
4.491664e+01 
4.491304e+01 
4.491333e+01 
4.491797e+01 
4.492925e+01 
4.495079e+01 
4.498770e+01 
4.504623e+01 
4.513088e+01 
4.523680e+01 
4.534274e+01 
4.541130e+01 
4.541130e+01 
4.534274e+01 
4.523680e+01 
4.513088e+01 
4.504623e+01 
4.498770e+01 
4.495079e+01 
4.492925e+01 
4.491797e+01 
4.491333e+01 
4.491304e+01 
4.491664e+01 
4.492391e+01 
4.493401e+01 
4.494562e+01 
4.495731e+01 
4.496796e+01 
4.497691e+01 
4.498398e+01 
4.498930e+01 
4.499316e+01 
4.499589e+01 
4.499778e+01 
4.499905e+01 
4.499989e+01 
4.500041e+01 
4.500071e+01 
4.500086e+01 
4.500093e+01 
4.500094e+01 
4.500094e+01 
4.500094e+01 
4.500094e+01 

4.500094e+01 
4.500094e+01 
4.500094e+01 
4.500094e+01 
4.500093e+01 
4.500086e+01 
4.500071e+01 
4.500041e+01 
4.499989e+01 
4.499905e+01 
4.499777e+01 
4.499586e+01 
4.499310e+01 
4.498916e+01 
4.498369e+01 
4.497631e+01 
4.496677e+01 
4.495511e+01 
4.494179e+01 
4.492783e+01 
4.491465e+01 
4.490374e+01 
4.489620e+01 
4.489258e+01 
4.489315e+01 
4.490001e+01 
4.491727e+01 
4.495126e+01 
4.501107e+01 
4.510483e+01 
4.523097e+01 
4.536390e+01 
4.545351e+01 
4.545351e+01 
4.536390e+01 
4.523097e+01 
4.510483e+01 
4.501107e+01 
4.495126e+01 
4.491727e+01 
4.490001e+01 
4.489315e+01 
4.489258e+01 
4.489620e+01 
4.490374e+01 
4.491465e+01 
4.492783e+01 
4.494179e+01 
4.495511e+01 
4.496677e+01 
4.497631e+01 
4.498369e+01 
4.498916e+01 
4.499310e+01 
4.499586e+01 
4.499777e+01 
4.499905e+01 
4.499989e+01 
4.500041e+01 
4.500071e+01 
4.500086e+01 
4.500093e+01 
4.500094e+01 
4.500094e+01 
4.500094e+01 
4.500094e+01 

4.500094e+01 
4.500094e+01 
4.500094e+01 
4.500094e+01 
4.500093e+01 
4.500086e+01 
4.500071e+01 
4.500041e+01 
4.499989e+01 
4.499905e+01 
4.499776e+01 
4.499584e+01 
4.499305e+01 
4.498906e+01 
4.498345e+01 
4.497582e+01 
4.496579e+01 
4.495326e+01 
4.493853e+01 
4.492247e+01 
4.490648e+01 
4.489216e+01 
4.488087e+01 
4.487341e+01 
4.486994e+01 
4.487227e+01 
4.488489e+01 
4.491516e+01 
4.497466e+01 
4.507486e+01 
4.521790e+01 
4.537498e+01 
4.548439e+01 
4.548439e+01 
4.537498e+01 
4.521790e+01 
4.507486e+01 
4.497466e+01 
4.491516e+01 
4.488489e+01 
4.487227e+01 
4.486994e+01 
4.487341e+01 
4.488087e+01 
4.489216e+01 
4.490648e+01 
4.492247e+01 
4.493853e+01 
4.495326e+01 
4.496579e+01 
4.497582e+01 
4.498345e+01 
4.498906e+01 
4.499305e+01 
4.499584e+01 
4.499776e+01 
4.499905e+01 
4.499989e+01 
4.500041e+01 
4.500071e+01 
4.500086e+01 
4.500093e+01 
4.500094e+01 
4.500094e+01 
4.500094e+01 
4.500094e+01 

4.500094e+01 
4.500094e+01 
4.500094e+01 
4.500094e+01 
4.500093e+01 
4.500086e+01 
4.500071e+01 
4.500041e+01 
4.499988e+01 
4.499904e+01 
4.499775e+01 
4.499582e+01 
4.499301e+01 
4.498897e+01 
4.498327e+01 
4.497544e+01 
4.496503e+01 
4.495182e+01 
4.493595e+01 
4.491818e+01 
4.489986e+01 
4.488268e+01 
4.486817e+01 
4.485742e+01 
4.485044e+01 
4.484883e+01 
4.485745e+01 
4.488448e+01 
4.494330e+01 
4.504819e+01 
4.520345e+01 
4.537940e+01 
4.550419e+01 
4.550419e+01 
4.537940e+01 
4.520345e+01 
4.504819e+01 
4.494330e+01 
4.488448e+01 
4.485745e+01 
4.484883e+01 
4.485044e+01 
4.485742e+01 
4.486817e+01 
4.488268e+01 
4.489986e+01 
4.491818e+01 
4.493595e+01 
4.495182e+01 
4.496503e+01 
4.497544e+01 
4.498327e+01 
4.498897e+01 
4.499301e+01 
4.499582e+01 
4.499775e+01 
4.499904e+01 
4.499988e+01 
4.500041e+01 
4.500071e+01 
4.500086e+01 
4.500093e+01 
4.500094e+01 
4.500094e+01 
4.500094e+01 
4.500094e+01 

4.500094e+01 
4.500094e+01 
4.500094e+01 
4.500094e+01 
4.500093e+01 
4.500086e+01 
4.500071e+01 
4.500041e+01 
4.499988e+01 
4.499904e+01 
4.499775e+01 
4.499581e+01 
4.499299e+01 
4.498892e+01 
4.498315e+01 
4.497518e+01 
4.496452e+01 
4.495083e+01 
4.493417e+01 
4.491519e+01 
4.489520e+01 
4.487594e+01 
4.485910e+01 
4.484595e+01 
4.483643e+01 
4.483199e+01 
4.483782e+01 
4.486278e+01 
4.492137e+01 
4.502952e+01 
4.519300e+01 
4.538101e+01 
4.551585e+01 
4.551585e+01 
4.538101e+01 
4.519300e+01 
4.502952e+01 
4.492137e+01 
4.486278e+01 
4.483782e+01 
4.483199e+01 
4.483643e+01 
4.484595e+01 
4.485910e+01 
4.487594e+01 
4.489520e+01 
4.491519e+01 
4.493417e+01 
4.495083e+01 
4.496452e+01 
4.497518e+01 
4.498315e+01 
4.498892e+01 
4.499299e+01 
4.499581e+01 
4.499775e+01 
4.499904e+01 
4.499988e+01 
4.500041e+01 
4.500071e+01 
4.500086e+01 
4.500093e+01 
4.500094e+01 
4.500094e+01 
4.500094e+01 
4.500094e+01 

4.500094e+01 
4.500094e+01 
4.500094e+01 
4.500094e+01 
4.500093e+01 
4.500086e+01 
4.500071e+01 
4.500041e+01 
4.499988e+01 
4.499904e+01 
4.499774e+01 
4.499581e+01 
4.499298e+01 
4.498889e+01 
4.498309e+01 
4.497506e+01 
4.496426e+01 
4.495033e+01 
4.493326e+01 
4.491365e+01 
4.489280e+01 
4.487245e+01 
4.485438e+01 
4.483997e+01 
4.482911e+01 
4.482323e+01 
4.482768e+01 
4.485171e+01 
4.491040e+01 
4.502038e+01 
4.518796e+01 
4.538186e+01 
4.552150e+01 
4.552150e+01 
4.538186e+01 
4.518796e+01 
4.502038e+01 
4.491040e+01 
4.485171e+01 
4.482768e+01 
4.482323e+01 
4.482911e+01 
4.483997e+01 
4.485438e+01 
4.487245e+01 
4.489280e+01 
4.491365e+01 
4.493326e+01 
4.495033e+01 
4.496426e+01 
4.497506e+01 
4.498309e+01 
4.498889e+01 
4.499298e+01 
4.499581e+01 
4.499774e+01 
4.499904e+01 
4.499988e+01 
4.500041e+01 
4.500071e+01 
4.500086e+01 
4.500093e+01 
4.500094e+01 
4.500094e+01 
4.500094e+01 
4.500094e+01 

4.500094e+01 
4.500094e+01 
4.500094e+01 
4.500094e+01 
4.500093e+01 
4.500086e+01 
4.500071e+01 
4.500041e+01 
4.499988e+01 
4.499904e+01 
4.499774e+01 
4.499581e+01 
4.499298e+01 
4.498889e+01 
4.498309e+01 
4.497506e+01 
4.496426e+01 
4.495033e+01 
4.493326e+01 
4.491365e+01 
4.489280e+01 
4.487245e+01 
4.485438e+01 
4.483997e+01 
4.482911e+01 
4.482323e+01 
4.482768e+01 
4.485171e+01 
4.491040e+01 
4.502038e+01 
4.518796e+01 
4.538186e+01 
4.552150e+01 
4.552150e+01 
4.538186e+01 
4.518796e+01 
4.502038e+01 
4.491040e+01 
4.485171e+01 
4.482768e+01 
4.482323e+01 
4.482911e+01 
4.483997e+01 
4.485438e+01 
4.487245e+01 
4.489280e+01 
4.491365e+01 
4.493326e+01 
4.495033e+01 
4.496426e+01 
4.497506e+01 
4.498309e+01 
4.498889e+01 
4.499298e+01 
4.499581e+01 
4.499774e+01 
4.499904e+01 
4.499988e+01 
4.500041e+01 
4.500071e+01 
4.500086e+01 
4.500093e+01 
4.500094e+01 
4.500094e+01 
4.500094e+01 
4.500094e+01 

4.500094e+01 
4.500094e+01 
4.500094e+01 
4.500094e+01 
4.500093e+01 
4.500086e+01 
4.500071e+01 
4.500041e+01 
4.499988e+01 
4.499904e+01 
4.499775e+01 
4.499581e+01 
4.499299e+01 
4.498892e+01 
4.498315e+01 
4.497518e+01 
4.496452e+01 
4.495083e+01 
4.493417e+01 
4.491519e+01 
4.489520e+01 
4.487594e+01 
4.485910e+01 
4.484595e+01 
4.483643e+01 
4.483199e+01 
4.483782e+01 
4.486278e+01 
4.492137e+01 
4.502952e+01 
4.519300e+01 
4.538101e+01 
4.551585e+01 
4.551585e+01 
4.538101e+01 
4.519300e+01 
4.502952e+01 
4.492137e+01 
4.486278e+01 
4.483782e+01 
4.483199e+01 
4.483643e+01 
4.484595e+01 
4.485910e+01 
4.487594e+01 
4.489520e+01 
4.491519e+01 
4.493417e+01 
4.495083e+01 
4.496452e+01 
4.497518e+01 
4.498315e+01 
4.498892e+01 
4.499299e+01 
4.499581e+01 
4.499775e+01 
4.499904e+01 
4.499988e+01 
4.500041e+01 
4.500071e+01 
4.500086e+01 
4.500093e+01 
4.500094e+01 
4.500094e+01 
4.500094e+01 
4.500094e+01 

4.500094e+01 
4.500094e+01 
4.500094e+01 
4.500094e+01 
4.500093e+01 
4.500086e+01 
4.500071e+01 
4.500041e+01 
4.499988e+01 
4.499904e+01 
4.499775e+01 
4.499582e+01 
4.499301e+01 
4.498897e+01 
4.498327e+01 
4.497544e+01 
4.496503e+01 
4.495182e+01 
4.493595e+01 
4.491818e+01 
4.489986e+01 
4.488268e+01 
4.486817e+01 
4.485742e+01 
4.485044e+01 
4.484883e+01 
4.485745e+01 
4.488448e+01 
4.494330e+01 
4.504819e+01 
4.520345e+01 
4.537940e+01 
4.550419e+01 
4.550419e+01 
4.537940e+01 
4.520345e+01 
4.504819e+01 
4.494330e+01 
4.488448e+01 
4.485745e+01 
4.484883e+01 
4.485044e+01 
4.485742e+01 
4.486817e+01 
4.488268e+01 
4.489986e+01 
4.491818e+01 
4.493595e+01 
4.495182e+01 
4.496503e+01 
4.497544e+01 
4.498327e+01 
4.498897e+01 
4.499301e+01 
4.499582e+01 
4.499775e+01 
4.499904e+01 
4.499988e+01 
4.500041e+01 
4.500071e+01 
4.500086e+01 
4.500093e+01 
4.500094e+01 
4.500094e+01 
4.500094e+01 
4.500094e+01 

4.500094e+01 
4.500094e+01 
4.500094e+01 
4.500094e+01 
4.500093e+01 
4.500086e+01 
4.500071e+01 
4.500041e+01 
4.499989e+01 
4.499905e+01 
4.499776e+01 
4.499584e+01 
4.499305e+01 
4.498906e+01 
4.498345e+01 
4.497582e+01 
4.496579e+01 
4.495326e+01 
4.493853e+01 
4.492247e+01 
4.490648e+01 
4.489216e+01 
4.488087e+01 
4.487341e+01 
4.486994e+01 
4.487227e+01 
4.488489e+01 
4.491516e+01 
4.497466e+01 
4.507486e+01 
4.521790e+01 
4.537498e+01 
4.548439e+01 
4.548439e+01 
4.537498e+01 
4.521790e+01 
4.507486e+01 
4.497466e+01 
4.491516e+01 
4.488489e+01 
4.487227e+01 
4.486994e+01 
4.487341e+01 
4.488087e+01 
4.489216e+01 
4.490648e+01 
4.492247e+01 
4.493853e+01 
4.495326e+01 
4.496579e+01 
4.497582e+01 
4.498345e+01 
4.498906e+01 
4.499305e+01 
4.499584e+01 
4.499776e+01 
4.499905e+01 
4.499989e+01 
4.500041e+01 
4.500071e+01 
4.500086e+01 
4.500093e+01 
4.500094e+01 
4.500094e+01 
4.500094e+01 
4.500094e+01 

4.500094e+01 
4.500094e+01 
4.500094e+01 
4.500094e+01 
4.500093e+01 
4.500086e+01 
4.500071e+01 
4.500041e+01 
4.499989e+01 
4.499905e+01 
4.499777e+01 
4.499586e+01 
4.499310e+01 
4.498916e+01 
4.498369e+01 
4.497631e+01 
4.496677e+01 
4.495511e+01 
4.494179e+01 
4.492783e+01 
4.491465e+01 
4.490374e+01 
4.489620e+01 
4.489258e+01 
4.489315e+01 
4.490001e+01 
4.491727e+01 
4.495126e+01 
4.501107e+01 
4.510483e+01 
4.523097e+01 
4.536390e+01 
4.545351e+01 
4.545351e+01 
4.536390e+01 
4.523097e+01 
4.510483e+01 
4.501107e+01 
4.495126e+01 
4.491727e+01 
4.490001e+01 
4.489315e+01 
4.489258e+01 
4.489620e+01 
4.490374e+01 
4.491465e+01 
4.492783e+01 
4.494179e+01 
4.495511e+01 
4.496677e+01 
4.497631e+01 
4.498369e+01 
4.498916e+01 
4.499310e+01 
4.499586e+01 
4.499777e+01 
4.499905e+01 
4.499989e+01 
4.500041e+01 
4.500071e+01 
4.500086e+01 
4.500093e+01 
4.500094e+01 
4.500094e+01 
4.500094e+01 
4.500094e+01 

4.500094e+01 
4.500094e+01 
4.500094e+01 
4.500094e+01 
4.500093e+01 
4.500086e+01 
4.500071e+01 
4.500041e+01 
4.499989e+01 
4.499905e+01 
4.499778e+01 
4.499589e+01 
4.499316e+01 
4.498930e+01 
4.498398e+01 
4.497691e+01 
4.496796e+01 
4.495731e+01 
4.494562e+01 
4.493401e+01 
4.492391e+01 
4.491664e+01 
4.491304e+01 
4.491333e+01 
4.491797e+01 
4.492925e+01 
4.495079e+01 
4.498770e+01 
4.504623e+01 
4.513088e+01 
4.523680e+01 
4.534274e+01 
4.541130e+01 
4.541130e+01 
4.534274e+01 
4.523680e+01 
4.513088e+01 
4.504623e+01 
4.498770e+01 
4.495079e+01 
4.492925e+01 
4.491797e+01 
4.491333e+01 
4.491304e+01 
4.491664e+01 
4.492391e+01 
4.493401e+01 
4.494562e+01 
4.495731e+01 
4.496796e+01 
4.497691e+01 
4.498398e+01 
4.498930e+01 
4.499316e+01 
4.499589e+01 
4.499778e+01 
4.499905e+01 
4.499989e+01 
4.500041e+01 
4.500071e+01 
4.500086e+01 
4.500093e+01 
4.500094e+01 
4.500094e+01 
4.500094e+01 
4.500094e+01 

4.500094e+01 
4.500094e+01 
4.500094e+01 
4.500094e+01 
4.500093e+01 
4.500086e+01 
4.500071e+01 
4.500041e+01 
4.499989e+01 
4.499906e+01 
4.499779e+01 
4.499592e+01 
4.499323e+01 
4.498946e+01 
4.498432e+01 
4.497761e+01 
4.496932e+01 
4.495980e+01 
4.494986e+01 
4.494073e+01 
4.493376e+01 
4.493008e+01 
4.493023e+01 
4.493412e+01 
4.494231e+01 
4.495717e+01 
4.498169e+01 
4.501955e+01 
4.507441e+01 
4.514732e+01 
4.523223e+01 
4.531190e+01 
4.536158e+01 
4.536158e+01 
4.531190e+01 
4.523223e+01 
4.514732e+01 
4.507441e+01 
4.501955e+01 
4.498169e+01 
4.495717e+01 
4.494231e+01 
4.493412e+01 
4.493023e+01 
4.493008e+01 
4.493376e+01 
4.494073e+01 
4.494986e+01 
4.495980e+01 
4.496932e+01 
4.497761e+01 
4.498432e+01 
4.498946e+01 
4.499323e+01 
4.499592e+01 
4.499779e+01 
4.499906e+01 
4.499989e+01 
4.500041e+01 
4.500071e+01 
4.500086e+01 
4.500093e+01 
4.500094e+01 
4.500094e+01 
4.500094e+01 
4.500094e+01 

4.500094e+01 
4.500094e+01 
4.500094e+01 
4.500094e+01 
4.500093e+01 
4.500086e+01 
4.500071e+01 
4.500041e+01 
4.499989e+01 
4.499907e+01 
4.499781e+01 
4.499595e+01 
4.499331e+01 
4.498964e+01 
4.498470e+01 
4.497839e+01 
4.497082e+01 
4.496250e+01 
4.495438e+01 
4.494770e+01 
4.494374e+01 
4.494335e+01 
4.494677e+01 
4.495360e+01 
4.496444e+01 
4.498161e+01 
4.500728e+01 
4.504378e+01 
4.509266e+01 
4.515281e+01 
4.521801e+01 
4.527582e+01 
4.531045e+01 
4.531045e+01 
4.527582e+01 
4.521801e+01 
4.515281e+01 
4.509266e+01 
4.504378e+01 
4.500728e+01 
4.498161e+01 
4.496444e+01 
4.495360e+01 
4.494677e+01 
4.494335e+01 
4.494374e+01 
4.494770e+01 
4.495438e+01 
4.496250e+01 
4.497082e+01 
4.497839e+01 
4.498470e+01 
4.498964e+01 
4.499331e+01 
4.499595e+01 
4.499781e+01 
4.499907e+01 
4.499989e+01 
4.500041e+01 
4.500071e+01 
4.500086e+01 
4.500093e+01 
4.500094e+01 
4.500094e+01 
4.500094e+01 
4.500094e+01 

4.500094e+01 
4.500094e+01 
4.500094e+01 
4.500094e+01 
4.500093e+01 
4.500086e+01 
4.500071e+01 
4.500041e+01 
4.499990e+01 
4.499907e+01 
4.499782e+01 
4.499599e+01 
4.499340e+01 
4.498984e+01 
4.498513e+01 
4.497925e+01 
4.497244e+01 
4.496536e+01 
4.495903e+01 
4.495470e+01 
4.495345e+01 
4.495587e+01 
4.496188e+01 
4.497082e+01 
4.498328e+01 
4.500135e+01 
4.502646e+01 
4.505976e+01 
4.510140e+01 
4.514931e+01 
4.519813e+01 
4.523924e+01 
4.526306e+01 
4.526306e+01 
4.523924e+01 
4.519813e+01 
4.514931e+01 
4.510140e+01 
4.505976e+01 
4.502646e+01 
4.500135e+01 
4.498328e+01 
4.497082e+01 
4.496188e+01 
4.495587e+01 
4.495345e+01 
4.495470e+01 
4.495903e+01 
4.496536e+01 
4.497244e+01 
4.497925e+01 
4.498513e+01 
4.498984e+01 
4.499340e+01 
4.499599e+01 
4.499782e+01 
4.499907e+01 
4.499990e+01 
4.500041e+01 
4.500071e+01 
4.500086e+01 
4.500093e+01 
4.500094e+01 
4.500094e+01 
4.500094e+01 
4.500094e+01 

4.500094e+01 
4.500094e+01 
4.500094e+01 
4.500094e+01 
4.500093e+01 
4.500086e+01 
4.500071e+01 
4.500041e+01 
4.499990e+01 
4.499908e+01 
4.499784e+01 
4.499604e+01 
4.499351e+01 
4.499006e+01 
4.498560e+01 
4.498017e+01 
4.497414e+01 
4.496829e+01 
4.496368e+01 
4.496149e+01 
4.496258e+01 
4.496723e+01 
4.497508e+01 
4.498528e+01 
4.499839e+01 
4.501619e+01 
4.503947e+01 
4.506858e+01 
4.510291e+01 
4.514023e+01 
4.517637e+01 
4.520559e+01 
4.522205e+01 
4.522205e+01 
4.520559e+01 
4.517637e+01 
4.514023e+01 
4.510291e+01 
4.506858e+01 
4.503947e+01 
4.501619e+01 
4.499839e+01 
4.498528e+01 
4.497508e+01 
4.496723e+01 
4.496258e+01 
4.496149e+01 
4.496368e+01 
4.496829e+01 
4.497414e+01 
4.498017e+01 
4.498560e+01 
4.499006e+01 
4.499351e+01 
4.499604e+01 
4.499784e+01 
4.499908e+01 
4.499990e+01 
4.500041e+01 
4.500071e+01 
4.500086e+01 
4.500093e+01 
4.500094e+01 
4.500094e+01 
4.500094e+01 
4.500094e+01 

4.500094e+01 
4.500094e+01 
4.500094e+01 
4.500094e+01 
4.500093e+01 
4.500086e+01 
4.500071e+01 
4.500042e+01 
4.499990e+01 
4.499909e+01 
4.499787e+01 
4.499610e+01 
4.499363e+01 
4.499034e+01 
4.498616e+01 
4.498126e+01 
4.497613e+01 
4.497161e+01 
4.496877e+01 
4.496864e+01 
4.497181e+01 
4.497822e+01 
4.498726e+01 
4.499798e+01 
4.501085e+01 
4.502736e+01 
4.504779e+01 
4.507198e+01 
4.509902e+01 
4.512699e+01 
4.515291e+01 
4.517314e+01 
4.518430e+01 
4.518430e+01 
4.517314e+01 
4.515291e+01 
4.512699e+01 
4.509902e+01 
4.507198e+01 
4.504779e+01 
4.502736e+01 
4.501085e+01 
4.499798e+01 
4.498726e+01 
4.497822e+01 
4.497181e+01 
4.496864e+01 
4.496877e+01 
4.497161e+01 
4.497613e+01 
4.498126e+01 
4.498616e+01 
4.499034e+01 
4.499363e+01 
4.499610e+01 
4.499787e+01 
4.499909e+01 
4.499990e+01 
4.500042e+01 
4.500071e+01 
4.500086e+01 
4.500093e+01 
4.500094e+01 
4.500094e+01 
4.500094e+01 
4.500094e+01 

4.500094e+01 
4.500094e+01 
4.500094e+01 
4.500094e+01 
4.500093e+01 
4.500086e+01 
4.500071e+01 
4.500042e+01 
4.499991e+01 
4.499911e+01 
4.499790e+01 
4.499617e+01 
4.499381e+01 
4.499071e+01 
4.498691e+01 
4.498269e+01 
4.497864e+01 
4.497566e+01 
4.497474e+01 
4.497666e+01 
4.498164e+01 
4.498931e+01 
4.499884e+01 
4.500927e+01 
4.502102e+01 
4.503526e+01 
4.505191e+01 
4.507057e+01 
4.509037e+01 
4.510986e+01 
4.512719e+01 
4.514028e+01 
4.514735e+01 
4.514735e+01 
4.514028e+01 
4.512719e+01 
4.510986e+01 
4.509037e+01 
4.507057e+01 
4.505191e+01 
4.503526e+01 
4.502102e+01 
4.500927e+01 
4.499884e+01 
4.498931e+01 
4.498164e+01 
4.497666e+01 
4.497474e+01 
4.497566e+01 
4.497864e+01 
4.498269e+01 
4.498691e+01 
4.499071e+01 
4.499381e+01 
4.499617e+01 
4.499790e+01 
4.499911e+01 
4.499991e+01 
4.500042e+01 
4.500071e+01 
4.500086e+01 
4.500093e+01 
4.500094e+01 
4.500094e+01 
4.500094e+01 
4.500094e+01 

4.500094e+01 
4.500094e+01 
4.500094e+01 
4.500094e+01 
4.500093e+01 
4.500086e+01 
4.500071e+01 
4.500042e+01 
4.499992e+01 
4.499913e+01 
4.499795e+01 
4.499628e+01 
4.499405e+01 
4.499121e+01 
4.498790e+01 
4.498451e+01 
4.498172e+01 
4.498042e+01 
4.498139e+01 
4.498506e+01 
4.499127e+01 
4.499938e+01 
4.500849e+01 
4.501776e+01 
4.502759e+01 
4.503884e+01 
4.505131e+01 
4.506456e+01 
4.507793e+01 
4.509052e+01 
4.510129e+01 
4.510920e+01 
4.511339e+01 
4.511339e+01 
4.510920e+01 
4.510129e+01 
4.509052e+01 
4.507793e+01 
4.506456e+01 
4.505131e+01 
4.503884e+01 
4.502759e+01 
4.501776e+01 
4.500849e+01 
4.499938e+01 
4.499127e+01 
4.498506e+01 
4.498139e+01 
4.498042e+01 
4.498172e+01 
4.498451e+01 
4.498790e+01 
4.499121e+01 
4.499405e+01 
4.499628e+01 
4.499795e+01 
4.499913e+01 
4.499992e+01 
4.500042e+01 
4.500071e+01 
4.500086e+01 
4.500093e+01 
4.500094e+01 
4.500094e+01 
4.500094e+01 
4.500094e+01 

4.500094e+01 
4.500094e+01 
4.500094e+01 
4.500094e+01 
4.500093e+01 
4.500087e+01 
4.500072e+01 
4.500042e+01 
4.499993e+01 
4.499915e+01 
4.499802e+01 
4.499644e+01 
4.499438e+01 
4.499188e+01 
4.498919e+01 
4.498678e+01 
4.498537e+01 
4.498570e+01 
4.498826e+01 
4.499307e+01 
4.499966e+01 
4.500726e+01 
4.501508e+01 
4.502251e+01 
4.502995e+01 
4.503803e+01 
4.504654e+01 
4.505516e+01 
4.506348e+01 
4.507101e+01 
4.507724e+01 
4.508171e+01 
4.508404e+01 
4.508404e+01 
4.508171e+01 
4.507724e+01 
4.507101e+01 
4.506348e+01 
4.505516e+01 
4.504654e+01 
4.503803e+01 
4.502995e+01 
4.502251e+01 
4.501508e+01 
4.500726e+01 
4.499966e+01 
4.499307e+01 
4.498826e+01 
4.498570e+01 
4.498537e+01 
4.498678e+01 
4.498919e+01 
4.499188e+01 
4.499438e+01 
4.499644e+01 
4.499802e+01 
4.499915e+01 
4.499993e+01 
4.500042e+01 
4.500072e+01 
4.500087e+01 
4.500093e+01 
4.500094e+01 
4.500094e+01 
4.500094e+01 
4.500094e+01 

4.500094e+01 
4.500094e+01 
4.500094e+01 
4.500094e+01 
4.500093e+01 
4.500087e+01 
4.500072e+01 
4.500043e+01 
4.499994e+01 
4.499919e+01 
4.499811e+01 
4.499665e+01 
4.499482e+01 
4.499276e+01 
4.499080e+01 
4.498947e+01 
4.498940e+01 
4.499109e+01 
4.499466e+01 
4.499978e+01 
4.500583e+01 
4.501212e+01 
4.501810e+01 
4.502345e+01 
4.502852e+01 
4.503379e+01 
4.503908e+01 
4.504423e+01 
4.504901e+01 
4.505319e+01 
4.505657e+01 
4.505894e+01 
4.506016e+01 
4.506016e+01 
4.505894e+01 
4.505657e+01 
4.505319e+01 
4.504901e+01 
4.504423e+01 
4.503908e+01 
4.503379e+01 
4.502852e+01 
4.502345e+01 
4.501810e+01 
4.501212e+01 
4.500583e+01 
4.499978e+01 
4.499466e+01 
4.499109e+01 
4.498940e+01 
4.498947e+01 
4.499080e+01 
4.499276e+01 
4.499482e+01 
4.499665e+01 
4.499811e+01 
4.499919e+01 
4.499994e+01 
4.500043e+01 
4.500072e+01 
4.500087e+01 
4.500093e+01 
4.500094e+01 
4.500094e+01 
4.500094e+01 
4.500094e+01 

4.500094e+01 
4.500094e+01 
4.500094e+01 
4.500094e+01 
4.500093e+01 
4.500087e+01 
4.500072e+01 
4.500044e+01 
4.499997e+01 
4.499925e+01 
4.499824e+01 
4.499694e+01 
4.499541e+01 
4.499388e+01 
4.499272e+01 
4.499245e+01 
4.499349e+01 
4.499602e+01 
4.499984e+01 
4.500445e+01 
4.500929e+01 
4.501389e+01 
4.501797e+01 
4.502141e+01 
4.502455e+01 
4.502767e+01 
4.503069e+01 
4.503353e+01 
4.503608e+01 
4.503827e+01 
4.503999e+01 
4.504118e+01 
4.504179e+01 
4.504179e+01 
4.504118e+01 
4.503999e+01 
4.503827e+01 
4.503608e+01 
4.503353e+01 
4.503069e+01 
4.502767e+01 
4.502455e+01 
4.502141e+01 
4.501797e+01 
4.501389e+01 
4.500929e+01 
4.500445e+01 
4.499984e+01 
4.499602e+01 
4.499349e+01 
4.499245e+01 
4.499272e+01 
4.499388e+01 
4.499541e+01 
4.499694e+01 
4.499824e+01 
4.499925e+01 
4.499997e+01 
4.500044e+01 
4.500072e+01 
4.500087e+01 
4.500093e+01 
4.500094e+01 
4.500094e+01 
4.500094e+01 
4.500094e+01 

4.500094e+01 
4.500094e+01 
4.500094e+01 
4.500094e+01 
4.500093e+01 
4.500087e+01 
4.500072e+01 
4.500045e+01 
4.500000e+01 
4.499933e+01 
4.499843e+01 
4.499732e+01 
4.499617e+01 
4.499522e+01 
4.499485e+01 
4.499545e+01 
4.499717e+01 
4.499990e+01 
4.500328e+01 
4.500685e+01 
4.501024e+01 
4.501323e+01 
4.501572e+01 
4.501774e+01 
4.501950e+01 
4.502120e+01 
4.502280e+01 
4.502426e+01 
4.502555e+01 
4.502663e+01 
4.502746e+01 
4.502804e+01 
4.502833e+01 
4.502833e+01 
4.502804e+01 
4.502746e+01 
4.502663e+01 
4.502555e+01 
4.502426e+01 
4.502280e+01 
4.502120e+01 
4.501950e+01 
4.501774e+01 
4.501572e+01 
4.501323e+01 
4.501024e+01 
4.500685e+01 
4.500328e+01 
4.499990e+01 
4.499717e+01 
4.499545e+01 
4.499485e+01 
4.499522e+01 
4.499617e+01 
4.499732e+01 
4.499843e+01 
4.499933e+01 
4.500000e+01 
4.500045e+01 
4.500072e+01 
4.500087e+01 
4.500093e+01 
4.500094e+01 
4.500094e+01 
4.500094e+01 
4.500094e+01 

4.500094e+01 
4.500094e+01 
4.500094e+01 
4.500094e+01 
4.500093e+01 
4.500087e+01 
4.500073e+01 
4.500047e+01 
4.500005e+01 
4.499944e+01 
4.499867e+01 
4.499782e+01 
4.499708e+01 
4.499671e+01 
4.499700e+01 
4.499812e+01 
4.500001e+01 
4.500239e+01 
4.500493e+01 
4.500734e+01 
4.500945e+01 
4.501119e+01 
4.501257e+01 
4.501365e+01 
4.501456e+01 
4.501542e+01 
4.501622e+01 
4.501693e+01 
4.501755e+01 
4.501805e+01 
4.501844e+01 
4.501871e+01 
4.501884e+01 
4.501884e+01 
4.501871e+01 
4.501844e+01 
4.501805e+01 
4.501755e+01 
4.501693e+01 
4.501622e+01 
4.501542e+01 
4.501456e+01 
4.501365e+01 
4.501257e+01 
4.501119e+01 
4.500945e+01 
4.500734e+01 
4.500493e+01 
4.500239e+01 
4.500001e+01 
4.499812e+01 
4.499700e+01 
4.499671e+01 
4.499708e+01 
4.499782e+01 
4.499867e+01 
4.499944e+01 
4.500005e+01 
4.500047e+01 
4.500073e+01 
4.500087e+01 
4.500093e+01 
4.500094e+01 
4.500094e+01 
4.500094e+01 
4.500094e+01 

4.500094e+01 
4.500094e+01 
4.500094e+01 
4.500094e+01 
4.500093e+01 
4.500087e+01 
4.500074e+01 
4.500050e+01 
4.500012e+01 
4.499960e+01 
4.499900e+01 
4.499843e+01 
4.499810e+01 
4.499821e+01 
4.499890e+01 
4.500015e+01 
4.500178e+01 
4.500353e+01 
4.500519e+01 
4.500663e+01 
4.500780e+01 
4.500872e+01 
4.500943e+01 
4.500996e+01 
4.501041e+01 
4.501082e+01 
4.501119e+01 
4.501152e+01 
4.501181e+01 
4.501204e+01 
4.501221e+01 
4.501233e+01 
4.501239e+01 
4.501239e+01 
4.501233e+01 
4.501221e+01 
4.501204e+01 
4.501181e+01 
4.501152e+01 
4.501119e+01 
4.501082e+01 
4.501041e+01 
4.500996e+01 
4.500943e+01 
4.500872e+01 
4.500780e+01 
4.500663e+01 
4.500519e+01 
4.500353e+01 
4.500178e+01 
4.500015e+01 
4.499890e+01 
4.499821e+01 
4.499810e+01 
4.499843e+01 
4.499900e+01 
4.499960e+01 
4.500012e+01 
4.500050e+01 
4.500074e+01 
4.500087e+01 
4.500093e+01 
4.500094e+01 
4.500094e+01 
4.500094e+01 
4.500094e+01 

4.500094e+01 
4.500094e+01 
4.500094e+01 
4.500094e+01 
4.500093e+01 
4.500088e+01 
4.500075e+01 
4.500053e+01 
4.500021e+01 
4.499980e+01 
4.499939e+01 
4.499911e+01 
4.499912e+01 
4.499953e+01 
4.500033e+01 
4.500140e+01 
4.500257e+01 
4.500368e+01 
4.500463e+01 
4.500540e+01 
4.500600e+01 
4.500645e+01 
4.500679e+01 
4.500704e+01 
4.500725e+01 
4.500744e+01 
4.500760e+01 
4.500775e+01 
4.500788e+01 
4.500798e+01 
4.500805e+01 
4.500811e+01 
4.500813e+01 
4.500813e+01 
4.500811e+01 
4.500805e+01 
4.500798e+01 
4.500788e+01 
4.500775e+01 
4.500760e+01 
4.500744e+01 
4.500725e+01 
4.500704e+01 
4.500679e+01 
4.500645e+01 
4.500600e+01 
4.500540e+01 
4.500463e+01 
4.500368e+01 
4.500257e+01 
4.500140e+01 
4.500033e+01 
4.499953e+01 
4.499912e+01 
4.499911e+01 
4.499939e+01 
4.499980e+01 
4.500021e+01 
4.500053e+01 
4.500075e+01 
4.500088e+01 
4.500093e+01 
4.500094e+01 
4.500094e+01 
4.500094e+01 
4.500094e+01 

4.500094e+01 
4.500094e+01 
4.500094e+01 
4.500094e+01 
4.500093e+01 
4.500088e+01 
4.500077e+01 
4.500058e+01 
4.500032e+01 
4.500004e+01 
4.499983e+01 
4.499979e+01 
4.500001e+01 
4.500050e+01 
4.500119e+01 
4.500195e+01 
4.500267e+01 
4.500329e+01 
4.500378e+01 
4.500416e+01 
4.500445e+01 
4.500466e+01 
4.500481e+01 
4.500492e+01 
4.500501e+01 
4.500509e+01 
4.500517e+01 
4.500523e+01 
4.500528e+01 
4.500533e+01 
4.500536e+01 
4.500538e+01 
4.500539e+01 
4.500539e+01 
4.500538e+01 
4.500536e+01 
4.500533e+01 
4.500528e+01 
4.500523e+01 
4.500517e+01 
4.500509e+01 
4.500501e+01 
4.500492e+01 
4.500481e+01 
4.500466e+01 
4.500445e+01 
4.500416e+01 
4.500378e+01 
4.500329e+01 
4.500267e+01 
4.500195e+01 
4.500119e+01 
4.500050e+01 
4.500001e+01 
4.499979e+01 
4.499983e+01 
4.500004e+01 
4.500032e+01 
4.500058e+01 
4.500077e+01 
4.500088e+01 
4.500093e+01 
4.500094e+01 
4.500094e+01 
4.500094e+01 
4.500094e+01 

4.500094e+01 
4.500094e+01 
4.500094e+01 
4.500094e+01 
4.500093e+01 
4.500089e+01 
4.500079e+01 
4.500065e+01 
4.500047e+01 
4.500031e+01 
4.500026e+01 
4.500037e+01 
4.500067e+01 
4.500109e+01 
4.500157e+01 
4.500202e+01 
4.500242e+01 
4.500273e+01 
4.500296e+01 
4.500314e+01 
4.500327e+01 
4.500336e+01 
4.500342e+01 
4.500347e+01 
4.500351e+01 
4.500355e+01 
4.500358e+01 
4.500360e+01 
4.500363e+01 
4.500364e+01 
4.500366e+01 
4.500367e+01 
4.500367e+01 
4.500367e+01 
4.500367e+01 
4.500366e+01 
4.500364e+01 
4.500363e+01 
4.500360e+01 
4.500358e+01 
4.500355e+01 
4.500351e+01 
4.500347e+01 
4.500342e+01 
4.500336e+01 
4.500327e+01 
4.500314e+01 
4.500296e+01 
4.500273e+01 
4.500242e+01 
4.500202e+01 
4.500157e+01 
4.500109e+01 
4.500067e+01 
4.500037e+01 
4.500026e+01 
4.500031e+01 
4.500047e+01 
4.500065e+01 
4.500079e+01 
4.500089e+01 
4.500093e+01 
4.500094e+01 
4.500094e+01 
4.500094e+01 
4.500094e+01 

4.500094e+01 
4.500094e+01 
4.500094e+01 
4.500094e+01 
4.500093e+01 
4.500090e+01 
4.500083e+01 
4.500073e+01 
4.500063e+01 
4.500058e+01 
4.500063e+01 
4.500080e+01 
4.500105e+01 
4.500134e+01 
4.500162e+01 
4.500186e+01 
4.500205e+01 
4.500220e+01 
4.500230e+01 
4.500238e+01 
4.500243e+01 
4.500247e+01 
4.500250e+01 
4.500252e+01 
4.500254e+01 
4.500255e+01 
4.500256e+01 
4.500257e+01 
4.500258e+01 
4.500259e+01 
4.500260e+01 
4.500260e+01 
4.500260e+01 
4.500260e+01 
4.500260e+01 
4.500260e+01 
4.500259e+01 
4.500258e+01 
4.500257e+01 
4.500256e+01 
4.500255e+01 
4.500254e+01 
4.500252e+01 
4.500250e+01 
4.500247e+01 
4.500243e+01 
4.500238e+01 
4.500230e+01 
4.500220e+01 
4.500205e+01 
4.500186e+01 
4.500162e+01 
4.500134e+01 
4.500105e+01 
4.500080e+01 
4.500063e+01 
4.500058e+01 
4.500063e+01 
4.500073e+01 
4.500083e+01 
4.500090e+01 
4.500093e+01 
4.500094e+01 
4.500094e+01 
4.500094e+01 
4.500094e+01 

4.500094e+01 
4.500094e+01 
4.500094e+01 
4.500094e+01 
4.500094e+01 
4.500091e+01 
4.500086e+01 
4.500081e+01 
4.500078e+01 
4.500080e+01 
4.500089e+01 
4.500104e+01 
4.500121e+01 
4.500138e+01 
4.500152e+01 
4.500163e+01 
4.500172e+01 
4.500178e+01 
4.500182e+01 
4.500186e+01 
4.500188e+01 
4.500189e+01 
4.500190e+01 
4.500191e+01 
4.500192e+01 
4.500192e+01 
4.500193e+01 
4.500193e+01 
4.500194e+01 
4.500194e+01 
4.500194e+01 
4.500194e+01 
4.500194e+01 
4.500194e+01 
4.500194e+01 
4.500194e+01 
4.500194e+01 
4.500194e+01 
4.500193e+01 
4.500193e+01 
4.500192e+01 
4.500192e+01 
4.500191e+01 
4.500190e+01 
4.500189e+01 
4.500188e+01 
4.500186e+01 
4.500182e+01 
4.500178e+01 
4.500172e+01 
4.500163e+01 
4.500152e+01 
4.500138e+01 
4.500121e+01 
4.500104e+01 
4.500089e+01 
4.500080e+01 
4.500078e+01 
4.500081e+01 
4.500086e+01 
4.500091e+01 
4.500094e+01 
4.500094e+01 
4.500094e+01 
4.500094e+01 
4.500094e+01 

4.500094e+01 
4.500094e+01 
4.500094e+01 
4.500094e+01 
4.500094e+01 
4.500092e+01 
4.500090e+01 
4.500088e+01 
4.500089e+01 
4.500094e+01 
4.500103e+01 
4.500112e+01 
4.500122e+01 
4.500130e+01 
4.500137e+01 
4.500142e+01 
4.500145e+01 
4.500148e+01 
4.500150e+01 
4.500151e+01 
4.500152e+01 
4.500152e+01 
4.500153e+01 
4.500153e+01 
4.500153e+01 
4.500153e+01 
4.500154e+01 
4.500154e+01 
4.500154e+01 
4.500154e+01 
4.500154e+01 
4.500154e+01 
4.500154e+01 
4.500154e+01 
4.500154e+01 
4.500154e+01 
4.500154e+01 
4.500154e+01 
4.500154e+01 
4.500154e+01 
4.500153e+01 
4.500153e+01 
4.500153e+01 
4.500153e+01 
4.500152e+01 
4.500152e+01 
4.500151e+01 
4.500150e+01 
4.500148e+01 
4.500145e+01 
4.500142e+01 
4.500137e+01 
4.500130e+01 
4.500122e+01 
4.500112e+01 
4.500103e+01 
4.500094e+01 
4.500089e+01 
4.500088e+01 
4.500090e+01 
4.500092e+01 
4.500094e+01 
4.500094e+01 
4.500094e+01 
4.500094e+01 
4.500094e+01 

4.500094e+01 
4.500094e+01 
4.500094e+01 
4.500094e+01 
4.500094e+01 
4.500094e+01 
4.500093e+01 
4.500094e+01 
4.500096e+01 
4.500101e+01 
4.500106e+01 
4.500112e+01 
4.500116e+01 
4.500120e+01 
4.500123e+01 
4.500125e+01 
4.500126e+01 
4.500127e+01 
4.500127e+01 
4.500128e+01 
4.500128e+01 
4.500128e+01 
4.500129e+01 
4.500129e+01 
4.500129e+01 
4.500129e+01 
4.500129e+01 
4.500129e+01 
4.500129e+01 
4.500129e+01 
4.500129e+01 
4.500129e+01 
4.500129e+01 
4.500129e+01 
4.500129e+01 
4.500129e+01 
4.500129e+01 
4.500129e+01 
4.500129e+01 
4.500129e+01 
4.500129e+01 
4.500129e+01 
4.500129e+01 
4.500129e+01 
4.500128e+01 
4.500128e+01 
4.500128e+01 
4.500127e+01 
4.500127e+01 
4.500126e+01 
4.500125e+01 
4.500123e+01 
4.500120e+01 
4.500116e+01 
4.500112e+01 
4.500106e+01 
4.500101e+01 
4.500096e+01 
4.500094e+01 
4.500093e+01 
4.500094e+01 
4.500094e+01 
4.500094e+01 
4.500094e+01 
4.500094e+01 
4.500094e+01 

4.500094e+01 
4.500094e+01 
4.500094e+01 
4.500094e+01 
4.500094e+01 
4.500095e+01 
4.500095e+01 
4.500097e+01 
4.500099e+01 
4.500102e+01 
4.500104e+01 
4.500107e+01 
4.500109e+01 
4.500110e+01 
4.500111e+01 
4.500112e+01 
4.500112e+01 
4.500113e+01 
4.500113e+01 
4.500113e+01 
4.500113e+01 
4.500113e+01 
4.500113e+01 
4.500113e+01 
4.500113e+01 
4.500113e+01 
4.500113e+01 
4.500113e+01 
4.500113e+01 
4.500113e+01 
4.500113e+01 
4.500113e+01 
4.500113e+01 
4.500113e+01 
4.500113e+01 
4.500113e+01 
4.500113e+01 
4.500113e+01 
4.500113e+01 
4.500113e+01 
4.500113e+01 
4.500113e+01 
4.500113e+01 
4.500113e+01 
4.500113e+01 
4.500113e+01 
4.500113e+01 
4.500113e+01 
4.500113e+01 
4.500112e+01 
4.500112e+01 
4.500111e+01 
4.500110e+01 
4.500109e+01 
4.500107e+01 
4.500104e+01 
4.500102e+01 
4.500099e+01 
4.500097e+01 
4.500095e+01 
4.500095e+01 
4.500094e+01 
4.500094e+01 
4.500094e+01 
4.500094e+01 
4.500094e+01 

4.500094e+01 
4.500094e+01 
4.500094e+01 
4.500094e+01 
4.500095e+01 
4.500095e+01 
4.500096e+01 
4.500097e+01 
4.500098e+01 
4.500099e+01 
4.500100e+01 
4.500101e+01 
4.500102e+01 
4.500103e+01 
4.500103e+01 
4.500103e+01 
4.500103e+01 
4.500103e+01 
4.500103e+01 
4.500104e+01 
4.500104e+01 
4.500104e+01 
4.500104e+01 
4.500104e+01 
4.500104e+01 
4.500104e+01 
4.500104e+01 
4.500104e+01 
4.500104e+01 
4.500104e+01 
4.500104e+01 
4.500104e+01 
4.500104e+01 
4.500104e+01 
4.500104e+01 
4.500104e+01 
4.500104e+01 
4.500104e+01 
4.500104e+01 
4.500104e+01 
4.500104e+01 
4.500104e+01 
4.500104e+01 
4.500104e+01 
4.500104e+01 
4.500104e+01 
4.500104e+01 
4.500103e+01 
4.500103e+01 
4.500103e+01 
4.500103e+01 
4.500103e+01 
4.500103e+01 
4.500102e+01 
4.500101e+01 
4.500100e+01 
4.500099e+01 
4.500098e+01 
4.500097e+01 
4.500096e+01 
4.500095e+01 
4.500095e+01 
4.500094e+01 
4.500094e+01 
4.500094e+01 
4.500094e+01 

4.500094e+01 
4.500094e+01 
4.500094e+01 
4.500094e+01 
4.500094e+01 
4.500095e+01 
4.500095e+01 
4.500096e+01 
4.500096e+01 
4.500097e+01 
4.500097e+01 
4.500097e+01 
4.500098e+01 
4.500098e+01 
4.500098e+01 
4.500098e+01 
4.500098e+01 
4.500098e+01 
4.500098e+01 
4.500098e+01 
4.500098e+01 
4.500098e+01 
4.500098e+01 
4.500098e+01 
4.500098e+01 
4.500098e+01 
4.500098e+01 
4.500098e+01 
4.500098e+01 
4.500098e+01 
4.500098e+01 
4.500098e+01 
4.500098e+01 
4.500098e+01 
4.500098e+01 
4.500098e+01 
4.500098e+01 
4.500098e+01 
4.500098e+01 
4.500098e+01 
4.500098e+01 
4.500098e+01 
4.500098e+01 
4.500098e+01 
4.500098e+01 
4.500098e+01 
4.500098e+01 
4.500098e+01 
4.500098e+01 
4.500098e+01 
4.500098e+01 
4.500098e+01 
4.500098e+01 
4.500098e+01 
4.500097e+01 
4.500097e+01 
4.500097e+01 
4.500096e+01 
4.500096e+01 
4.500095e+01 
4.500095e+01 
4.500094e+01 
4.500094e+01 
4.500094e+01 
4.500094e+01 
4.500094e+01 

4.500094e+01 
4.500094e+01 
4.500094e+01 
4.500094e+01 
4.500094e+01 
4.500094e+01 
4.500095e+01 
4.500095e+01 
4.500095e+01 
4.500095e+01 
4.500095e+01 
4.500095e+01 
4.500095e+01 
4.500095e+01 
4.500095e+01 
4.500095e+01 
4.500095e+01 
4.500095e+01 
4.500095e+01 
4.500095e+01 
4.500095e+01 
4.500095e+01 
4.500095e+01 
4.500095e+01 
4.500095e+01 
4.500095e+01 
4.500095e+01 
4.500095e+01 
4.500095e+01 
4.500095e+01 
4.500095e+01 
4.500095e+01 
4.500095e+01 
4.500095e+01 
4.500095e+01 
4.500095e+01 
4.500095e+01 
4.500095e+01 
4.500095e+01 
4.500095e+01 
4.500095e+01 
4.500095e+01 
4.500095e+01 
4.500095e+01 
4.500095e+01 
4.500095e+01 
4.500095e+01 
4.500095e+01 
4.500095e+01 
4.500095e+01 
4.500095e+01 
4.500095e+01 
4.500095e+01 
4.500095e+01 
4.500095e+01 
4.500095e+01 
4.500095e+01 
4.500095e+01 
4.500095e+01 
4.500095e+01 
4.500094e+01 
4.500094e+01 
4.500094e+01 
4.500094e+01 
4.500094e+01 
4.500094e+01 

4.500094e+01 
4.500094e+01 
4.500094e+01 
4.500094e+01 
4.500094e+01 
4.500094e+01 
4.500094e+01 
4.500094e+01 
4.500094e+01 
4.500094e+01 
4.500094e+01 
4.500094e+01 
4.500094e+01 
4.500094e+01 
4.500094e+01 
4.500094e+01 
4.500094e+01 
4.500094e+01 
4.500094e+01 
4.500094e+01 
4.500094e+01 
4.500094e+01 
4.500094e+01 
4.500094e+01 
4.500094e+01 
4.500094e+01 
4.500094e+01 
4.500094e+01 
4.500094e+01 
4.500094e+01 
4.500094e+01 
4.500094e+01 
4.500094e+01 
4.500094e+01 
4.500094e+01 
4.500094e+01 
4.500094e+01 
4.500094e+01 
4.500094e+01 
4.500094e+01 
4.500094e+01 
4.500094e+01 
4.500094e+01 
4.500094e+01 
4.500094e+01 
4.500094e+01 
4.500094e+01 
4.500094e+01 
4.500094e+01 
4.500094e+01 
4.500094e+01 
4.500094e+01 
4.500094e+01 
4.500094e+01 
4.500094e+01 
4.500094e+01 
4.500094e+01 
4.500094e+01 
4.500094e+01 
4.500094e+01 
4.500094e+01 
4.500094e+01 
4.500094e+01 
4.500094e+01 
4.500094e+01 
4.500094e+01 

4.500094e+01 
4.500094e+01 
4.500094e+01 
4.500094e+01 
4.500094e+01 
4.500094e+01 
4.500094e+01 
4.500094e+01 
4.500094e+01 
4.500094e+01 
4.500094e+01 
4.500094e+01 
4.500094e+01 
4.500094e+01 
4.500094e+01 
4.500094e+01 
4.500094e+01 
4.500094e+01 
4.500094e+01 
4.500094e+01 
4.500094e+01 
4.500094e+01 
4.500094e+01 
4.500094e+01 
4.500094e+01 
4.500094e+01 
4.500094e+01 
4.500094e+01 
4.500094e+01 
4.500094e+01 
4.500094e+01 
4.500094e+01 
4.500094e+01 
4.500094e+01 
4.500094e+01 
4.500094e+01 
4.500094e+01 
4.500094e+01 
4.500094e+01 
4.500094e+01 
4.500094e+01 
4.500094e+01 
4.500094e+01 
4.500094e+01 
4.500094e+01 
4.500094e+01 
4.500094e+01 
4.500094e+01 
4.500094e+01 
4.500094e+01 
4.500094e+01 
4.500094e+01 
4.500094e+01 
4.500094e+01 
4.500094e+01 
4.500094e+01 
4.500094e+01 
4.500094e+01 
4.500094e+01 
4.500094e+01 
4.500094e+01 
4.500094e+01 
4.500094e+01 
4.500094e+01 
4.500094e+01 
4.500094e+01 

4.500094e+01 
4.500094e+01 
4.500094e+01 
4.500094e+01 
4.500094e+01 
4.500094e+01 
4.500094e+01 
4.500094e+01 
4.500094e+01 
4.500094e+01 
4.500094e+01 
4.500094e+01 
4.500094e+01 
4.500094e+01 
4.500094e+01 
4.500094e+01 
4.500094e+01 
4.500094e+01 
4.500094e+01 
4.500094e+01 
4.500094e+01 
4.500094e+01 
4.500094e+01 
4.500094e+01 
4.500094e+01 
4.500094e+01 
4.500094e+01 
4.500094e+01 
4.500094e+01 
4.500094e+01 
4.500094e+01 
4.500094e+01 
4.500094e+01 
4.500094e+01 
4.500094e+01 
4.500094e+01 
4.500094e+01 
4.500094e+01 
4.500094e+01 
4.500094e+01 
4.500094e+01 
4.500094e+01 
4.500094e+01 
4.500094e+01 
4.500094e+01 
4.500094e+01 
4.500094e+01 
4.500094e+01 
4.500094e+01 
4.500094e+01 
4.500094e+01 
4.500094e+01 
4.500094e+01 
4.500094e+01 
4.500094e+01 
4.500094e+01 
4.500094e+01 
4.500094e+01 
4.500094e+01 
4.500094e+01 
4.500094e+01 
4.500094e+01 
4.500094e+01 
4.500094e+01 
4.500094e+01 
4.500094e+01 

