1.000000e+02 
1.000000e+02 
1.000000e+02 
1.000000e+02 
1.000000e+02 
1.000000e+02 
1.000000e+02 
1.000000e+02 
1.000000e+02 
1.000000e+02 
1.000000e+02 
1.000000e+02 
1.000000e+02 
1.000000e+02 
1.000000e+02 
1.000000e+02 
1.000000e+02 
1.000000e+02 
1.000000e+02 
1.000000e+02 
1.000000e+02 
1.000000e+02 
1.000000e+02 
1.000000e+02 
1.000000e+02 
1.000000e+02 
1.000000e+02 
1.000000e+02 
1.000000e+02 
1.000000e+02 
1.000000e+02 
1.000000e+02 
1.000000e+02 
1.000000e+02 
1.000000e+02 
1.000000e+02 
1.000000e+02 
1.000000e+02 
1.000000e+02 
1.000000e+02 
1.000000e+02 
1.000000e+02 
1.000000e+02 
1.000000e+02 
1.000000e+02 
1.000000e+02 
1.000000e+02 
1.000000e+02 
1.000000e+02 
1.000000e+02 
1.000000e+02 
1.000000e+02 
1.000000e+02 
1.000000e+02 
1.000000e+02 
1.000000e+02 
1.000000e+02 
1.000000e+02 
1.000000e+02 
1.000000e+02 
1.000000e+02 
1.000000e+02 
1.000000e+02 
1.000000e+02 
1.000000e+02 
1.000000e+02 

1.000000e+02 
1.000000e+02 
1.000000e+02 
1.000000e+02 
1.000000e+02 
1.000000e+02 
1.000000e+02 
1.000000e+02 
1.000000e+02 
1.000000e+02 
1.000000e+02 
1.000000e+02 
1.000000e+02 
1.000000e+02 
1.000000e+02 
1.000000e+02 
1.000000e+02 
1.000000e+02 
1.000000e+02 
1.000000e+02 
1.000000e+02 
1.000000e+02 
1.000000e+02 
1.000000e+02 
1.000000e+02 
1.000000e+02 
1.000000e+02 
1.000000e+02 
1.000000e+02 
1.000000e+02 
1.000000e+02 
1.000000e+02 
1.000000e+02 
1.000000e+02 
1.000000e+02 
1.000000e+02 
1.000000e+02 
1.000000e+02 
1.000000e+02 
1.000000e+02 
1.000000e+02 
1.000000e+02 
1.000000e+02 
1.000000e+02 
1.000000e+02 
1.000000e+02 
1.000000e+02 
1.000000e+02 
1.000000e+02 
1.000000e+02 
1.000000e+02 
1.000000e+02 
1.000000e+02 
1.000000e+02 
1.000000e+02 
1.000000e+02 
1.000000e+02 
1.000000e+02 
1.000000e+02 
1.000000e+02 
1.000000e+02 
1.000000e+02 
1.000000e+02 
1.000000e+02 
1.000000e+02 
1.000000e+02 

1.000000e+02 
1.000000e+02 
1.000000e+02 
1.000000e+02 
1.000000e+02 
1.000000e+02 
1.000000e+02 
1.000000e+02 
1.000000e+02 
1.000000e+02 
1.000000e+02 
1.000000e+02 
1.000000e+02 
1.000000e+02 
1.000000e+02 
1.000000e+02 
1.000000e+02 
1.000000e+02 
1.000000e+02 
1.000000e+02 
1.000000e+02 
1.000000e+02 
1.000000e+02 
1.000000e+02 
1.000000e+02 
1.000000e+02 
1.000000e+02 
1.000000e+02 
1.000000e+02 
1.000000e+02 
1.000000e+02 
1.000000e+02 
1.000000e+02 
1.000000e+02 
1.000000e+02 
1.000000e+02 
1.000000e+02 
1.000000e+02 
1.000000e+02 
1.000000e+02 
1.000000e+02 
1.000000e+02 
1.000000e+02 
1.000000e+02 
1.000000e+02 
1.000000e+02 
1.000000e+02 
1.000000e+02 
1.000000e+02 
1.000000e+02 
1.000000e+02 
1.000000e+02 
1.000000e+02 
1.000000e+02 
1.000000e+02 
1.000000e+02 
1.000000e+02 
1.000000e+02 
1.000000e+02 
1.000000e+02 
1.000000e+02 
1.000000e+02 
1.000000e+02 
1.000000e+02 
1.000000e+02 
1.000000e+02 

1.000000e+02 
1.000000e+02 
1.000000e+02 
1.000000e+02 
1.000000e+02 
1.000000e+02 
9.999999e+01 
9.999998e+01 
9.999998e+01 
9.999997e+01 
9.999997e+01 
9.999996e+01 
9.999996e+01 
9.999996e+01 
9.999996e+01 
9.999996e+01 
9.999996e+01 
9.999996e+01 
9.999996e+01 
9.999996e+01 
9.999996e+01 
9.999996e+01 
9.999996e+01 
9.999996e+01 
9.999996e+01 
9.999996e+01 
9.999996e+01 
9.999996e+01 
9.999996e+01 
9.999996e+01 
9.999996e+01 
9.999996e+01 
9.999996e+01 
9.999996e+01 
9.999996e+01 
9.999996e+01 
9.999996e+01 
9.999996e+01 
9.999996e+01 
9.999996e+01 
9.999996e+01 
9.999996e+01 
9.999996e+01 
9.999996e+01 
9.999996e+01 
9.999996e+01 
9.999996e+01 
9.999996e+01 
9.999996e+01 
9.999996e+01 
9.999996e+01 
9.999996e+01 
9.999996e+01 
9.999996e+01 
9.999996e+01 
9.999997e+01 
9.999997e+01 
9.999998e+01 
9.999998e+01 
9.999999e+01 
1.000000e+02 
1.000000e+02 
1.000000e+02 
1.000000e+02 
1.000000e+02 
1.000000e+02 

1.000000e+02 
1.000000e+02 
1.000000e+02 
1.000000e+02 
1.000000e+02 
9.999999e+01 
9.999997e+01 
9.999995e+01 
9.999993e+01 
9.999991e+01 
9.999990e+01 
9.999990e+01 
9.999989e+01 
9.999989e+01 
9.999989e+01 
9.999988e+01 
9.999988e+01 
9.999988e+01 
9.999988e+01 
9.999988e+01 
9.999988e+01 
9.999988e+01 
9.999988e+01 
9.999988e+01 
9.999988e+01 
9.999988e+01 
9.999988e+01 
9.999988e+01 
9.999988e+01 
9.999988e+01 
9.999988e+01 
9.999988e+01 
9.999988e+01 
9.999988e+01 
9.999988e+01 
9.999988e+01 
9.999988e+01 
9.999988e+01 
9.999988e+01 
9.999988e+01 
9.999988e+01 
9.999988e+01 
9.999988e+01 
9.999988e+01 
9.999988e+01 
9.999988e+01 
9.999988e+01 
9.999988e+01 
9.999988e+01 
9.999988e+01 
9.999988e+01 
9.999989e+01 
9.999989e+01 
9.999989e+01 
9.999990e+01 
9.999990e+01 
9.999991e+01 
9.999993e+01 
9.999995e+01 
9.999997e+01 
9.999999e+01 
1.000000e+02 
1.000000e+02 
1.000000e+02 
1.000000e+02 
1.000000e+02 

1.000000e+02 
1.000000e+02 
1.000000e+02 
1.000000e+02 
1.000000e+02 
9.999997e+01 
9.999993e+01 
9.999989e+01 
9.999987e+01 
9.999985e+01 
9.999984e+01 
9.999984e+01 
9.999984e+01 
9.999984e+01 
9.999984e+01 
9.999984e+01 
9.999984e+01 
9.999984e+01 
9.999984e+01 
9.999984e+01 
9.999984e+01 
9.999984e+01 
9.999984e+01 
9.999984e+01 
9.999984e+01 
9.999984e+01 
9.999984e+01 
9.999984e+01 
9.999984e+01 
9.999984e+01 
9.999984e+01 
9.999984e+01 
9.999984e+01 
9.999984e+01 
9.999984e+01 
9.999984e+01 
9.999984e+01 
9.999984e+01 
9.999984e+01 
9.999984e+01 
9.999984e+01 
9.999984e+01 
9.999984e+01 
9.999984e+01 
9.999984e+01 
9.999984e+01 
9.999984e+01 
9.999984e+01 
9.999984e+01 
9.999984e+01 
9.999984e+01 
9.999984e+01 
9.999984e+01 
9.999984e+01 
9.999984e+01 
9.999984e+01 
9.999985e+01 
9.999987e+01 
9.999989e+01 
9.999993e+01 
9.999997e+01 
1.000000e+02 
1.000000e+02 
1.000000e+02 
1.000000e+02 
1.000000e+02 

1.000000e+02 
1.000000e+02 
1.000000e+02 
1.000000e+02 
9.999999e+01 
9.999995e+01 
9.999988e+01 
9.999983e+01 
9.999982e+01 
9.999985e+01 
9.999989e+01 
9.999995e+01 
9.999999e+01 
1.000000e+02 
1.000001e+02 
1.000001e+02 
1.000001e+02 
1.000001e+02 
1.000001e+02 
1.000001e+02 
1.000001e+02 
1.000001e+02 
1.000001e+02 
1.000001e+02 
1.000001e+02 
1.000001e+02 
1.000001e+02 
1.000001e+02 
1.000001e+02 
1.000001e+02 
1.000001e+02 
1.000001e+02 
1.000001e+02 
1.000001e+02 
1.000001e+02 
1.000001e+02 
1.000001e+02 
1.000001e+02 
1.000001e+02 
1.000001e+02 
1.000001e+02 
1.000001e+02 
1.000001e+02 
1.000001e+02 
1.000001e+02 
1.000001e+02 
1.000001e+02 
1.000001e+02 
1.000001e+02 
1.000001e+02 
1.000001e+02 
1.000001e+02 
1.000000e+02 
9.999999e+01 
9.999995e+01 
9.999989e+01 
9.999985e+01 
9.999982e+01 
9.999983e+01 
9.999988e+01 
9.999995e+01 
9.999999e+01 
1.000000e+02 
1.000000e+02 
1.000000e+02 
1.000000e+02 

1.000000e+02 
1.000000e+02 
1.000000e+02 
1.000000e+02 
9.999999e+01 
9.999991e+01 
9.999981e+01 
9.999974e+01 
9.999976e+01 
9.999991e+01 
1.000001e+02 
1.000004e+02 
1.000006e+02 
1.000008e+02 
1.000010e+02 
1.000011e+02 
1.000012e+02 
1.000012e+02 
1.000013e+02 
1.000013e+02 
1.000013e+02 
1.000013e+02 
1.000013e+02 
1.000013e+02 
1.000013e+02 
1.000013e+02 
1.000013e+02 
1.000013e+02 
1.000014e+02 
1.000014e+02 
1.000014e+02 
1.000014e+02 
1.000014e+02 
1.000014e+02 
1.000014e+02 
1.000014e+02 
1.000014e+02 
1.000014e+02 
1.000013e+02 
1.000013e+02 
1.000013e+02 
1.000013e+02 
1.000013e+02 
1.000013e+02 
1.000013e+02 
1.000013e+02 
1.000013e+02 
1.000013e+02 
1.000012e+02 
1.000012e+02 
1.000011e+02 
1.000010e+02 
1.000008e+02 
1.000006e+02 
1.000004e+02 
1.000001e+02 
9.999991e+01 
9.999976e+01 
9.999974e+01 
9.999981e+01 
9.999991e+01 
9.999999e+01 
1.000000e+02 
1.000000e+02 
1.000000e+02 
1.000000e+02 

1.000000e+02 
1.000000e+02 
1.000000e+02 
1.000000e+02 
9.999998e+01 
9.999988e+01 
9.999971e+01 
9.999958e+01 
9.999962e+01 
9.999995e+01 
1.000006e+02 
1.000013e+02 
1.000021e+02 
1.000028e+02 
1.000033e+02 
1.000037e+02 
1.000040e+02 
1.000042e+02 
1.000044e+02 
1.000045e+02 
1.000046e+02 
1.000046e+02 
1.000046e+02 
1.000047e+02 
1.000047e+02 
1.000047e+02 
1.000047e+02 
1.000047e+02 
1.000048e+02 
1.000048e+02 
1.000048e+02 
1.000048e+02 
1.000048e+02 
1.000048e+02 
1.000048e+02 
1.000048e+02 
1.000048e+02 
1.000048e+02 
1.000047e+02 
1.000047e+02 
1.000047e+02 
1.000047e+02 
1.000047e+02 
1.000046e+02 
1.000046e+02 
1.000046e+02 
1.000045e+02 
1.000044e+02 
1.000042e+02 
1.000040e+02 
1.000037e+02 
1.000033e+02 
1.000028e+02 
1.000021e+02 
1.000013e+02 
1.000006e+02 
9.999995e+01 
9.999962e+01 
9.999958e+01 
9.999971e+01 
9.999988e+01 
9.999998e+01 
1.000000e+02 
1.000000e+02 
1.000000e+02 
1.000000e+02 

1.000000e+02 
1.000000e+02 
1.000000e+02 
1.000000e+02 
9.999998e+01 
9.999984e+01 
9.999960e+01 
9.999934e+01 
9.999929e+01 
9.999972e+01 
1.000008e+02 
1.000025e+02 
1.000044e+02 
1.000062e+02 
1.000079e+02 
1.000092e+02 
1.000101e+02 
1.000108e+02 
1.000113e+02 
1.000117e+02 
1.000120e+02 
1.000121e+02 
1.000123e+02 
1.000123e+02 
1.000124e+02 
1.000125e+02 
1.000125e+02 
1.000126e+02 
1.000126e+02 
1.000127e+02 
1.000127e+02 
1.000127e+02 
1.000127e+02 
1.000127e+02 
1.000127e+02 
1.000127e+02 
1.000127e+02 
1.000126e+02 
1.000126e+02 
1.000125e+02 
1.000125e+02 
1.000124e+02 
1.000123e+02 
1.000123e+02 
1.000121e+02 
1.000120e+02 
1.000117e+02 
1.000113e+02 
1.000108e+02 
1.000101e+02 
1.000092e+02 
1.000079e+02 
1.000062e+02 
1.000044e+02 
1.000025e+02 
1.000008e+02 
9.999972e+01 
9.999929e+01 
9.999934e+01 
9.999960e+01 
9.999984e+01 
9.999998e+01 
1.000000e+02 
1.000000e+02 
1.000000e+02 
1.000000e+02 

1.000000e+02 
1.000000e+02 
1.000000e+02 
1.000000e+02 
9.999997e+01 
9.999981e+01 
9.999949e+01 
9.999905e+01 
9.999875e+01 
9.999904e+01 
1.000004e+02 
1.000031e+02 
1.000069e+02 
1.000111e+02 
1.000152e+02 
1.000187e+02 
1.000215e+02 
1.000236e+02 
1.000251e+02 
1.000262e+02 
1.000270e+02 
1.000276e+02 
1.000280e+02 
1.000283e+02 
1.000285e+02 
1.000287e+02 
1.000289e+02 
1.000291e+02 
1.000292e+02 
1.000293e+02 
1.000294e+02 
1.000294e+02 
1.000295e+02 
1.000295e+02 
1.000294e+02 
1.000294e+02 
1.000293e+02 
1.000292e+02 
1.000291e+02 
1.000289e+02 
1.000287e+02 
1.000285e+02 
1.000283e+02 
1.000280e+02 
1.000276e+02 
1.000270e+02 
1.000262e+02 
1.000251e+02 
1.000236e+02 
1.000215e+02 
1.000187e+02 
1.000152e+02 
1.000111e+02 
1.000069e+02 
1.000031e+02 
1.000004e+02 
9.999904e+01 
9.999875e+01 
9.999905e+01 
9.999949e+01 
9.999981e+01 
9.999997e+01 
1.000000e+02 
1.000000e+02 
1.000000e+02 
1.000000e+02 

1.000000e+02 
1.000000e+02 
1.000000e+02 
1.000000e+02 
9.999997e+01 
9.999979e+01 
9.999939e+01 
9.999876e+01 
9.999809e+01 
9.999788e+01 
9.999900e+01 
1.000023e+02 
1.000082e+02 
1.000160e+02 
1.000246e+02 
1.000329e+02 
1.000399e+02 
1.000456e+02 
1.000499e+02 
1.000531e+02 
1.000554e+02 
1.000571e+02 
1.000583e+02 
1.000592e+02 
1.000599e+02 
1.000605e+02 
1.000610e+02 
1.000615e+02 
1.000619e+02 
1.000623e+02 
1.000625e+02 
1.000627e+02 
1.000628e+02 
1.000628e+02 
1.000627e+02 
1.000625e+02 
1.000623e+02 
1.000619e+02 
1.000615e+02 
1.000610e+02 
1.000605e+02 
1.000599e+02 
1.000592e+02 
1.000583e+02 
1.000571e+02 
1.000554e+02 
1.000531e+02 
1.000499e+02 
1.000456e+02 
1.000399e+02 
1.000329e+02 
1.000246e+02 
1.000160e+02 
1.000082e+02 
1.000023e+02 
9.999900e+01 
9.999788e+01 
9.999809e+01 
9.999876e+01 
9.999939e+01 
9.999979e+01 
9.999997e+01 
1.000000e+02 
1.000000e+02 
1.000000e+02 
1.000000e+02 

1.000000e+02 
1.000000e+02 
1.000000e+02 
1.000000e+02 
9.999997e+01 
9.999977e+01 
9.999931e+01 
9.999851e+01 
9.999743e+01 
9.999646e+01 
9.999660e+01 
9.999944e+01 
1.000065e+02 
1.000182e+02 
1.000335e+02 
1.000500e+02 
1.000658e+02 
1.000794e+02 
1.000903e+02 
1.000987e+02 
1.001050e+02 
1.001096e+02 
1.001130e+02 
1.001155e+02 
1.001175e+02 
1.001193e+02 
1.001210e+02 
1.001224e+02 
1.001236e+02 
1.001245e+02 
1.001252e+02 
1.001257e+02 
1.001260e+02 
1.001260e+02 
1.001257e+02 
1.001252e+02 
1.001245e+02 
1.001236e+02 
1.001224e+02 
1.001210e+02 
1.001193e+02 
1.001175e+02 
1.001155e+02 
1.001130e+02 
1.001096e+02 
1.001050e+02 
1.000987e+02 
1.000903e+02 
1.000794e+02 
1.000658e+02 
1.000500e+02 
1.000335e+02 
1.000182e+02 
1.000065e+02 
9.999944e+01 
9.999660e+01 
9.999646e+01 
9.999743e+01 
9.999851e+01 
9.999931e+01 
9.999977e+01 
9.999997e+01 
1.000000e+02 
1.000000e+02 
1.000000e+02 
1.000000e+02 

1.000000e+02 
1.000000e+02 
1.000000e+02 
1.000000e+02 
9.999997e+01 
9.999976e+01 
9.999925e+01 
9.999831e+01 
9.999684e+01 
9.999501e+01 
9.999363e+01 
9.999461e+01 
1.000007e+02 
1.000146e+02 
1.000367e+02 
1.000649e+02 
1.000954e+02 
1.001243e+02 
1.001494e+02 
1.001697e+02 
1.001856e+02 
1.001975e+02 
1.002065e+02 
1.002132e+02 
1.002186e+02 
1.002236e+02 
1.002281e+02 
1.002320e+02 
1.002353e+02 
1.002380e+02 
1.002400e+02 
1.002414e+02 
1.002421e+02 
1.002421e+02 
1.002414e+02 
1.002400e+02 
1.002380e+02 
1.002353e+02 
1.002320e+02 
1.002281e+02 
1.002236e+02 
1.002186e+02 
1.002132e+02 
1.002065e+02 
1.001975e+02 
1.001856e+02 
1.001697e+02 
1.001494e+02 
1.001243e+02 
1.000954e+02 
1.000649e+02 
1.000367e+02 
1.000146e+02 
1.000007e+02 
9.999461e+01 
9.999363e+01 
9.999501e+01 
9.999684e+01 
9.999831e+01 
9.999925e+01 
9.999976e+01 
9.999997e+01 
1.000000e+02 
1.000000e+02 
1.000000e+02 
1.000000e+02 

1.000000e+02 
1.000000e+02 
1.000000e+02 
1.000000e+02 
9.999997e+01 
9.999975e+01 
9.999921e+01 
9.999815e+01 
9.999636e+01 
9.999372e+01 
9.999062e+01 
9.998867e+01 
9.999133e+01 
1.000034e+02 
1.000291e+02 
1.000690e+02 
1.001189e+02 
1.001725e+02 
1.002235e+02 
1.002679e+02 
1.003044e+02 
1.003331e+02 
1.003552e+02 
1.003719e+02 
1.003859e+02 
1.003988e+02 
1.004104e+02 
1.004208e+02 
1.004296e+02 
1.004368e+02 
1.004424e+02 
1.004461e+02 
1.004479e+02 
1.004479e+02 
1.004461e+02 
1.004424e+02 
1.004368e+02 
1.004296e+02 
1.004208e+02 
1.004104e+02 
1.003988e+02 
1.003859e+02 
1.003719e+02 
1.003552e+02 
1.003331e+02 
1.003044e+02 
1.002679e+02 
1.002235e+02 
1.001725e+02 
1.001189e+02 
1.000690e+02 
1.000291e+02 
1.000034e+02 
9.999133e+01 
9.998867e+01 
9.999062e+01 
9.999372e+01 
9.999636e+01 
9.999815e+01 
9.999921e+01 
9.999975e+01 
9.999997e+01 
1.000000e+02 
1.000000e+02 
1.000000e+02 
1.000000e+02 

1.000000e+02 
1.000000e+02 
1.000000e+02 
1.000000e+02 
9.999997e+01 
9.999974e+01 
9.999918e+01 
9.999804e+01 
9.999600e+01 
9.999267e+01 
9.998793e+01 
9.998267e+01 
9.997996e+01 
9.998588e+01 
1.000085e+02 
1.000539e+02 
1.001223e+02 
1.002068e+02 
1.002969e+02 
1.003828e+02 
1.004583e+02 
1.005208e+02 
1.005708e+02 
1.006098e+02 
1.006430e+02 
1.006742e+02 
1.007030e+02 
1.007289e+02 
1.007512e+02 
1.007697e+02 
1.007839e+02 
1.007935e+02 
1.007984e+02 
1.007984e+02 
1.007935e+02 
1.007839e+02 
1.007697e+02 
1.007512e+02 
1.007289e+02 
1.007030e+02 
1.006742e+02 
1.006430e+02 
1.006098e+02 
1.005708e+02 
1.005208e+02 
1.004583e+02 
1.003828e+02 
1.002969e+02 
1.002068e+02 
1.001223e+02 
1.000539e+02 
1.000085e+02 
9.998588e+01 
9.997996e+01 
9.998267e+01 
9.998793e+01 
9.999267e+01 
9.999600e+01 
9.999804e+01 
9.999918e+01 
9.999974e+01 
9.999997e+01 
1.000000e+02 
1.000000e+02 
1.000000e+02 
1.000000e+02 

1.000000e+02 
1.000000e+02 
1.000000e+02 
1.000000e+02 
9.999997e+01 
9.999974e+01 
9.999916e+01 
9.999797e+01 
9.999574e+01 
9.999188e+01 
9.998576e+01 
9.997734e+01 
9.996852e+01 
9.996494e+01 
9.997690e+01 
1.000169e+02 
1.000935e+02 
1.002054e+02 
1.003416e+02 
1.004860e+02 
1.006237e+02 
1.007455e+02 
1.008477e+02 
1.009305e+02 
1.010030e+02 
1.010730e+02 
1.011390e+02 
1.011993e+02 
1.012525e+02 
1.012970e+02 
1.013316e+02 
1.013552e+02 
1.013673e+02 
1.013673e+02 
1.013552e+02 
1.013316e+02 
1.012970e+02 
1.012525e+02 
1.011993e+02 
1.011390e+02 
1.010730e+02 
1.010030e+02 
1.009305e+02 
1.008477e+02 
1.007455e+02 
1.006237e+02 
1.004860e+02 
1.003416e+02 
1.002054e+02 
1.000935e+02 
1.000169e+02 
9.997690e+01 
9.996494e+01 
9.996852e+01 
9.997734e+01 
9.998576e+01 
9.999188e+01 
9.999574e+01 
9.999797e+01 
9.999916e+01 
9.999974e+01 
9.999997e+01 
1.000000e+02 
1.000000e+02 
1.000000e+02 
1.000000e+02 

1.000000e+02 
1.000000e+02 
1.000000e+02 
1.000000e+02 
9.999997e+01 
9.999973e+01 
9.999915e+01 
9.999791e+01 
9.999555e+01 
9.999130e+01 
9.998409e+01 
9.997298e+01 
9.995832e+01 
9.994393e+01 
9.993981e+01 
9.996247e+01 
1.000299e+02 
1.001526e+02 
1.003269e+02 
1.005351e+02 
1.007538e+02 
1.009626e+02 
1.011485e+02 
1.013061e+02 
1.014497e+02 
1.015928e+02 
1.017315e+02 
1.018618e+02 
1.019791e+02 
1.020793e+02 
1.021584e+02 
1.022131e+02 
1.022410e+02 
1.022410e+02 
1.022131e+02 
1.021584e+02 
1.020793e+02 
1.019791e+02 
1.018618e+02 
1.017315e+02 
1.015928e+02 
1.014497e+02 
1.013061e+02 
1.011485e+02 
1.009626e+02 
1.007538e+02 
1.005351e+02 
1.003269e+02 
1.001526e+02 
1.000299e+02 
9.996247e+01 
9.993981e+01 
9.994393e+01 
9.995832e+01 
9.997298e+01 
9.998409e+01 
9.999130e+01 
9.999555e+01 
9.999791e+01 
9.999915e+01 
9.999973e+01 
9.999997e+01 
1.000000e+02 
1.000000e+02 
1.000000e+02 
1.000000e+02 

1.000000e+02 
1.000000e+02 
1.000000e+02 
1.000000e+02 
9.999997e+01 
9.999973e+01 
9.999914e+01 
9.999787e+01 
9.999542e+01 
9.999088e+01 
9.998286e+01 
9.996961e+01 
9.994993e+01 
9.992513e+01 
9.990269e+01 
9.989940e+01 
9.993982e+01 
1.000478e+02 
1.002344e+02 
1.004907e+02 
1.007907e+02 
1.011027e+02 
1.014005e+02 
1.016670e+02 
1.019212e+02 
1.021845e+02 
1.024494e+02 
1.027064e+02 
1.029449e+02 
1.031535e+02 
1.033214e+02 
1.034392e+02 
1.034999e+02 
1.034999e+02 
1.034392e+02 
1.033214e+02 
1.031535e+02 
1.029449e+02 
1.027064e+02 
1.024494e+02 
1.021845e+02 
1.019212e+02 
1.016670e+02 
1.014005e+02 
1.011027e+02 
1.007907e+02 
1.004907e+02 
1.002344e+02 
1.000478e+02 
9.993982e+01 
9.989940e+01 
9.990269e+01 
9.992513e+01 
9.994993e+01 
9.996961e+01 
9.998286e+01 
9.999088e+01 
9.999542e+01 
9.999787e+01 
9.999914e+01 
9.999973e+01 
9.999997e+01 
1.000000e+02 
1.000000e+02 
1.000000e+02 
1.000000e+02 

1.000000e+02 
1.000000e+02 
1.000000e+02 
1.000000e+02 
9.999996e+01 
9.999973e+01 
9.999913e+01 
9.999785e+01 
9.999533e+01 
9.999059e+01 
9.998196e+01 
9.996710e+01 
9.994339e+01 
9.990955e+01 
9.986936e+01 
9.983658e+01 
9.983735e+01 
9.990540e+01 
1.000691e+02 
1.003367e+02 
1.006909e+02 
1.010962e+02 
1.015136e+02 
1.019105e+02 
1.023096e+02 
1.027423e+02 
1.031968e+02 
1.036557e+02 
1.040968e+02 
1.044947e+02 
1.048230e+02 
1.050575e+02 
1.051798e+02 
1.051798e+02 
1.050575e+02 
1.048230e+02 
1.044947e+02 
1.040968e+02 
1.036557e+02 
1.031968e+02 
1.027423e+02 
1.023096e+02 
1.019105e+02 
1.015136e+02 
1.010962e+02 
1.006909e+02 
1.003367e+02 
1.000691e+02 
9.990540e+01 
9.983735e+01 
9.983658e+01 
9.986936e+01 
9.990955e+01 
9.994339e+01 
9.996710e+01 
9.998196e+01 
9.999059e+01 
9.999533e+01 
9.999785e+01 
9.999913e+01 
9.999973e+01 
9.999996e+01 
1.000000e+02 
1.000000e+02 
1.000000e+02 
1.000000e+02 

1.000000e+02 
1.000000e+02 
1.000000e+02 
1.000000e+02 
9.999996e+01 
9.999973e+01 
9.999912e+01 
9.999783e+01 
9.999527e+01 
9.999038e+01 
9.998132e+01 
9.996526e+01 
9.993845e+01 
9.989728e+01 
9.984155e+01 
9.978007e+01 
9.973605e+01 
9.974701e+01 
9.985487e+01 
1.000884e+02 
1.004483e+02 
1.009066e+02 
1.014191e+02 
1.019395e+02 
1.024938e+02 
1.031263e+02 
1.038235e+02 
1.045603e+02 
1.052986e+02 
1.059889e+02 
1.065755e+02 
1.070037e+02 
1.072300e+02 
1.072300e+02 
1.070037e+02 
1.065755e+02 
1.059889e+02 
1.052986e+02 
1.045603e+02 
1.038235e+02 
1.031263e+02 
1.024938e+02 
1.019395e+02 
1.014191e+02 
1.009066e+02 
1.004483e+02 
1.000884e+02 
9.985487e+01 
9.974701e+01 
9.973605e+01 
9.978007e+01 
9.984155e+01 
9.989728e+01 
9.993845e+01 
9.996526e+01 
9.998132e+01 
9.999038e+01 
9.999527e+01 
9.999783e+01 
9.999912e+01 
9.999973e+01 
9.999996e+01 
1.000000e+02 
1.000000e+02 
1.000000e+02 
1.000000e+02 

1.000000e+02 
1.000000e+02 
1.000000e+02 
1.000000e+02 
9.999996e+01 
9.999973e+01 
9.999912e+01 
9.999782e+01 
9.999522e+01 
9.999023e+01 
9.998087e+01 
9.996393e+01 
9.993480e+01 
9.988791e+01 
9.981941e+01 
9.973255e+01 
9.964480e+01 
9.959183e+01 
9.962248e+01 
9.978254e+01 
1.000945e+02 
1.005474e+02 
1.011022e+02 
1.017064e+02 
1.023908e+02 
1.032150e+02 
1.041729e+02 
1.052370e+02 
1.063532e+02 
1.074399e+02 
1.083943e+02 
1.091086e+02 
1.094919e+02 
1.094919e+02 
1.091086e+02 
1.083943e+02 
1.074399e+02 
1.063532e+02 
1.052370e+02 
1.041729e+02 
1.032150e+02 
1.023908e+02 
1.017064e+02 
1.011022e+02 
1.005474e+02 
1.000945e+02 
9.978254e+01 
9.962248e+01 
9.959183e+01 
9.964480e+01 
9.973255e+01 
9.981941e+01 
9.988791e+01 
9.993480e+01 
9.996393e+01 
9.998087e+01 
9.999023e+01 
9.999522e+01 
9.999782e+01 
9.999912e+01 
9.999973e+01 
9.999996e+01 
1.000000e+02 
1.000000e+02 
1.000000e+02 
1.000000e+02 

1.000000e+02 
1.000000e+02 
1.000000e+02 
1.000000e+02 
9.999996e+01 
9.999973e+01 
9.999912e+01 
9.999781e+01 
9.999519e+01 
9.999013e+01 
9.998054e+01 
9.996296e+01 
9.993210e+01 
9.988086e+01 
9.980225e+01 
9.969425e+01 
9.956746e+01 
9.945196e+01 
9.939713e+01 
9.945941e+01 
9.968058e+01 
1.000703e+02 
1.006036e+02 
1.012309e+02 
1.019891e+02 
1.029557e+02 
1.041426e+02 
1.055325e+02 
1.070634e+02 
1.086196e+02 
1.100360e+02 
1.111247e+02 
1.117186e+02 
1.117186e+02 
1.111247e+02 
1.100360e+02 
1.086196e+02 
1.070634e+02 
1.055325e+02 
1.041426e+02 
1.029557e+02 
1.019891e+02 
1.012309e+02 
1.006036e+02 
1.000703e+02 
9.968058e+01 
9.945941e+01 
9.939713e+01 
9.945196e+01 
9.956746e+01 
9.969425e+01 
9.980225e+01 
9.988086e+01 
9.993210e+01 
9.996296e+01 
9.998054e+01 
9.999013e+01 
9.999519e+01 
9.999781e+01 
9.999912e+01 
9.999973e+01 
9.999996e+01 
1.000000e+02 
1.000000e+02 
1.000000e+02 
1.000000e+02 

1.000000e+02 
1.000000e+02 
1.000000e+02 
1.000000e+02 
9.999996e+01 
9.999973e+01 
9.999912e+01 
9.999780e+01 
9.999517e+01 
9.999005e+01 
9.998030e+01 
9.996226e+01 
9.993012e+01 
9.987560e+01 
9.978916e+01 
9.966419e+01 
9.950448e+01 
9.933278e+01 
9.919458e+01 
9.915050e+01 
9.925618e+01 
9.954064e+01 
9.999651e+01 
1.005844e+02 
1.013472e+02 
1.023794e+02 
1.037207e+02 
1.053783e+02 
1.072980e+02 
1.093379e+02 
1.112641e+02 
1.127859e+02 
1.136301e+02 
1.136301e+02 
1.127859e+02 
1.112641e+02 
1.093379e+02 
1.072980e+02 
1.053783e+02 
1.037207e+02 
1.023794e+02 
1.013472e+02 
1.005844e+02 
9.999651e+01 
9.954064e+01 
9.925618e+01 
9.915050e+01 
9.919458e+01 
9.933278e+01 
9.950448e+01 
9.966419e+01 
9.978916e+01 
9.987560e+01 
9.993012e+01 
9.996226e+01 
9.998030e+01 
9.999005e+01 
9.999517e+01 
9.999780e+01 
9.999912e+01 
9.999973e+01 
9.999996e+01 
1.000000e+02 
1.000000e+02 
1.000000e+02 
1.000000e+02 

1.000000e+02 
1.000000e+02 
1.000000e+02 
1.000000e+02 
9.999996e+01 
9.999973e+01 
9.999912e+01 
9.999780e+01 
9.999515e+01 
9.998999e+01 
9.998011e+01 
9.996169e+01 
9.992851e+01 
9.987127e+01 
9.977822e+01 
9.963847e+01 
9.944904e+01 
9.922411e+01 
9.900196e+01 
9.884231e+01 
9.880948e+01 
9.894933e+01 
9.927372e+01 
9.975864e+01 
1.004510e+02 
1.014586e+02 
1.028571e+02 
1.046943e+02 
1.069455e+02 
1.094605e+02 
1.119354e+02 
1.139512e+02 
1.150906e+02 
1.150906e+02 
1.139512e+02 
1.119354e+02 
1.094605e+02 
1.069455e+02 
1.046943e+02 
1.028571e+02 
1.014586e+02 
1.004510e+02 
9.975864e+01 
9.927372e+01 
9.894933e+01 
9.880948e+01 
9.884231e+01 
9.900196e+01 
9.922411e+01 
9.944904e+01 
9.963847e+01 
9.977822e+01 
9.987127e+01 
9.992851e+01 
9.996169e+01 
9.998011e+01 
9.998999e+01 
9.999515e+01 
9.999780e+01 
9.999912e+01 
9.999973e+01 
9.999996e+01 
1.000000e+02 
1.000000e+02 
1.000000e+02 
1.000000e+02 

1.000000e+02 
1.000000e+02 
1.000000e+02 
1.000000e+02 
9.999996e+01 
9.999973e+01 
9.999912e+01 
9.999779e+01 
9.999514e+01 
9.998994e+01 
9.997994e+01 
9.996118e+01 
9.992705e+01 
9.986730e+01 
9.976806e+01 
9.961416e+01 
9.939537e+01 
9.911572e+01 
9.880295e+01 
9.851080e+01 
9.830715e+01 
9.825176e+01 
9.837660e+01 
9.867783e+01 
9.920118e+01 
1.000592e+02 
1.013675e+02 
1.032311e+02 
1.056838e+02 
1.085985e+02 
1.116162e+02 
1.141656e+02 
1.156370e+02 
1.156370e+02 
1.141656e+02 
1.116162e+02 
1.085985e+02 
1.056838e+02 
1.032311e+02 
1.013675e+02 
1.000592e+02 
9.920118e+01 
9.867783e+01 
9.837660e+01 
9.825176e+01 
9.830715e+01 
9.851080e+01 
9.880295e+01 
9.911572e+01 
9.939537e+01 
9.961416e+01 
9.976806e+01 
9.986730e+01 
9.992705e+01 
9.996118e+01 
9.997994e+01 
9.998994e+01 
9.999514e+01 
9.999779e+01 
9.999912e+01 
9.999973e+01 
9.999996e+01 
1.000000e+02 
1.000000e+02 
1.000000e+02 
1.000000e+02 

1.000000e+02 
1.000000e+02 
1.000000e+02 
1.000000e+02 
9.999996e+01 
9.999973e+01 
9.999911e+01 
9.999779e+01 
9.999512e+01 
9.998989e+01 
9.997979e+01 
9.996072e+01 
9.992575e+01 
9.986374e+01 
9.975882e+01 
9.959170e+01 
9.934470e+01 
9.901062e+01 
9.860376e+01 
9.816683e+01 
9.776506e+01 
9.746704e+01 
9.732299e+01 
9.735180e+01 
9.758826e+01 
9.813168e+01 
9.912885e+01 
1.007431e+02 
1.030867e+02 
1.060937e+02 
1.093814e+02 
1.122717e+02 
1.139879e+02 
1.139879e+02 
1.122717e+02 
1.093814e+02 
1.060937e+02 
1.030867e+02 
1.007431e+02 
9.912885e+01 
9.813168e+01 
9.758826e+01 
9.735180e+01 
9.732299e+01 
9.746704e+01 
9.776506e+01 
9.816683e+01 
9.860376e+01 
9.901062e+01 
9.934470e+01 
9.959170e+01 
9.975882e+01 
9.986374e+01 
9.992575e+01 
9.996072e+01 
9.997979e+01 
9.998989e+01 
9.999512e+01 
9.999779e+01 
9.999911e+01 
9.999973e+01 
9.999996e+01 
1.000000e+02 
1.000000e+02 
1.000000e+02 
1.000000e+02 

1.000000e+02 
1.000000e+02 
1.000000e+02 
1.000000e+02 
9.999996e+01 
9.999973e+01 
9.999911e+01 
9.999779e+01 
9.999511e+01 
9.998985e+01 
9.997966e+01 
9.996033e+01 
9.992462e+01 
9.986062e+01 
9.975063e+01 
9.957150e+01 
9.929828e+01 
9.891206e+01 
9.841166e+01 
9.782448e+01 
9.720685e+01 
9.662984e+01 
9.615793e+01 
9.583264e+01 
9.566511e+01 
9.571624e+01 
9.613903e+01 
9.713124e+01 
9.887567e+01 
1.013868e+02 
1.043780e+02 
1.071539e+02 
1.088372e+02 
1.088372e+02 
1.071539e+02 
1.043780e+02 
1.013868e+02 
9.887567e+01 
9.713124e+01 
9.613903e+01 
9.571624e+01 
9.566511e+01 
9.583264e+01 
9.615793e+01 
9.662984e+01 
9.720685e+01 
9.782448e+01 
9.841166e+01 
9.891206e+01 
9.929828e+01 
9.957150e+01 
9.975063e+01 
9.986062e+01 
9.992462e+01 
9.996033e+01 
9.997966e+01 
9.998985e+01 
9.999511e+01 
9.999779e+01 
9.999911e+01 
9.999973e+01 
9.999996e+01 
1.000000e+02 
1.000000e+02 
1.000000e+02 
1.000000e+02 

1.000000e+02 
1.000000e+02 
1.000000e+02 
1.000000e+02 
9.999996e+01 
9.999973e+01 
9.999911e+01 
9.999778e+01 
9.999510e+01 
9.998982e+01 
9.997955e+01 
9.996000e+01 
9.992367e+01 
9.985796e+01 
9.974361e+01 
9.955398e+01 
9.925735e+01 
9.882338e+01 
9.823463e+01 
9.750034e+01 
9.666290e+01 
9.578976e+01 
9.495459e+01 
9.421949e+01 
9.356013e+01 
9.297489e+01 
9.259098e+01 
9.260273e+01 
9.322477e+01 
9.459966e+01 
9.654507e+01 
9.853818e+01 
9.983462e+01 
9.983462e+01 
9.853818e+01 
9.654507e+01 
9.459966e+01 
9.322477e+01 
9.260273e+01 
9.259098e+01 
9.297489e+01 
9.356013e+01 
9.421949e+01 
9.495459e+01 
9.578976e+01 
9.666290e+01 
9.750034e+01 
9.823463e+01 
9.882338e+01 
9.925735e+01 
9.955398e+01 
9.974361e+01 
9.985796e+01 
9.992367e+01 
9.996000e+01 
9.997955e+01 
9.998982e+01 
9.999510e+01 
9.999778e+01 
9.999911e+01 
9.999973e+01 
9.999996e+01 
1.000000e+02 
1.000000e+02 
1.000000e+02 
1.000000e+02 

1.000000e+02 
1.000000e+02 
1.000000e+02 
1.000000e+02 
9.999996e+01 
9.999973e+01 
9.999911e+01 
9.999778e+01 
9.999509e+01 
9.998979e+01 
9.997947e+01 
9.995974e+01 
9.992289e+01 
9.985580e+01 
9.973787e+01 
9.953948e+01 
9.922305e+01 
9.874781e+01 
9.808073e+01 
9.721223e+01 
9.616798e+01 
9.500731e+01 
9.380847e+01 
9.265110e+01 
9.146919e+01 
9.018541e+01 
8.888130e+01 
8.771513e+01 
8.692954e+01 
8.674215e+01 
8.722063e+01 
8.806250e+01 
8.870281e+01 
8.870281e+01 
8.806250e+01 
8.722063e+01 
8.674215e+01 
8.692954e+01 
8.771513e+01 
8.888130e+01 
9.018541e+01 
9.146919e+01 
9.265110e+01 
9.380847e+01 
9.500731e+01 
9.616798e+01 
9.721223e+01 
9.808073e+01 
9.874781e+01 
9.922305e+01 
9.953948e+01 
9.973787e+01 
9.985580e+01 
9.992289e+01 
9.995974e+01 
9.997947e+01 
9.998979e+01 
9.999509e+01 
9.999778e+01 
9.999911e+01 
9.999973e+01 
9.999996e+01 
1.000000e+02 
1.000000e+02 
1.000000e+02 
1.000000e+02 

1.000000e+02 
1.000000e+02 
1.000000e+02 
1.000000e+02 
9.999996e+01 
9.999973e+01 
9.999911e+01 
9.999778e+01 
9.999508e+01 
9.998977e+01 
9.997940e+01 
9.995953e+01 
9.992231e+01 
9.985416e+01 
9.973348e+01 
9.952833e+01 
9.919637e+01 
9.868825e+01 
9.795754e+01 
9.697758e+01 
9.575754e+01 
9.434687e+01 
9.282517e+01 
9.128616e+01 
8.962406e+01 
8.768956e+01 
8.551853e+01 
8.323691e+01 
8.110118e+01 
7.943940e+01 
7.847518e+01 
7.815495e+01 
7.816464e+01 
7.816464e+01 
7.815495e+01 
7.847518e+01 
7.943940e+01 
8.110118e+01 
8.323691e+01 
8.551853e+01 
8.768956e+01 
8.962406e+01 
9.128616e+01 
9.282517e+01 
9.434687e+01 
9.575754e+01 
9.697758e+01 
9.795754e+01 
9.868825e+01 
9.919637e+01 
9.952833e+01 
9.973348e+01 
9.985416e+01 
9.992231e+01 
9.995953e+01 
9.997940e+01 
9.998977e+01 
9.999508e+01 
9.999778e+01 
9.999911e+01 
9.999973e+01 
9.999996e+01 
1.000000e+02 
1.000000e+02 
1.000000e+02 
1.000000e+02 

1.000000e+02 
1.000000e+02 
1.000000e+02 
1.000000e+02 
9.999996e+01 
9.999973e+01 
9.999911e+01 
9.999778e+01 
9.999508e+01 
9.998976e+01 
9.997936e+01 
9.995940e+01 
9.992192e+01 
9.985306e+01 
9.973052e+01 
9.952075e+01 
9.917812e+01 
9.864711e+01 
9.787150e+01 
9.681162e+01 
9.546349e+01 
9.386789e+01 
9.210421e+01 
9.027626e+01 
8.824798e+01 
8.581606e+01 
8.298621e+01 
7.987046e+01 
7.674854e+01 
7.402632e+01 
7.206886e+01 
7.097260e+01 
7.054546e+01 
7.054546e+01 
7.097260e+01 
7.206886e+01 
7.402632e+01 
7.674854e+01 
7.987046e+01 
8.298621e+01 
8.581606e+01 
8.824798e+01 
9.027626e+01 
9.210421e+01 
9.386789e+01 
9.546349e+01 
9.681162e+01 
9.787150e+01 
9.864711e+01 
9.917812e+01 
9.952075e+01 
9.973052e+01 
9.985306e+01 
9.992192e+01 
9.995940e+01 
9.997936e+01 
9.998976e+01 
9.999508e+01 
9.999778e+01 
9.999911e+01 
9.999973e+01 
9.999996e+01 
1.000000e+02 
1.000000e+02 
1.000000e+02 
1.000000e+02 

1.000000e+02 
1.000000e+02 
1.000000e+02 
1.000000e+02 
9.999996e+01 
9.999973e+01 
9.999911e+01 
9.999778e+01 
9.999508e+01 
9.998975e+01 
9.997933e+01 
9.995933e+01 
9.992172e+01 
9.985251e+01 
9.972902e+01 
9.951692e+01 
9.916884e+01 
9.862610e+01 
9.782725e+01 
9.672563e+01 
9.530998e+01 
9.361601e+01 
9.172271e+01 
8.973927e+01 
8.751344e+01 
8.481383e+01 
8.163299e+01 
7.808213e+01 
7.446136e+01 
7.122062e+01 
6.878350e+01 
6.731544e+01 
6.668739e+01 
6.668739e+01 
6.731544e+01 
6.878350e+01 
7.122062e+01 
7.446136e+01 
7.808213e+01 
8.163299e+01 
8.481383e+01 
8.751344e+01 
8.973927e+01 
9.172271e+01 
9.361601e+01 
9.530998e+01 
9.672563e+01 
9.782725e+01 
9.862610e+01 
9.916884e+01 
9.951692e+01 
9.972902e+01 
9.985251e+01 
9.992172e+01 
9.995933e+01 
9.997933e+01 
9.998975e+01 
9.999508e+01 
9.999778e+01 
9.999911e+01 
9.999973e+01 
9.999996e+01 
1.000000e+02 
1.000000e+02 
1.000000e+02 
1.000000e+02 

1.000000e+02 
1.000000e+02 
1.000000e+02 
1.000000e+02 
9.999996e+01 
9.999973e+01 
9.999911e+01 
9.999778e+01 
9.999508e+01 
9.998975e+01 
9.997933e+01 
9.995933e+01 
9.992172e+01 
9.985251e+01 
9.972902e+01 
9.951692e+01 
9.916884e+01 
9.862610e+01 
9.782725e+01 
9.672563e+01 
9.530998e+01 
9.361601e+01 
9.172271e+01 
8.973927e+01 
8.751344e+01 
8.481383e+01 
8.163299e+01 
7.808213e+01 
7.446136e+01 
7.122062e+01 
6.878350e+01 
6.731544e+01 
6.668739e+01 
6.668739e+01 
6.731544e+01 
6.878350e+01 
7.122062e+01 
7.446136e+01 
7.808213e+01 
8.163299e+01 
8.481383e+01 
8.751344e+01 
8.973927e+01 
9.172271e+01 
9.361601e+01 
9.530998e+01 
9.672563e+01 
9.782725e+01 
9.862610e+01 
9.916884e+01 
9.951692e+01 
9.972902e+01 
9.985251e+01 
9.992172e+01 
9.995933e+01 
9.997933e+01 
9.998975e+01 
9.999508e+01 
9.999778e+01 
9.999911e+01 
9.999973e+01 
9.999996e+01 
1.000000e+02 
1.000000e+02 
1.000000e+02 
1.000000e+02 

1.000000e+02 
1.000000e+02 
1.000000e+02 
1.000000e+02 
9.999996e+01 
9.999973e+01 
9.999911e+01 
9.999778e+01 
9.999508e+01 
9.998976e+01 
9.997936e+01 
9.995940e+01 
9.992192e+01 
9.985306e+01 
9.973052e+01 
9.952075e+01 
9.917812e+01 
9.864711e+01 
9.787150e+01 
9.681162e+01 
9.546349e+01 
9.386789e+01 
9.210421e+01 
9.027626e+01 
8.824798e+01 
8.581606e+01 
8.298621e+01 
7.987046e+01 
7.674854e+01 
7.402632e+01 
7.206886e+01 
7.097260e+01 
7.054546e+01 
7.054546e+01 
7.097260e+01 
7.206886e+01 
7.402632e+01 
7.674854e+01 
7.987046e+01 
8.298621e+01 
8.581606e+01 
8.824798e+01 
9.027626e+01 
9.210421e+01 
9.386789e+01 
9.546349e+01 
9.681162e+01 
9.787150e+01 
9.864711e+01 
9.917812e+01 
9.952075e+01 
9.973052e+01 
9.985306e+01 
9.992192e+01 
9.995940e+01 
9.997936e+01 
9.998976e+01 
9.999508e+01 
9.999778e+01 
9.999911e+01 
9.999973e+01 
9.999996e+01 
1.000000e+02 
1.000000e+02 
1.000000e+02 
1.000000e+02 

1.000000e+02 
1.000000e+02 
1.000000e+02 
1.000000e+02 
9.999996e+01 
9.999973e+01 
9.999911e+01 
9.999778e+01 
9.999508e+01 
9.998977e+01 
9.997940e+01 
9.995953e+01 
9.992231e+01 
9.985416e+01 
9.973348e+01 
9.952833e+01 
9.919637e+01 
9.868825e+01 
9.795754e+01 
9.697758e+01 
9.575754e+01 
9.434687e+01 
9.282517e+01 
9.128616e+01 
8.962406e+01 
8.768956e+01 
8.551853e+01 
8.323691e+01 
8.110118e+01 
7.943940e+01 
7.847518e+01 
7.815495e+01 
7.816464e+01 
7.816464e+01 
7.815495e+01 
7.847518e+01 
7.943940e+01 
8.110118e+01 
8.323691e+01 
8.551853e+01 
8.768956e+01 
8.962406e+01 
9.128616e+01 
9.282517e+01 
9.434687e+01 
9.575754e+01 
9.697758e+01 
9.795754e+01 
9.868825e+01 
9.919637e+01 
9.952833e+01 
9.973348e+01 
9.985416e+01 
9.992231e+01 
9.995953e+01 
9.997940e+01 
9.998977e+01 
9.999508e+01 
9.999778e+01 
9.999911e+01 
9.999973e+01 
9.999996e+01 
1.000000e+02 
1.000000e+02 
1.000000e+02 
1.000000e+02 

1.000000e+02 
1.000000e+02 
1.000000e+02 
1.000000e+02 
9.999996e+01 
9.999973e+01 
9.999911e+01 
9.999778e+01 
9.999509e+01 
9.998979e+01 
9.997947e+01 
9.995974e+01 
9.992289e+01 
9.985580e+01 
9.973787e+01 
9.953948e+01 
9.922305e+01 
9.874781e+01 
9.808073e+01 
9.721223e+01 
9.616798e+01 
9.500731e+01 
9.380847e+01 
9.265110e+01 
9.146919e+01 
9.018541e+01 
8.888130e+01 
8.771513e+01 
8.692954e+01 
8.674215e+01 
8.722063e+01 
8.806250e+01 
8.870281e+01 
8.870281e+01 
8.806250e+01 
8.722063e+01 
8.674215e+01 
8.692954e+01 
8.771513e+01 
8.888130e+01 
9.018541e+01 
9.146919e+01 
9.265110e+01 
9.380847e+01 
9.500731e+01 
9.616798e+01 
9.721223e+01 
9.808073e+01 
9.874781e+01 
9.922305e+01 
9.953948e+01 
9.973787e+01 
9.985580e+01 
9.992289e+01 
9.995974e+01 
9.997947e+01 
9.998979e+01 
9.999509e+01 
9.999778e+01 
9.999911e+01 
9.999973e+01 
9.999996e+01 
1.000000e+02 
1.000000e+02 
1.000000e+02 
1.000000e+02 

1.000000e+02 
1.000000e+02 
1.000000e+02 
1.000000e+02 
9.999996e+01 
9.999973e+01 
9.999911e+01 
9.999778e+01 
9.999510e+01 
9.998982e+01 
9.997955e+01 
9.996000e+01 
9.992367e+01 
9.985796e+01 
9.974361e+01 
9.955398e+01 
9.925735e+01 
9.882338e+01 
9.823463e+01 
9.750034e+01 
9.666290e+01 
9.578976e+01 
9.495459e+01 
9.421949e+01 
9.356013e+01 
9.297489e+01 
9.259098e+01 
9.260273e+01 
9.322477e+01 
9.459966e+01 
9.654507e+01 
9.853818e+01 
9.983462e+01 
9.983462e+01 
9.853818e+01 
9.654507e+01 
9.459966e+01 
9.322477e+01 
9.260273e+01 
9.259098e+01 
9.297489e+01 
9.356013e+01 
9.421949e+01 
9.495459e+01 
9.578976e+01 
9.666290e+01 
9.750034e+01 
9.823463e+01 
9.882338e+01 
9.925735e+01 
9.955398e+01 
9.974361e+01 
9.985796e+01 
9.992367e+01 
9.996000e+01 
9.997955e+01 
9.998982e+01 
9.999510e+01 
9.999778e+01 
9.999911e+01 
9.999973e+01 
9.999996e+01 
1.000000e+02 
1.000000e+02 
1.000000e+02 
1.000000e+02 

1.000000e+02 
1.000000e+02 
1.000000e+02 
1.000000e+02 
9.999996e+01 
9.999973e+01 
9.999911e+01 
9.999779e+01 
9.999511e+01 
9.998985e+01 
9.997966e+01 
9.996033e+01 
9.992462e+01 
9.986062e+01 
9.975063e+01 
9.957150e+01 
9.929828e+01 
9.891206e+01 
9.841166e+01 
9.782448e+01 
9.720685e+01 
9.662984e+01 
9.615793e+01 
9.583264e+01 
9.566511e+01 
9.571624e+01 
9.613903e+01 
9.713124e+01 
9.887567e+01 
1.013868e+02 
1.043780e+02 
1.071539e+02 
1.088372e+02 
1.088372e+02 
1.071539e+02 
1.043780e+02 
1.013868e+02 
9.887567e+01 
9.713124e+01 
9.613903e+01 
9.571624e+01 
9.566511e+01 
9.583264e+01 
9.615793e+01 
9.662984e+01 
9.720685e+01 
9.782448e+01 
9.841166e+01 
9.891206e+01 
9.929828e+01 
9.957150e+01 
9.975063e+01 
9.986062e+01 
9.992462e+01 
9.996033e+01 
9.997966e+01 
9.998985e+01 
9.999511e+01 
9.999779e+01 
9.999911e+01 
9.999973e+01 
9.999996e+01 
1.000000e+02 
1.000000e+02 
1.000000e+02 
1.000000e+02 

1.000000e+02 
1.000000e+02 
1.000000e+02 
1.000000e+02 
9.999996e+01 
9.999973e+01 
9.999911e+01 
9.999779e+01 
9.999512e+01 
9.998989e+01 
9.997979e+01 
9.996072e+01 
9.992575e+01 
9.986374e+01 
9.975882e+01 
9.959170e+01 
9.934470e+01 
9.901062e+01 
9.860376e+01 
9.816683e+01 
9.776506e+01 
9.746704e+01 
9.732299e+01 
9.735180e+01 
9.758826e+01 
9.813168e+01 
9.912885e+01 
1.007431e+02 
1.030867e+02 
1.060937e+02 
1.093814e+02 
1.122717e+02 
1.139879e+02 
1.139879e+02 
1.122717e+02 
1.093814e+02 
1.060937e+02 
1.030867e+02 
1.007431e+02 
9.912885e+01 
9.813168e+01 
9.758826e+01 
9.735180e+01 
9.732299e+01 
9.746704e+01 
9.776506e+01 
9.816683e+01 
9.860376e+01 
9.901062e+01 
9.934470e+01 
9.959170e+01 
9.975882e+01 
9.986374e+01 
9.992575e+01 
9.996072e+01 
9.997979e+01 
9.998989e+01 
9.999512e+01 
9.999779e+01 
9.999911e+01 
9.999973e+01 
9.999996e+01 
1.000000e+02 
1.000000e+02 
1.000000e+02 
1.000000e+02 

1.000000e+02 
1.000000e+02 
1.000000e+02 
1.000000e+02 
9.999996e+01 
9.999973e+01 
9.999912e+01 
9.999779e+01 
9.999514e+01 
9.998994e+01 
9.997994e+01 
9.996118e+01 
9.992705e+01 
9.986730e+01 
9.976806e+01 
9.961416e+01 
9.939537e+01 
9.911572e+01 
9.880295e+01 
9.851080e+01 
9.830715e+01 
9.825176e+01 
9.837660e+01 
9.867783e+01 
9.920118e+01 
1.000592e+02 
1.013675e+02 
1.032311e+02 
1.056838e+02 
1.085985e+02 
1.116162e+02 
1.141656e+02 
1.156370e+02 
1.156370e+02 
1.141656e+02 
1.116162e+02 
1.085985e+02 
1.056838e+02 
1.032311e+02 
1.013675e+02 
1.000592e+02 
9.920118e+01 
9.867783e+01 
9.837660e+01 
9.825176e+01 
9.830715e+01 
9.851080e+01 
9.880295e+01 
9.911572e+01 
9.939537e+01 
9.961416e+01 
9.976806e+01 
9.986730e+01 
9.992705e+01 
9.996118e+01 
9.997994e+01 
9.998994e+01 
9.999514e+01 
9.999779e+01 
9.999912e+01 
9.999973e+01 
9.999996e+01 
1.000000e+02 
1.000000e+02 
1.000000e+02 
1.000000e+02 

1.000000e+02 
1.000000e+02 
1.000000e+02 
1.000000e+02 
9.999996e+01 
9.999973e+01 
9.999912e+01 
9.999780e+01 
9.999515e+01 
9.998999e+01 
9.998011e+01 
9.996169e+01 
9.992851e+01 
9.987127e+01 
9.977822e+01 
9.963847e+01 
9.944904e+01 
9.922411e+01 
9.900196e+01 
9.884231e+01 
9.880948e+01 
9.894933e+01 
9.927372e+01 
9.975864e+01 
1.004510e+02 
1.014586e+02 
1.028571e+02 
1.046943e+02 
1.069455e+02 
1.094605e+02 
1.119354e+02 
1.139512e+02 
1.150906e+02 
1.150906e+02 
1.139512e+02 
1.119354e+02 
1.094605e+02 
1.069455e+02 
1.046943e+02 
1.028571e+02 
1.014586e+02 
1.004510e+02 
9.975864e+01 
9.927372e+01 
9.894933e+01 
9.880948e+01 
9.884231e+01 
9.900196e+01 
9.922411e+01 
9.944904e+01 
9.963847e+01 
9.977822e+01 
9.987127e+01 
9.992851e+01 
9.996169e+01 
9.998011e+01 
9.998999e+01 
9.999515e+01 
9.999780e+01 
9.999912e+01 
9.999973e+01 
9.999996e+01 
1.000000e+02 
1.000000e+02 
1.000000e+02 
1.000000e+02 

1.000000e+02 
1.000000e+02 
1.000000e+02 
1.000000e+02 
9.999996e+01 
9.999973e+01 
9.999912e+01 
9.999780e+01 
9.999517e+01 
9.999005e+01 
9.998030e+01 
9.996226e+01 
9.993012e+01 
9.987560e+01 
9.978916e+01 
9.966419e+01 
9.950448e+01 
9.933278e+01 
9.919458e+01 
9.915050e+01 
9.925618e+01 
9.954064e+01 
9.999651e+01 
1.005844e+02 
1.013472e+02 
1.023794e+02 
1.037207e+02 
1.053783e+02 
1.072980e+02 
1.093379e+02 
1.112641e+02 
1.127859e+02 
1.136301e+02 
1.136301e+02 
1.127859e+02 
1.112641e+02 
1.093379e+02 
1.072980e+02 
1.053783e+02 
1.037207e+02 
1.023794e+02 
1.013472e+02 
1.005844e+02 
9.999651e+01 
9.954064e+01 
9.925618e+01 
9.915050e+01 
9.919458e+01 
9.933278e+01 
9.950448e+01 
9.966419e+01 
9.978916e+01 
9.987560e+01 
9.993012e+01 
9.996226e+01 
9.998030e+01 
9.999005e+01 
9.999517e+01 
9.999780e+01 
9.999912e+01 
9.999973e+01 
9.999996e+01 
1.000000e+02 
1.000000e+02 
1.000000e+02 
1.000000e+02 

1.000000e+02 
1.000000e+02 
1.000000e+02 
1.000000e+02 
9.999996e+01 
9.999973e+01 
9.999912e+01 
9.999781e+01 
9.999519e+01 
9.999013e+01 
9.998054e+01 
9.996296e+01 
9.993210e+01 
9.988086e+01 
9.980225e+01 
9.969425e+01 
9.956746e+01 
9.945196e+01 
9.939713e+01 
9.945941e+01 
9.968058e+01 
1.000703e+02 
1.006036e+02 
1.012309e+02 
1.019891e+02 
1.029557e+02 
1.041426e+02 
1.055325e+02 
1.070634e+02 
1.086196e+02 
1.100360e+02 
1.111247e+02 
1.117186e+02 
1.117186e+02 
1.111247e+02 
1.100360e+02 
1.086196e+02 
1.070634e+02 
1.055325e+02 
1.041426e+02 
1.029557e+02 
1.019891e+02 
1.012309e+02 
1.006036e+02 
1.000703e+02 
9.968058e+01 
9.945941e+01 
9.939713e+01 
9.945196e+01 
9.956746e+01 
9.969425e+01 
9.980225e+01 
9.988086e+01 
9.993210e+01 
9.996296e+01 
9.998054e+01 
9.999013e+01 
9.999519e+01 
9.999781e+01 
9.999912e+01 
9.999973e+01 
9.999996e+01 
1.000000e+02 
1.000000e+02 
1.000000e+02 
1.000000e+02 

1.000000e+02 
1.000000e+02 
1.000000e+02 
1.000000e+02 
9.999996e+01 
9.999973e+01 
9.999912e+01 
9.999782e+01 
9.999522e+01 
9.999023e+01 
9.998087e+01 
9.996393e+01 
9.993480e+01 
9.988791e+01 
9.981941e+01 
9.973255e+01 
9.964480e+01 
9.959183e+01 
9.962248e+01 
9.978254e+01 
1.000945e+02 
1.005474e+02 
1.011022e+02 
1.017064e+02 
1.023908e+02 
1.032150e+02 
1.041729e+02 
1.052370e+02 
1.063532e+02 
1.074399e+02 
1.083943e+02 
1.091086e+02 
1.094919e+02 
1.094919e+02 
1.091086e+02 
1.083943e+02 
1.074399e+02 
1.063532e+02 
1.052370e+02 
1.041729e+02 
1.032150e+02 
1.023908e+02 
1.017064e+02 
1.011022e+02 
1.005474e+02 
1.000945e+02 
9.978254e+01 
9.962248e+01 
9.959183e+01 
9.964480e+01 
9.973255e+01 
9.981941e+01 
9.988791e+01 
9.993480e+01 
9.996393e+01 
9.998087e+01 
9.999023e+01 
9.999522e+01 
9.999782e+01 
9.999912e+01 
9.999973e+01 
9.999996e+01 
1.000000e+02 
1.000000e+02 
1.000000e+02 
1.000000e+02 

1.000000e+02 
1.000000e+02 
1.000000e+02 
1.000000e+02 
9.999996e+01 
9.999973e+01 
9.999912e+01 
9.999783e+01 
9.999527e+01 
9.999038e+01 
9.998132e+01 
9.996526e+01 
9.993845e+01 
9.989728e+01 
9.984155e+01 
9.978007e+01 
9.973605e+01 
9.974701e+01 
9.985487e+01 
1.000884e+02 
1.004483e+02 
1.009066e+02 
1.014191e+02 
1.019395e+02 
1.024938e+02 
1.031263e+02 
1.038235e+02 
1.045603e+02 
1.052986e+02 
1.059889e+02 
1.065755e+02 
1.070037e+02 
1.072300e+02 
1.072300e+02 
1.070037e+02 
1.065755e+02 
1.059889e+02 
1.052986e+02 
1.045603e+02 
1.038235e+02 
1.031263e+02 
1.024938e+02 
1.019395e+02 
1.014191e+02 
1.009066e+02 
1.004483e+02 
1.000884e+02 
9.985487e+01 
9.974701e+01 
9.973605e+01 
9.978007e+01 
9.984155e+01 
9.989728e+01 
9.993845e+01 
9.996526e+01 
9.998132e+01 
9.999038e+01 
9.999527e+01 
9.999783e+01 
9.999912e+01 
9.999973e+01 
9.999996e+01 
1.000000e+02 
1.000000e+02 
1.000000e+02 
1.000000e+02 

1.000000e+02 
1.000000e+02 
1.000000e+02 
1.000000e+02 
9.999996e+01 
9.999973e+01 
9.999913e+01 
9.999785e+01 
9.999533e+01 
9.999059e+01 
9.998196e+01 
9.996710e+01 
9.994339e+01 
9.990955e+01 
9.986936e+01 
9.983658e+01 
9.983735e+01 
9.990540e+01 
1.000691e+02 
1.003367e+02 
1.006909e+02 
1.010962e+02 
1.015136e+02 
1.019105e+02 
1.023096e+02 
1.027423e+02 
1.031968e+02 
1.036557e+02 
1.040968e+02 
1.044947e+02 
1.048230e+02 
1.050575e+02 
1.051798e+02 
1.051798e+02 
1.050575e+02 
1.048230e+02 
1.044947e+02 
1.040968e+02 
1.036557e+02 
1.031968e+02 
1.027423e+02 
1.023096e+02 
1.019105e+02 
1.015136e+02 
1.010962e+02 
1.006909e+02 
1.003367e+02 
1.000691e+02 
9.990540e+01 
9.983735e+01 
9.983658e+01 
9.986936e+01 
9.990955e+01 
9.994339e+01 
9.996710e+01 
9.998196e+01 
9.999059e+01 
9.999533e+01 
9.999785e+01 
9.999913e+01 
9.999973e+01 
9.999996e+01 
1.000000e+02 
1.000000e+02 
1.000000e+02 
1.000000e+02 

1.000000e+02 
1.000000e+02 
1.000000e+02 
1.000000e+02 
9.999997e+01 
9.999973e+01 
9.999914e+01 
9.999787e+01 
9.999542e+01 
9.999088e+01 
9.998286e+01 
9.996961e+01 
9.994993e+01 
9.992513e+01 
9.990269e+01 
9.989940e+01 
9.993982e+01 
1.000478e+02 
1.002344e+02 
1.004907e+02 
1.007907e+02 
1.011027e+02 
1.014005e+02 
1.016670e+02 
1.019212e+02 
1.021845e+02 
1.024494e+02 
1.027064e+02 
1.029449e+02 
1.031535e+02 
1.033214e+02 
1.034392e+02 
1.034999e+02 
1.034999e+02 
1.034392e+02 
1.033214e+02 
1.031535e+02 
1.029449e+02 
1.027064e+02 
1.024494e+02 
1.021845e+02 
1.019212e+02 
1.016670e+02 
1.014005e+02 
1.011027e+02 
1.007907e+02 
1.004907e+02 
1.002344e+02 
1.000478e+02 
9.993982e+01 
9.989940e+01 
9.990269e+01 
9.992513e+01 
9.994993e+01 
9.996961e+01 
9.998286e+01 
9.999088e+01 
9.999542e+01 
9.999787e+01 
9.999914e+01 
9.999973e+01 
9.999997e+01 
1.000000e+02 
1.000000e+02 
1.000000e+02 
1.000000e+02 

1.000000e+02 
1.000000e+02 
1.000000e+02 
1.000000e+02 
9.999997e+01 
9.999973e+01 
9.999915e+01 
9.999791e+01 
9.999555e+01 
9.999130e+01 
9.998409e+01 
9.997298e+01 
9.995832e+01 
9.994393e+01 
9.993981e+01 
9.996247e+01 
1.000299e+02 
1.001526e+02 
1.003269e+02 
1.005351e+02 
1.007538e+02 
1.009626e+02 
1.011485e+02 
1.013061e+02 
1.014497e+02 
1.015928e+02 
1.017315e+02 
1.018618e+02 
1.019791e+02 
1.020793e+02 
1.021584e+02 
1.022131e+02 
1.022410e+02 
1.022410e+02 
1.022131e+02 
1.021584e+02 
1.020793e+02 
1.019791e+02 
1.018618e+02 
1.017315e+02 
1.015928e+02 
1.014497e+02 
1.013061e+02 
1.011485e+02 
1.009626e+02 
1.007538e+02 
1.005351e+02 
1.003269e+02 
1.001526e+02 
1.000299e+02 
9.996247e+01 
9.993981e+01 
9.994393e+01 
9.995832e+01 
9.997298e+01 
9.998409e+01 
9.999130e+01 
9.999555e+01 
9.999791e+01 
9.999915e+01 
9.999973e+01 
9.999997e+01 
1.000000e+02 
1.000000e+02 
1.000000e+02 
1.000000e+02 

1.000000e+02 
1.000000e+02 
1.000000e+02 
1.000000e+02 
9.999997e+01 
9.999974e+01 
9.999916e+01 
9.999797e+01 
9.999574e+01 
9.999188e+01 
9.998576e+01 
9.997734e+01 
9.996852e+01 
9.996494e+01 
9.997690e+01 
1.000169e+02 
1.000935e+02 
1.002054e+02 
1.003416e+02 
1.004860e+02 
1.006237e+02 
1.007455e+02 
1.008477e+02 
1.009305e+02 
1.010030e+02 
1.010730e+02 
1.011390e+02 
1.011993e+02 
1.012525e+02 
1.012970e+02 
1.013316e+02 
1.013552e+02 
1.013673e+02 
1.013673e+02 
1.013552e+02 
1.013316e+02 
1.012970e+02 
1.012525e+02 
1.011993e+02 
1.011390e+02 
1.010730e+02 
1.010030e+02 
1.009305e+02 
1.008477e+02 
1.007455e+02 
1.006237e+02 
1.004860e+02 
1.003416e+02 
1.002054e+02 
1.000935e+02 
1.000169e+02 
9.997690e+01 
9.996494e+01 
9.996852e+01 
9.997734e+01 
9.998576e+01 
9.999188e+01 
9.999574e+01 
9.999797e+01 
9.999916e+01 
9.999974e+01 
9.999997e+01 
1.000000e+02 
1.000000e+02 
1.000000e+02 
1.000000e+02 

1.000000e+02 
1.000000e+02 
1.000000e+02 
1.000000e+02 
9.999997e+01 
9.999974e+01 
9.999918e+01 
9.999804e+01 
9.999600e+01 
9.999267e+01 
9.998793e+01 
9.998267e+01 
9.997996e+01 
9.998588e+01 
1.000085e+02 
1.000539e+02 
1.001223e+02 
1.002068e+02 
1.002969e+02 
1.003828e+02 
1.004583e+02 
1.005208e+02 
1.005708e+02 
1.006098e+02 
1.006430e+02 
1.006742e+02 
1.007030e+02 
1.007289e+02 
1.007512e+02 
1.007697e+02 
1.007839e+02 
1.007935e+02 
1.007984e+02 
1.007984e+02 
1.007935e+02 
1.007839e+02 
1.007697e+02 
1.007512e+02 
1.007289e+02 
1.007030e+02 
1.006742e+02 
1.006430e+02 
1.006098e+02 
1.005708e+02 
1.005208e+02 
1.004583e+02 
1.003828e+02 
1.002969e+02 
1.002068e+02 
1.001223e+02 
1.000539e+02 
1.000085e+02 
9.998588e+01 
9.997996e+01 
9.998267e+01 
9.998793e+01 
9.999267e+01 
9.999600e+01 
9.999804e+01 
9.999918e+01 
9.999974e+01 
9.999997e+01 
1.000000e+02 
1.000000e+02 
1.000000e+02 
1.000000e+02 

1.000000e+02 
1.000000e+02 
1.000000e+02 
1.000000e+02 
9.999997e+01 
9.999975e+01 
9.999921e+01 
9.999815e+01 
9.999636e+01 
9.999372e+01 
9.999062e+01 
9.998867e+01 
9.999133e+01 
1.000034e+02 
1.000291e+02 
1.000690e+02 
1.001189e+02 
1.001725e+02 
1.002235e+02 
1.002679e+02 
1.003044e+02 
1.003331e+02 
1.003552e+02 
1.003719e+02 
1.003859e+02 
1.003988e+02 
1.004104e+02 
1.004208e+02 
1.004296e+02 
1.004368e+02 
1.004424e+02 
1.004461e+02 
1.004479e+02 
1.004479e+02 
1.004461e+02 
1.004424e+02 
1.004368e+02 
1.004296e+02 
1.004208e+02 
1.004104e+02 
1.003988e+02 
1.003859e+02 
1.003719e+02 
1.003552e+02 
1.003331e+02 
1.003044e+02 
1.002679e+02 
1.002235e+02 
1.001725e+02 
1.001189e+02 
1.000690e+02 
1.000291e+02 
1.000034e+02 
9.999133e+01 
9.998867e+01 
9.999062e+01 
9.999372e+01 
9.999636e+01 
9.999815e+01 
9.999921e+01 
9.999975e+01 
9.999997e+01 
1.000000e+02 
1.000000e+02 
1.000000e+02 
1.000000e+02 

1.000000e+02 
1.000000e+02 
1.000000e+02 
1.000000e+02 
9.999997e+01 
9.999976e+01 
9.999925e+01 
9.999831e+01 
9.999684e+01 
9.999501e+01 
9.999363e+01 
9.999461e+01 
1.000007e+02 
1.000146e+02 
1.000367e+02 
1.000649e+02 
1.000954e+02 
1.001243e+02 
1.001494e+02 
1.001697e+02 
1.001856e+02 
1.001975e+02 
1.002065e+02 
1.002132e+02 
1.002186e+02 
1.002236e+02 
1.002281e+02 
1.002320e+02 
1.002353e+02 
1.002380e+02 
1.002400e+02 
1.002414e+02 
1.002421e+02 
1.002421e+02 
1.002414e+02 
1.002400e+02 
1.002380e+02 
1.002353e+02 
1.002320e+02 
1.002281e+02 
1.002236e+02 
1.002186e+02 
1.002132e+02 
1.002065e+02 
1.001975e+02 
1.001856e+02 
1.001697e+02 
1.001494e+02 
1.001243e+02 
1.000954e+02 
1.000649e+02 
1.000367e+02 
1.000146e+02 
1.000007e+02 
9.999461e+01 
9.999363e+01 
9.999501e+01 
9.999684e+01 
9.999831e+01 
9.999925e+01 
9.999976e+01 
9.999997e+01 
1.000000e+02 
1.000000e+02 
1.000000e+02 
1.000000e+02 

1.000000e+02 
1.000000e+02 
1.000000e+02 
1.000000e+02 
9.999997e+01 
9.999977e+01 
9.999931e+01 
9.999851e+01 
9.999743e+01 
9.999646e+01 
9.999660e+01 
9.999944e+01 
1.000065e+02 
1.000182e+02 
1.000335e+02 
1.000500e+02 
1.000658e+02 
1.000794e+02 
1.000903e+02 
1.000987e+02 
1.001050e+02 
1.001096e+02 
1.001130e+02 
1.001155e+02 
1.001175e+02 
1.001193e+02 
1.001210e+02 
1.001224e+02 
1.001236e+02 
1.001245e+02 
1.001252e+02 
1.001257e+02 
1.001260e+02 
1.001260e+02 
1.001257e+02 
1.001252e+02 
1.001245e+02 
1.001236e+02 
1.001224e+02 
1.001210e+02 
1.001193e+02 
1.001175e+02 
1.001155e+02 
1.001130e+02 
1.001096e+02 
1.001050e+02 
1.000987e+02 
1.000903e+02 
1.000794e+02 
1.000658e+02 
1.000500e+02 
1.000335e+02 
1.000182e+02 
1.000065e+02 
9.999944e+01 
9.999660e+01 
9.999646e+01 
9.999743e+01 
9.999851e+01 
9.999931e+01 
9.999977e+01 
9.999997e+01 
1.000000e+02 
1.000000e+02 
1.000000e+02 
1.000000e+02 

1.000000e+02 
1.000000e+02 
1.000000e+02 
1.000000e+02 
9.999997e+01 
9.999979e+01 
9.999939e+01 
9.999876e+01 
9.999809e+01 
9.999788e+01 
9.999900e+01 
1.000023e+02 
1.000082e+02 
1.000160e+02 
1.000246e+02 
1.000329e+02 
1.000399e+02 
1.000456e+02 
1.000499e+02 
1.000531e+02 
1.000554e+02 
1.000571e+02 
1.000583e+02 
1.000592e+02 
1.000599e+02 
1.000605e+02 
1.000610e+02 
1.000615e+02 
1.000619e+02 
1.000623e+02 
1.000625e+02 
1.000627e+02 
1.000628e+02 
1.000628e+02 
1.000627e+02 
1.000625e+02 
1.000623e+02 
1.000619e+02 
1.000615e+02 
1.000610e+02 
1.000605e+02 
1.000599e+02 
1.000592e+02 
1.000583e+02 
1.000571e+02 
1.000554e+02 
1.000531e+02 
1.000499e+02 
1.000456e+02 
1.000399e+02 
1.000329e+02 
1.000246e+02 
1.000160e+02 
1.000082e+02 
1.000023e+02 
9.999900e+01 
9.999788e+01 
9.999809e+01 
9.999876e+01 
9.999939e+01 
9.999979e+01 
9.999997e+01 
1.000000e+02 
1.000000e+02 
1.000000e+02 
1.000000e+02 

1.000000e+02 
1.000000e+02 
1.000000e+02 
1.000000e+02 
9.999997e+01 
9.999981e+01 
9.999949e+01 
9.999905e+01 
9.999875e+01 
9.999904e+01 
1.000004e+02 
1.000031e+02 
1.000069e+02 
1.000111e+02 
1.000152e+02 
1.000187e+02 
1.000215e+02 
1.000236e+02 
1.000251e+02 
1.000262e+02 
1.000270e+02 
1.000276e+02 
1.000280e+02 
1.000283e+02 
1.000285e+02 
1.000287e+02 
1.000289e+02 
1.000291e+02 
1.000292e+02 
1.000293e+02 
1.000294e+02 
1.000294e+02 
1.000295e+02 
1.000295e+02 
1.000294e+02 
1.000294e+02 
1.000293e+02 
1.000292e+02 
1.000291e+02 
1.000289e+02 
1.000287e+02 
1.000285e+02 
1.000283e+02 
1.000280e+02 
1.000276e+02 
1.000270e+02 
1.000262e+02 
1.000251e+02 
1.000236e+02 
1.000215e+02 
1.000187e+02 
1.000152e+02 
1.000111e+02 
1.000069e+02 
1.000031e+02 
1.000004e+02 
9.999904e+01 
9.999875e+01 
9.999905e+01 
9.999949e+01 
9.999981e+01 
9.999997e+01 
1.000000e+02 
1.000000e+02 
1.000000e+02 
1.000000e+02 

1.000000e+02 
1.000000e+02 
1.000000e+02 
1.000000e+02 
9.999998e+01 
9.999984e+01 
9.999960e+01 
9.999934e+01 
9.999929e+01 
9.999972e+01 
1.000008e+02 
1.000025e+02 
1.000044e+02 
1.000062e+02 
1.000079e+02 
1.000092e+02 
1.000101e+02 
1.000108e+02 
1.000113e+02 
1.000117e+02 
1.000120e+02 
1.000121e+02 
1.000123e+02 
1.000123e+02 
1.000124e+02 
1.000125e+02 
1.000125e+02 
1.000126e+02 
1.000126e+02 
1.000127e+02 
1.000127e+02 
1.000127e+02 
1.000127e+02 
1.000127e+02 
1.000127e+02 
1.000127e+02 
1.000127e+02 
1.000126e+02 
1.000126e+02 
1.000125e+02 
1.000125e+02 
1.000124e+02 
1.000123e+02 
1.000123e+02 
1.000121e+02 
1.000120e+02 
1.000117e+02 
1.000113e+02 
1.000108e+02 
1.000101e+02 
1.000092e+02 
1.000079e+02 
1.000062e+02 
1.000044e+02 
1.000025e+02 
1.000008e+02 
9.999972e+01 
9.999929e+01 
9.999934e+01 
9.999960e+01 
9.999984e+01 
9.999998e+01 
1.000000e+02 
1.000000e+02 
1.000000e+02 
1.000000e+02 

1.000000e+02 
1.000000e+02 
1.000000e+02 
1.000000e+02 
9.999998e+01 
9.999988e+01 
9.999971e+01 
9.999958e+01 
9.999962e+01 
9.999995e+01 
1.000006e+02 
1.000013e+02 
1.000021e+02 
1.000028e+02 
1.000033e+02 
1.000037e+02 
1.000040e+02 
1.000042e+02 
1.000044e+02 
1.000045e+02 
1.000046e+02 
1.000046e+02 
1.000046e+02 
1.000047e+02 
1.000047e+02 
1.000047e+02 
1.000047e+02 
1.000047e+02 
1.000048e+02 
1.000048e+02 
1.000048e+02 
1.000048e+02 
1.000048e+02 
1.000048e+02 
1.000048e+02 
1.000048e+02 
1.000048e+02 
1.000048e+02 
1.000047e+02 
1.000047e+02 
1.000047e+02 
1.000047e+02 
1.000047e+02 
1.000046e+02 
1.000046e+02 
1.000046e+02 
1.000045e+02 
1.000044e+02 
1.000042e+02 
1.000040e+02 
1.000037e+02 
1.000033e+02 
1.000028e+02 
1.000021e+02 
1.000013e+02 
1.000006e+02 
9.999995e+01 
9.999962e+01 
9.999958e+01 
9.999971e+01 
9.999988e+01 
9.999998e+01 
1.000000e+02 
1.000000e+02 
1.000000e+02 
1.000000e+02 

1.000000e+02 
1.000000e+02 
1.000000e+02 
1.000000e+02 
9.999999e+01 
9.999991e+01 
9.999981e+01 
9.999974e+01 
9.999976e+01 
9.999991e+01 
1.000001e+02 
1.000004e+02 
1.000006e+02 
1.000008e+02 
1.000010e+02 
1.000011e+02 
1.000012e+02 
1.000012e+02 
1.000013e+02 
1.000013e+02 
1.000013e+02 
1.000013e+02 
1.000013e+02 
1.000013e+02 
1.000013e+02 
1.000013e+02 
1.000013e+02 
1.000013e+02 
1.000014e+02 
1.000014e+02 
1.000014e+02 
1.000014e+02 
1.000014e+02 
1.000014e+02 
1.000014e+02 
1.000014e+02 
1.000014e+02 
1.000014e+02 
1.000013e+02 
1.000013e+02 
1.000013e+02 
1.000013e+02 
1.000013e+02 
1.000013e+02 
1.000013e+02 
1.000013e+02 
1.000013e+02 
1.000013e+02 
1.000012e+02 
1.000012e+02 
1.000011e+02 
1.000010e+02 
1.000008e+02 
1.000006e+02 
1.000004e+02 
1.000001e+02 
9.999991e+01 
9.999976e+01 
9.999974e+01 
9.999981e+01 
9.999991e+01 
9.999999e+01 
1.000000e+02 
1.000000e+02 
1.000000e+02 
1.000000e+02 

1.000000e+02 
1.000000e+02 
1.000000e+02 
1.000000e+02 
9.999999e+01 
9.999995e+01 
9.999988e+01 
9.999983e+01 
9.999982e+01 
9.999985e+01 
9.999989e+01 
9.999995e+01 
9.999999e+01 
1.000000e+02 
1.000001e+02 
1.000001e+02 
1.000001e+02 
1.000001e+02 
1.000001e+02 
1.000001e+02 
1.000001e+02 
1.000001e+02 
1.000001e+02 
1.000001e+02 
1.000001e+02 
1.000001e+02 
1.000001e+02 
1.000001e+02 
1.000001e+02 
1.000001e+02 
1.000001e+02 
1.000001e+02 
1.000001e+02 
1.000001e+02 
1.000001e+02 
1.000001e+02 
1.000001e+02 
1.000001e+02 
1.000001e+02 
1.000001e+02 
1.000001e+02 
1.000001e+02 
1.000001e+02 
1.000001e+02 
1.000001e+02 
1.000001e+02 
1.000001e+02 
1.000001e+02 
1.000001e+02 
1.000001e+02 
1.000001e+02 
1.000001e+02 
1.000000e+02 
9.999999e+01 
9.999995e+01 
9.999989e+01 
9.999985e+01 
9.999982e+01 
9.999983e+01 
9.999988e+01 
9.999995e+01 
9.999999e+01 
1.000000e+02 
1.000000e+02 
1.000000e+02 
1.000000e+02 

1.000000e+02 
1.000000e+02 
1.000000e+02 
1.000000e+02 
1.000000e+02 
9.999997e+01 
9.999993e+01 
9.999989e+01 
9.999987e+01 
9.999985e+01 
9.999984e+01 
9.999984e+01 
9.999984e+01 
9.999984e+01 
9.999984e+01 
9.999984e+01 
9.999984e+01 
9.999984e+01 
9.999984e+01 
9.999984e+01 
9.999984e+01 
9.999984e+01 
9.999984e+01 
9.999984e+01 
9.999984e+01 
9.999984e+01 
9.999984e+01 
9.999984e+01 
9.999984e+01 
9.999984e+01 
9.999984e+01 
9.999984e+01 
9.999984e+01 
9.999984e+01 
9.999984e+01 
9.999984e+01 
9.999984e+01 
9.999984e+01 
9.999984e+01 
9.999984e+01 
9.999984e+01 
9.999984e+01 
9.999984e+01 
9.999984e+01 
9.999984e+01 
9.999984e+01 
9.999984e+01 
9.999984e+01 
9.999984e+01 
9.999984e+01 
9.999984e+01 
9.999984e+01 
9.999984e+01 
9.999984e+01 
9.999984e+01 
9.999984e+01 
9.999985e+01 
9.999987e+01 
9.999989e+01 
9.999993e+01 
9.999997e+01 
1.000000e+02 
1.000000e+02 
1.000000e+02 
1.000000e+02 
1.000000e+02 

1.000000e+02 
1.000000e+02 
1.000000e+02 
1.000000e+02 
1.000000e+02 
9.999999e+01 
9.999997e+01 
9.999995e+01 
9.999993e+01 
9.999991e+01 
9.999990e+01 
9.999990e+01 
9.999989e+01 
9.999989e+01 
9.999989e+01 
9.999988e+01 
9.999988e+01 
9.999988e+01 
9.999988e+01 
9.999988e+01 
9.999988e+01 
9.999988e+01 
9.999988e+01 
9.999988e+01 
9.999988e+01 
9.999988e+01 
9.999988e+01 
9.999988e+01 
9.999988e+01 
9.999988e+01 
9.999988e+01 
9.999988e+01 
9.999988e+01 
9.999988e+01 
9.999988e+01 
9.999988e+01 
9.999988e+01 
9.999988e+01 
9.999988e+01 
9.999988e+01 
9.999988e+01 
9.999988e+01 
9.999988e+01 
9.999988e+01 
9.999988e+01 
9.999988e+01 
9.999988e+01 
9.999988e+01 
9.999988e+01 
9.999988e+01 
9.999988e+01 
9.999989e+01 
9.999989e+01 
9.999989e+01 
9.999990e+01 
9.999990e+01 
9.999991e+01 
9.999993e+01 
9.999995e+01 
9.999997e+01 
9.999999e+01 
1.000000e+02 
1.000000e+02 
1.000000e+02 
1.000000e+02 
1.000000e+02 

1.000000e+02 
1.000000e+02 
1.000000e+02 
1.000000e+02 
1.000000e+02 
1.000000e+02 
9.999999e+01 
9.999998e+01 
9.999998e+01 
9.999997e+01 
9.999997e+01 
9.999996e+01 
9.999996e+01 
9.999996e+01 
9.999996e+01 
9.999996e+01 
9.999996e+01 
9.999996e+01 
9.999996e+01 
9.999996e+01 
9.999996e+01 
9.999996e+01 
9.999996e+01 
9.999996e+01 
9.999996e+01 
9.999996e+01 
9.999996e+01 
9.999996e+01 
9.999996e+01 
9.999996e+01 
9.999996e+01 
9.999996e+01 
9.999996e+01 
9.999996e+01 
9.999996e+01 
9.999996e+01 
9.999996e+01 
9.999996e+01 
9.999996e+01 
9.999996e+01 
9.999996e+01 
9.999996e+01 
9.999996e+01 
9.999996e+01 
9.999996e+01 
9.999996e+01 
9.999996e+01 
9.999996e+01 
9.999996e+01 
9.999996e+01 
9.999996e+01 
9.999996e+01 
9.999996e+01 
9.999996e+01 
9.999996e+01 
9.999997e+01 
9.999997e+01 
9.999998e+01 
9.999998e+01 
9.999999e+01 
1.000000e+02 
1.000000e+02 
1.000000e+02 
1.000000e+02 
1.000000e+02 
1.000000e+02 

1.000000e+02 
1.000000e+02 
1.000000e+02 
1.000000e+02 
1.000000e+02 
1.000000e+02 
1.000000e+02 
1.000000e+02 
1.000000e+02 
1.000000e+02 
1.000000e+02 
1.000000e+02 
1.000000e+02 
1.000000e+02 
1.000000e+02 
1.000000e+02 
1.000000e+02 
1.000000e+02 
1.000000e+02 
1.000000e+02 
1.000000e+02 
1.000000e+02 
1.000000e+02 
1.000000e+02 
1.000000e+02 
1.000000e+02 
1.000000e+02 
1.000000e+02 
1.000000e+02 
1.000000e+02 
1.000000e+02 
1.000000e+02 
1.000000e+02 
1.000000e+02 
1.000000e+02 
1.000000e+02 
1.000000e+02 
1.000000e+02 
1.000000e+02 
1.000000e+02 
1.000000e+02 
1.000000e+02 
1.000000e+02 
1.000000e+02 
1.000000e+02 
1.000000e+02 
1.000000e+02 
1.000000e+02 
1.000000e+02 
1.000000e+02 
1.000000e+02 
1.000000e+02 
1.000000e+02 
1.000000e+02 
1.000000e+02 
1.000000e+02 
1.000000e+02 
1.000000e+02 
1.000000e+02 
1.000000e+02 
1.000000e+02 
1.000000e+02 
1.000000e+02 
1.000000e+02 
1.000000e+02 
1.000000e+02 

1.000000e+02 
1.000000e+02 
1.000000e+02 
1.000000e+02 
1.000000e+02 
1.000000e+02 
1.000000e+02 
1.000000e+02 
1.000000e+02 
1.000000e+02 
1.000000e+02 
1.000000e+02 
1.000000e+02 
1.000000e+02 
1.000000e+02 
1.000000e+02 
1.000000e+02 
1.000000e+02 
1.000000e+02 
1.000000e+02 
1.000000e+02 
1.000000e+02 
1.000000e+02 
1.000000e+02 
1.000000e+02 
1.000000e+02 
1.000000e+02 
1.000000e+02 
1.000000e+02 
1.000000e+02 
1.000000e+02 
1.000000e+02 
1.000000e+02 
1.000000e+02 
1.000000e+02 
1.000000e+02 
1.000000e+02 
1.000000e+02 
1.000000e+02 
1.000000e+02 
1.000000e+02 
1.000000e+02 
1.000000e+02 
1.000000e+02 
1.000000e+02 
1.000000e+02 
1.000000e+02 
1.000000e+02 
1.000000e+02 
1.000000e+02 
1.000000e+02 
1.000000e+02 
1.000000e+02 
1.000000e+02 
1.000000e+02 
1.000000e+02 
1.000000e+02 
1.000000e+02 
1.000000e+02 
1.000000e+02 
1.000000e+02 
1.000000e+02 
1.000000e+02 
1.000000e+02 
1.000000e+02 
1.000000e+02 

1.000000e+02 
1.000000e+02 
1.000000e+02 
1.000000e+02 
1.000000e+02 
1.000000e+02 
1.000000e+02 
1.000000e+02 
1.000000e+02 
1.000000e+02 
1.000000e+02 
1.000000e+02 
1.000000e+02 
1.000000e+02 
1.000000e+02 
1.000000e+02 
1.000000e+02 
1.000000e+02 
1.000000e+02 
1.000000e+02 
1.000000e+02 
1.000000e+02 
1.000000e+02 
1.000000e+02 
1.000000e+02 
1.000000e+02 
1.000000e+02 
1.000000e+02 
1.000000e+02 
1.000000e+02 
1.000000e+02 
1.000000e+02 
1.000000e+02 
1.000000e+02 
1.000000e+02 
1.000000e+02 
1.000000e+02 
1.000000e+02 
1.000000e+02 
1.000000e+02 
1.000000e+02 
1.000000e+02 
1.000000e+02 
1.000000e+02 
1.000000e+02 
1.000000e+02 
1.000000e+02 
1.000000e+02 
1.000000e+02 
1.000000e+02 
1.000000e+02 
1.000000e+02 
1.000000e+02 
1.000000e+02 
1.000000e+02 
1.000000e+02 
1.000000e+02 
1.000000e+02 
1.000000e+02 
1.000000e+02 
1.000000e+02 
1.000000e+02 
1.000000e+02 
1.000000e+02 
1.000000e+02 
1.000000e+02 

