1.000000e+02 
1.000000e+02 
1.000000e+02 
1.000000e+02 
1.000000e+02 
1.000000e+02 
1.000000e+02 
1.000000e+02 
1.000000e+02 
1.000000e+02 
1.000000e+02 
1.000000e+02 
1.000000e+02 
1.000000e+02 
1.000000e+02 
1.000000e+02 
1.000000e+02 
1.000000e+02 
1.000000e+02 
1.000000e+02 
1.000000e+02 
1.000000e+02 
1.000000e+02 
1.000000e+02 
1.000000e+02 
1.000000e+02 
1.000000e+02 
1.000000e+02 
1.000000e+02 
1.000000e+02 
1.000000e+02 
1.000000e+02 
1.000000e+02 
1.000000e+02 
1.000000e+02 
1.000000e+02 
1.000000e+02 
1.000000e+02 
1.000000e+02 
1.000000e+02 
1.000000e+02 
1.000000e+02 
1.000000e+02 
1.000000e+02 
1.000000e+02 
1.000000e+02 
1.000000e+02 
1.000000e+02 
1.000000e+02 
1.000000e+02 
1.000000e+02 
1.000000e+02 
1.000000e+02 
1.000000e+02 
1.000000e+02 
1.000000e+02 
1.000000e+02 
1.000000e+02 
1.000000e+02 
1.000000e+02 
1.000000e+02 
1.000000e+02 
1.000000e+02 
1.000000e+02 
1.000000e+02 
1.000000e+02 

1.000000e+02 
1.000000e+02 
1.000000e+02 
1.000000e+02 
1.000000e+02 
1.000000e+02 
1.000000e+02 
1.000000e+02 
1.000000e+02 
1.000000e+02 
1.000000e+02 
1.000000e+02 
1.000000e+02 
1.000000e+02 
1.000000e+02 
1.000000e+02 
1.000000e+02 
1.000000e+02 
1.000000e+02 
1.000000e+02 
1.000000e+02 
1.000000e+02 
1.000000e+02 
1.000000e+02 
1.000000e+02 
1.000000e+02 
1.000000e+02 
1.000000e+02 
1.000000e+02 
1.000000e+02 
1.000000e+02 
1.000000e+02 
1.000000e+02 
1.000000e+02 
1.000000e+02 
1.000000e+02 
1.000000e+02 
1.000000e+02 
1.000000e+02 
1.000000e+02 
1.000000e+02 
1.000000e+02 
1.000000e+02 
1.000000e+02 
1.000000e+02 
1.000000e+02 
1.000000e+02 
1.000000e+02 
1.000000e+02 
1.000000e+02 
1.000000e+02 
1.000000e+02 
1.000000e+02 
1.000000e+02 
1.000000e+02 
1.000000e+02 
1.000000e+02 
1.000000e+02 
1.000000e+02 
1.000000e+02 
1.000000e+02 
1.000000e+02 
1.000000e+02 
1.000000e+02 
1.000000e+02 
1.000000e+02 

1.000000e+02 
1.000000e+02 
1.000000e+02 
1.000000e+02 
1.000000e+02 
1.000000e+02 
1.000000e+02 
1.000000e+02 
1.000000e+02 
1.000000e+02 
1.000000e+02 
1.000000e+02 
1.000000e+02 
1.000000e+02 
1.000000e+02 
1.000000e+02 
1.000000e+02 
1.000000e+02 
1.000000e+02 
1.000000e+02 
1.000000e+02 
1.000000e+02 
1.000000e+02 
1.000000e+02 
1.000000e+02 
1.000000e+02 
1.000000e+02 
1.000000e+02 
1.000000e+02 
1.000000e+02 
1.000000e+02 
1.000000e+02 
1.000000e+02 
1.000000e+02 
1.000000e+02 
1.000000e+02 
1.000000e+02 
1.000000e+02 
1.000000e+02 
1.000000e+02 
1.000000e+02 
1.000000e+02 
1.000000e+02 
1.000000e+02 
1.000000e+02 
1.000000e+02 
1.000000e+02 
1.000000e+02 
1.000000e+02 
1.000000e+02 
1.000000e+02 
1.000000e+02 
1.000000e+02 
1.000000e+02 
1.000000e+02 
1.000000e+02 
1.000000e+02 
1.000000e+02 
1.000000e+02 
1.000000e+02 
1.000000e+02 
1.000000e+02 
1.000000e+02 
1.000000e+02 
1.000000e+02 
1.000000e+02 

1.000000e+02 
1.000000e+02 
1.000000e+02 
1.000000e+02 
1.000000e+02 
1.000000e+02 
1.000000e+02 
1.000000e+02 
1.000000e+02 
1.000000e+02 
1.000000e+02 
1.000000e+02 
1.000000e+02 
1.000000e+02 
1.000000e+02 
1.000000e+02 
1.000000e+02 
1.000000e+02 
1.000000e+02 
1.000000e+02 
1.000000e+02 
1.000000e+02 
1.000000e+02 
1.000000e+02 
1.000000e+02 
1.000000e+02 
1.000000e+02 
1.000000e+02 
1.000000e+02 
1.000000e+02 
1.000000e+02 
1.000000e+02 
1.000000e+02 
1.000000e+02 
1.000000e+02 
1.000000e+02 
1.000000e+02 
1.000000e+02 
1.000000e+02 
1.000000e+02 
1.000000e+02 
1.000000e+02 
1.000000e+02 
1.000000e+02 
1.000000e+02 
1.000000e+02 
1.000000e+02 
1.000000e+02 
1.000000e+02 
1.000000e+02 
1.000000e+02 
1.000000e+02 
1.000000e+02 
1.000000e+02 
1.000000e+02 
1.000000e+02 
1.000000e+02 
1.000000e+02 
1.000000e+02 
1.000000e+02 
1.000000e+02 
1.000000e+02 
1.000000e+02 
1.000000e+02 
1.000000e+02 
1.000000e+02 

1.000000e+02 
1.000000e+02 
1.000000e+02 
1.000000e+02 
1.000000e+02 
1.000000e+02 
1.000000e+02 
1.000000e+02 
1.000000e+02 
1.000000e+02 
1.000000e+02 
1.000000e+02 
1.000000e+02 
1.000000e+02 
1.000000e+02 
1.000000e+02 
1.000000e+02 
1.000000e+02 
1.000000e+02 
1.000000e+02 
1.000000e+02 
1.000000e+02 
1.000000e+02 
1.000000e+02 
1.000000e+02 
1.000000e+02 
1.000000e+02 
1.000000e+02 
1.000000e+02 
1.000000e+02 
1.000000e+02 
1.000000e+02 
1.000000e+02 
1.000000e+02 
1.000000e+02 
1.000000e+02 
1.000000e+02 
1.000000e+02 
1.000000e+02 
1.000000e+02 
1.000000e+02 
1.000000e+02 
1.000000e+02 
1.000000e+02 
1.000000e+02 
1.000000e+02 
1.000000e+02 
1.000000e+02 
1.000000e+02 
1.000000e+02 
1.000000e+02 
1.000000e+02 
1.000000e+02 
1.000000e+02 
1.000000e+02 
1.000000e+02 
1.000000e+02 
1.000000e+02 
1.000000e+02 
1.000000e+02 
1.000000e+02 
1.000000e+02 
1.000000e+02 
1.000000e+02 
1.000000e+02 
1.000000e+02 

1.000000e+02 
1.000000e+02 
1.000000e+02 
1.000000e+02 
1.000000e+02 
9.999999e+01 
9.999998e+01 
9.999997e+01 
9.999996e+01 
9.999995e+01 
9.999994e+01 
9.999993e+01 
9.999992e+01 
9.999992e+01 
9.999991e+01 
9.999991e+01 
9.999991e+01 
9.999991e+01 
9.999990e+01 
9.999990e+01 
9.999990e+01 
9.999990e+01 
9.999990e+01 
9.999990e+01 
9.999990e+01 
9.999990e+01 
9.999990e+01 
9.999990e+01 
9.999990e+01 
9.999990e+01 
9.999990e+01 
9.999990e+01 
9.999990e+01 
9.999990e+01 
9.999990e+01 
9.999990e+01 
9.999990e+01 
9.999990e+01 
9.999990e+01 
9.999990e+01 
9.999990e+01 
9.999990e+01 
9.999990e+01 
9.999990e+01 
9.999990e+01 
9.999990e+01 
9.999990e+01 
9.999990e+01 
9.999991e+01 
9.999991e+01 
9.999991e+01 
9.999991e+01 
9.999992e+01 
9.999992e+01 
9.999993e+01 
9.999994e+01 
9.999995e+01 
9.999996e+01 
9.999997e+01 
9.999998e+01 
9.999999e+01 
1.000000e+02 
1.000000e+02 
1.000000e+02 
1.000000e+02 
1.000000e+02 

1.000000e+02 
1.000000e+02 
1.000000e+02 
1.000000e+02 
9.999998e+01 
9.999997e+01 
9.999995e+01 
9.999992e+01 
9.999987e+01 
9.999981e+01 
9.999975e+01 
9.999970e+01 
9.999966e+01 
9.999963e+01 
9.999960e+01 
9.999959e+01 
9.999957e+01 
9.999957e+01 
9.999956e+01 
9.999956e+01 
9.999955e+01 
9.999955e+01 
9.999955e+01 
9.999955e+01 
9.999955e+01 
9.999955e+01 
9.999955e+01 
9.999955e+01 
9.999955e+01 
9.999955e+01 
9.999955e+01 
9.999955e+01 
9.999955e+01 
9.999955e+01 
9.999955e+01 
9.999955e+01 
9.999955e+01 
9.999955e+01 
9.999955e+01 
9.999955e+01 
9.999955e+01 
9.999955e+01 
9.999955e+01 
9.999955e+01 
9.999955e+01 
9.999955e+01 
9.999956e+01 
9.999956e+01 
9.999957e+01 
9.999957e+01 
9.999959e+01 
9.999960e+01 
9.999963e+01 
9.999966e+01 
9.999970e+01 
9.999975e+01 
9.999981e+01 
9.999987e+01 
9.999992e+01 
9.999995e+01 
9.999997e+01 
9.999998e+01 
1.000000e+02 
1.000000e+02 
1.000000e+02 
1.000000e+02 

1.000000e+02 
1.000000e+02 
1.000000e+02 
9.999999e+01 
9.999997e+01 
9.999994e+01 
9.999991e+01 
9.999987e+01 
9.999978e+01 
9.999965e+01 
9.999947e+01 
9.999930e+01 
9.999914e+01 
9.999902e+01 
9.999892e+01 
9.999885e+01 
9.999880e+01 
9.999877e+01 
9.999875e+01 
9.999873e+01 
9.999872e+01 
9.999871e+01 
9.999871e+01 
9.999870e+01 
9.999870e+01 
9.999870e+01 
9.999869e+01 
9.999869e+01 
9.999869e+01 
9.999869e+01 
9.999869e+01 
9.999869e+01 
9.999869e+01 
9.999869e+01 
9.999869e+01 
9.999869e+01 
9.999869e+01 
9.999869e+01 
9.999869e+01 
9.999869e+01 
9.999870e+01 
9.999870e+01 
9.999870e+01 
9.999871e+01 
9.999871e+01 
9.999872e+01 
9.999873e+01 
9.999875e+01 
9.999877e+01 
9.999880e+01 
9.999885e+01 
9.999892e+01 
9.999902e+01 
9.999914e+01 
9.999930e+01 
9.999947e+01 
9.999965e+01 
9.999978e+01 
9.999987e+01 
9.999991e+01 
9.999994e+01 
9.999997e+01 
9.999999e+01 
1.000000e+02 
1.000000e+02 
1.000000e+02 

1.000000e+02 
1.000000e+02 
1.000000e+02 
9.999999e+01 
9.999996e+01 
9.999992e+01 
9.999990e+01 
9.999987e+01 
9.999979e+01 
9.999958e+01 
9.999924e+01 
9.999881e+01 
9.999837e+01 
9.999799e+01 
9.999767e+01 
9.999743e+01 
9.999726e+01 
9.999714e+01 
9.999705e+01 
9.999699e+01 
9.999695e+01 
9.999692e+01 
9.999690e+01 
9.999688e+01 
9.999687e+01 
9.999686e+01 
9.999685e+01 
9.999684e+01 
9.999684e+01 
9.999683e+01 
9.999683e+01 
9.999682e+01 
9.999682e+01 
9.999682e+01 
9.999682e+01 
9.999683e+01 
9.999683e+01 
9.999684e+01 
9.999684e+01 
9.999685e+01 
9.999686e+01 
9.999687e+01 
9.999688e+01 
9.999690e+01 
9.999692e+01 
9.999695e+01 
9.999699e+01 
9.999705e+01 
9.999714e+01 
9.999726e+01 
9.999743e+01 
9.999767e+01 
9.999799e+01 
9.999837e+01 
9.999881e+01 
9.999924e+01 
9.999958e+01 
9.999979e+01 
9.999987e+01 
9.999990e+01 
9.999992e+01 
9.999996e+01 
9.999999e+01 
1.000000e+02 
1.000000e+02 
1.000000e+02 

1.000000e+02 
1.000000e+02 
1.000000e+02 
9.999998e+01 
9.999995e+01 
9.999991e+01 
9.999991e+01 
9.999995e+01 
9.999997e+01 
9.999981e+01 
9.999934e+01 
9.999855e+01 
9.999758e+01 
9.999658e+01 
9.999570e+01 
9.999499e+01 
9.999445e+01 
9.999405e+01 
9.999376e+01 
9.999356e+01 
9.999342e+01 
9.999332e+01 
9.999325e+01 
9.999320e+01 
9.999315e+01 
9.999312e+01 
9.999308e+01 
9.999306e+01 
9.999303e+01 
9.999301e+01 
9.999300e+01 
9.999299e+01 
9.999299e+01 
9.999299e+01 
9.999299e+01 
9.999300e+01 
9.999301e+01 
9.999303e+01 
9.999306e+01 
9.999308e+01 
9.999312e+01 
9.999315e+01 
9.999320e+01 
9.999325e+01 
9.999332e+01 
9.999342e+01 
9.999356e+01 
9.999376e+01 
9.999405e+01 
9.999445e+01 
9.999499e+01 
9.999570e+01 
9.999658e+01 
9.999758e+01 
9.999855e+01 
9.999934e+01 
9.999981e+01 
9.999997e+01 
9.999995e+01 
9.999991e+01 
9.999991e+01 
9.999995e+01 
9.999998e+01 
1.000000e+02 
1.000000e+02 
1.000000e+02 

1.000000e+02 
1.000000e+02 
1.000000e+02 
9.999998e+01 
9.999994e+01 
9.999990e+01 
9.999993e+01 
1.000001e+02 
1.000003e+02 
1.000004e+02 
1.000001e+02 
9.999909e+01 
9.999739e+01 
9.999531e+01 
9.999319e+01 
9.999132e+01 
9.998979e+01 
9.998863e+01 
9.998776e+01 
9.998714e+01 
9.998669e+01 
9.998637e+01 
9.998614e+01 
9.998598e+01 
9.998584e+01 
9.998572e+01 
9.998562e+01 
9.998553e+01 
9.998545e+01 
9.998539e+01 
9.998534e+01 
9.998531e+01 
9.998530e+01 
9.998530e+01 
9.998531e+01 
9.998534e+01 
9.998539e+01 
9.998545e+01 
9.998553e+01 
9.998562e+01 
9.998572e+01 
9.998584e+01 
9.998598e+01 
9.998614e+01 
9.998637e+01 
9.998669e+01 
9.998714e+01 
9.998776e+01 
9.998863e+01 
9.998979e+01 
9.999132e+01 
9.999319e+01 
9.999531e+01 
9.999739e+01 
9.999909e+01 
1.000001e+02 
1.000004e+02 
1.000003e+02 
1.000001e+02 
9.999993e+01 
9.999990e+01 
9.999994e+01 
9.999998e+01 
1.000000e+02 
1.000000e+02 
1.000000e+02 

1.000000e+02 
1.000000e+02 
1.000000e+02 
9.999998e+01 
9.999993e+01 
9.999989e+01 
9.999995e+01 
1.000002e+02 
1.000008e+02 
1.000014e+02 
1.000017e+02 
1.000010e+02 
9.999888e+01 
9.999540e+01 
9.999117e+01 
9.998690e+01 
9.998311e+01 
9.998001e+01 
9.997762e+01 
9.997583e+01 
9.997452e+01 
9.997357e+01 
9.997288e+01 
9.997238e+01 
9.997197e+01 
9.997161e+01 
9.997129e+01 
9.997101e+01 
9.997077e+01 
9.997058e+01 
9.997044e+01 
9.997034e+01 
9.997030e+01 
9.997030e+01 
9.997034e+01 
9.997044e+01 
9.997058e+01 
9.997077e+01 
9.997101e+01 
9.997129e+01 
9.997161e+01 
9.997197e+01 
9.997238e+01 
9.997288e+01 
9.997357e+01 
9.997452e+01 
9.997583e+01 
9.997762e+01 
9.998001e+01 
9.998311e+01 
9.998690e+01 
9.999117e+01 
9.999540e+01 
9.999888e+01 
1.000010e+02 
1.000017e+02 
1.000014e+02 
1.000008e+02 
1.000002e+02 
9.999995e+01 
9.999989e+01 
9.999993e+01 
9.999998e+01 
1.000000e+02 
1.000000e+02 
1.000000e+02 

1.000000e+02 
1.000000e+02 
1.000000e+02 
9.999998e+01 
9.999993e+01 
9.999989e+01 
9.999997e+01 
1.000004e+02 
1.000012e+02 
1.000026e+02 
1.000041e+02 
1.000046e+02 
1.000031e+02 
9.999879e+01 
9.999196e+01 
9.998377e+01 
9.997554e+01 
9.996820e+01 
9.996216e+01 
9.995743e+01 
9.995387e+01 
9.995122e+01 
9.994928e+01 
9.994785e+01 
9.994668e+01 
9.994562e+01 
9.994468e+01 
9.994386e+01 
9.994317e+01 
9.994261e+01 
9.994218e+01 
9.994190e+01 
9.994176e+01 
9.994176e+01 
9.994190e+01 
9.994218e+01 
9.994261e+01 
9.994317e+01 
9.994386e+01 
9.994468e+01 
9.994562e+01 
9.994668e+01 
9.994785e+01 
9.994928e+01 
9.995122e+01 
9.995387e+01 
9.995743e+01 
9.996216e+01 
9.996820e+01 
9.997554e+01 
9.998377e+01 
9.999196e+01 
9.999879e+01 
1.000031e+02 
1.000046e+02 
1.000041e+02 
1.000026e+02 
1.000012e+02 
1.000004e+02 
9.999997e+01 
9.999989e+01 
9.999993e+01 
9.999998e+01 
1.000000e+02 
1.000000e+02 
1.000000e+02 

1.000000e+02 
1.000000e+02 
1.000000e+02 
9.999998e+01 
9.999993e+01 
9.999989e+01 
9.999999e+01 
1.000005e+02 
1.000016e+02 
1.000038e+02 
1.000067e+02 
1.000095e+02 
1.000104e+02 
1.000073e+02 
9.999895e+01 
9.998615e+01 
9.997096e+01 
9.995571e+01 
9.994201e+01 
9.993063e+01 
9.992165e+01 
9.991477e+01 
9.990959e+01 
9.990572e+01 
9.990253e+01 
9.989961e+01 
9.989698e+01 
9.989468e+01 
9.989272e+01 
9.989112e+01 
9.988991e+01 
9.988910e+01 
9.988869e+01 
9.988869e+01 
9.988910e+01 
9.988991e+01 
9.989112e+01 
9.989272e+01 
9.989468e+01 
9.989698e+01 
9.989961e+01 
9.990253e+01 
9.990572e+01 
9.990959e+01 
9.991477e+01 
9.992165e+01 
9.993063e+01 
9.994201e+01 
9.995571e+01 
9.997096e+01 
9.998615e+01 
9.999895e+01 
1.000073e+02 
1.000104e+02 
1.000095e+02 
1.000067e+02 
1.000038e+02 
1.000016e+02 
1.000005e+02 
9.999999e+01 
9.999989e+01 
9.999993e+01 
9.999998e+01 
1.000000e+02 
1.000000e+02 
1.000000e+02 

1.000000e+02 
1.000000e+02 
1.000000e+02 
9.999997e+01 
9.999992e+01 
9.999989e+01 
1.000000e+02 
1.000006e+02 
1.000020e+02 
1.000048e+02 
1.000093e+02 
1.000150e+02 
1.000201e+02 
1.000213e+02 
1.000150e+02 
9.999970e+01 
9.997672e+01 
9.994970e+01 
9.992251e+01 
9.989795e+01 
9.987733e+01 
9.986085e+01 
9.984803e+01 
9.983822e+01 
9.983001e+01 
9.982236e+01 
9.981540e+01 
9.980923e+01 
9.980393e+01 
9.979958e+01 
9.979626e+01 
9.979402e+01 
9.979289e+01 
9.979289e+01 
9.979402e+01 
9.979626e+01 
9.979958e+01 
9.980393e+01 
9.980923e+01 
9.981540e+01 
9.982236e+01 
9.983001e+01 
9.983822e+01 
9.984803e+01 
9.986085e+01 
9.987733e+01 
9.989795e+01 
9.992251e+01 
9.994970e+01 
9.997672e+01 
9.999970e+01 
1.000150e+02 
1.000213e+02 
1.000201e+02 
1.000150e+02 
1.000093e+02 
1.000048e+02 
1.000020e+02 
1.000006e+02 
1.000000e+02 
9.999989e+01 
9.999992e+01 
9.999997e+01 
1.000000e+02 
1.000000e+02 
1.000000e+02 

1.000000e+02 
1.000000e+02 
1.000000e+02 
9.999997e+01 
9.999992e+01 
9.999989e+01 
1.000000e+02 
1.000006e+02 
1.000022e+02 
1.000056e+02 
1.000115e+02 
1.000202e+02 
1.000307e+02 
1.000394e+02 
1.000406e+02 
1.000287e+02 
1.000018e+02 
9.996229e+01 
9.991623e+01 
9.986986e+01 
9.982769e+01 
9.979190e+01 
9.976284e+01 
9.973989e+01 
9.972018e+01 
9.970147e+01 
9.968411e+01 
9.966846e+01 
9.965484e+01 
9.964354e+01 
9.963484e+01 
9.962891e+01 
9.962592e+01 
9.962592e+01 
9.962891e+01 
9.963484e+01 
9.964354e+01 
9.965484e+01 
9.966846e+01 
9.968411e+01 
9.970147e+01 
9.972018e+01 
9.973989e+01 
9.976284e+01 
9.979190e+01 
9.982769e+01 
9.986986e+01 
9.991623e+01 
9.996229e+01 
1.000018e+02 
1.000287e+02 
1.000406e+02 
1.000394e+02 
1.000307e+02 
1.000202e+02 
1.000115e+02 
1.000056e+02 
1.000022e+02 
1.000006e+02 
1.000000e+02 
9.999989e+01 
9.999992e+01 
9.999997e+01 
1.000000e+02 
1.000000e+02 
1.000000e+02 

1.000000e+02 
1.000000e+02 
1.000000e+02 
9.999997e+01 
9.999992e+01 
9.999989e+01 
1.000000e+02 
1.000007e+02 
1.000024e+02 
1.000062e+02 
1.000132e+02 
1.000247e+02 
1.000408e+02 
1.000589e+02 
1.000728e+02 
1.000732e+02 
1.000519e+02 
1.000065e+02 
9.994179e+01 
9.986696e+01 
9.979165e+01 
9.972270e+01 
9.966344e+01 
9.961463e+01 
9.957128e+01 
9.952897e+01 
9.948871e+01 
9.945159e+01 
9.941866e+01 
9.939092e+01 
9.936926e+01 
9.935439e+01 
9.934683e+01 
9.934683e+01 
9.935439e+01 
9.936926e+01 
9.939092e+01 
9.941866e+01 
9.945159e+01 
9.948871e+01 
9.952897e+01 
9.957128e+01 
9.961463e+01 
9.966344e+01 
9.972270e+01 
9.979165e+01 
9.986696e+01 
9.994179e+01 
1.000065e+02 
1.000519e+02 
1.000732e+02 
1.000728e+02 
1.000589e+02 
1.000408e+02 
1.000247e+02 
1.000132e+02 
1.000062e+02 
1.000024e+02 
1.000007e+02 
1.000000e+02 
9.999989e+01 
9.999992e+01 
9.999997e+01 
1.000000e+02 
1.000000e+02 
1.000000e+02 

1.000000e+02 
1.000000e+02 
1.000000e+02 
9.999997e+01 
9.999992e+01 
9.999989e+01 
1.000000e+02 
1.000007e+02 
1.000025e+02 
1.000066e+02 
1.000146e+02 
1.000283e+02 
1.000495e+02 
1.000775e+02 
1.001073e+02 
1.001281e+02 
1.001258e+02 
1.000894e+02 
1.000166e+02 
9.991566e+01 
9.980035e+01 
9.968440e+01 
9.957746e+01 
9.948456e+01 
9.939841e+01 
9.931119e+01 
9.922540e+01 
9.914388e+01 
9.906967e+01 
9.900579e+01 
9.895505e+01 
9.891979e+01 
9.890172e+01 
9.890172e+01 
9.891979e+01 
9.895505e+01 
9.900579e+01 
9.906967e+01 
9.914388e+01 
9.922540e+01 
9.931119e+01 
9.939841e+01 
9.948456e+01 
9.957746e+01 
9.968440e+01 
9.980035e+01 
9.991566e+01 
1.000166e+02 
1.000894e+02 
1.001258e+02 
1.001281e+02 
1.001073e+02 
1.000775e+02 
1.000495e+02 
1.000283e+02 
1.000146e+02 
1.000066e+02 
1.000025e+02 
1.000007e+02 
1.000000e+02 
9.999989e+01 
9.999992e+01 
9.999997e+01 
1.000000e+02 
1.000000e+02 
1.000000e+02 

1.000000e+02 
1.000000e+02 
1.000000e+02 
9.999997e+01 
9.999992e+01 
9.999989e+01 
1.000000e+02 
1.000007e+02 
1.000026e+02 
1.000070e+02 
1.000156e+02 
1.000311e+02 
1.000565e+02 
1.000935e+02 
1.001400e+02 
1.001863e+02 
1.002151e+02 
1.002066e+02 
1.001471e+02 
1.000365e+02 
9.988742e+01 
9.971947e+01 
9.955084e+01 
9.939456e+01 
9.924184e+01 
9.907999e+01 
9.891393e+01 
9.875002e+01 
9.859572e+01 
9.845910e+01 
9.834810e+01 
9.826971e+01 
9.822912e+01 
9.822912e+01 
9.826971e+01 
9.834810e+01 
9.845910e+01 
9.859572e+01 
9.875002e+01 
9.891393e+01 
9.907999e+01 
9.924184e+01 
9.939456e+01 
9.955084e+01 
9.971947e+01 
9.988742e+01 
1.000365e+02 
1.001471e+02 
1.002066e+02 
1.002151e+02 
1.001863e+02 
1.001400e+02 
1.000935e+02 
1.000565e+02 
1.000311e+02 
1.000156e+02 
1.000070e+02 
1.000026e+02 
1.000007e+02 
1.000000e+02 
9.999989e+01 
9.999992e+01 
9.999997e+01 
1.000000e+02 
1.000000e+02 
1.000000e+02 

1.000000e+02 
1.000000e+02 
1.000000e+02 
9.999997e+01 
9.999992e+01 
9.999989e+01 
1.000000e+02 
1.000007e+02 
1.000027e+02 
1.000072e+02 
1.000163e+02 
1.000331e+02 
1.000618e+02 
1.001065e+02 
1.001684e+02 
1.002413e+02 
1.003086e+02 
1.003446e+02 
1.003238e+02 
1.002318e+02 
1.000724e+02 
9.986478e+01 
9.963418e+01 
9.940376e+01 
9.916428e+01 
9.889636e+01 
9.860724e+01 
9.830836e+01 
9.801523e+01 
9.774645e+01 
9.752186e+01 
9.735993e+01 
9.727504e+01 
9.727504e+01 
9.735993e+01 
9.752186e+01 
9.774645e+01 
9.801523e+01 
9.830836e+01 
9.860724e+01 
9.889636e+01 
9.916428e+01 
9.940376e+01 
9.963418e+01 
9.986478e+01 
1.000724e+02 
1.002318e+02 
1.003238e+02 
1.003446e+02 
1.003086e+02 
1.002413e+02 
1.001684e+02 
1.001065e+02 
1.000618e+02 
1.000331e+02 
1.000163e+02 
1.000072e+02 
1.000027e+02 
1.000007e+02 
1.000000e+02 
9.999989e+01 
9.999992e+01 
9.999997e+01 
1.000000e+02 
1.000000e+02 
1.000000e+02 

1.000000e+02 
1.000000e+02 
1.000000e+02 
9.999997e+01 
9.999992e+01 
9.999989e+01 
1.000000e+02 
1.000007e+02 
1.000027e+02 
1.000073e+02 
1.000168e+02 
1.000346e+02 
1.000659e+02 
1.001166e+02 
1.001915e+02 
1.002891e+02 
1.003964e+02 
1.004867e+02 
1.005255e+02 
1.004834e+02 
1.003486e+02 
1.001318e+02 
9.985899e+01 
9.956157e+01 
9.923007e+01 
9.883566e+01 
9.838477e+01 
9.789322e+01 
9.738759e+01 
9.690456e+01 
9.648727e+01 
9.617897e+01 
9.601488e+01 
9.601488e+01 
9.617897e+01 
9.648727e+01 
9.690456e+01 
9.738759e+01 
9.789322e+01 
9.838477e+01 
9.883566e+01 
9.923007e+01 
9.956157e+01 
9.985899e+01 
1.001318e+02 
1.003486e+02 
1.004834e+02 
1.005255e+02 
1.004867e+02 
1.003964e+02 
1.002891e+02 
1.001915e+02 
1.001166e+02 
1.000659e+02 
1.000346e+02 
1.000168e+02 
1.000073e+02 
1.000027e+02 
1.000007e+02 
1.000000e+02 
9.999989e+01 
9.999992e+01 
9.999997e+01 
1.000000e+02 
1.000000e+02 
1.000000e+02 

1.000000e+02 
1.000000e+02 
1.000000e+02 
9.999997e+01 
9.999992e+01 
9.999989e+01 
1.000000e+02 
1.000008e+02 
1.000028e+02 
1.000074e+02 
1.000171e+02 
1.000357e+02 
1.000688e+02 
1.001242e+02 
1.002097e+02 
1.003285e+02 
1.004730e+02 
1.006194e+02 
1.007296e+02 
1.007615e+02 
1.006864e+02 
1.004998e+02 
1.002209e+02 
9.988328e+01 
9.947607e+01 
9.895751e+01 
9.832596e+01 
9.759596e+01 
9.680432e+01 
9.601261e+01 
9.530270e+01 
9.476354e+01 
9.447172e+01 
9.447172e+01 
9.476354e+01 
9.530270e+01 
9.601261e+01 
9.680432e+01 
9.759596e+01 
9.832596e+01 
9.895751e+01 
9.947607e+01 
9.988328e+01 
1.002209e+02 
1.004998e+02 
1.006864e+02 
1.007615e+02 
1.007296e+02 
1.006194e+02 
1.004730e+02 
1.003285e+02 
1.002097e+02 
1.001242e+02 
1.000688e+02 
1.000357e+02 
1.000171e+02 
1.000074e+02 
1.000028e+02 
1.000008e+02 
1.000000e+02 
9.999989e+01 
9.999992e+01 
9.999997e+01 
1.000000e+02 
1.000000e+02 
1.000000e+02 

1.000000e+02 
1.000000e+02 
1.000000e+02 
9.999997e+01 
9.999992e+01 
9.999989e+01 
1.000000e+02 
1.000008e+02 
1.000028e+02 
1.000075e+02 
1.000174e+02 
1.000364e+02 
1.000710e+02 
1.001299e+02 
1.002236e+02 
1.003598e+02 
1.005366e+02 
1.007354e+02 
1.009189e+02 
1.010375e+02 
1.010475e+02 
1.009270e+02 
1.006825e+02 
1.003432e+02 
9.989477e+01 
9.927954e+01 
9.847790e+01 
9.749191e+01 
9.636086e+01 
9.517312e+01 
9.406483e+01 
9.319806e+01 
9.272041e+01 
9.272041e+01 
9.319806e+01 
9.406483e+01 
9.517312e+01 
9.636086e+01 
9.749191e+01 
9.847790e+01 
9.927954e+01 
9.989477e+01 
1.003432e+02 
1.006825e+02 
1.009270e+02 
1.010475e+02 
1.010375e+02 
1.009189e+02 
1.007354e+02 
1.005366e+02 
1.003598e+02 
1.002236e+02 
1.001299e+02 
1.000710e+02 
1.000364e+02 
1.000174e+02 
1.000075e+02 
1.000028e+02 
1.000008e+02 
1.000000e+02 
9.999989e+01 
9.999992e+01 
9.999997e+01 
1.000000e+02 
1.000000e+02 
1.000000e+02 

1.000000e+02 
1.000000e+02 
1.000000e+02 
9.999997e+01 
9.999992e+01 
9.999989e+01 
1.000000e+02 
1.000008e+02 
1.000028e+02 
1.000076e+02 
1.000176e+02 
1.000370e+02 
1.000726e+02 
1.001342e+02 
1.002342e+02 
1.003840e+02 
1.005875e+02 
1.008322e+02 
1.010841e+02 
1.012910e+02 
1.013981e+02 
1.013676e+02 
1.011907e+02 
1.008876e+02 
1.004391e+02 
9.977119e+01 
9.883698e+01 
9.761226e+01 
9.612425e+01 
9.448159e+01 
9.288534e+01 
9.159922e+01 
9.087762e+01 
9.087762e+01 
9.159922e+01 
9.288534e+01 
9.448159e+01 
9.612425e+01 
9.761226e+01 
9.883698e+01 
9.977119e+01 
1.004391e+02 
1.008876e+02 
1.011907e+02 
1.013676e+02 
1.013981e+02 
1.012910e+02 
1.010841e+02 
1.008322e+02 
1.005875e+02 
1.003840e+02 
1.002342e+02 
1.001342e+02 
1.000726e+02 
1.000370e+02 
1.000176e+02 
1.000076e+02 
1.000028e+02 
1.000008e+02 
1.000000e+02 
9.999989e+01 
9.999992e+01 
9.999997e+01 
1.000000e+02 
1.000000e+02 
1.000000e+02 

1.000000e+02 
1.000000e+02 
1.000000e+02 
9.999997e+01 
9.999992e+01 
9.999989e+01 
1.000000e+02 
1.000008e+02 
1.000028e+02 
1.000076e+02 
1.000177e+02 
1.000375e+02 
1.000738e+02 
1.001376e+02 
1.002429e+02 
1.004046e+02 
1.006318e+02 
1.009190e+02 
1.012379e+02 
1.015371e+02 
1.017543e+02 
1.018378e+02 
1.017625e+02 
1.015350e+02 
1.011319e+02 
1.004628e+02 
9.944416e+01 
9.800714e+01 
9.614279e+01 
9.396341e+01 
9.174402e+01 
8.989417e+01 
8.883463e+01 
8.883463e+01 
8.989417e+01 
9.174402e+01 
9.396341e+01 
9.614279e+01 
9.800714e+01 
9.944416e+01 
1.004628e+02 
1.011319e+02 
1.015350e+02 
1.017625e+02 
1.018378e+02 
1.017543e+02 
1.015371e+02 
1.012379e+02 
1.009190e+02 
1.006318e+02 
1.004046e+02 
1.002429e+02 
1.001376e+02 
1.000738e+02 
1.000375e+02 
1.000177e+02 
1.000076e+02 
1.000028e+02 
1.000008e+02 
1.000000e+02 
9.999989e+01 
9.999992e+01 
9.999997e+01 
1.000000e+02 
1.000000e+02 
1.000000e+02 

1.000000e+02 
1.000000e+02 
1.000000e+02 
9.999997e+01 
9.999992e+01 
9.999989e+01 
1.000000e+02 
1.000008e+02 
1.000028e+02 
1.000077e+02 
1.000179e+02 
1.000379e+02 
1.000750e+02 
1.001408e+02 
1.002510e+02 
1.004239e+02 
1.006743e+02 
1.010044e+02 
1.013940e+02 
1.017953e+02 
1.021424e+02 
1.023709e+02 
1.024382e+02 
1.023343e+02 
1.020322e+02 
1.014280e+02 
1.003915e+02 
9.878579e+01 
9.652787e+01 
9.369925e+01 
9.065474e+01 
8.801155e+01 
8.646296e+01 
8.646296e+01 
8.801155e+01 
9.065474e+01 
9.369925e+01 
9.652787e+01 
9.878579e+01 
1.003915e+02 
1.014280e+02 
1.020322e+02 
1.023343e+02 
1.024382e+02 
1.023709e+02 
1.021424e+02 
1.017953e+02 
1.013940e+02 
1.010044e+02 
1.006743e+02 
1.004239e+02 
1.002510e+02 
1.001408e+02 
1.000750e+02 
1.000379e+02 
1.000179e+02 
1.000077e+02 
1.000028e+02 
1.000008e+02 
1.000000e+02 
9.999989e+01 
9.999992e+01 
9.999997e+01 
1.000000e+02 
1.000000e+02 
1.000000e+02 

1.000000e+02 
1.000000e+02 
1.000000e+02 
9.999997e+01 
9.999992e+01 
9.999989e+01 
1.000000e+02 
1.000008e+02 
1.000028e+02 
1.000077e+02 
1.000180e+02 
1.000382e+02 
1.000760e+02 
1.001436e+02 
1.002583e+02 
1.004416e+02 
1.007140e+02 
1.010863e+02 
1.015476e+02 
1.020576e+02 
1.025499e+02 
1.029506e+02 
1.032005e+02 
1.032702e+02 
1.031328e+02 
1.026776e+02 
1.017240e+02 
1.000453e+02 
9.743608e+01 
9.388898e+01 
8.982127e+01 
8.614925e+01 
8.394204e+01 
8.394204e+01 
8.614925e+01 
8.982127e+01 
9.388898e+01 
9.743608e+01 
1.000453e+02 
1.017240e+02 
1.026776e+02 
1.031328e+02 
1.032702e+02 
1.032005e+02 
1.029506e+02 
1.025499e+02 
1.020576e+02 
1.015476e+02 
1.010863e+02 
1.007140e+02 
1.004416e+02 
1.002583e+02 
1.001436e+02 
1.000760e+02 
1.000382e+02 
1.000180e+02 
1.000077e+02 
1.000028e+02 
1.000008e+02 
1.000000e+02 
9.999989e+01 
9.999992e+01 
9.999997e+01 
1.000000e+02 
1.000000e+02 
1.000000e+02 

1.000000e+02 
1.000000e+02 
1.000000e+02 
9.999997e+01 
9.999992e+01 
9.999989e+01 
1.000000e+02 
1.000008e+02 
1.000029e+02 
1.000077e+02 
1.000181e+02 
1.000385e+02 
1.000769e+02 
1.001461e+02 
1.002648e+02 
1.004574e+02 
1.007502e+02 
1.011622e+02 
1.016937e+02 
1.023138e+02 
1.029599e+02 
1.035519e+02 
1.040158e+02 
1.043025e+02 
1.043894e+02 
1.041693e+02 
1.034153e+02 
1.017985e+02 
9.894272e+01 
9.467565e+01 
8.947884e+01 
8.457708e+01 
8.158777e+01 
8.158777e+01 
8.457708e+01 
8.947884e+01 
9.467565e+01 
9.894272e+01 
1.017985e+02 
1.034153e+02 
1.041693e+02 
1.043894e+02 
1.043025e+02 
1.040158e+02 
1.035519e+02 
1.029599e+02 
1.023138e+02 
1.016937e+02 
1.011622e+02 
1.007502e+02 
1.004574e+02 
1.002648e+02 
1.001461e+02 
1.000769e+02 
1.000385e+02 
1.000181e+02 
1.000077e+02 
1.000029e+02 
1.000008e+02 
1.000000e+02 
9.999989e+01 
9.999992e+01 
9.999997e+01 
1.000000e+02 
1.000000e+02 
1.000000e+02 

1.000000e+02 
1.000000e+02 
1.000000e+02 
9.999997e+01 
9.999992e+01 
9.999989e+01 
1.000000e+02 
1.000008e+02 
1.000029e+02 
1.000078e+02 
1.000182e+02 
1.000388e+02 
1.000777e+02 
1.001482e+02 
1.002703e+02 
1.004711e+02 
1.007819e+02 
1.012300e+02 
1.018267e+02 
1.025527e+02 
1.033516e+02 
1.041411e+02 
1.048349e+02 
1.053649e+02 
1.057168e+02 
1.057968e+02 
1.053393e+02 
1.039156e+02 
1.009356e+02 
9.604483e+01 
8.969834e+01 
8.354372e+01 
7.971780e+01 
7.971780e+01 
8.354372e+01 
8.969834e+01 
9.604483e+01 
1.009356e+02 
1.039156e+02 
1.053393e+02 
1.057968e+02 
1.057168e+02 
1.053649e+02 
1.048349e+02 
1.041411e+02 
1.033516e+02 
1.025527e+02 
1.018267e+02 
1.012300e+02 
1.007819e+02 
1.004711e+02 
1.002703e+02 
1.001482e+02 
1.000777e+02 
1.000388e+02 
1.000182e+02 
1.000078e+02 
1.000029e+02 
1.000008e+02 
1.000000e+02 
9.999989e+01 
9.999992e+01 
9.999997e+01 
1.000000e+02 
1.000000e+02 
1.000000e+02 

1.000000e+02 
1.000000e+02 
1.000000e+02 
9.999997e+01 
9.999992e+01 
9.999989e+01 
1.000000e+02 
1.000008e+02 
1.000029e+02 
1.000078e+02 
1.000182e+02 
1.000390e+02 
1.000783e+02 
1.001499e+02 
1.002748e+02 
1.004824e+02 
1.008083e+02 
1.012873e+02 
1.019413e+02 
1.027623e+02 
1.037025e+02 
1.046795e+02 
1.055978e+02 
1.063720e+02 
1.069977e+02 
1.073999e+02 
1.072807e+02 
1.061199e+02 
1.031127e+02 
9.772339e+01 
9.035352e+01 
8.306789e+01 
7.847798e+01 
7.847798e+01 
8.306789e+01 
9.035352e+01 
9.772339e+01 
1.031127e+02 
1.061199e+02 
1.072807e+02 
1.073999e+02 
1.069977e+02 
1.063720e+02 
1.055978e+02 
1.046795e+02 
1.037025e+02 
1.027623e+02 
1.019413e+02 
1.012873e+02 
1.008083e+02 
1.004824e+02 
1.002748e+02 
1.001499e+02 
1.000783e+02 
1.000390e+02 
1.000182e+02 
1.000078e+02 
1.000029e+02 
1.000008e+02 
1.000000e+02 
9.999989e+01 
9.999992e+01 
9.999997e+01 
1.000000e+02 
1.000000e+02 
1.000000e+02 

1.000000e+02 
1.000000e+02 
1.000000e+02 
9.999997e+01 
9.999992e+01 
9.999989e+01 
1.000000e+02 
1.000008e+02 
1.000029e+02 
1.000078e+02 
1.000183e+02 
1.000392e+02 
1.000788e+02 
1.001512e+02 
1.002783e+02 
1.004911e+02 
1.008288e+02 
1.013322e+02 
1.020323e+02 
1.029314e+02 
1.039898e+02 
1.051272e+02 
1.062410e+02 
1.072312e+02 
1.081026e+02 
1.087970e+02 
1.089885e+02 
1.080742e+02 
1.050823e+02 
9.929950e+01 
9.115009e+01 
8.295671e+01 
7.778636e+01 
7.778636e+01 
8.295671e+01 
9.115009e+01 
9.929950e+01 
1.050823e+02 
1.080742e+02 
1.089885e+02 
1.087970e+02 
1.081026e+02 
1.072312e+02 
1.062410e+02 
1.051272e+02 
1.039898e+02 
1.029314e+02 
1.020323e+02 
1.013322e+02 
1.008288e+02 
1.004911e+02 
1.002783e+02 
1.001512e+02 
1.000788e+02 
1.000392e+02 
1.000183e+02 
1.000078e+02 
1.000029e+02 
1.000008e+02 
1.000000e+02 
9.999989e+01 
9.999992e+01 
9.999997e+01 
1.000000e+02 
1.000000e+02 
1.000000e+02 

1.000000e+02 
1.000000e+02 
1.000000e+02 
9.999997e+01 
9.999992e+01 
9.999989e+01 
1.000000e+02 
1.000008e+02 
1.000029e+02 
1.000078e+02 
1.000183e+02 
1.000393e+02 
1.000791e+02 
1.001520e+02 
1.002806e+02 
1.004970e+02 
1.008427e+02 
1.013631e+02 
1.020955e+02 
1.030502e+02 
1.041939e+02 
1.054484e+02 
1.067067e+02 
1.078578e+02 
1.089128e+02 
1.098250e+02 
1.102442e+02 
1.095023e+02 
1.065146e+02 
1.004568e+02 
9.176971e+01 
8.298791e+01 
7.743642e+01 
7.743642e+01 
8.298791e+01 
9.176971e+01 
1.004568e+02 
1.065146e+02 
1.095023e+02 
1.102442e+02 
1.098250e+02 
1.089128e+02 
1.078578e+02 
1.067067e+02 
1.054484e+02 
1.041939e+02 
1.030502e+02 
1.020955e+02 
1.013631e+02 
1.008427e+02 
1.004970e+02 
1.002806e+02 
1.001520e+02 
1.000791e+02 
1.000393e+02 
1.000183e+02 
1.000078e+02 
1.000029e+02 
1.000008e+02 
1.000000e+02 
9.999989e+01 
9.999992e+01 
9.999997e+01 
1.000000e+02 
1.000000e+02 
1.000000e+02 

1.000000e+02 
1.000000e+02 
1.000000e+02 
9.999997e+01 
9.999992e+01 
9.999989e+01 
1.000000e+02 
1.000008e+02 
1.000029e+02 
1.000078e+02 
1.000183e+02 
1.000393e+02 
1.000792e+02 
1.001525e+02 
1.002817e+02 
1.004999e+02 
1.008498e+02 
1.013789e+02 
1.021279e+02 
1.031115e+02 
1.042999e+02 
1.056163e+02 
1.069513e+02 
1.081881e+02 
1.093408e+02 
1.103681e+02 
1.109046e+02 
1.102459e+02 
1.072495e+02 
1.010439e+02 
9.208800e+01 
8.301664e+01 
7.728391e+01 
7.728391e+01 
8.301664e+01 
9.208800e+01 
1.010439e+02 
1.072495e+02 
1.102459e+02 
1.109046e+02 
1.103681e+02 
1.093408e+02 
1.081881e+02 
1.069513e+02 
1.056163e+02 
1.042999e+02 
1.031115e+02 
1.021279e+02 
1.013789e+02 
1.008498e+02 
1.004999e+02 
1.002817e+02 
1.001525e+02 
1.000792e+02 
1.000393e+02 
1.000183e+02 
1.000078e+02 
1.000029e+02 
1.000008e+02 
1.000000e+02 
9.999989e+01 
9.999992e+01 
9.999997e+01 
1.000000e+02 
1.000000e+02 
1.000000e+02 

1.000000e+02 
1.000000e+02 
1.000000e+02 
9.999997e+01 
9.999992e+01 
9.999989e+01 
1.000000e+02 
1.000008e+02 
1.000029e+02 
1.000078e+02 
1.000183e+02 
1.000393e+02 
1.000792e+02 
1.001525e+02 
1.002817e+02 
1.004999e+02 
1.008498e+02 
1.013789e+02 
1.021279e+02 
1.031115e+02 
1.042999e+02 
1.056163e+02 
1.069513e+02 
1.081881e+02 
1.093408e+02 
1.103681e+02 
1.109046e+02 
1.102459e+02 
1.072495e+02 
1.010439e+02 
9.208800e+01 
8.301664e+01 
7.728391e+01 
7.728391e+01 
8.301664e+01 
9.208800e+01 
1.010439e+02 
1.072495e+02 
1.102459e+02 
1.109046e+02 
1.103681e+02 
1.093408e+02 
1.081881e+02 
1.069513e+02 
1.056163e+02 
1.042999e+02 
1.031115e+02 
1.021279e+02 
1.013789e+02 
1.008498e+02 
1.004999e+02 
1.002817e+02 
1.001525e+02 
1.000792e+02 
1.000393e+02 
1.000183e+02 
1.000078e+02 
1.000029e+02 
1.000008e+02 
1.000000e+02 
9.999989e+01 
9.999992e+01 
9.999997e+01 
1.000000e+02 
1.000000e+02 
1.000000e+02 

1.000000e+02 
1.000000e+02 
1.000000e+02 
9.999997e+01 
9.999992e+01 
9.999989e+01 
1.000000e+02 
1.000008e+02 
1.000029e+02 
1.000078e+02 
1.000183e+02 
1.000393e+02 
1.000791e+02 
1.001520e+02 
1.002806e+02 
1.004970e+02 
1.008427e+02 
1.013631e+02 
1.020955e+02 
1.030502e+02 
1.041939e+02 
1.054484e+02 
1.067067e+02 
1.078578e+02 
1.089128e+02 
1.098250e+02 
1.102442e+02 
1.095023e+02 
1.065146e+02 
1.004568e+02 
9.176971e+01 
8.298791e+01 
7.743642e+01 
7.743642e+01 
8.298791e+01 
9.176971e+01 
1.004568e+02 
1.065146e+02 
1.095023e+02 
1.102442e+02 
1.098250e+02 
1.089128e+02 
1.078578e+02 
1.067067e+02 
1.054484e+02 
1.041939e+02 
1.030502e+02 
1.020955e+02 
1.013631e+02 
1.008427e+02 
1.004970e+02 
1.002806e+02 
1.001520e+02 
1.000791e+02 
1.000393e+02 
1.000183e+02 
1.000078e+02 
1.000029e+02 
1.000008e+02 
1.000000e+02 
9.999989e+01 
9.999992e+01 
9.999997e+01 
1.000000e+02 
1.000000e+02 
1.000000e+02 

1.000000e+02 
1.000000e+02 
1.000000e+02 
9.999997e+01 
9.999992e+01 
9.999989e+01 
1.000000e+02 
1.000008e+02 
1.000029e+02 
1.000078e+02 
1.000183e+02 
1.000392e+02 
1.000788e+02 
1.001512e+02 
1.002783e+02 
1.004911e+02 
1.008288e+02 
1.013322e+02 
1.020323e+02 
1.029314e+02 
1.039898e+02 
1.051272e+02 
1.062410e+02 
1.072312e+02 
1.081026e+02 
1.087970e+02 
1.089885e+02 
1.080742e+02 
1.050823e+02 
9.929950e+01 
9.115009e+01 
8.295671e+01 
7.778636e+01 
7.778636e+01 
8.295671e+01 
9.115009e+01 
9.929950e+01 
1.050823e+02 
1.080742e+02 
1.089885e+02 
1.087970e+02 
1.081026e+02 
1.072312e+02 
1.062410e+02 
1.051272e+02 
1.039898e+02 
1.029314e+02 
1.020323e+02 
1.013322e+02 
1.008288e+02 
1.004911e+02 
1.002783e+02 
1.001512e+02 
1.000788e+02 
1.000392e+02 
1.000183e+02 
1.000078e+02 
1.000029e+02 
1.000008e+02 
1.000000e+02 
9.999989e+01 
9.999992e+01 
9.999997e+01 
1.000000e+02 
1.000000e+02 
1.000000e+02 

1.000000e+02 
1.000000e+02 
1.000000e+02 
9.999997e+01 
9.999992e+01 
9.999989e+01 
1.000000e+02 
1.000008e+02 
1.000029e+02 
1.000078e+02 
1.000182e+02 
1.000390e+02 
1.000783e+02 
1.001499e+02 
1.002748e+02 
1.004824e+02 
1.008083e+02 
1.012873e+02 
1.019413e+02 
1.027623e+02 
1.037025e+02 
1.046795e+02 
1.055978e+02 
1.063720e+02 
1.069977e+02 
1.073999e+02 
1.072807e+02 
1.061199e+02 
1.031127e+02 
9.772339e+01 
9.035352e+01 
8.306789e+01 
7.847798e+01 
7.847798e+01 
8.306789e+01 
9.035352e+01 
9.772339e+01 
1.031127e+02 
1.061199e+02 
1.072807e+02 
1.073999e+02 
1.069977e+02 
1.063720e+02 
1.055978e+02 
1.046795e+02 
1.037025e+02 
1.027623e+02 
1.019413e+02 
1.012873e+02 
1.008083e+02 
1.004824e+02 
1.002748e+02 
1.001499e+02 
1.000783e+02 
1.000390e+02 
1.000182e+02 
1.000078e+02 
1.000029e+02 
1.000008e+02 
1.000000e+02 
9.999989e+01 
9.999992e+01 
9.999997e+01 
1.000000e+02 
1.000000e+02 
1.000000e+02 

1.000000e+02 
1.000000e+02 
1.000000e+02 
9.999997e+01 
9.999992e+01 
9.999989e+01 
1.000000e+02 
1.000008e+02 
1.000029e+02 
1.000078e+02 
1.000182e+02 
1.000388e+02 
1.000777e+02 
1.001482e+02 
1.002703e+02 
1.004711e+02 
1.007819e+02 
1.012300e+02 
1.018267e+02 
1.025527e+02 
1.033516e+02 
1.041411e+02 
1.048349e+02 
1.053649e+02 
1.057168e+02 
1.057968e+02 
1.053393e+02 
1.039156e+02 
1.009356e+02 
9.604483e+01 
8.969834e+01 
8.354372e+01 
7.971780e+01 
7.971780e+01 
8.354372e+01 
8.969834e+01 
9.604483e+01 
1.009356e+02 
1.039156e+02 
1.053393e+02 
1.057968e+02 
1.057168e+02 
1.053649e+02 
1.048349e+02 
1.041411e+02 
1.033516e+02 
1.025527e+02 
1.018267e+02 
1.012300e+02 
1.007819e+02 
1.004711e+02 
1.002703e+02 
1.001482e+02 
1.000777e+02 
1.000388e+02 
1.000182e+02 
1.000078e+02 
1.000029e+02 
1.000008e+02 
1.000000e+02 
9.999989e+01 
9.999992e+01 
9.999997e+01 
1.000000e+02 
1.000000e+02 
1.000000e+02 

1.000000e+02 
1.000000e+02 
1.000000e+02 
9.999997e+01 
9.999992e+01 
9.999989e+01 
1.000000e+02 
1.000008e+02 
1.000029e+02 
1.000077e+02 
1.000181e+02 
1.000385e+02 
1.000769e+02 
1.001461e+02 
1.002648e+02 
1.004574e+02 
1.007502e+02 
1.011622e+02 
1.016937e+02 
1.023138e+02 
1.029599e+02 
1.035519e+02 
1.040158e+02 
1.043025e+02 
1.043894e+02 
1.041693e+02 
1.034153e+02 
1.017985e+02 
9.894272e+01 
9.467565e+01 
8.947884e+01 
8.457708e+01 
8.158777e+01 
8.158777e+01 
8.457708e+01 
8.947884e+01 
9.467565e+01 
9.894272e+01 
1.017985e+02 
1.034153e+02 
1.041693e+02 
1.043894e+02 
1.043025e+02 
1.040158e+02 
1.035519e+02 
1.029599e+02 
1.023138e+02 
1.016937e+02 
1.011622e+02 
1.007502e+02 
1.004574e+02 
1.002648e+02 
1.001461e+02 
1.000769e+02 
1.000385e+02 
1.000181e+02 
1.000077e+02 
1.000029e+02 
1.000008e+02 
1.000000e+02 
9.999989e+01 
9.999992e+01 
9.999997e+01 
1.000000e+02 
1.000000e+02 
1.000000e+02 

1.000000e+02 
1.000000e+02 
1.000000e+02 
9.999997e+01 
9.999992e+01 
9.999989e+01 
1.000000e+02 
1.000008e+02 
1.000028e+02 
1.000077e+02 
1.000180e+02 
1.000382e+02 
1.000760e+02 
1.001436e+02 
1.002583e+02 
1.004416e+02 
1.007140e+02 
1.010863e+02 
1.015476e+02 
1.020576e+02 
1.025499e+02 
1.029506e+02 
1.032005e+02 
1.032702e+02 
1.031328e+02 
1.026776e+02 
1.017240e+02 
1.000453e+02 
9.743608e+01 
9.388898e+01 
8.982127e+01 
8.614925e+01 
8.394204e+01 
8.394204e+01 
8.614925e+01 
8.982127e+01 
9.388898e+01 
9.743608e+01 
1.000453e+02 
1.017240e+02 
1.026776e+02 
1.031328e+02 
1.032702e+02 
1.032005e+02 
1.029506e+02 
1.025499e+02 
1.020576e+02 
1.015476e+02 
1.010863e+02 
1.007140e+02 
1.004416e+02 
1.002583e+02 
1.001436e+02 
1.000760e+02 
1.000382e+02 
1.000180e+02 
1.000077e+02 
1.000028e+02 
1.000008e+02 
1.000000e+02 
9.999989e+01 
9.999992e+01 
9.999997e+01 
1.000000e+02 
1.000000e+02 
1.000000e+02 

1.000000e+02 
1.000000e+02 
1.000000e+02 
9.999997e+01 
9.999992e+01 
9.999989e+01 
1.000000e+02 
1.000008e+02 
1.000028e+02 
1.000077e+02 
1.000179e+02 
1.000379e+02 
1.000750e+02 
1.001408e+02 
1.002510e+02 
1.004239e+02 
1.006743e+02 
1.010044e+02 
1.013940e+02 
1.017953e+02 
1.021424e+02 
1.023709e+02 
1.024382e+02 
1.023343e+02 
1.020322e+02 
1.014280e+02 
1.003915e+02 
9.878579e+01 
9.652787e+01 
9.369925e+01 
9.065474e+01 
8.801155e+01 
8.646296e+01 
8.646296e+01 
8.801155e+01 
9.065474e+01 
9.369925e+01 
9.652787e+01 
9.878579e+01 
1.003915e+02 
1.014280e+02 
1.020322e+02 
1.023343e+02 
1.024382e+02 
1.023709e+02 
1.021424e+02 
1.017953e+02 
1.013940e+02 
1.010044e+02 
1.006743e+02 
1.004239e+02 
1.002510e+02 
1.001408e+02 
1.000750e+02 
1.000379e+02 
1.000179e+02 
1.000077e+02 
1.000028e+02 
1.000008e+02 
1.000000e+02 
9.999989e+01 
9.999992e+01 
9.999997e+01 
1.000000e+02 
1.000000e+02 
1.000000e+02 

1.000000e+02 
1.000000e+02 
1.000000e+02 
9.999997e+01 
9.999992e+01 
9.999989e+01 
1.000000e+02 
1.000008e+02 
1.000028e+02 
1.000076e+02 
1.000177e+02 
1.000375e+02 
1.000738e+02 
1.001376e+02 
1.002429e+02 
1.004046e+02 
1.006318e+02 
1.009190e+02 
1.012379e+02 
1.015371e+02 
1.017543e+02 
1.018378e+02 
1.017625e+02 
1.015350e+02 
1.011319e+02 
1.004628e+02 
9.944416e+01 
9.800714e+01 
9.614279e+01 
9.396341e+01 
9.174402e+01 
8.989417e+01 
8.883463e+01 
8.883463e+01 
8.989417e+01 
9.174402e+01 
9.396341e+01 
9.614279e+01 
9.800714e+01 
9.944416e+01 
1.004628e+02 
1.011319e+02 
1.015350e+02 
1.017625e+02 
1.018378e+02 
1.017543e+02 
1.015371e+02 
1.012379e+02 
1.009190e+02 
1.006318e+02 
1.004046e+02 
1.002429e+02 
1.001376e+02 
1.000738e+02 
1.000375e+02 
1.000177e+02 
1.000076e+02 
1.000028e+02 
1.000008e+02 
1.000000e+02 
9.999989e+01 
9.999992e+01 
9.999997e+01 
1.000000e+02 
1.000000e+02 
1.000000e+02 

1.000000e+02 
1.000000e+02 
1.000000e+02 
9.999997e+01 
9.999992e+01 
9.999989e+01 
1.000000e+02 
1.000008e+02 
1.000028e+02 
1.000076e+02 
1.000176e+02 
1.000370e+02 
1.000726e+02 
1.001342e+02 
1.002342e+02 
1.003840e+02 
1.005875e+02 
1.008322e+02 
1.010841e+02 
1.012910e+02 
1.013981e+02 
1.013676e+02 
1.011907e+02 
1.008876e+02 
1.004391e+02 
9.977119e+01 
9.883698e+01 
9.761226e+01 
9.612425e+01 
9.448159e+01 
9.288534e+01 
9.159922e+01 
9.087762e+01 
9.087762e+01 
9.159922e+01 
9.288534e+01 
9.448159e+01 
9.612425e+01 
9.761226e+01 
9.883698e+01 
9.977119e+01 
1.004391e+02 
1.008876e+02 
1.011907e+02 
1.013676e+02 
1.013981e+02 
1.012910e+02 
1.010841e+02 
1.008322e+02 
1.005875e+02 
1.003840e+02 
1.002342e+02 
1.001342e+02 
1.000726e+02 
1.000370e+02 
1.000176e+02 
1.000076e+02 
1.000028e+02 
1.000008e+02 
1.000000e+02 
9.999989e+01 
9.999992e+01 
9.999997e+01 
1.000000e+02 
1.000000e+02 
1.000000e+02 

1.000000e+02 
1.000000e+02 
1.000000e+02 
9.999997e+01 
9.999992e+01 
9.999989e+01 
1.000000e+02 
1.000008e+02 
1.000028e+02 
1.000075e+02 
1.000174e+02 
1.000364e+02 
1.000710e+02 
1.001299e+02 
1.002236e+02 
1.003598e+02 
1.005366e+02 
1.007354e+02 
1.009189e+02 
1.010375e+02 
1.010475e+02 
1.009270e+02 
1.006825e+02 
1.003432e+02 
9.989477e+01 
9.927954e+01 
9.847790e+01 
9.749191e+01 
9.636086e+01 
9.517312e+01 
9.406483e+01 
9.319806e+01 
9.272041e+01 
9.272041e+01 
9.319806e+01 
9.406483e+01 
9.517312e+01 
9.636086e+01 
9.749191e+01 
9.847790e+01 
9.927954e+01 
9.989477e+01 
1.003432e+02 
1.006825e+02 
1.009270e+02 
1.010475e+02 
1.010375e+02 
1.009189e+02 
1.007354e+02 
1.005366e+02 
1.003598e+02 
1.002236e+02 
1.001299e+02 
1.000710e+02 
1.000364e+02 
1.000174e+02 
1.000075e+02 
1.000028e+02 
1.000008e+02 
1.000000e+02 
9.999989e+01 
9.999992e+01 
9.999997e+01 
1.000000e+02 
1.000000e+02 
1.000000e+02 

1.000000e+02 
1.000000e+02 
1.000000e+02 
9.999997e+01 
9.999992e+01 
9.999989e+01 
1.000000e+02 
1.000008e+02 
1.000028e+02 
1.000074e+02 
1.000171e+02 
1.000357e+02 
1.000688e+02 
1.001242e+02 
1.002097e+02 
1.003285e+02 
1.004730e+02 
1.006194e+02 
1.007296e+02 
1.007615e+02 
1.006864e+02 
1.004998e+02 
1.002209e+02 
9.988328e+01 
9.947607e+01 
9.895751e+01 
9.832596e+01 
9.759596e+01 
9.680432e+01 
9.601261e+01 
9.530270e+01 
9.476354e+01 
9.447172e+01 
9.447172e+01 
9.476354e+01 
9.530270e+01 
9.601261e+01 
9.680432e+01 
9.759596e+01 
9.832596e+01 
9.895751e+01 
9.947607e+01 
9.988328e+01 
1.002209e+02 
1.004998e+02 
1.006864e+02 
1.007615e+02 
1.007296e+02 
1.006194e+02 
1.004730e+02 
1.003285e+02 
1.002097e+02 
1.001242e+02 
1.000688e+02 
1.000357e+02 
1.000171e+02 
1.000074e+02 
1.000028e+02 
1.000008e+02 
1.000000e+02 
9.999989e+01 
9.999992e+01 
9.999997e+01 
1.000000e+02 
1.000000e+02 
1.000000e+02 

1.000000e+02 
1.000000e+02 
1.000000e+02 
9.999997e+01 
9.999992e+01 
9.999989e+01 
1.000000e+02 
1.000007e+02 
1.000027e+02 
1.000073e+02 
1.000168e+02 
1.000346e+02 
1.000659e+02 
1.001166e+02 
1.001915e+02 
1.002891e+02 
1.003964e+02 
1.004867e+02 
1.005255e+02 
1.004834e+02 
1.003486e+02 
1.001318e+02 
9.985899e+01 
9.956157e+01 
9.923007e+01 
9.883566e+01 
9.838477e+01 
9.789322e+01 
9.738759e+01 
9.690456e+01 
9.648727e+01 
9.617897e+01 
9.601488e+01 
9.601488e+01 
9.617897e+01 
9.648727e+01 
9.690456e+01 
9.738759e+01 
9.789322e+01 
9.838477e+01 
9.883566e+01 
9.923007e+01 
9.956157e+01 
9.985899e+01 
1.001318e+02 
1.003486e+02 
1.004834e+02 
1.005255e+02 
1.004867e+02 
1.003964e+02 
1.002891e+02 
1.001915e+02 
1.001166e+02 
1.000659e+02 
1.000346e+02 
1.000168e+02 
1.000073e+02 
1.000027e+02 
1.000007e+02 
1.000000e+02 
9.999989e+01 
9.999992e+01 
9.999997e+01 
1.000000e+02 
1.000000e+02 
1.000000e+02 

1.000000e+02 
1.000000e+02 
1.000000e+02 
9.999997e+01 
9.999992e+01 
9.999989e+01 
1.000000e+02 
1.000007e+02 
1.000027e+02 
1.000072e+02 
1.000163e+02 
1.000331e+02 
1.000618e+02 
1.001065e+02 
1.001684e+02 
1.002413e+02 
1.003086e+02 
1.003446e+02 
1.003238e+02 
1.002318e+02 
1.000724e+02 
9.986478e+01 
9.963418e+01 
9.940376e+01 
9.916428e+01 
9.889636e+01 
9.860724e+01 
9.830836e+01 
9.801523e+01 
9.774645e+01 
9.752186e+01 
9.735993e+01 
9.727504e+01 
9.727504e+01 
9.735993e+01 
9.752186e+01 
9.774645e+01 
9.801523e+01 
9.830836e+01 
9.860724e+01 
9.889636e+01 
9.916428e+01 
9.940376e+01 
9.963418e+01 
9.986478e+01 
1.000724e+02 
1.002318e+02 
1.003238e+02 
1.003446e+02 
1.003086e+02 
1.002413e+02 
1.001684e+02 
1.001065e+02 
1.000618e+02 
1.000331e+02 
1.000163e+02 
1.000072e+02 
1.000027e+02 
1.000007e+02 
1.000000e+02 
9.999989e+01 
9.999992e+01 
9.999997e+01 
1.000000e+02 
1.000000e+02 
1.000000e+02 

1.000000e+02 
1.000000e+02 
1.000000e+02 
9.999997e+01 
9.999992e+01 
9.999989e+01 
1.000000e+02 
1.000007e+02 
1.000026e+02 
1.000070e+02 
1.000156e+02 
1.000311e+02 
1.000565e+02 
1.000935e+02 
1.001400e+02 
1.001863e+02 
1.002151e+02 
1.002066e+02 
1.001471e+02 
1.000365e+02 
9.988742e+01 
9.971947e+01 
9.955084e+01 
9.939456e+01 
9.924184e+01 
9.907999e+01 
9.891393e+01 
9.875002e+01 
9.859572e+01 
9.845910e+01 
9.834810e+01 
9.826971e+01 
9.822912e+01 
9.822912e+01 
9.826971e+01 
9.834810e+01 
9.845910e+01 
9.859572e+01 
9.875002e+01 
9.891393e+01 
9.907999e+01 
9.924184e+01 
9.939456e+01 
9.955084e+01 
9.971947e+01 
9.988742e+01 
1.000365e+02 
1.001471e+02 
1.002066e+02 
1.002151e+02 
1.001863e+02 
1.001400e+02 
1.000935e+02 
1.000565e+02 
1.000311e+02 
1.000156e+02 
1.000070e+02 
1.000026e+02 
1.000007e+02 
1.000000e+02 
9.999989e+01 
9.999992e+01 
9.999997e+01 
1.000000e+02 
1.000000e+02 
1.000000e+02 

1.000000e+02 
1.000000e+02 
1.000000e+02 
9.999997e+01 
9.999992e+01 
9.999989e+01 
1.000000e+02 
1.000007e+02 
1.000025e+02 
1.000066e+02 
1.000146e+02 
1.000283e+02 
1.000495e+02 
1.000775e+02 
1.001073e+02 
1.001281e+02 
1.001258e+02 
1.000894e+02 
1.000166e+02 
9.991566e+01 
9.980035e+01 
9.968440e+01 
9.957746e+01 
9.948456e+01 
9.939841e+01 
9.931119e+01 
9.922540e+01 
9.914388e+01 
9.906967e+01 
9.900579e+01 
9.895505e+01 
9.891979e+01 
9.890172e+01 
9.890172e+01 
9.891979e+01 
9.895505e+01 
9.900579e+01 
9.906967e+01 
9.914388e+01 
9.922540e+01 
9.931119e+01 
9.939841e+01 
9.948456e+01 
9.957746e+01 
9.968440e+01 
9.980035e+01 
9.991566e+01 
1.000166e+02 
1.000894e+02 
1.001258e+02 
1.001281e+02 
1.001073e+02 
1.000775e+02 
1.000495e+02 
1.000283e+02 
1.000146e+02 
1.000066e+02 
1.000025e+02 
1.000007e+02 
1.000000e+02 
9.999989e+01 
9.999992e+01 
9.999997e+01 
1.000000e+02 
1.000000e+02 
1.000000e+02 

1.000000e+02 
1.000000e+02 
1.000000e+02 
9.999997e+01 
9.999992e+01 
9.999989e+01 
1.000000e+02 
1.000007e+02 
1.000024e+02 
1.000062e+02 
1.000132e+02 
1.000247e+02 
1.000408e+02 
1.000589e+02 
1.000728e+02 
1.000732e+02 
1.000519e+02 
1.000065e+02 
9.994179e+01 
9.986696e+01 
9.979165e+01 
9.972270e+01 
9.966344e+01 
9.961463e+01 
9.957128e+01 
9.952897e+01 
9.948871e+01 
9.945159e+01 
9.941866e+01 
9.939092e+01 
9.936926e+01 
9.935439e+01 
9.934683e+01 
9.934683e+01 
9.935439e+01 
9.936926e+01 
9.939092e+01 
9.941866e+01 
9.945159e+01 
9.948871e+01 
9.952897e+01 
9.957128e+01 
9.961463e+01 
9.966344e+01 
9.972270e+01 
9.979165e+01 
9.986696e+01 
9.994179e+01 
1.000065e+02 
1.000519e+02 
1.000732e+02 
1.000728e+02 
1.000589e+02 
1.000408e+02 
1.000247e+02 
1.000132e+02 
1.000062e+02 
1.000024e+02 
1.000007e+02 
1.000000e+02 
9.999989e+01 
9.999992e+01 
9.999997e+01 
1.000000e+02 
1.000000e+02 
1.000000e+02 

1.000000e+02 
1.000000e+02 
1.000000e+02 
9.999997e+01 
9.999992e+01 
9.999989e+01 
1.000000e+02 
1.000006e+02 
1.000022e+02 
1.000056e+02 
1.000115e+02 
1.000202e+02 
1.000307e+02 
1.000394e+02 
1.000406e+02 
1.000287e+02 
1.000018e+02 
9.996229e+01 
9.991623e+01 
9.986986e+01 
9.982769e+01 
9.979190e+01 
9.976284e+01 
9.973989e+01 
9.972018e+01 
9.970147e+01 
9.968411e+01 
9.966846e+01 
9.965484e+01 
9.964354e+01 
9.963484e+01 
9.962891e+01 
9.962592e+01 
9.962592e+01 
9.962891e+01 
9.963484e+01 
9.964354e+01 
9.965484e+01 
9.966846e+01 
9.968411e+01 
9.970147e+01 
9.972018e+01 
9.973989e+01 
9.976284e+01 
9.979190e+01 
9.982769e+01 
9.986986e+01 
9.991623e+01 
9.996229e+01 
1.000018e+02 
1.000287e+02 
1.000406e+02 
1.000394e+02 
1.000307e+02 
1.000202e+02 
1.000115e+02 
1.000056e+02 
1.000022e+02 
1.000006e+02 
1.000000e+02 
9.999989e+01 
9.999992e+01 
9.999997e+01 
1.000000e+02 
1.000000e+02 
1.000000e+02 

1.000000e+02 
1.000000e+02 
1.000000e+02 
9.999997e+01 
9.999992e+01 
9.999989e+01 
1.000000e+02 
1.000006e+02 
1.000020e+02 
1.000048e+02 
1.000093e+02 
1.000150e+02 
1.000201e+02 
1.000213e+02 
1.000150e+02 
9.999970e+01 
9.997672e+01 
9.994970e+01 
9.992251e+01 
9.989795e+01 
9.987733e+01 
9.986085e+01 
9.984803e+01 
9.983822e+01 
9.983001e+01 
9.982236e+01 
9.981540e+01 
9.980923e+01 
9.980393e+01 
9.979958e+01 
9.979626e+01 
9.979402e+01 
9.979289e+01 
9.979289e+01 
9.979402e+01 
9.979626e+01 
9.979958e+01 
9.980393e+01 
9.980923e+01 
9.981540e+01 
9.982236e+01 
9.983001e+01 
9.983822e+01 
9.984803e+01 
9.986085e+01 
9.987733e+01 
9.989795e+01 
9.992251e+01 
9.994970e+01 
9.997672e+01 
9.999970e+01 
1.000150e+02 
1.000213e+02 
1.000201e+02 
1.000150e+02 
1.000093e+02 
1.000048e+02 
1.000020e+02 
1.000006e+02 
1.000000e+02 
9.999989e+01 
9.999992e+01 
9.999997e+01 
1.000000e+02 
1.000000e+02 
1.000000e+02 

1.000000e+02 
1.000000e+02 
1.000000e+02 
9.999998e+01 
9.999993e+01 
9.999989e+01 
9.999999e+01 
1.000005e+02 
1.000016e+02 
1.000038e+02 
1.000067e+02 
1.000095e+02 
1.000104e+02 
1.000073e+02 
9.999895e+01 
9.998615e+01 
9.997096e+01 
9.995571e+01 
9.994201e+01 
9.993063e+01 
9.992165e+01 
9.991477e+01 
9.990959e+01 
9.990572e+01 
9.990253e+01 
9.989961e+01 
9.989698e+01 
9.989468e+01 
9.989272e+01 
9.989112e+01 
9.988991e+01 
9.988910e+01 
9.988869e+01 
9.988869e+01 
9.988910e+01 
9.988991e+01 
9.989112e+01 
9.989272e+01 
9.989468e+01 
9.989698e+01 
9.989961e+01 
9.990253e+01 
9.990572e+01 
9.990959e+01 
9.991477e+01 
9.992165e+01 
9.993063e+01 
9.994201e+01 
9.995571e+01 
9.997096e+01 
9.998615e+01 
9.999895e+01 
1.000073e+02 
1.000104e+02 
1.000095e+02 
1.000067e+02 
1.000038e+02 
1.000016e+02 
1.000005e+02 
9.999999e+01 
9.999989e+01 
9.999993e+01 
9.999998e+01 
1.000000e+02 
1.000000e+02 
1.000000e+02 

1.000000e+02 
1.000000e+02 
1.000000e+02 
9.999998e+01 
9.999993e+01 
9.999989e+01 
9.999997e+01 
1.000004e+02 
1.000012e+02 
1.000026e+02 
1.000041e+02 
1.000046e+02 
1.000031e+02 
9.999879e+01 
9.999196e+01 
9.998377e+01 
9.997554e+01 
9.996820e+01 
9.996216e+01 
9.995743e+01 
9.995387e+01 
9.995122e+01 
9.994928e+01 
9.994785e+01 
9.994668e+01 
9.994562e+01 
9.994468e+01 
9.994386e+01 
9.994317e+01 
9.994261e+01 
9.994218e+01 
9.994190e+01 
9.994176e+01 
9.994176e+01 
9.994190e+01 
9.994218e+01 
9.994261e+01 
9.994317e+01 
9.994386e+01 
9.994468e+01 
9.994562e+01 
9.994668e+01 
9.994785e+01 
9.994928e+01 
9.995122e+01 
9.995387e+01 
9.995743e+01 
9.996216e+01 
9.996820e+01 
9.997554e+01 
9.998377e+01 
9.999196e+01 
9.999879e+01 
1.000031e+02 
1.000046e+02 
1.000041e+02 
1.000026e+02 
1.000012e+02 
1.000004e+02 
9.999997e+01 
9.999989e+01 
9.999993e+01 
9.999998e+01 
1.000000e+02 
1.000000e+02 
1.000000e+02 

1.000000e+02 
1.000000e+02 
1.000000e+02 
9.999998e+01 
9.999993e+01 
9.999989e+01 
9.999995e+01 
1.000002e+02 
1.000008e+02 
1.000014e+02 
1.000017e+02 
1.000010e+02 
9.999888e+01 
9.999540e+01 
9.999117e+01 
9.998690e+01 
9.998311e+01 
9.998001e+01 
9.997762e+01 
9.997583e+01 
9.997452e+01 
9.997357e+01 
9.997288e+01 
9.997238e+01 
9.997197e+01 
9.997161e+01 
9.997129e+01 
9.997101e+01 
9.997077e+01 
9.997058e+01 
9.997044e+01 
9.997034e+01 
9.997030e+01 
9.997030e+01 
9.997034e+01 
9.997044e+01 
9.997058e+01 
9.997077e+01 
9.997101e+01 
9.997129e+01 
9.997161e+01 
9.997197e+01 
9.997238e+01 
9.997288e+01 
9.997357e+01 
9.997452e+01 
9.997583e+01 
9.997762e+01 
9.998001e+01 
9.998311e+01 
9.998690e+01 
9.999117e+01 
9.999540e+01 
9.999888e+01 
1.000010e+02 
1.000017e+02 
1.000014e+02 
1.000008e+02 
1.000002e+02 
9.999995e+01 
9.999989e+01 
9.999993e+01 
9.999998e+01 
1.000000e+02 
1.000000e+02 
1.000000e+02 

1.000000e+02 
1.000000e+02 
1.000000e+02 
9.999998e+01 
9.999994e+01 
9.999990e+01 
9.999993e+01 
1.000001e+02 
1.000003e+02 
1.000004e+02 
1.000001e+02 
9.999909e+01 
9.999739e+01 
9.999531e+01 
9.999319e+01 
9.999132e+01 
9.998979e+01 
9.998863e+01 
9.998776e+01 
9.998714e+01 
9.998669e+01 
9.998637e+01 
9.998614e+01 
9.998598e+01 
9.998584e+01 
9.998572e+01 
9.998562e+01 
9.998553e+01 
9.998545e+01 
9.998539e+01 
9.998534e+01 
9.998531e+01 
9.998530e+01 
9.998530e+01 
9.998531e+01 
9.998534e+01 
9.998539e+01 
9.998545e+01 
9.998553e+01 
9.998562e+01 
9.998572e+01 
9.998584e+01 
9.998598e+01 
9.998614e+01 
9.998637e+01 
9.998669e+01 
9.998714e+01 
9.998776e+01 
9.998863e+01 
9.998979e+01 
9.999132e+01 
9.999319e+01 
9.999531e+01 
9.999739e+01 
9.999909e+01 
1.000001e+02 
1.000004e+02 
1.000003e+02 
1.000001e+02 
9.999993e+01 
9.999990e+01 
9.999994e+01 
9.999998e+01 
1.000000e+02 
1.000000e+02 
1.000000e+02 

1.000000e+02 
1.000000e+02 
1.000000e+02 
9.999998e+01 
9.999995e+01 
9.999991e+01 
9.999991e+01 
9.999995e+01 
9.999997e+01 
9.999981e+01 
9.999934e+01 
9.999855e+01 
9.999758e+01 
9.999658e+01 
9.999570e+01 
9.999499e+01 
9.999445e+01 
9.999405e+01 
9.999376e+01 
9.999356e+01 
9.999342e+01 
9.999332e+01 
9.999325e+01 
9.999320e+01 
9.999315e+01 
9.999312e+01 
9.999308e+01 
9.999306e+01 
9.999303e+01 
9.999301e+01 
9.999300e+01 
9.999299e+01 
9.999299e+01 
9.999299e+01 
9.999299e+01 
9.999300e+01 
9.999301e+01 
9.999303e+01 
9.999306e+01 
9.999308e+01 
9.999312e+01 
9.999315e+01 
9.999320e+01 
9.999325e+01 
9.999332e+01 
9.999342e+01 
9.999356e+01 
9.999376e+01 
9.999405e+01 
9.999445e+01 
9.999499e+01 
9.999570e+01 
9.999658e+01 
9.999758e+01 
9.999855e+01 
9.999934e+01 
9.999981e+01 
9.999997e+01 
9.999995e+01 
9.999991e+01 
9.999991e+01 
9.999995e+01 
9.999998e+01 
1.000000e+02 
1.000000e+02 
1.000000e+02 

1.000000e+02 
1.000000e+02 
1.000000e+02 
9.999999e+01 
9.999996e+01 
9.999992e+01 
9.999990e+01 
9.999987e+01 
9.999979e+01 
9.999958e+01 
9.999924e+01 
9.999881e+01 
9.999837e+01 
9.999799e+01 
9.999767e+01 
9.999743e+01 
9.999726e+01 
9.999714e+01 
9.999705e+01 
9.999699e+01 
9.999695e+01 
9.999692e+01 
9.999690e+01 
9.999688e+01 
9.999687e+01 
9.999686e+01 
9.999685e+01 
9.999684e+01 
9.999684e+01 
9.999683e+01 
9.999683e+01 
9.999682e+01 
9.999682e+01 
9.999682e+01 
9.999682e+01 
9.999683e+01 
9.999683e+01 
9.999684e+01 
9.999684e+01 
9.999685e+01 
9.999686e+01 
9.999687e+01 
9.999688e+01 
9.999690e+01 
9.999692e+01 
9.999695e+01 
9.999699e+01 
9.999705e+01 
9.999714e+01 
9.999726e+01 
9.999743e+01 
9.999767e+01 
9.999799e+01 
9.999837e+01 
9.999881e+01 
9.999924e+01 
9.999958e+01 
9.999979e+01 
9.999987e+01 
9.999990e+01 
9.999992e+01 
9.999996e+01 
9.999999e+01 
1.000000e+02 
1.000000e+02 
1.000000e+02 

1.000000e+02 
1.000000e+02 
1.000000e+02 
9.999999e+01 
9.999997e+01 
9.999994e+01 
9.999991e+01 
9.999987e+01 
9.999978e+01 
9.999965e+01 
9.999947e+01 
9.999930e+01 
9.999914e+01 
9.999902e+01 
9.999892e+01 
9.999885e+01 
9.999880e+01 
9.999877e+01 
9.999875e+01 
9.999873e+01 
9.999872e+01 
9.999871e+01 
9.999871e+01 
9.999870e+01 
9.999870e+01 
9.999870e+01 
9.999869e+01 
9.999869e+01 
9.999869e+01 
9.999869e+01 
9.999869e+01 
9.999869e+01 
9.999869e+01 
9.999869e+01 
9.999869e+01 
9.999869e+01 
9.999869e+01 
9.999869e+01 
9.999869e+01 
9.999869e+01 
9.999870e+01 
9.999870e+01 
9.999870e+01 
9.999871e+01 
9.999871e+01 
9.999872e+01 
9.999873e+01 
9.999875e+01 
9.999877e+01 
9.999880e+01 
9.999885e+01 
9.999892e+01 
9.999902e+01 
9.999914e+01 
9.999930e+01 
9.999947e+01 
9.999965e+01 
9.999978e+01 
9.999987e+01 
9.999991e+01 
9.999994e+01 
9.999997e+01 
9.999999e+01 
1.000000e+02 
1.000000e+02 
1.000000e+02 

1.000000e+02 
1.000000e+02 
1.000000e+02 
1.000000e+02 
9.999998e+01 
9.999997e+01 
9.999995e+01 
9.999992e+01 
9.999987e+01 
9.999981e+01 
9.999975e+01 
9.999970e+01 
9.999966e+01 
9.999963e+01 
9.999960e+01 
9.999959e+01 
9.999957e+01 
9.999957e+01 
9.999956e+01 
9.999956e+01 
9.999955e+01 
9.999955e+01 
9.999955e+01 
9.999955e+01 
9.999955e+01 
9.999955e+01 
9.999955e+01 
9.999955e+01 
9.999955e+01 
9.999955e+01 
9.999955e+01 
9.999955e+01 
9.999955e+01 
9.999955e+01 
9.999955e+01 
9.999955e+01 
9.999955e+01 
9.999955e+01 
9.999955e+01 
9.999955e+01 
9.999955e+01 
9.999955e+01 
9.999955e+01 
9.999955e+01 
9.999955e+01 
9.999955e+01 
9.999956e+01 
9.999956e+01 
9.999957e+01 
9.999957e+01 
9.999959e+01 
9.999960e+01 
9.999963e+01 
9.999966e+01 
9.999970e+01 
9.999975e+01 
9.999981e+01 
9.999987e+01 
9.999992e+01 
9.999995e+01 
9.999997e+01 
9.999998e+01 
1.000000e+02 
1.000000e+02 
1.000000e+02 
1.000000e+02 

1.000000e+02 
1.000000e+02 
1.000000e+02 
1.000000e+02 
1.000000e+02 
9.999999e+01 
9.999998e+01 
9.999997e+01 
9.999996e+01 
9.999995e+01 
9.999994e+01 
9.999993e+01 
9.999992e+01 
9.999992e+01 
9.999991e+01 
9.999991e+01 
9.999991e+01 
9.999991e+01 
9.999990e+01 
9.999990e+01 
9.999990e+01 
9.999990e+01 
9.999990e+01 
9.999990e+01 
9.999990e+01 
9.999990e+01 
9.999990e+01 
9.999990e+01 
9.999990e+01 
9.999990e+01 
9.999990e+01 
9.999990e+01 
9.999990e+01 
9.999990e+01 
9.999990e+01 
9.999990e+01 
9.999990e+01 
9.999990e+01 
9.999990e+01 
9.999990e+01 
9.999990e+01 
9.999990e+01 
9.999990e+01 
9.999990e+01 
9.999990e+01 
9.999990e+01 
9.999990e+01 
9.999990e+01 
9.999991e+01 
9.999991e+01 
9.999991e+01 
9.999991e+01 
9.999992e+01 
9.999992e+01 
9.999993e+01 
9.999994e+01 
9.999995e+01 
9.999996e+01 
9.999997e+01 
9.999998e+01 
9.999999e+01 
1.000000e+02 
1.000000e+02 
1.000000e+02 
1.000000e+02 
1.000000e+02 

1.000000e+02 
1.000000e+02 
1.000000e+02 
1.000000e+02 
1.000000e+02 
1.000000e+02 
1.000000e+02 
1.000000e+02 
1.000000e+02 
1.000000e+02 
1.000000e+02 
1.000000e+02 
1.000000e+02 
1.000000e+02 
1.000000e+02 
1.000000e+02 
1.000000e+02 
1.000000e+02 
1.000000e+02 
1.000000e+02 
1.000000e+02 
1.000000e+02 
1.000000e+02 
1.000000e+02 
1.000000e+02 
1.000000e+02 
1.000000e+02 
1.000000e+02 
1.000000e+02 
1.000000e+02 
1.000000e+02 
1.000000e+02 
1.000000e+02 
1.000000e+02 
1.000000e+02 
1.000000e+02 
1.000000e+02 
1.000000e+02 
1.000000e+02 
1.000000e+02 
1.000000e+02 
1.000000e+02 
1.000000e+02 
1.000000e+02 
1.000000e+02 
1.000000e+02 
1.000000e+02 
1.000000e+02 
1.000000e+02 
1.000000e+02 
1.000000e+02 
1.000000e+02 
1.000000e+02 
1.000000e+02 
1.000000e+02 
1.000000e+02 
1.000000e+02 
1.000000e+02 
1.000000e+02 
1.000000e+02 
1.000000e+02 
1.000000e+02 
1.000000e+02 
1.000000e+02 
1.000000e+02 
1.000000e+02 

1.000000e+02 
1.000000e+02 
1.000000e+02 
1.000000e+02 
1.000000e+02 
1.000000e+02 
1.000000e+02 
1.000000e+02 
1.000000e+02 
1.000000e+02 
1.000000e+02 
1.000000e+02 
1.000000e+02 
1.000000e+02 
1.000000e+02 
1.000000e+02 
1.000000e+02 
1.000000e+02 
1.000000e+02 
1.000000e+02 
1.000000e+02 
1.000000e+02 
1.000000e+02 
1.000000e+02 
1.000000e+02 
1.000000e+02 
1.000000e+02 
1.000000e+02 
1.000000e+02 
1.000000e+02 
1.000000e+02 
1.000000e+02 
1.000000e+02 
1.000000e+02 
1.000000e+02 
1.000000e+02 
1.000000e+02 
1.000000e+02 
1.000000e+02 
1.000000e+02 
1.000000e+02 
1.000000e+02 
1.000000e+02 
1.000000e+02 
1.000000e+02 
1.000000e+02 
1.000000e+02 
1.000000e+02 
1.000000e+02 
1.000000e+02 
1.000000e+02 
1.000000e+02 
1.000000e+02 
1.000000e+02 
1.000000e+02 
1.000000e+02 
1.000000e+02 
1.000000e+02 
1.000000e+02 
1.000000e+02 
1.000000e+02 
1.000000e+02 
1.000000e+02 
1.000000e+02 
1.000000e+02 
1.000000e+02 

1.000000e+02 
1.000000e+02 
1.000000e+02 
1.000000e+02 
1.000000e+02 
1.000000e+02 
1.000000e+02 
1.000000e+02 
1.000000e+02 
1.000000e+02 
1.000000e+02 
1.000000e+02 
1.000000e+02 
1.000000e+02 
1.000000e+02 
1.000000e+02 
1.000000e+02 
1.000000e+02 
1.000000e+02 
1.000000e+02 
1.000000e+02 
1.000000e+02 
1.000000e+02 
1.000000e+02 
1.000000e+02 
1.000000e+02 
1.000000e+02 
1.000000e+02 
1.000000e+02 
1.000000e+02 
1.000000e+02 
1.000000e+02 
1.000000e+02 
1.000000e+02 
1.000000e+02 
1.000000e+02 
1.000000e+02 
1.000000e+02 
1.000000e+02 
1.000000e+02 
1.000000e+02 
1.000000e+02 
1.000000e+02 
1.000000e+02 
1.000000e+02 
1.000000e+02 
1.000000e+02 
1.000000e+02 
1.000000e+02 
1.000000e+02 
1.000000e+02 
1.000000e+02 
1.000000e+02 
1.000000e+02 
1.000000e+02 
1.000000e+02 
1.000000e+02 
1.000000e+02 
1.000000e+02 
1.000000e+02 
1.000000e+02 
1.000000e+02 
1.000000e+02 
1.000000e+02 
1.000000e+02 
1.000000e+02 

1.000000e+02 
1.000000e+02 
1.000000e+02 
1.000000e+02 
1.000000e+02 
1.000000e+02 
1.000000e+02 
1.000000e+02 
1.000000e+02 
1.000000e+02 
1.000000e+02 
1.000000e+02 
1.000000e+02 
1.000000e+02 
1.000000e+02 
1.000000e+02 
1.000000e+02 
1.000000e+02 
1.000000e+02 
1.000000e+02 
1.000000e+02 
1.000000e+02 
1.000000e+02 
1.000000e+02 
1.000000e+02 
1.000000e+02 
1.000000e+02 
1.000000e+02 
1.000000e+02 
1.000000e+02 
1.000000e+02 
1.000000e+02 
1.000000e+02 
1.000000e+02 
1.000000e+02 
1.000000e+02 
1.000000e+02 
1.000000e+02 
1.000000e+02 
1.000000e+02 
1.000000e+02 
1.000000e+02 
1.000000e+02 
1.000000e+02 
1.000000e+02 
1.000000e+02 
1.000000e+02 
1.000000e+02 
1.000000e+02 
1.000000e+02 
1.000000e+02 
1.000000e+02 
1.000000e+02 
1.000000e+02 
1.000000e+02 
1.000000e+02 
1.000000e+02 
1.000000e+02 
1.000000e+02 
1.000000e+02 
1.000000e+02 
1.000000e+02 
1.000000e+02 
1.000000e+02 
1.000000e+02 
1.000000e+02 

1.000000e+02 
1.000000e+02 
1.000000e+02 
1.000000e+02 
1.000000e+02 
1.000000e+02 
1.000000e+02 
1.000000e+02 
1.000000e+02 
1.000000e+02 
1.000000e+02 
1.000000e+02 
1.000000e+02 
1.000000e+02 
1.000000e+02 
1.000000e+02 
1.000000e+02 
1.000000e+02 
1.000000e+02 
1.000000e+02 
1.000000e+02 
1.000000e+02 
1.000000e+02 
1.000000e+02 
1.000000e+02 
1.000000e+02 
1.000000e+02 
1.000000e+02 
1.000000e+02 
1.000000e+02 
1.000000e+02 
1.000000e+02 
1.000000e+02 
1.000000e+02 
1.000000e+02 
1.000000e+02 
1.000000e+02 
1.000000e+02 
1.000000e+02 
1.000000e+02 
1.000000e+02 
1.000000e+02 
1.000000e+02 
1.000000e+02 
1.000000e+02 
1.000000e+02 
1.000000e+02 
1.000000e+02 
1.000000e+02 
1.000000e+02 
1.000000e+02 
1.000000e+02 
1.000000e+02 
1.000000e+02 
1.000000e+02 
1.000000e+02 
1.000000e+02 
1.000000e+02 
1.000000e+02 
1.000000e+02 
1.000000e+02 
1.000000e+02 
1.000000e+02 
1.000000e+02 
1.000000e+02 
1.000000e+02 

