4.500141e+01
4.500141e+01
4.500141e+01
4.500141e+01
4.500141e+01
4.500141e+01
4.500141e+01
4.500141e+01
4.500141e+01
4.500141e+01
4.500141e+01
4.500141e+01
4.500141e+01
4.500141e+01
4.500141e+01
4.500141e+01
4.500141e+01
4.500141e+01
4.500141e+01
4.500141e+01
4.500141e+01
4.500141e+01
4.500141e+01
4.500141e+01
4.500141e+01
4.500141e+01
4.500141e+01
4.500141e+01
4.500141e+01
4.500141e+01
4.500141e+01
4.500141e+01
4.500141e+01
4.500141e+01
4.500141e+01
4.500141e+01
4.500141e+01
4.500141e+01
4.500141e+01
4.500141e+01
4.500141e+01
4.500141e+01
4.500141e+01
4.500141e+01
4.500141e+01
4.500141e+01
4.500141e+01
4.500141e+01
4.500141e+01
4.500141e+01
4.500141e+01
4.500141e+01
4.500141e+01
4.500141e+01
4.500141e+01
4.500141e+01
4.500141e+01
4.500141e+01
4.500141e+01
4.500141e+01
4.500141e+01
4.500141e+01
4.500141e+01
4.500141e+01
4.500141e+01
4.500141e+01

4.500141e+01
4.500141e+01
4.500141e+01
4.500141e+01
4.500141e+01
4.500141e+01
4.500141e+01
4.500141e+01
4.500141e+01
4.500141e+01
4.500141e+01
4.500141e+01
4.500141e+01
4.500141e+01
4.500141e+01
4.500141e+01
4.500141e+01
4.500141e+01
4.500141e+01
4.500141e+01
4.500141e+01
4.500141e+01
4.500141e+01
4.500141e+01
4.500141e+01
4.500141e+01
4.500141e+01
4.500141e+01
4.500141e+01
4.500141e+01
4.500141e+01
4.500141e+01
4.500141e+01
4.500141e+01
4.500141e+01
4.500141e+01
4.500141e+01
4.500141e+01
4.500141e+01
4.500141e+01
4.500141e+01
4.500141e+01
4.500141e+01
4.500141e+01
4.500141e+01
4.500141e+01
4.500141e+01
4.500141e+01
4.500141e+01
4.500141e+01
4.500141e+01
4.500141e+01
4.500141e+01
4.500141e+01
4.500141e+01
4.500141e+01
4.500141e+01
4.500141e+01
4.500141e+01
4.500141e+01
4.500141e+01
4.500141e+01
4.500141e+01
4.500141e+01
4.500141e+01
4.500141e+01

4.500141e+01
4.500141e+01
4.500141e+01
4.500141e+01
4.500141e+01
4.500141e+01
4.500141e+01
4.500141e+01
4.500141e+01
4.500141e+01
4.500141e+01
4.500141e+01
4.500141e+01
4.500141e+01
4.500141e+01
4.500141e+01
4.500141e+01
4.500141e+01
4.500141e+01
4.500141e+01
4.500141e+01
4.500141e+01
4.500141e+01
4.500141e+01
4.500141e+01
4.500141e+01
4.500141e+01
4.500141e+01
4.500141e+01
4.500141e+01
4.500141e+01
4.500141e+01
4.500141e+01
4.500141e+01
4.500141e+01
4.500141e+01
4.500141e+01
4.500141e+01
4.500141e+01
4.500141e+01
4.500141e+01
4.500141e+01
4.500141e+01
4.500141e+01
4.500141e+01
4.500141e+01
4.500141e+01
4.500141e+01
4.500141e+01
4.500141e+01
4.500141e+01
4.500141e+01
4.500141e+01
4.500141e+01
4.500141e+01
4.500141e+01
4.500141e+01
4.500141e+01
4.500141e+01
4.500141e+01
4.500141e+01
4.500141e+01
4.500141e+01
4.500141e+01
4.500141e+01
4.500141e+01

4.500141e+01
4.500141e+01
4.500141e+01
4.500141e+01
4.500141e+01
4.500141e+01
4.500142e+01
4.500142e+01
4.500142e+01
4.500142e+01
4.500142e+01
4.500142e+01
4.500142e+01
4.500142e+01
4.500142e+01
4.500142e+01
4.500142e+01
4.500142e+01
4.500142e+01
4.500142e+01
4.500142e+01
4.500142e+01
4.500142e+01
4.500142e+01
4.500142e+01
4.500142e+01
4.500142e+01
4.500142e+01
4.500142e+01
4.500142e+01
4.500142e+01
4.500142e+01
4.500142e+01
4.500142e+01
4.500142e+01
4.500142e+01
4.500142e+01
4.500142e+01
4.500142e+01
4.500142e+01
4.500142e+01
4.500142e+01
4.500142e+01
4.500142e+01
4.500142e+01
4.500142e+01
4.500142e+01
4.500142e+01
4.500142e+01
4.500142e+01
4.500142e+01
4.500142e+01
4.500142e+01
4.500142e+01
4.500142e+01
4.500142e+01
4.500142e+01
4.500142e+01
4.500142e+01
4.500142e+01
4.500141e+01
4.500141e+01
4.500141e+01
4.500141e+01
4.500141e+01
4.500141e+01

4.500141e+01
4.500141e+01
4.500141e+01
4.500141e+01
4.500142e+01
4.500142e+01
4.500142e+01
4.500142e+01
4.500142e+01
4.500142e+01
4.500142e+01
4.500142e+01
4.500141e+01
4.500141e+01
4.500141e+01
4.500141e+01
4.500141e+01
4.500141e+01
4.500141e+01
4.500141e+01
4.500141e+01
4.500141e+01
4.500141e+01
4.500141e+01
4.500141e+01
4.500141e+01
4.500141e+01
4.500141e+01
4.500141e+01
4.500141e+01
4.500141e+01
4.500141e+01
4.500141e+01
4.500141e+01
4.500141e+01
4.500141e+01
4.500141e+01
4.500141e+01
4.500141e+01
4.500141e+01
4.500141e+01
4.500141e+01
4.500141e+01
4.500141e+01
4.500141e+01
4.500141e+01
4.500141e+01
4.500141e+01
4.500141e+01
4.500141e+01
4.500141e+01
4.500141e+01
4.500141e+01
4.500141e+01
4.500142e+01
4.500142e+01
4.500142e+01
4.500142e+01
4.500142e+01
4.500142e+01
4.500142e+01
4.500142e+01
4.500141e+01
4.500141e+01
4.500141e+01
4.500141e+01

4.500141e+01
4.500141e+01
4.500141e+01
4.500142e+01
4.500142e+01
4.500142e+01
4.500143e+01
4.500142e+01
4.500141e+01
4.500140e+01
4.500139e+01
4.500138e+01
4.500137e+01
4.500137e+01
4.500136e+01
4.500136e+01
4.500136e+01
4.500136e+01
4.500136e+01
4.500136e+01
4.500136e+01
4.500135e+01
4.500135e+01
4.500135e+01
4.500135e+01
4.500135e+01
4.500135e+01
4.500135e+01
4.500135e+01
4.500135e+01
4.500135e+01
4.500135e+01
4.500135e+01
4.500135e+01
4.500135e+01
4.500135e+01
4.500135e+01
4.500135e+01
4.500135e+01
4.500135e+01
4.500135e+01
4.500135e+01
4.500135e+01
4.500135e+01
4.500135e+01
4.500136e+01
4.500136e+01
4.500136e+01
4.500136e+01
4.500136e+01
4.500136e+01
4.500136e+01
4.500137e+01
4.500137e+01
4.500138e+01
4.500139e+01
4.500140e+01
4.500141e+01
4.500142e+01
4.500143e+01
4.500142e+01
4.500142e+01
4.500142e+01
4.500141e+01
4.500141e+01
4.500141e+01

4.500141e+01
4.500141e+01
4.500141e+01
4.500142e+01
4.500142e+01
4.500143e+01
4.500144e+01
4.500142e+01
4.500139e+01
4.500135e+01
4.500130e+01
4.500126e+01
4.500123e+01
4.500121e+01
4.500119e+01
4.500118e+01
4.500117e+01
4.500117e+01
4.500116e+01
4.500116e+01
4.500116e+01
4.500116e+01
4.500116e+01
4.500116e+01
4.500115e+01
4.500115e+01
4.500115e+01
4.500115e+01
4.500115e+01
4.500115e+01
4.500115e+01
4.500115e+01
4.500115e+01
4.500115e+01
4.500115e+01
4.500115e+01
4.500115e+01
4.500115e+01
4.500115e+01
4.500115e+01
4.500115e+01
4.500115e+01
4.500116e+01
4.500116e+01
4.500116e+01
4.500116e+01
4.500116e+01
4.500116e+01
4.500117e+01
4.500117e+01
4.500118e+01
4.500119e+01
4.500121e+01
4.500123e+01
4.500126e+01
4.500130e+01
4.500135e+01
4.500139e+01
4.500142e+01
4.500144e+01
4.500143e+01
4.500142e+01
4.500142e+01
4.500141e+01
4.500141e+01
4.500141e+01

4.500141e+01
4.500141e+01
4.500141e+01
4.500142e+01
4.500143e+01
4.500145e+01
4.500146e+01
4.500144e+01
4.500137e+01
4.500127e+01
4.500115e+01
4.500104e+01
4.500094e+01
4.500087e+01
4.500081e+01
4.500077e+01
4.500075e+01
4.500073e+01
4.500072e+01
4.500071e+01
4.500070e+01
4.500070e+01
4.500069e+01
4.500069e+01
4.500069e+01
4.500069e+01
4.500069e+01
4.500068e+01
4.500068e+01
4.500068e+01
4.500068e+01
4.500068e+01
4.500068e+01
4.500068e+01
4.500068e+01
4.500068e+01
4.500068e+01
4.500068e+01
4.500068e+01
4.500069e+01
4.500069e+01
4.500069e+01
4.500069e+01
4.500069e+01
4.500070e+01
4.500070e+01
4.500071e+01
4.500072e+01
4.500073e+01
4.500075e+01
4.500077e+01
4.500081e+01
4.500087e+01
4.500094e+01
4.500104e+01
4.500115e+01
4.500127e+01
4.500137e+01
4.500144e+01
4.500146e+01
4.500145e+01
4.500143e+01
4.500142e+01
4.500141e+01
4.500141e+01
4.500141e+01

4.500141e+01
4.500141e+01
4.500141e+01
4.500142e+01
4.500144e+01
4.500147e+01
4.500149e+01
4.500147e+01
4.500138e+01
4.500120e+01
4.500097e+01
4.500072e+01
4.500049e+01
4.500030e+01
4.500015e+01
4.500005e+01
4.499997e+01
4.499991e+01
4.499988e+01
4.499985e+01
4.499983e+01
4.499982e+01
4.499981e+01
4.499980e+01
4.499980e+01
4.499979e+01
4.499979e+01
4.499979e+01
4.499978e+01
4.499978e+01
4.499978e+01
4.499978e+01
4.499978e+01
4.499978e+01
4.499978e+01
4.499978e+01
4.499978e+01
4.499978e+01
4.499979e+01
4.499979e+01
4.499979e+01
4.499980e+01
4.499980e+01
4.499981e+01
4.499982e+01
4.499983e+01
4.499985e+01
4.499988e+01
4.499991e+01
4.499997e+01
4.500005e+01
4.500015e+01
4.500030e+01
4.500049e+01
4.500072e+01
4.500097e+01
4.500120e+01
4.500138e+01
4.500147e+01
4.500149e+01
4.500147e+01
4.500144e+01
4.500142e+01
4.500141e+01
4.500141e+01
4.500141e+01

4.500141e+01
4.500141e+01
4.500141e+01
4.500142e+01
4.500144e+01
4.500148e+01
4.500153e+01
4.500153e+01
4.500143e+01
4.500120e+01
4.500083e+01
4.500039e+01
4.499993e+01
4.499952e+01
4.499919e+01
4.499893e+01
4.499873e+01
4.499860e+01
4.499850e+01
4.499843e+01
4.499838e+01
4.499835e+01
4.499833e+01
4.499831e+01
4.499830e+01
4.499828e+01
4.499827e+01
4.499826e+01
4.499826e+01
4.499825e+01
4.499825e+01
4.499824e+01
4.499824e+01
4.499824e+01
4.499824e+01
4.499825e+01
4.499825e+01
4.499826e+01
4.499826e+01
4.499827e+01
4.499828e+01
4.499830e+01
4.499831e+01
4.499833e+01
4.499835e+01
4.499838e+01
4.499843e+01
4.499850e+01
4.499860e+01
4.499873e+01
4.499893e+01
4.499919e+01
4.499952e+01
4.499993e+01
4.500039e+01
4.500083e+01
4.500120e+01
4.500143e+01
4.500153e+01
4.500153e+01
4.500148e+01
4.500144e+01
4.500142e+01
4.500141e+01
4.500141e+01
4.500141e+01

4.500141e+01
4.500141e+01
4.500141e+01
4.500142e+01
4.500145e+01
4.500150e+01
4.500156e+01
4.500160e+01
4.500153e+01
4.500129e+01
4.500083e+01
4.500018e+01
4.499942e+01
4.499866e+01
4.499798e+01
4.499742e+01
4.499699e+01
4.499667e+01
4.499644e+01
4.499627e+01
4.499616e+01
4.499607e+01
4.499601e+01
4.499597e+01
4.499594e+01
4.499591e+01
4.499588e+01
4.499586e+01
4.499584e+01
4.499582e+01
4.499581e+01
4.499580e+01
4.499580e+01
4.499580e+01
4.499580e+01
4.499581e+01
4.499582e+01
4.499584e+01
4.499586e+01
4.499588e+01
4.499591e+01
4.499594e+01
4.499597e+01
4.499601e+01
4.499607e+01
4.499616e+01
4.499627e+01
4.499644e+01
4.499667e+01
4.499699e+01
4.499742e+01
4.499798e+01
4.499866e+01
4.499942e+01
4.500018e+01
4.500083e+01
4.500129e+01
4.500153e+01
4.500160e+01
4.500156e+01
4.500150e+01
4.500145e+01
4.500142e+01
4.500141e+01
4.500141e+01
4.500141e+01

4.500141e+01
4.500141e+01
4.500141e+01
4.500142e+01
4.500145e+01
4.500151e+01
4.500159e+01
4.500167e+01
4.500166e+01
4.500147e+01
4.500101e+01
4.500022e+01
4.499916e+01
4.499794e+01
4.499673e+01
4.499566e+01
4.499477e+01
4.499409e+01
4.499357e+01
4.499320e+01
4.499293e+01
4.499274e+01
4.499260e+01
4.499250e+01
4.499242e+01
4.499235e+01
4.499228e+01
4.499223e+01
4.499218e+01
4.499214e+01
4.499212e+01
4.499210e+01
4.499209e+01
4.499209e+01
4.499210e+01
4.499212e+01
4.499214e+01
4.499218e+01
4.499223e+01
4.499228e+01
4.499235e+01
4.499242e+01
4.499250e+01
4.499260e+01
4.499274e+01
4.499293e+01
4.499320e+01
4.499357e+01
4.499409e+01
4.499477e+01
4.499566e+01
4.499673e+01
4.499794e+01
4.499916e+01
4.500022e+01
4.500101e+01
4.500147e+01
4.500166e+01
4.500167e+01
4.500159e+01
4.500151e+01
4.500145e+01
4.500142e+01
4.500141e+01
4.500141e+01
4.500141e+01

4.500141e+01
4.500141e+01
4.500141e+01
4.500142e+01
4.500145e+01
4.500152e+01
4.500162e+01
4.500173e+01
4.500179e+01
4.500170e+01
4.500133e+01
4.500055e+01
4.499930e+01
4.499765e+01
4.499580e+01
4.499396e+01
4.499232e+01
4.499097e+01
4.498991e+01
4.498911e+01
4.498852e+01
4.498809e+01
4.498778e+01
4.498755e+01
4.498737e+01
4.498720e+01
4.498705e+01
4.498692e+01
4.498682e+01
4.498673e+01
4.498666e+01
4.498662e+01
4.498660e+01
4.498660e+01
4.498662e+01
4.498666e+01
4.498673e+01
4.498682e+01
4.498692e+01
4.498705e+01
4.498720e+01
4.498737e+01
4.498755e+01
4.498778e+01
4.498809e+01
4.498852e+01
4.498911e+01
4.498991e+01
4.499097e+01
4.499232e+01
4.499396e+01
4.499580e+01
4.499765e+01
4.499930e+01
4.500055e+01
4.500133e+01
4.500170e+01
4.500179e+01
4.500173e+01
4.500162e+01
4.500152e+01
4.500145e+01
4.500142e+01
4.500141e+01
4.500141e+01
4.500141e+01

4.500141e+01
4.500141e+01
4.500141e+01
4.500142e+01
4.500145e+01
4.500152e+01
4.500164e+01
4.500178e+01
4.500190e+01
4.500193e+01
4.500172e+01
4.500110e+01
4.499989e+01
4.499801e+01
4.499556e+01
4.499281e+01
4.499009e+01
4.498766e+01
4.498564e+01
4.498404e+01
4.498282e+01
4.498190e+01
4.498123e+01
4.498073e+01
4.498032e+01
4.497995e+01
4.497962e+01
4.497933e+01
4.497909e+01
4.497889e+01
4.497874e+01
4.497864e+01
4.497859e+01
4.497859e+01
4.497864e+01
4.497874e+01
4.497889e+01
4.497909e+01
4.497933e+01
4.497962e+01
4.497995e+01
4.498032e+01
4.498073e+01
4.498123e+01
4.498190e+01
4.498282e+01
4.498404e+01
4.498564e+01
4.498766e+01
4.499009e+01
4.499281e+01
4.499556e+01
4.499801e+01
4.499989e+01
4.500110e+01
4.500172e+01
4.500193e+01
4.500190e+01
4.500178e+01
4.500164e+01
4.500152e+01
4.500145e+01
4.500142e+01
4.500141e+01
4.500141e+01
4.500141e+01

4.500141e+01
4.500141e+01
4.500141e+01
4.500142e+01
4.500145e+01
4.500153e+01
4.500165e+01
4.500182e+01
4.500199e+01
4.500213e+01
4.500211e+01
4.500176e+01
4.500082e+01
4.499903e+01
4.499627e+01
4.499272e+01
4.498877e+01
4.498485e+01
4.498132e+01
4.497836e+01
4.497599e+01
4.497416e+01
4.497277e+01
4.497172e+01
4.497086e+01
4.497006e+01
4.496935e+01
4.496872e+01
4.496818e+01
4.496774e+01
4.496740e+01
4.496718e+01
4.496707e+01
4.496707e+01
4.496718e+01
4.496740e+01
4.496774e+01
4.496818e+01
4.496872e+01
4.496935e+01
4.497006e+01
4.497086e+01
4.497172e+01
4.497277e+01
4.497416e+01
4.497599e+01
4.497836e+01
4.498132e+01
4.498485e+01
4.498877e+01
4.499272e+01
4.499627e+01
4.499903e+01
4.500082e+01
4.500176e+01
4.500211e+01
4.500213e+01
4.500199e+01
4.500182e+01
4.500165e+01
4.500153e+01
4.500145e+01
4.500142e+01
4.500141e+01
4.500141e+01
4.500141e+01

4.500141e+01
4.500141e+01
4.500141e+01
4.500142e+01
4.500145e+01
4.500153e+01
4.500166e+01
4.500184e+01
4.500206e+01
4.500229e+01
4.500245e+01
4.500241e+01
4.500190e+01
4.500052e+01
4.499794e+01
4.499402e+01
4.498901e+01
4.498345e+01
4.497794e+01
4.497295e+01
4.496871e+01
4.496529e+01
4.496260e+01
4.496053e+01
4.495879e+01
4.495716e+01
4.495567e+01
4.495434e+01
4.495319e+01
4.495225e+01
4.495153e+01
4.495104e+01
4.495079e+01
4.495079e+01
4.495104e+01
4.495153e+01
4.495225e+01
4.495319e+01
4.495434e+01
4.495567e+01
4.495716e+01
4.495879e+01
4.496053e+01
4.496260e+01
4.496529e+01
4.496871e+01
4.497295e+01
4.497794e+01
4.498345e+01
4.498901e+01
4.499402e+01
4.499794e+01
4.500052e+01
4.500190e+01
4.500241e+01
4.500245e+01
4.500229e+01
4.500206e+01
4.500184e+01
4.500166e+01
4.500153e+01
4.500145e+01
4.500142e+01
4.500141e+01
4.500141e+01
4.500141e+01

4.500141e+01
4.500141e+01
4.500141e+01
4.500142e+01
4.500146e+01
4.500153e+01
4.500167e+01
4.500186e+01
4.500211e+01
4.500241e+01
4.500273e+01
4.500298e+01
4.500294e+01
4.500221e+01
4.500026e+01
4.499662e+01
4.499118e+01
4.498430e+01
4.497669e+01
4.496915e+01
4.496229e+01
4.495642e+01
4.495162e+01
4.494779e+01
4.494449e+01
4.494133e+01
4.493839e+01
4.493572e+01
4.493338e+01
4.493143e+01
4.492993e+01
4.492890e+01
4.492838e+01
4.492838e+01
4.492890e+01
4.492993e+01
4.493143e+01
4.493338e+01
4.493572e+01
4.493839e+01
4.494133e+01
4.494449e+01
4.494779e+01
4.495162e+01
4.495642e+01
4.496229e+01
4.496915e+01
4.497669e+01
4.498430e+01
4.499118e+01
4.499662e+01
4.500026e+01
4.500221e+01
4.500294e+01
4.500298e+01
4.500273e+01
4.500241e+01
4.500211e+01
4.500186e+01
4.500167e+01
4.500153e+01
4.500146e+01
4.500142e+01
4.500141e+01
4.500141e+01
4.500141e+01

4.500141e+01
4.500141e+01
4.500141e+01
4.500142e+01
4.500146e+01
4.500153e+01
4.500167e+01
4.500187e+01
4.500214e+01
4.500250e+01
4.500294e+01
4.500344e+01
4.500385e+01
4.500384e+01
4.500282e+01
4.500008e+01
4.499506e+01
4.498770e+01
4.497850e+01
4.496842e+01
4.495846e+01
4.494936e+01
4.494152e+01
4.493503e+01
4.492922e+01
4.492352e+01
4.491807e+01
4.491302e+01
4.490851e+01
4.490469e+01
4.490170e+01
4.489964e+01
4.489859e+01
4.489859e+01
4.489964e+01
4.490170e+01
4.490469e+01
4.490851e+01
4.491302e+01
4.491807e+01
4.492352e+01
4.492922e+01
4.493503e+01
4.494152e+01
4.494936e+01
4.495846e+01
4.496842e+01
4.497850e+01
4.498770e+01
4.499506e+01
4.500008e+01
4.500282e+01
4.500384e+01
4.500385e+01
4.500344e+01
4.500294e+01
4.500250e+01
4.500214e+01
4.500187e+01
4.500167e+01
4.500153e+01
4.500146e+01
4.500142e+01
4.500141e+01
4.500141e+01
4.500141e+01

4.500141e+01
4.500141e+01
4.500141e+01
4.500142e+01
4.500146e+01
4.500154e+01
4.500168e+01
4.500188e+01
4.500217e+01
4.500256e+01
4.500309e+01
4.500378e+01
4.500458e+01
4.500525e+01
4.500527e+01
4.500384e+01
4.500005e+01
4.499328e+01
4.498358e+01
4.497169e+01
4.495883e+01
4.494619e+01
4.493462e+01
4.492459e+01
4.491525e+01
4.490578e+01
4.489643e+01
4.488751e+01
4.487936e+01
4.487231e+01
4.486670e+01
4.486278e+01
4.486077e+01
4.486077e+01
4.486278e+01
4.486670e+01
4.487231e+01
4.487936e+01
4.488751e+01
4.489643e+01
4.490578e+01
4.491525e+01
4.492459e+01
4.493462e+01
4.494619e+01
4.495883e+01
4.497169e+01
4.498358e+01
4.499328e+01
4.500005e+01
4.500384e+01
4.500527e+01
4.500525e+01
4.500458e+01
4.500378e+01
4.500309e+01
4.500256e+01
4.500217e+01
4.500188e+01
4.500168e+01
4.500154e+01
4.500146e+01
4.500142e+01
4.500141e+01
4.500141e+01
4.500141e+01

4.500141e+01
4.500141e+01
4.500141e+01
4.500142e+01
4.500146e+01
4.500154e+01
4.500168e+01
4.500189e+01
4.500219e+01
4.500260e+01
4.500320e+01
4.500404e+01
4.500515e+01
4.500640e+01
4.500741e+01
4.500743e+01
4.500538e+01
4.500020e+01
4.499130e+01
4.497895e+01
4.496420e+01
4.494849e+01
4.493315e+01
4.491913e+01
4.490550e+01
4.489112e+01
4.487640e+01
4.486188e+01
4.484820e+01
4.483609e+01
4.482623e+01
4.481926e+01
4.481565e+01
4.481565e+01
4.481926e+01
4.482623e+01
4.483609e+01
4.484820e+01
4.486188e+01
4.487640e+01
4.489112e+01
4.490550e+01
4.491913e+01
4.493315e+01
4.494849e+01
4.496420e+01
4.497895e+01
4.499130e+01
4.500020e+01
4.500538e+01
4.500743e+01
4.500741e+01
4.500640e+01
4.500515e+01
4.500404e+01
4.500320e+01
4.500260e+01
4.500219e+01
4.500189e+01
4.500168e+01
4.500154e+01
4.500146e+01
4.500142e+01
4.500141e+01
4.500141e+01
4.500141e+01

4.500141e+01
4.500141e+01
4.500141e+01
4.500142e+01
4.500146e+01
4.500154e+01
4.500168e+01
4.500189e+01
4.500220e+01
4.500263e+01
4.500328e+01
4.500423e+01
4.500557e+01
4.500729e+01
4.500916e+01
4.501056e+01
4.501043e+01
4.500746e+01
4.500051e+01
4.498920e+01
4.497411e+01
4.495661e+01
4.493830e+01
4.492062e+01
4.490255e+01
4.488267e+01
4.486149e+01
4.483979e+01
4.481866e+01
4.479939e+01
4.478335e+01
4.477181e+01
4.476577e+01
4.476577e+01
4.477181e+01
4.478335e+01
4.479939e+01
4.481866e+01
4.483979e+01
4.486149e+01
4.488267e+01
4.490255e+01
4.492062e+01
4.493830e+01
4.495661e+01
4.497411e+01
4.498920e+01
4.500051e+01
4.500746e+01
4.501043e+01
4.501056e+01
4.500916e+01
4.500729e+01
4.500557e+01
4.500423e+01
4.500328e+01
4.500263e+01
4.500220e+01
4.500189e+01
4.500168e+01
4.500154e+01
4.500146e+01
4.500142e+01
4.500141e+01
4.500141e+01
4.500141e+01

4.500141e+01
4.500141e+01
4.500141e+01
4.500142e+01
4.500146e+01
4.500154e+01
4.500168e+01
4.500190e+01
4.500221e+01
4.500266e+01
4.500334e+01
4.500436e+01
4.500588e+01
4.500797e+01
4.501054e+01
4.501314e+01
4.501486e+01
4.501430e+01
4.501001e+01
4.500097e+01
4.498716e+01
4.496953e+01
4.494972e+01
4.492945e+01
4.490766e+01
4.488258e+01
4.485466e+01
4.482488e+01
4.479480e+01
4.476649e+01
4.474233e+01
4.472462e+01
4.471525e+01
4.471525e+01
4.472462e+01
4.474233e+01
4.476649e+01
4.479480e+01
4.482488e+01
4.485466e+01
4.488258e+01
4.490766e+01
4.492945e+01
4.494972e+01
4.496953e+01
4.498716e+01
4.500097e+01
4.501001e+01
4.501430e+01
4.501486e+01
4.501314e+01
4.501054e+01
4.500797e+01
4.500588e+01
4.500436e+01
4.500334e+01
4.500266e+01
4.500221e+01
4.500190e+01
4.500168e+01
4.500154e+01
4.500146e+01
4.500142e+01
4.500141e+01
4.500141e+01
4.500141e+01

4.500141e+01
4.500141e+01
4.500141e+01
4.500142e+01
4.500146e+01
4.500154e+01
4.500168e+01
4.500190e+01
4.500221e+01
4.500267e+01
4.500338e+01
4.500446e+01
4.500611e+01
4.500847e+01
4.501159e+01
4.501519e+01
4.501853e+01
4.502032e+01
4.501892e+01
4.501290e+01
4.500159e+01
4.498545e+01
4.496581e+01
4.494448e+01
4.492032e+01
4.489118e+01
4.485726e+01
4.481952e+01
4.477990e+01
4.474136e+01
4.470757e+01
4.468235e+01
4.466884e+01
4.466884e+01
4.468235e+01
4.470757e+01
4.474136e+01
4.477990e+01
4.481952e+01
4.485726e+01
4.489118e+01
4.492032e+01
4.494448e+01
4.496581e+01
4.498545e+01
4.500159e+01
4.501290e+01
4.501892e+01
4.502032e+01
4.501853e+01
4.501519e+01
4.501159e+01
4.500847e+01
4.500611e+01
4.500446e+01
4.500338e+01
4.500267e+01
4.500221e+01
4.500190e+01
4.500168e+01
4.500154e+01
4.500146e+01
4.500142e+01
4.500141e+01
4.500141e+01
4.500141e+01

4.500141e+01
4.500141e+01
4.500141e+01
4.500142e+01
4.500146e+01
4.500154e+01
4.500168e+01
4.500190e+01
4.500222e+01
4.500268e+01
4.500340e+01
4.500453e+01
4.500627e+01
4.500885e+01
4.501239e+01
4.501679e+01
4.502149e+01
4.502535e+01
4.502675e+01
4.502399e+01
4.501591e+01
4.500240e+01
4.498439e+01
4.496354e+01
4.493862e+01
4.490713e+01
4.486876e+01
4.482419e+01
4.477553e+01
4.472656e+01
4.468248e+01
4.464893e+01
4.463076e+01
4.463076e+01
4.464893e+01
4.468248e+01
4.472656e+01
4.477553e+01
4.482419e+01
4.486876e+01
4.490713e+01
4.493862e+01
4.496354e+01
4.498439e+01
4.500240e+01
4.501591e+01
4.502399e+01
4.502675e+01
4.502535e+01
4.502149e+01
4.501679e+01
4.501239e+01
4.500885e+01
4.500627e+01
4.500453e+01
4.500340e+01
4.500268e+01
4.500222e+01
4.500190e+01
4.500168e+01
4.500154e+01
4.500146e+01
4.500142e+01
4.500141e+01
4.500141e+01
4.500141e+01

4.500141e+01
4.500141e+01
4.500141e+01
4.500142e+01
4.500146e+01
4.500154e+01
4.500168e+01
4.500190e+01
4.500222e+01
4.500269e+01
4.500343e+01
4.500459e+01
4.500641e+01
4.500915e+01
4.501305e+01
4.501814e+01
4.502406e+01
4.502988e+01
4.503408e+01
4.503484e+01
4.503064e+01
4.502083e+01
4.500583e+01
4.498700e+01
4.496301e+01
4.493103e+01
4.489004e+01
4.484007e+01
4.478304e+01
4.472343e+01
4.466811e+01
4.462511e+01
4.460154e+01
4.460154e+01
4.462511e+01
4.466811e+01
4.472343e+01
4.478304e+01
4.484007e+01
4.489004e+01
4.493103e+01
4.496301e+01
4.498700e+01
4.500583e+01
4.502083e+01
4.503064e+01
4.503484e+01
4.503408e+01
4.502988e+01
4.502406e+01
4.501814e+01
4.501305e+01
4.500915e+01
4.500641e+01
4.500459e+01
4.500343e+01
4.500269e+01
4.500222e+01
4.500190e+01
4.500168e+01
4.500154e+01
4.500146e+01
4.500142e+01
4.500141e+01
4.500141e+01
4.500141e+01

4.500141e+01
4.500141e+01
4.500141e+01
4.500142e+01
4.500146e+01
4.500154e+01
4.500168e+01
4.500190e+01
4.500222e+01
4.500270e+01
4.500345e+01
4.500464e+01
4.500653e+01
4.500943e+01
4.501367e+01
4.501941e+01
4.502653e+01
4.503435e+01
4.504155e+01
4.504635e+01
4.504695e+01
4.504221e+01
4.503196e+01
4.501707e+01
4.499621e+01
4.496630e+01
4.492535e+01
4.487230e+01
4.480829e+01
4.473808e+01
4.467038e+01
4.461635e+01
4.458629e+01
4.458629e+01
4.461635e+01
4.467038e+01
4.473808e+01
4.480829e+01
4.487230e+01
4.492535e+01
4.496630e+01
4.499621e+01
4.501707e+01
4.503196e+01
4.504221e+01
4.504695e+01
4.504635e+01
4.504155e+01
4.503435e+01
4.502653e+01
4.501941e+01
4.501367e+01
4.500943e+01
4.500653e+01
4.500464e+01
4.500345e+01
4.500270e+01
4.500222e+01
4.500190e+01
4.500168e+01
4.500154e+01
4.500146e+01
4.500142e+01
4.500141e+01
4.500141e+01
4.500141e+01

4.500141e+01
4.500141e+01
4.500141e+01
4.500142e+01
4.500146e+01
4.500154e+01
4.500168e+01
4.500190e+01
4.500223e+01
4.500271e+01
4.500347e+01
4.500469e+01
4.500664e+01
4.500969e+01
4.501422e+01
4.502058e+01
4.502885e+01
4.503864e+01
4.504895e+01
4.505815e+01
4.506435e+01
4.506598e+01
4.506232e+01
4.505361e+01
4.503868e+01
4.501445e+01
4.497792e+01
4.492653e+01
4.485991e+01
4.478232e+01
4.470406e+01
4.463955e+01
4.460286e+01
4.460286e+01
4.463955e+01
4.470406e+01
4.478232e+01
4.485991e+01
4.492653e+01
4.497792e+01
4.501445e+01
4.503868e+01
4.505361e+01
4.506232e+01
4.506598e+01
4.506435e+01
4.505815e+01
4.504895e+01
4.503864e+01
4.502885e+01
4.502058e+01
4.501422e+01
4.500969e+01
4.500664e+01
4.500469e+01
4.500347e+01
4.500271e+01
4.500223e+01
4.500190e+01
4.500168e+01
4.500154e+01
4.500146e+01
4.500142e+01
4.500141e+01
4.500141e+01
4.500141e+01

4.500141e+01
4.500141e+01
4.500141e+01
4.500142e+01
4.500146e+01
4.500154e+01
4.500168e+01
4.500190e+01
4.500223e+01
4.500271e+01
4.500348e+01
4.500473e+01
4.500674e+01
4.500991e+01
4.501471e+01
4.502162e+01
4.503095e+01
4.504264e+01
4.505603e+01
4.506979e+01
4.508211e+01
4.509119e+01
4.509578e+01
4.509548e+01
4.508951e+01
4.507532e+01
4.504914e+01
4.500691e+01
4.494619e+01
4.486966e+01
4.478723e+01
4.471613e+01
4.467481e+01
4.467481e+01
4.471613e+01
4.478723e+01
4.486966e+01
4.494619e+01
4.500691e+01
4.504914e+01
4.507532e+01
4.508951e+01
4.509548e+01
4.509578e+01
4.509119e+01
4.508211e+01
4.506979e+01
4.505603e+01
4.504264e+01
4.503095e+01
4.502162e+01
4.501471e+01
4.500991e+01
4.500674e+01
4.500473e+01
4.500348e+01
4.500271e+01
4.500223e+01
4.500190e+01
4.500168e+01
4.500154e+01
4.500146e+01
4.500142e+01
4.500141e+01
4.500141e+01
4.500141e+01

4.500141e+01
4.500141e+01
4.500141e+01
4.500142e+01
4.500146e+01
4.500154e+01
4.500168e+01
4.500191e+01
4.500223e+01
4.500272e+01
4.500350e+01
4.500476e+01
4.500682e+01
4.501009e+01
4.501513e+01
4.502253e+01
4.503280e+01
4.504621e+01
4.506251e+01
4.508074e+01
4.509934e+01
4.511643e+01
4.513042e+01
4.514029e+01
4.514595e+01
4.514602e+01
4.513664e+01
4.511281e+01
4.507012e+01
4.500780e+01
4.493421e+01
4.486627e+01
4.482477e+01
4.482477e+01
4.486627e+01
4.493421e+01
4.500780e+01
4.507012e+01
4.511281e+01
4.513664e+01
4.514602e+01
4.514595e+01
4.514029e+01
4.513042e+01
4.511643e+01
4.509934e+01
4.508074e+01
4.506251e+01
4.504621e+01
4.503280e+01
4.502253e+01
4.501513e+01
4.501009e+01
4.500682e+01
4.500476e+01
4.500350e+01
4.500272e+01
4.500223e+01
4.500191e+01
4.500168e+01
4.500154e+01
4.500146e+01
4.500142e+01
4.500141e+01
4.500141e+01
4.500141e+01

4.500141e+01
4.500141e+01
4.500141e+01
4.500142e+01
4.500146e+01
4.500154e+01
4.500168e+01
4.500191e+01
4.500223e+01
4.500272e+01
4.500351e+01
4.500479e+01
4.500688e+01
4.501024e+01
4.501547e+01
4.502327e+01
4.503435e+01
4.504924e+01
4.506811e+01
4.509043e+01
4.511496e+01
4.513997e+01
4.516362e+01
4.518441e+01
4.520322e+01
4.522040e+01
4.523279e+01
4.523555e+01
4.522261e+01
4.519006e+01
4.514048e+01
4.508795e+01
4.505371e+01
4.505371e+01
4.508795e+01
4.514048e+01
4.519006e+01
4.522261e+01
4.523555e+01
4.523279e+01
4.522040e+01
4.520322e+01
4.518441e+01
4.516362e+01
4.513997e+01
4.511496e+01
4.509043e+01
4.506811e+01
4.504924e+01
4.503435e+01
4.502327e+01
4.501547e+01
4.501024e+01
4.500688e+01
4.500479e+01
4.500351e+01
4.500272e+01
4.500223e+01
4.500191e+01
4.500168e+01
4.500154e+01
4.500146e+01
4.500142e+01
4.500141e+01
4.500141e+01
4.500141e+01

4.500141e+01
4.500141e+01
4.500141e+01
4.500142e+01
4.500146e+01
4.500154e+01
4.500168e+01
4.500191e+01
4.500223e+01
4.500273e+01
4.500352e+01
4.500481e+01
4.500693e+01
4.501036e+01
4.501574e+01
4.502384e+01
4.503554e+01
4.505162e+01
4.507257e+01
4.509829e+01
4.512791e+01
4.515988e+01
4.519232e+01
4.522337e+01
4.525498e+01
4.528946e+01
4.532494e+01
4.535753e+01
4.538067e+01
4.538700e+01
4.537359e+01
4.534799e+01
4.532724e+01
4.532724e+01
4.534799e+01
4.537359e+01
4.538700e+01
4.538067e+01
4.535753e+01
4.532494e+01
4.528946e+01
4.525498e+01
4.522337e+01
4.519232e+01
4.515988e+01
4.512791e+01
4.509829e+01
4.507257e+01
4.505162e+01
4.503554e+01
4.502384e+01
4.501574e+01
4.501036e+01
4.500693e+01
4.500481e+01
4.500352e+01
4.500273e+01
4.500223e+01
4.500191e+01
4.500168e+01
4.500154e+01
4.500146e+01
4.500142e+01
4.500141e+01
4.500141e+01
4.500141e+01

4.500141e+01
4.500141e+01
4.500141e+01
4.500142e+01
4.500146e+01
4.500154e+01
4.500168e+01
4.500191e+01
4.500223e+01
4.500273e+01
4.500352e+01
4.500482e+01
4.500696e+01
4.501044e+01
4.501591e+01
4.502423e+01
4.503636e+01
4.505326e+01
4.507568e+01
4.510384e+01
4.513718e+01
4.517436e+01
4.521352e+01
4.525260e+01
4.529443e+01
4.534307e+01
4.539794e+01
4.545632e+01
4.551175e+01
4.555459e+01
4.557644e+01
4.557827e+01
4.557242e+01
4.557242e+01
4.557827e+01
4.557644e+01
4.555459e+01
4.551175e+01
4.545632e+01
4.539794e+01
4.534307e+01
4.529443e+01
4.525260e+01
4.521352e+01
4.517436e+01
4.513718e+01
4.510384e+01
4.507568e+01
4.505326e+01
4.503636e+01
4.502423e+01
4.501591e+01
4.501044e+01
4.500696e+01
4.500482e+01
4.500352e+01
4.500273e+01
4.500223e+01
4.500191e+01
4.500168e+01
4.500154e+01
4.500146e+01
4.500142e+01
4.500141e+01
4.500141e+01
4.500141e+01

4.500141e+01
4.500141e+01
4.500141e+01
4.500142e+01
4.500146e+01
4.500154e+01
4.500168e+01
4.500191e+01
4.500223e+01
4.500273e+01
4.500352e+01
4.500483e+01
4.500698e+01
4.501048e+01
4.501600e+01
4.502443e+01
4.503677e+01
4.505409e+01
4.507727e+01
4.510671e+01
4.514202e+01
4.518199e+01
4.522481e+01
4.526829e+01
4.531581e+01
4.537243e+01
4.543837e+01
4.551161e+01
4.558586e+01
4.565033e+01
4.569370e+01
4.571280e+01
4.571637e+01
4.571637e+01
4.571280e+01
4.569370e+01
4.565033e+01
4.558586e+01
4.551161e+01
4.543837e+01
4.537243e+01
4.531581e+01
4.526829e+01
4.522481e+01
4.518199e+01
4.514202e+01
4.510671e+01
4.507727e+01
4.505409e+01
4.503677e+01
4.502443e+01
4.501600e+01
4.501048e+01
4.500698e+01
4.500483e+01
4.500352e+01
4.500273e+01
4.500223e+01
4.500191e+01
4.500168e+01
4.500154e+01
4.500146e+01
4.500142e+01
4.500141e+01
4.500141e+01
4.500141e+01

4.500141e+01
4.500141e+01
4.500141e+01
4.500142e+01
4.500146e+01
4.500154e+01
4.500168e+01
4.500191e+01
4.500223e+01
4.500273e+01
4.500352e+01
4.500483e+01
4.500698e+01
4.501048e+01
4.501600e+01
4.502443e+01
4.503677e+01
4.505409e+01
4.507727e+01
4.510671e+01
4.514202e+01
4.518199e+01
4.522481e+01
4.526829e+01
4.531581e+01
4.537243e+01
4.543837e+01
4.551161e+01
4.558586e+01
4.565033e+01
4.569370e+01
4.571280e+01
4.571637e+01
4.571637e+01
4.571280e+01
4.569370e+01
4.565033e+01
4.558586e+01
4.551161e+01
4.543837e+01
4.537243e+01
4.531581e+01
4.526829e+01
4.522481e+01
4.518199e+01
4.514202e+01
4.510671e+01
4.507727e+01
4.505409e+01
4.503677e+01
4.502443e+01
4.501600e+01
4.501048e+01
4.500698e+01
4.500483e+01
4.500352e+01
4.500273e+01
4.500223e+01
4.500191e+01
4.500168e+01
4.500154e+01
4.500146e+01
4.500142e+01
4.500141e+01
4.500141e+01
4.500141e+01

4.500141e+01
4.500141e+01
4.500141e+01
4.500142e+01
4.500146e+01
4.500154e+01
4.500168e+01
4.500191e+01
4.500223e+01
4.500273e+01
4.500352e+01
4.500482e+01
4.500696e+01
4.501044e+01
4.501591e+01
4.502423e+01
4.503636e+01
4.505326e+01
4.507568e+01
4.510384e+01
4.513718e+01
4.517436e+01
4.521352e+01
4.525260e+01
4.529443e+01
4.534307e+01
4.539794e+01
4.545632e+01
4.551175e+01
4.555459e+01
4.557644e+01
4.557827e+01
4.557242e+01
4.557242e+01
4.557827e+01
4.557644e+01
4.555459e+01
4.551175e+01
4.545632e+01
4.539794e+01
4.534307e+01
4.529443e+01
4.525260e+01
4.521352e+01
4.517436e+01
4.513718e+01
4.510384e+01
4.507568e+01
4.505326e+01
4.503636e+01
4.502423e+01
4.501591e+01
4.501044e+01
4.500696e+01
4.500482e+01
4.500352e+01
4.500273e+01
4.500223e+01
4.500191e+01
4.500168e+01
4.500154e+01
4.500146e+01
4.500142e+01
4.500141e+01
4.500141e+01
4.500141e+01

4.500141e+01
4.500141e+01
4.500141e+01
4.500142e+01
4.500146e+01
4.500154e+01
4.500168e+01
4.500191e+01
4.500223e+01
4.500273e+01
4.500352e+01
4.500481e+01
4.500693e+01
4.501036e+01
4.501574e+01
4.502384e+01
4.503554e+01
4.505162e+01
4.507257e+01
4.509829e+01
4.512791e+01
4.515988e+01
4.519232e+01
4.522337e+01
4.525498e+01
4.528946e+01
4.532494e+01
4.535753e+01
4.538067e+01
4.538700e+01
4.537359e+01
4.534799e+01
4.532724e+01
4.532724e+01
4.534799e+01
4.537359e+01
4.538700e+01
4.538067e+01
4.535753e+01
4.532494e+01
4.528946e+01
4.525498e+01
4.522337e+01
4.519232e+01
4.515988e+01
4.512791e+01
4.509829e+01
4.507257e+01
4.505162e+01
4.503554e+01
4.502384e+01
4.501574e+01
4.501036e+01
4.500693e+01
4.500481e+01
4.500352e+01
4.500273e+01
4.500223e+01
4.500191e+01
4.500168e+01
4.500154e+01
4.500146e+01
4.500142e+01
4.500141e+01
4.500141e+01
4.500141e+01

4.500141e+01
4.500141e+01
4.500141e+01
4.500142e+01
4.500146e+01
4.500154e+01
4.500168e+01
4.500191e+01
4.500223e+01
4.500272e+01
4.500351e+01
4.500479e+01
4.500688e+01
4.501024e+01
4.501547e+01
4.502327e+01
4.503435e+01
4.504924e+01
4.506811e+01
4.509043e+01
4.511496e+01
4.513997e+01
4.516362e+01
4.518441e+01
4.520322e+01
4.522040e+01
4.523279e+01
4.523555e+01
4.522261e+01
4.519006e+01
4.514048e+01
4.508795e+01
4.505371e+01
4.505371e+01
4.508795e+01
4.514048e+01
4.519006e+01
4.522261e+01
4.523555e+01
4.523279e+01
4.522040e+01
4.520322e+01
4.518441e+01
4.516362e+01
4.513997e+01
4.511496e+01
4.509043e+01
4.506811e+01
4.504924e+01
4.503435e+01
4.502327e+01
4.501547e+01
4.501024e+01
4.500688e+01
4.500479e+01
4.500351e+01
4.500272e+01
4.500223e+01
4.500191e+01
4.500168e+01
4.500154e+01
4.500146e+01
4.500142e+01
4.500141e+01
4.500141e+01
4.500141e+01

4.500141e+01
4.500141e+01
4.500141e+01
4.500142e+01
4.500146e+01
4.500154e+01
4.500168e+01
4.500191e+01
4.500223e+01
4.500272e+01
4.500350e+01
4.500476e+01
4.500682e+01
4.501009e+01
4.501513e+01
4.502253e+01
4.503280e+01
4.504621e+01
4.506251e+01
4.508074e+01
4.509934e+01
4.511643e+01
4.513042e+01
4.514029e+01
4.514595e+01
4.514602e+01
4.513664e+01
4.511281e+01
4.507012e+01
4.500780e+01
4.493421e+01
4.486627e+01
4.482477e+01
4.482477e+01
4.486627e+01
4.493421e+01
4.500780e+01
4.507012e+01
4.511281e+01
4.513664e+01
4.514602e+01
4.514595e+01
4.514029e+01
4.513042e+01
4.511643e+01
4.509934e+01
4.508074e+01
4.506251e+01
4.504621e+01
4.503280e+01
4.502253e+01
4.501513e+01
4.501009e+01
4.500682e+01
4.500476e+01
4.500350e+01
4.500272e+01
4.500223e+01
4.500191e+01
4.500168e+01
4.500154e+01
4.500146e+01
4.500142e+01
4.500141e+01
4.500141e+01
4.500141e+01

4.500141e+01
4.500141e+01
4.500141e+01
4.500142e+01
4.500146e+01
4.500154e+01
4.500168e+01
4.500190e+01
4.500223e+01
4.500271e+01
4.500348e+01
4.500473e+01
4.500674e+01
4.500991e+01
4.501471e+01
4.502162e+01
4.503095e+01
4.504264e+01
4.505603e+01
4.506979e+01
4.508211e+01
4.509119e+01
4.509578e+01
4.509548e+01
4.508951e+01
4.507532e+01
4.504914e+01
4.500691e+01
4.494619e+01
4.486966e+01
4.478723e+01
4.471613e+01
4.467481e+01
4.467481e+01
4.471613e+01
4.478723e+01
4.486966e+01
4.494619e+01
4.500691e+01
4.504914e+01
4.507532e+01
4.508951e+01
4.509548e+01
4.509578e+01
4.509119e+01
4.508211e+01
4.506979e+01
4.505603e+01
4.504264e+01
4.503095e+01
4.502162e+01
4.501471e+01
4.500991e+01
4.500674e+01
4.500473e+01
4.500348e+01
4.500271e+01
4.500223e+01
4.500190e+01
4.500168e+01
4.500154e+01
4.500146e+01
4.500142e+01
4.500141e+01
4.500141e+01
4.500141e+01

4.500141e+01
4.500141e+01
4.500141e+01
4.500142e+01
4.500146e+01
4.500154e+01
4.500168e+01
4.500190e+01
4.500223e+01
4.500271e+01
4.500347e+01
4.500469e+01
4.500664e+01
4.500969e+01
4.501422e+01
4.502058e+01
4.502885e+01
4.503864e+01
4.504895e+01
4.505815e+01
4.506435e+01
4.506598e+01
4.506232e+01
4.505361e+01
4.503868e+01
4.501445e+01
4.497792e+01
4.492653e+01
4.485991e+01
4.478232e+01
4.470406e+01
4.463955e+01
4.460286e+01
4.460286e+01
4.463955e+01
4.470406e+01
4.478232e+01
4.485991e+01
4.492653e+01
4.497792e+01
4.501445e+01
4.503868e+01
4.505361e+01
4.506232e+01
4.506598e+01
4.506435e+01
4.505815e+01
4.504895e+01
4.503864e+01
4.502885e+01
4.502058e+01
4.501422e+01
4.500969e+01
4.500664e+01
4.500469e+01
4.500347e+01
4.500271e+01
4.500223e+01
4.500190e+01
4.500168e+01
4.500154e+01
4.500146e+01
4.500142e+01
4.500141e+01
4.500141e+01
4.500141e+01

4.500141e+01
4.500141e+01
4.500141e+01
4.500142e+01
4.500146e+01
4.500154e+01
4.500168e+01
4.500190e+01
4.500222e+01
4.500270e+01
4.500345e+01
4.500464e+01
4.500653e+01
4.500943e+01
4.501367e+01
4.501941e+01
4.502653e+01
4.503435e+01
4.504155e+01
4.504635e+01
4.504695e+01
4.504221e+01
4.503196e+01
4.501707e+01
4.499621e+01
4.496630e+01
4.492535e+01
4.487230e+01
4.480829e+01
4.473808e+01
4.467038e+01
4.461635e+01
4.458629e+01
4.458629e+01
4.461635e+01
4.467038e+01
4.473808e+01
4.480829e+01
4.487230e+01
4.492535e+01
4.496630e+01
4.499621e+01
4.501707e+01
4.503196e+01
4.504221e+01
4.504695e+01
4.504635e+01
4.504155e+01
4.503435e+01
4.502653e+01
4.501941e+01
4.501367e+01
4.500943e+01
4.500653e+01
4.500464e+01
4.500345e+01
4.500270e+01
4.500222e+01
4.500190e+01
4.500168e+01
4.500154e+01
4.500146e+01
4.500142e+01
4.500141e+01
4.500141e+01
4.500141e+01

4.500141e+01
4.500141e+01
4.500141e+01
4.500142e+01
4.500146e+01
4.500154e+01
4.500168e+01
4.500190e+01
4.500222e+01
4.500269e+01
4.500343e+01
4.500459e+01
4.500641e+01
4.500915e+01
4.501305e+01
4.501814e+01
4.502406e+01
4.502988e+01
4.503408e+01
4.503484e+01
4.503064e+01
4.502083e+01
4.500583e+01
4.498700e+01
4.496301e+01
4.493103e+01
4.489004e+01
4.484007e+01
4.478304e+01
4.472343e+01
4.466811e+01
4.462511e+01
4.460154e+01
4.460154e+01
4.462511e+01
4.466811e+01
4.472343e+01
4.478304e+01
4.484007e+01
4.489004e+01
4.493103e+01
4.496301e+01
4.498700e+01
4.500583e+01
4.502083e+01
4.503064e+01
4.503484e+01
4.503408e+01
4.502988e+01
4.502406e+01
4.501814e+01
4.501305e+01
4.500915e+01
4.500641e+01
4.500459e+01
4.500343e+01
4.500269e+01
4.500222e+01
4.500190e+01
4.500168e+01
4.500154e+01
4.500146e+01
4.500142e+01
4.500141e+01
4.500141e+01
4.500141e+01

4.500141e+01
4.500141e+01
4.500141e+01
4.500142e+01
4.500146e+01
4.500154e+01
4.500168e+01
4.500190e+01
4.500222e+01
4.500268e+01
4.500340e+01
4.500453e+01
4.500627e+01
4.500885e+01
4.501239e+01
4.501679e+01
4.502149e+01
4.502535e+01
4.502675e+01
4.502399e+01
4.501591e+01
4.500240e+01
4.498439e+01
4.496354e+01
4.493862e+01
4.490713e+01
4.486876e+01
4.482419e+01
4.477553e+01
4.472656e+01
4.468248e+01
4.464893e+01
4.463076e+01
4.463076e+01
4.464893e+01
4.468248e+01
4.472656e+01
4.477553e+01
4.482419e+01
4.486876e+01
4.490713e+01
4.493862e+01
4.496354e+01
4.498439e+01
4.500240e+01
4.501591e+01
4.502399e+01
4.502675e+01
4.502535e+01
4.502149e+01
4.501679e+01
4.501239e+01
4.500885e+01
4.500627e+01
4.500453e+01
4.500340e+01
4.500268e+01
4.500222e+01
4.500190e+01
4.500168e+01
4.500154e+01
4.500146e+01
4.500142e+01
4.500141e+01
4.500141e+01
4.500141e+01

4.500141e+01
4.500141e+01
4.500141e+01
4.500142e+01
4.500146e+01
4.500154e+01
4.500168e+01
4.500190e+01
4.500221e+01
4.500267e+01
4.500338e+01
4.500446e+01
4.500611e+01
4.500847e+01
4.501159e+01
4.501519e+01
4.501853e+01
4.502032e+01
4.501892e+01
4.501290e+01
4.500159e+01
4.498545e+01
4.496581e+01
4.494448e+01
4.492032e+01
4.489118e+01
4.485726e+01
4.481952e+01
4.477990e+01
4.474136e+01
4.470757e+01
4.468235e+01
4.466884e+01
4.466884e+01
4.468235e+01
4.470757e+01
4.474136e+01
4.477990e+01
4.481952e+01
4.485726e+01
4.489118e+01
4.492032e+01
4.494448e+01
4.496581e+01
4.498545e+01
4.500159e+01
4.501290e+01
4.501892e+01
4.502032e+01
4.501853e+01
4.501519e+01
4.501159e+01
4.500847e+01
4.500611e+01
4.500446e+01
4.500338e+01
4.500267e+01
4.500221e+01
4.500190e+01
4.500168e+01
4.500154e+01
4.500146e+01
4.500142e+01
4.500141e+01
4.500141e+01
4.500141e+01

4.500141e+01
4.500141e+01
4.500141e+01
4.500142e+01
4.500146e+01
4.500154e+01
4.500168e+01
4.500190e+01
4.500221e+01
4.500266e+01
4.500334e+01
4.500436e+01
4.500588e+01
4.500797e+01
4.501054e+01
4.501314e+01
4.501486e+01
4.501430e+01
4.501001e+01
4.500097e+01
4.498716e+01
4.496953e+01
4.494972e+01
4.492945e+01
4.490766e+01
4.488258e+01
4.485466e+01
4.482488e+01
4.479480e+01
4.476649e+01
4.474233e+01
4.472462e+01
4.471525e+01
4.471525e+01
4.472462e+01
4.474233e+01
4.476649e+01
4.479480e+01
4.482488e+01
4.485466e+01
4.488258e+01
4.490766e+01
4.492945e+01
4.494972e+01
4.496953e+01
4.498716e+01
4.500097e+01
4.501001e+01
4.501430e+01
4.501486e+01
4.501314e+01
4.501054e+01
4.500797e+01
4.500588e+01
4.500436e+01
4.500334e+01
4.500266e+01
4.500221e+01
4.500190e+01
4.500168e+01
4.500154e+01
4.500146e+01
4.500142e+01
4.500141e+01
4.500141e+01
4.500141e+01

4.500141e+01
4.500141e+01
4.500141e+01
4.500142e+01
4.500146e+01
4.500154e+01
4.500168e+01
4.500189e+01
4.500220e+01
4.500263e+01
4.500328e+01
4.500423e+01
4.500557e+01
4.500729e+01
4.500916e+01
4.501056e+01
4.501043e+01
4.500746e+01
4.500051e+01
4.498920e+01
4.497411e+01
4.495661e+01
4.493830e+01
4.492062e+01
4.490255e+01
4.488267e+01
4.486149e+01
4.483979e+01
4.481866e+01
4.479939e+01
4.478335e+01
4.477181e+01
4.476577e+01
4.476577e+01
4.477181e+01
4.478335e+01
4.479939e+01
4.481866e+01
4.483979e+01
4.486149e+01
4.488267e+01
4.490255e+01
4.492062e+01
4.493830e+01
4.495661e+01
4.497411e+01
4.498920e+01
4.500051e+01
4.500746e+01
4.501043e+01
4.501056e+01
4.500916e+01
4.500729e+01
4.500557e+01
4.500423e+01
4.500328e+01
4.500263e+01
4.500220e+01
4.500189e+01
4.500168e+01
4.500154e+01
4.500146e+01
4.500142e+01
4.500141e+01
4.500141e+01
4.500141e+01

4.500141e+01
4.500141e+01
4.500141e+01
4.500142e+01
4.500146e+01
4.500154e+01
4.500168e+01
4.500189e+01
4.500219e+01
4.500260e+01
4.500320e+01
4.500404e+01
4.500515e+01
4.500640e+01
4.500741e+01
4.500743e+01
4.500538e+01
4.500020e+01
4.499130e+01
4.497895e+01
4.496420e+01
4.494849e+01
4.493315e+01
4.491913e+01
4.490550e+01
4.489112e+01
4.487640e+01
4.486188e+01
4.484820e+01
4.483609e+01
4.482623e+01
4.481926e+01
4.481565e+01
4.481565e+01
4.481926e+01
4.482623e+01
4.483609e+01
4.484820e+01
4.486188e+01
4.487640e+01
4.489112e+01
4.490550e+01
4.491913e+01
4.493315e+01
4.494849e+01
4.496420e+01
4.497895e+01
4.499130e+01
4.500020e+01
4.500538e+01
4.500743e+01
4.500741e+01
4.500640e+01
4.500515e+01
4.500404e+01
4.500320e+01
4.500260e+01
4.500219e+01
4.500189e+01
4.500168e+01
4.500154e+01
4.500146e+01
4.500142e+01
4.500141e+01
4.500141e+01
4.500141e+01

4.500141e+01
4.500141e+01
4.500141e+01
4.500142e+01
4.500146e+01
4.500154e+01
4.500168e+01
4.500188e+01
4.500217e+01
4.500256e+01
4.500309e+01
4.500378e+01
4.500458e+01
4.500525e+01
4.500527e+01
4.500384e+01
4.500005e+01
4.499328e+01
4.498358e+01
4.497169e+01
4.495883e+01
4.494619e+01
4.493462e+01
4.492459e+01
4.491525e+01
4.490578e+01
4.489643e+01
4.488751e+01
4.487936e+01
4.487231e+01
4.486670e+01
4.486278e+01
4.486077e+01
4.486077e+01
4.486278e+01
4.486670e+01
4.487231e+01
4.487936e+01
4.488751e+01
4.489643e+01
4.490578e+01
4.491525e+01
4.492459e+01
4.493462e+01
4.494619e+01
4.495883e+01
4.497169e+01
4.498358e+01
4.499328e+01
4.500005e+01
4.500384e+01
4.500527e+01
4.500525e+01
4.500458e+01
4.500378e+01
4.500309e+01
4.500256e+01
4.500217e+01
4.500188e+01
4.500168e+01
4.500154e+01
4.500146e+01
4.500142e+01
4.500141e+01
4.500141e+01
4.500141e+01

4.500141e+01
4.500141e+01
4.500141e+01
4.500142e+01
4.500146e+01
4.500153e+01
4.500167e+01
4.500187e+01
4.500214e+01
4.500250e+01
4.500294e+01
4.500344e+01
4.500385e+01
4.500384e+01
4.500282e+01
4.500008e+01
4.499506e+01
4.498770e+01
4.497850e+01
4.496842e+01
4.495846e+01
4.494936e+01
4.494152e+01
4.493503e+01
4.492922e+01
4.492352e+01
4.491807e+01
4.491302e+01
4.490851e+01
4.490469e+01
4.490170e+01
4.489964e+01
4.489859e+01
4.489859e+01
4.489964e+01
4.490170e+01
4.490469e+01
4.490851e+01
4.491302e+01
4.491807e+01
4.492352e+01
4.492922e+01
4.493503e+01
4.494152e+01
4.494936e+01
4.495846e+01
4.496842e+01
4.497850e+01
4.498770e+01
4.499506e+01
4.500008e+01
4.500282e+01
4.500384e+01
4.500385e+01
4.500344e+01
4.500294e+01
4.500250e+01
4.500214e+01
4.500187e+01
4.500167e+01
4.500153e+01
4.500146e+01
4.500142e+01
4.500141e+01
4.500141e+01
4.500141e+01

4.500141e+01
4.500141e+01
4.500141e+01
4.500142e+01
4.500146e+01
4.500153e+01
4.500167e+01
4.500186e+01
4.500211e+01
4.500241e+01
4.500273e+01
4.500298e+01
4.500294e+01
4.500221e+01
4.500026e+01
4.499662e+01
4.499118e+01
4.498430e+01
4.497669e+01
4.496915e+01
4.496229e+01
4.495642e+01
4.495162e+01
4.494779e+01
4.494449e+01
4.494133e+01
4.493839e+01
4.493572e+01
4.493338e+01
4.493143e+01
4.492993e+01
4.492890e+01
4.492838e+01
4.492838e+01
4.492890e+01
4.492993e+01
4.493143e+01
4.493338e+01
4.493572e+01
4.493839e+01
4.494133e+01
4.494449e+01
4.494779e+01
4.495162e+01
4.495642e+01
4.496229e+01
4.496915e+01
4.497669e+01
4.498430e+01
4.499118e+01
4.499662e+01
4.500026e+01
4.500221e+01
4.500294e+01
4.500298e+01
4.500273e+01
4.500241e+01
4.500211e+01
4.500186e+01
4.500167e+01
4.500153e+01
4.500146e+01
4.500142e+01
4.500141e+01
4.500141e+01
4.500141e+01

4.500141e+01
4.500141e+01
4.500141e+01
4.500142e+01
4.500145e+01
4.500153e+01
4.500166e+01
4.500184e+01
4.500206e+01
4.500229e+01
4.500245e+01
4.500241e+01
4.500190e+01
4.500052e+01
4.499794e+01
4.499402e+01
4.498901e+01
4.498345e+01
4.497794e+01
4.497295e+01
4.496871e+01
4.496529e+01
4.496260e+01
4.496053e+01
4.495879e+01
4.495716e+01
4.495567e+01
4.495434e+01
4.495319e+01
4.495225e+01
4.495153e+01
4.495104e+01
4.495079e+01
4.495079e+01
4.495104e+01
4.495153e+01
4.495225e+01
4.495319e+01
4.495434e+01
4.495567e+01
4.495716e+01
4.495879e+01
4.496053e+01
4.496260e+01
4.496529e+01
4.496871e+01
4.497295e+01
4.497794e+01
4.498345e+01
4.498901e+01
4.499402e+01
4.499794e+01
4.500052e+01
4.500190e+01
4.500241e+01
4.500245e+01
4.500229e+01
4.500206e+01
4.500184e+01
4.500166e+01
4.500153e+01
4.500145e+01
4.500142e+01
4.500141e+01
4.500141e+01
4.500141e+01

4.500141e+01
4.500141e+01
4.500141e+01
4.500142e+01
4.500145e+01
4.500153e+01
4.500165e+01
4.500182e+01
4.500199e+01
4.500213e+01
4.500211e+01
4.500176e+01
4.500082e+01
4.499903e+01
4.499627e+01
4.499272e+01
4.498877e+01
4.498485e+01
4.498132e+01
4.497836e+01
4.497599e+01
4.497416e+01
4.497277e+01
4.497172e+01
4.497086e+01
4.497006e+01
4.496935e+01
4.496872e+01
4.496818e+01
4.496774e+01
4.496740e+01
4.496718e+01
4.496707e+01
4.496707e+01
4.496718e+01
4.496740e+01
4.496774e+01
4.496818e+01
4.496872e+01
4.496935e+01
4.497006e+01
4.497086e+01
4.497172e+01
4.497277e+01
4.497416e+01
4.497599e+01
4.497836e+01
4.498132e+01
4.498485e+01
4.498877e+01
4.499272e+01
4.499627e+01
4.499903e+01
4.500082e+01
4.500176e+01
4.500211e+01
4.500213e+01
4.500199e+01
4.500182e+01
4.500165e+01
4.500153e+01
4.500145e+01
4.500142e+01
4.500141e+01
4.500141e+01
4.500141e+01

4.500141e+01
4.500141e+01
4.500141e+01
4.500142e+01
4.500145e+01
4.500152e+01
4.500164e+01
4.500178e+01
4.500190e+01
4.500193e+01
4.500172e+01
4.500110e+01
4.499989e+01
4.499801e+01
4.499556e+01
4.499281e+01
4.499009e+01
4.498766e+01
4.498564e+01
4.498404e+01
4.498282e+01
4.498190e+01
4.498123e+01
4.498073e+01
4.498032e+01
4.497995e+01
4.497962e+01
4.497933e+01
4.497909e+01
4.497889e+01
4.497874e+01
4.497864e+01
4.497859e+01
4.497859e+01
4.497864e+01
4.497874e+01
4.497889e+01
4.497909e+01
4.497933e+01
4.497962e+01
4.497995e+01
4.498032e+01
4.498073e+01
4.498123e+01
4.498190e+01
4.498282e+01
4.498404e+01
4.498564e+01
4.498766e+01
4.499009e+01
4.499281e+01
4.499556e+01
4.499801e+01
4.499989e+01
4.500110e+01
4.500172e+01
4.500193e+01
4.500190e+01
4.500178e+01
4.500164e+01
4.500152e+01
4.500145e+01
4.500142e+01
4.500141e+01
4.500141e+01
4.500141e+01

4.500141e+01
4.500141e+01
4.500141e+01
4.500142e+01
4.500145e+01
4.500152e+01
4.500162e+01
4.500173e+01
4.500179e+01
4.500170e+01
4.500133e+01
4.500055e+01
4.499930e+01
4.499765e+01
4.499580e+01
4.499396e+01
4.499232e+01
4.499097e+01
4.498991e+01
4.498911e+01
4.498852e+01
4.498809e+01
4.498778e+01
4.498755e+01
4.498737e+01
4.498720e+01
4.498705e+01
4.498692e+01
4.498682e+01
4.498673e+01
4.498666e+01
4.498662e+01
4.498660e+01
4.498660e+01
4.498662e+01
4.498666e+01
4.498673e+01
4.498682e+01
4.498692e+01
4.498705e+01
4.498720e+01
4.498737e+01
4.498755e+01
4.498778e+01
4.498809e+01
4.498852e+01
4.498911e+01
4.498991e+01
4.499097e+01
4.499232e+01
4.499396e+01
4.499580e+01
4.499765e+01
4.499930e+01
4.500055e+01
4.500133e+01
4.500170e+01
4.500179e+01
4.500173e+01
4.500162e+01
4.500152e+01
4.500145e+01
4.500142e+01
4.500141e+01
4.500141e+01
4.500141e+01

4.500141e+01
4.500141e+01
4.500141e+01
4.500142e+01
4.500145e+01
4.500151e+01
4.500159e+01
4.500167e+01
4.500166e+01
4.500147e+01
4.500101e+01
4.500022e+01
4.499916e+01
4.499794e+01
4.499673e+01
4.499566e+01
4.499477e+01
4.499409e+01
4.499357e+01
4.499320e+01
4.499293e+01
4.499274e+01
4.499260e+01
4.499250e+01
4.499242e+01
4.499235e+01
4.499228e+01
4.499223e+01
4.499218e+01
4.499214e+01
4.499212e+01
4.499210e+01
4.499209e+01
4.499209e+01
4.499210e+01
4.499212e+01
4.499214e+01
4.499218e+01
4.499223e+01
4.499228e+01
4.499235e+01
4.499242e+01
4.499250e+01
4.499260e+01
4.499274e+01
4.499293e+01
4.499320e+01
4.499357e+01
4.499409e+01
4.499477e+01
4.499566e+01
4.499673e+01
4.499794e+01
4.499916e+01
4.500022e+01
4.500101e+01
4.500147e+01
4.500166e+01
4.500167e+01
4.500159e+01
4.500151e+01
4.500145e+01
4.500142e+01
4.500141e+01
4.500141e+01
4.500141e+01

4.500141e+01
4.500141e+01
4.500141e+01
4.500142e+01
4.500145e+01
4.500150e+01
4.500156e+01
4.500160e+01
4.500153e+01
4.500129e+01
4.500083e+01
4.500018e+01
4.499942e+01
4.499866e+01
4.499798e+01
4.499742e+01
4.499699e+01
4.499667e+01
4.499644e+01
4.499627e+01
4.499616e+01
4.499607e+01
4.499601e+01
4.499597e+01
4.499594e+01
4.499591e+01
4.499588e+01
4.499586e+01
4.499584e+01
4.499582e+01
4.499581e+01
4.499580e+01
4.499580e+01
4.499580e+01
4.499580e+01
4.499581e+01
4.499582e+01
4.499584e+01
4.499586e+01
4.499588e+01
4.499591e+01
4.499594e+01
4.499597e+01
4.499601e+01
4.499607e+01
4.499616e+01
4.499627e+01
4.499644e+01
4.499667e+01
4.499699e+01
4.499742e+01
4.499798e+01
4.499866e+01
4.499942e+01
4.500018e+01
4.500083e+01
4.500129e+01
4.500153e+01
4.500160e+01
4.500156e+01
4.500150e+01
4.500145e+01
4.500142e+01
4.500141e+01
4.500141e+01
4.500141e+01

4.500141e+01
4.500141e+01
4.500141e+01
4.500142e+01
4.500144e+01
4.500148e+01
4.500153e+01
4.500153e+01
4.500143e+01
4.500120e+01
4.500083e+01
4.500039e+01
4.499993e+01
4.499952e+01
4.499919e+01
4.499893e+01
4.499873e+01
4.499860e+01
4.499850e+01
4.499843e+01
4.499838e+01
4.499835e+01
4.499833e+01
4.499831e+01
4.499830e+01
4.499828e+01
4.499827e+01
4.499826e+01
4.499826e+01
4.499825e+01
4.499825e+01
4.499824e+01
4.499824e+01
4.499824e+01
4.499824e+01
4.499825e+01
4.499825e+01
4.499826e+01
4.499826e+01
4.499827e+01
4.499828e+01
4.499830e+01
4.499831e+01
4.499833e+01
4.499835e+01
4.499838e+01
4.499843e+01
4.499850e+01
4.499860e+01
4.499873e+01
4.499893e+01
4.499919e+01
4.499952e+01
4.499993e+01
4.500039e+01
4.500083e+01
4.500120e+01
4.500143e+01
4.500153e+01
4.500153e+01
4.500148e+01
4.500144e+01
4.500142e+01
4.500141e+01
4.500141e+01
4.500141e+01

4.500141e+01
4.500141e+01
4.500141e+01
4.500142e+01
4.500144e+01
4.500147e+01
4.500149e+01
4.500147e+01
4.500138e+01
4.500120e+01
4.500097e+01
4.500072e+01
4.500049e+01
4.500030e+01
4.500015e+01
4.500005e+01
4.499997e+01
4.499991e+01
4.499988e+01
4.499985e+01
4.499983e+01
4.499982e+01
4.499981e+01
4.499980e+01
4.499980e+01
4.499979e+01
4.499979e+01
4.499979e+01
4.499978e+01
4.499978e+01
4.499978e+01
4.499978e+01
4.499978e+01
4.499978e+01
4.499978e+01
4.499978e+01
4.499978e+01
4.499978e+01
4.499979e+01
4.499979e+01
4.499979e+01
4.499980e+01
4.499980e+01
4.499981e+01
4.499982e+01
4.499983e+01
4.499985e+01
4.499988e+01
4.499991e+01
4.499997e+01
4.500005e+01
4.500015e+01
4.500030e+01
4.500049e+01
4.500072e+01
4.500097e+01
4.500120e+01
4.500138e+01
4.500147e+01
4.500149e+01
4.500147e+01
4.500144e+01
4.500142e+01
4.500141e+01
4.500141e+01
4.500141e+01

4.500141e+01
4.500141e+01
4.500141e+01
4.500142e+01
4.500143e+01
4.500145e+01
4.500146e+01
4.500144e+01
4.500137e+01
4.500127e+01
4.500115e+01
4.500104e+01
4.500094e+01
4.500087e+01
4.500081e+01
4.500077e+01
4.500075e+01
4.500073e+01
4.500072e+01
4.500071e+01
4.500070e+01
4.500070e+01
4.500069e+01
4.500069e+01
4.500069e+01
4.500069e+01
4.500069e+01
4.500068e+01
4.500068e+01
4.500068e+01
4.500068e+01
4.500068e+01
4.500068e+01
4.500068e+01
4.500068e+01
4.500068e+01
4.500068e+01
4.500068e+01
4.500068e+01
4.500069e+01
4.500069e+01
4.500069e+01
4.500069e+01
4.500069e+01
4.500070e+01
4.500070e+01
4.500071e+01
4.500072e+01
4.500073e+01
4.500075e+01
4.500077e+01
4.500081e+01
4.500087e+01
4.500094e+01
4.500104e+01
4.500115e+01
4.500127e+01
4.500137e+01
4.500144e+01
4.500146e+01
4.500145e+01
4.500143e+01
4.500142e+01
4.500141e+01
4.500141e+01
4.500141e+01

4.500141e+01
4.500141e+01
4.500141e+01
4.500142e+01
4.500142e+01
4.500143e+01
4.500144e+01
4.500142e+01
4.500139e+01
4.500135e+01
4.500130e+01
4.500126e+01
4.500123e+01
4.500121e+01
4.500119e+01
4.500118e+01
4.500117e+01
4.500117e+01
4.500116e+01
4.500116e+01
4.500116e+01
4.500116e+01
4.500116e+01
4.500116e+01
4.500115e+01
4.500115e+01
4.500115e+01
4.500115e+01
4.500115e+01
4.500115e+01
4.500115e+01
4.500115e+01
4.500115e+01
4.500115e+01
4.500115e+01
4.500115e+01
4.500115e+01
4.500115e+01
4.500115e+01
4.500115e+01
4.500115e+01
4.500115e+01
4.500116e+01
4.500116e+01
4.500116e+01
4.500116e+01
4.500116e+01
4.500116e+01
4.500117e+01
4.500117e+01
4.500118e+01
4.500119e+01
4.500121e+01
4.500123e+01
4.500126e+01
4.500130e+01
4.500135e+01
4.500139e+01
4.500142e+01
4.500144e+01
4.500143e+01
4.500142e+01
4.500142e+01
4.500141e+01
4.500141e+01
4.500141e+01

4.500141e+01
4.500141e+01
4.500141e+01
4.500142e+01
4.500142e+01
4.500142e+01
4.500143e+01
4.500142e+01
4.500141e+01
4.500140e+01
4.500139e+01
4.500138e+01
4.500137e+01
4.500137e+01
4.500136e+01
4.500136e+01
4.500136e+01
4.500136e+01
4.500136e+01
4.500136e+01
4.500136e+01
4.500135e+01
4.500135e+01
4.500135e+01
4.500135e+01
4.500135e+01
4.500135e+01
4.500135e+01
4.500135e+01
4.500135e+01
4.500135e+01
4.500135e+01
4.500135e+01
4.500135e+01
4.500135e+01
4.500135e+01
4.500135e+01
4.500135e+01
4.500135e+01
4.500135e+01
4.500135e+01
4.500135e+01
4.500135e+01
4.500135e+01
4.500135e+01
4.500136e+01
4.500136e+01
4.500136e+01
4.500136e+01
4.500136e+01
4.500136e+01
4.500136e+01
4.500137e+01
4.500137e+01
4.500138e+01
4.500139e+01
4.500140e+01
4.500141e+01
4.500142e+01
4.500143e+01
4.500142e+01
4.500142e+01
4.500142e+01
4.500141e+01
4.500141e+01
4.500141e+01

4.500141e+01
4.500141e+01
4.500141e+01
4.500141e+01
4.500142e+01
4.500142e+01
4.500142e+01
4.500142e+01
4.500142e+01
4.500142e+01
4.500142e+01
4.500142e+01
4.500141e+01
4.500141e+01
4.500141e+01
4.500141e+01
4.500141e+01
4.500141e+01
4.500141e+01
4.500141e+01
4.500141e+01
4.500141e+01
4.500141e+01
4.500141e+01
4.500141e+01
4.500141e+01
4.500141e+01
4.500141e+01
4.500141e+01
4.500141e+01
4.500141e+01
4.500141e+01
4.500141e+01
4.500141e+01
4.500141e+01
4.500141e+01
4.500141e+01
4.500141e+01
4.500141e+01
4.500141e+01
4.500141e+01
4.500141e+01
4.500141e+01
4.500141e+01
4.500141e+01
4.500141e+01
4.500141e+01
4.500141e+01
4.500141e+01
4.500141e+01
4.500141e+01
4.500141e+01
4.500141e+01
4.500141e+01
4.500142e+01
4.500142e+01
4.500142e+01
4.500142e+01
4.500142e+01
4.500142e+01
4.500142e+01
4.500142e+01
4.500141e+01
4.500141e+01
4.500141e+01
4.500141e+01

4.500141e+01
4.500141e+01
4.500141e+01
4.500141e+01
4.500141e+01
4.500141e+01
4.500142e+01
4.500142e+01
4.500142e+01
4.500142e+01
4.500142e+01
4.500142e+01
4.500142e+01
4.500142e+01
4.500142e+01
4.500142e+01
4.500142e+01
4.500142e+01
4.500142e+01
4.500142e+01
4.500142e+01
4.500142e+01
4.500142e+01
4.500142e+01
4.500142e+01
4.500142e+01
4.500142e+01
4.500142e+01
4.500142e+01
4.500142e+01
4.500142e+01
4.500142e+01
4.500142e+01
4.500142e+01
4.500142e+01
4.500142e+01
4.500142e+01
4.500142e+01
4.500142e+01
4.500142e+01
4.500142e+01
4.500142e+01
4.500142e+01
4.500142e+01
4.500142e+01
4.500142e+01
4.500142e+01
4.500142e+01
4.500142e+01
4.500142e+01
4.500142e+01
4.500142e+01
4.500142e+01
4.500142e+01
4.500142e+01
4.500142e+01
4.500142e+01
4.500142e+01
4.500142e+01
4.500142e+01
4.500141e+01
4.500141e+01
4.500141e+01
4.500141e+01
4.500141e+01
4.500141e+01

4.500141e+01
4.500141e+01
4.500141e+01
4.500141e+01
4.500141e+01
4.500141e+01
4.500141e+01
4.500141e+01
4.500141e+01
4.500141e+01
4.500141e+01
4.500141e+01
4.500141e+01
4.500141e+01
4.500141e+01
4.500141e+01
4.500141e+01
4.500141e+01
4.500141e+01
4.500141e+01
4.500141e+01
4.500141e+01
4.500141e+01
4.500141e+01
4.500141e+01
4.500141e+01
4.500141e+01
4.500141e+01
4.500141e+01
4.500141e+01
4.500141e+01
4.500141e+01
4.500141e+01
4.500141e+01
4.500141e+01
4.500141e+01
4.500141e+01
4.500141e+01
4.500141e+01
4.500141e+01
4.500141e+01
4.500141e+01
4.500141e+01
4.500141e+01
4.500141e+01
4.500141e+01
4.500141e+01
4.500141e+01
4.500141e+01
4.500141e+01
4.500141e+01
4.500141e+01
4.500141e+01
4.500141e+01
4.500141e+01
4.500141e+01
4.500141e+01
4.500141e+01
4.500141e+01
4.500141e+01
4.500141e+01
4.500141e+01
4.500141e+01
4.500141e+01
4.500141e+01
4.500141e+01

4.500141e+01
4.500141e+01
4.500141e+01
4.500141e+01
4.500141e+01
4.500141e+01
4.500141e+01
4.500141e+01
4.500141e+01
4.500141e+01
4.500141e+01
4.500141e+01
4.500141e+01
4.500141e+01
4.500141e+01
4.500141e+01
4.500141e+01
4.500141e+01
4.500141e+01
4.500141e+01
4.500141e+01
4.500141e+01
4.500141e+01
4.500141e+01
4.500141e+01
4.500141e+01
4.500141e+01
4.500141e+01
4.500141e+01
4.500141e+01
4.500141e+01
4.500141e+01
4.500141e+01
4.500141e+01
4.500141e+01
4.500141e+01
4.500141e+01
4.500141e+01
4.500141e+01
4.500141e+01
4.500141e+01
4.500141e+01
4.500141e+01
4.500141e+01
4.500141e+01
4.500141e+01
4.500141e+01
4.500141e+01
4.500141e+01
4.500141e+01
4.500141e+01
4.500141e+01
4.500141e+01
4.500141e+01
4.500141e+01
4.500141e+01
4.500141e+01
4.500141e+01
4.500141e+01
4.500141e+01
4.500141e+01
4.500141e+01
4.500141e+01
4.500141e+01
4.500141e+01
4.500141e+01

4.500141e+01
4.500141e+01
4.500141e+01
4.500141e+01
4.500141e+01
4.500141e+01
4.500141e+01
4.500141e+01
4.500141e+01
4.500141e+01
4.500141e+01
4.500141e+01
4.500141e+01
4.500141e+01
4.500141e+01
4.500141e+01
4.500141e+01
4.500141e+01
4.500141e+01
4.500141e+01
4.500141e+01
4.500141e+01
4.500141e+01
4.500141e+01
4.500141e+01
4.500141e+01
4.500141e+01
4.500141e+01
4.500141e+01
4.500141e+01
4.500141e+01
4.500141e+01
4.500141e+01
4.500141e+01
4.500141e+01
4.500141e+01
4.500141e+01
4.500141e+01
4.500141e+01
4.500141e+01
4.500141e+01
4.500141e+01
4.500141e+01
4.500141e+01
4.500141e+01
4.500141e+01
4.500141e+01
4.500141e+01
4.500141e+01
4.500141e+01
4.500141e+01
4.500141e+01
4.500141e+01
4.500141e+01
4.500141e+01
4.500141e+01
4.500141e+01
4.500141e+01
4.500141e+01
4.500141e+01
4.500141e+01
4.500141e+01
4.500141e+01
4.500141e+01
4.500141e+01
4.500141e+01

