4.500141e+01 
4.500141e+01 
4.500141e+01 
4.500141e+01 
4.500141e+01 
4.500141e+01 
4.500141e+01 
4.500141e+01 
4.500141e+01 
4.500141e+01 
4.500141e+01 
4.500141e+01 
4.500141e+01 
4.500141e+01 
4.500141e+01 
4.500141e+01 
4.500141e+01 
4.500141e+01 
4.500141e+01 
4.500141e+01 
4.500141e+01 
4.500141e+01 
4.500141e+01 
4.500141e+01 
4.500141e+01 
4.500141e+01 
4.500141e+01 
4.500141e+01 
4.500141e+01 
4.500141e+01 
4.500141e+01 
4.500141e+01 
4.500141e+01 
4.500141e+01 
4.500141e+01 
4.500141e+01 
4.500141e+01 
4.500141e+01 
4.500141e+01 
4.500141e+01 
4.500141e+01 
4.500141e+01 
4.500141e+01 
4.500141e+01 
4.500141e+01 
4.500141e+01 
4.500141e+01 
4.500141e+01 
4.500141e+01 
4.500141e+01 
4.500141e+01 
4.500141e+01 
4.500141e+01 
4.500141e+01 
4.500141e+01 
4.500141e+01 
4.500141e+01 
4.500141e+01 
4.500141e+01 
4.500141e+01 
4.500141e+01 
4.500141e+01 
4.500141e+01 
4.500141e+01 
4.500141e+01 
4.500141e+01 

4.500141e+01 
4.500141e+01 
4.500141e+01 
4.500141e+01 
4.500141e+01 
4.500141e+01 
4.500141e+01 
4.500141e+01 
4.500141e+01 
4.500141e+01 
4.500141e+01 
4.500141e+01 
4.500141e+01 
4.500141e+01 
4.500141e+01 
4.500141e+01 
4.500141e+01 
4.500141e+01 
4.500141e+01 
4.500141e+01 
4.500141e+01 
4.500141e+01 
4.500141e+01 
4.500141e+01 
4.500141e+01 
4.500141e+01 
4.500141e+01 
4.500141e+01 
4.500141e+01 
4.500141e+01 
4.500141e+01 
4.500141e+01 
4.500141e+01 
4.500141e+01 
4.500141e+01 
4.500141e+01 
4.500141e+01 
4.500141e+01 
4.500141e+01 
4.500141e+01 
4.500141e+01 
4.500141e+01 
4.500141e+01 
4.500141e+01 
4.500141e+01 
4.500141e+01 
4.500141e+01 
4.500141e+01 
4.500141e+01 
4.500141e+01 
4.500141e+01 
4.500141e+01 
4.500141e+01 
4.500141e+01 
4.500141e+01 
4.500141e+01 
4.500141e+01 
4.500141e+01 
4.500141e+01 
4.500141e+01 
4.500141e+01 
4.500141e+01 
4.500141e+01 
4.500141e+01 
4.500141e+01 
4.500141e+01 

4.500141e+01 
4.500141e+01 
4.500141e+01 
4.500141e+01 
4.500141e+01 
4.500141e+01 
4.500141e+01 
4.500141e+01 
4.500141e+01 
4.500141e+01 
4.500141e+01 
4.500141e+01 
4.500141e+01 
4.500141e+01 
4.500141e+01 
4.500141e+01 
4.500141e+01 
4.500141e+01 
4.500141e+01 
4.500141e+01 
4.500141e+01 
4.500141e+01 
4.500141e+01 
4.500141e+01 
4.500141e+01 
4.500141e+01 
4.500141e+01 
4.500141e+01 
4.500141e+01 
4.500141e+01 
4.500141e+01 
4.500141e+01 
4.500141e+01 
4.500141e+01 
4.500141e+01 
4.500141e+01 
4.500141e+01 
4.500141e+01 
4.500141e+01 
4.500141e+01 
4.500141e+01 
4.500141e+01 
4.500141e+01 
4.500141e+01 
4.500141e+01 
4.500141e+01 
4.500141e+01 
4.500141e+01 
4.500141e+01 
4.500141e+01 
4.500141e+01 
4.500141e+01 
4.500141e+01 
4.500141e+01 
4.500141e+01 
4.500141e+01 
4.500141e+01 
4.500141e+01 
4.500141e+01 
4.500141e+01 
4.500141e+01 
4.500141e+01 
4.500141e+01 
4.500141e+01 
4.500141e+01 
4.500141e+01 

4.500141e+01 
4.500141e+01 
4.500141e+01 
4.500141e+01 
4.500141e+01 
4.500141e+01 
4.500141e+01 
4.500141e+01 
4.500141e+01 
4.500142e+01 
4.500142e+01 
4.500142e+01 
4.500142e+01 
4.500142e+01 
4.500142e+01 
4.500142e+01 
4.500142e+01 
4.500142e+01 
4.500142e+01 
4.500142e+01 
4.500142e+01 
4.500142e+01 
4.500142e+01 
4.500142e+01 
4.500142e+01 
4.500142e+01 
4.500142e+01 
4.500142e+01 
4.500142e+01 
4.500142e+01 
4.500142e+01 
4.500142e+01 
4.500142e+01 
4.500142e+01 
4.500142e+01 
4.500142e+01 
4.500142e+01 
4.500142e+01 
4.500142e+01 
4.500142e+01 
4.500142e+01 
4.500142e+01 
4.500142e+01 
4.500142e+01 
4.500142e+01 
4.500142e+01 
4.500142e+01 
4.500142e+01 
4.500142e+01 
4.500142e+01 
4.500142e+01 
4.500142e+01 
4.500142e+01 
4.500142e+01 
4.500142e+01 
4.500142e+01 
4.500142e+01 
4.500141e+01 
4.500141e+01 
4.500141e+01 
4.500141e+01 
4.500141e+01 
4.500141e+01 
4.500141e+01 
4.500141e+01 
4.500141e+01 

4.500141e+01 
4.500141e+01 
4.500141e+01 
4.500141e+01 
4.500141e+01 
4.500142e+01 
4.500142e+01 
4.500142e+01 
4.500142e+01 
4.500143e+01 
4.500143e+01 
4.500143e+01 
4.500143e+01 
4.500143e+01 
4.500143e+01 
4.500143e+01 
4.500143e+01 
4.500143e+01 
4.500143e+01 
4.500143e+01 
4.500143e+01 
4.500143e+01 
4.500143e+01 
4.500143e+01 
4.500143e+01 
4.500143e+01 
4.500143e+01 
4.500143e+01 
4.500143e+01 
4.500143e+01 
4.500143e+01 
4.500143e+01 
4.500143e+01 
4.500143e+01 
4.500143e+01 
4.500143e+01 
4.500143e+01 
4.500143e+01 
4.500143e+01 
4.500143e+01 
4.500143e+01 
4.500143e+01 
4.500143e+01 
4.500143e+01 
4.500143e+01 
4.500143e+01 
4.500143e+01 
4.500143e+01 
4.500143e+01 
4.500143e+01 
4.500143e+01 
4.500143e+01 
4.500143e+01 
4.500143e+01 
4.500143e+01 
4.500143e+01 
4.500143e+01 
4.500142e+01 
4.500142e+01 
4.500142e+01 
4.500142e+01 
4.500141e+01 
4.500141e+01 
4.500141e+01 
4.500141e+01 
4.500141e+01 

4.500141e+01 
4.500141e+01 
4.500141e+01 
4.500141e+01 
4.500142e+01 
4.500142e+01 
4.500142e+01 
4.500143e+01 
4.500144e+01 
4.500145e+01 
4.500146e+01 
4.500147e+01 
4.500147e+01 
4.500148e+01 
4.500148e+01 
4.500148e+01 
4.500148e+01 
4.500149e+01 
4.500149e+01 
4.500149e+01 
4.500149e+01 
4.500149e+01 
4.500149e+01 
4.500149e+01 
4.500149e+01 
4.500149e+01 
4.500149e+01 
4.500149e+01 
4.500149e+01 
4.500149e+01 
4.500149e+01 
4.500149e+01 
4.500149e+01 
4.500149e+01 
4.500149e+01 
4.500149e+01 
4.500149e+01 
4.500149e+01 
4.500149e+01 
4.500149e+01 
4.500149e+01 
4.500149e+01 
4.500149e+01 
4.500149e+01 
4.500149e+01 
4.500149e+01 
4.500149e+01 
4.500149e+01 
4.500149e+01 
4.500148e+01 
4.500148e+01 
4.500148e+01 
4.500148e+01 
4.500147e+01 
4.500147e+01 
4.500146e+01 
4.500145e+01 
4.500144e+01 
4.500143e+01 
4.500142e+01 
4.500142e+01 
4.500142e+01 
4.500141e+01 
4.500141e+01 
4.500141e+01 
4.500141e+01 

4.500141e+01 
4.500141e+01 
4.500141e+01 
4.500141e+01 
4.500142e+01 
4.500142e+01 
4.500143e+01 
4.500144e+01 
4.500146e+01 
4.500149e+01 
4.500151e+01 
4.500153e+01 
4.500155e+01 
4.500156e+01 
4.500157e+01 
4.500158e+01 
4.500159e+01 
4.500159e+01 
4.500159e+01 
4.500159e+01 
4.500159e+01 
4.500159e+01 
4.500159e+01 
4.500159e+01 
4.500159e+01 
4.500160e+01 
4.500160e+01 
4.500160e+01 
4.500160e+01 
4.500160e+01 
4.500160e+01 
4.500160e+01 
4.500160e+01 
4.500160e+01 
4.500160e+01 
4.500160e+01 
4.500160e+01 
4.500160e+01 
4.500160e+01 
4.500160e+01 
4.500160e+01 
4.500159e+01 
4.500159e+01 
4.500159e+01 
4.500159e+01 
4.500159e+01 
4.500159e+01 
4.500159e+01 
4.500159e+01 
4.500159e+01 
4.500158e+01 
4.500157e+01 
4.500156e+01 
4.500155e+01 
4.500153e+01 
4.500151e+01 
4.500149e+01 
4.500146e+01 
4.500144e+01 
4.500143e+01 
4.500142e+01 
4.500142e+01 
4.500141e+01 
4.500141e+01 
4.500141e+01 
4.500141e+01 

4.500141e+01 
4.500141e+01 
4.500141e+01 
4.500142e+01 
4.500142e+01 
4.500142e+01 
4.500142e+01 
4.500143e+01 
4.500146e+01 
4.500150e+01 
4.500155e+01 
4.500161e+01 
4.500165e+01 
4.500169e+01 
4.500172e+01 
4.500174e+01 
4.500175e+01 
4.500176e+01 
4.500177e+01 
4.500177e+01 
4.500177e+01 
4.500178e+01 
4.500178e+01 
4.500178e+01 
4.500178e+01 
4.500178e+01 
4.500178e+01 
4.500178e+01 
4.500178e+01 
4.500178e+01 
4.500178e+01 
4.500178e+01 
4.500178e+01 
4.500178e+01 
4.500178e+01 
4.500178e+01 
4.500178e+01 
4.500178e+01 
4.500178e+01 
4.500178e+01 
4.500178e+01 
4.500178e+01 
4.500178e+01 
4.500178e+01 
4.500178e+01 
4.500177e+01 
4.500177e+01 
4.500177e+01 
4.500176e+01 
4.500175e+01 
4.500174e+01 
4.500172e+01 
4.500169e+01 
4.500165e+01 
4.500161e+01 
4.500155e+01 
4.500150e+01 
4.500146e+01 
4.500143e+01 
4.500142e+01 
4.500142e+01 
4.500142e+01 
4.500142e+01 
4.500141e+01 
4.500141e+01 
4.500141e+01 

4.500141e+01 
4.500141e+01 
4.500141e+01 
4.500142e+01 
4.500142e+01 
4.500141e+01 
4.500140e+01 
4.500139e+01 
4.500141e+01 
4.500145e+01 
4.500154e+01 
4.500164e+01 
4.500174e+01 
4.500183e+01 
4.500190e+01 
4.500195e+01 
4.500199e+01 
4.500201e+01 
4.500203e+01 
4.500205e+01 
4.500206e+01 
4.500206e+01 
4.500207e+01 
4.500207e+01 
4.500207e+01 
4.500207e+01 
4.500208e+01 
4.500208e+01 
4.500208e+01 
4.500208e+01 
4.500208e+01 
4.500208e+01 
4.500208e+01 
4.500208e+01 
4.500208e+01 
4.500208e+01 
4.500208e+01 
4.500208e+01 
4.500208e+01 
4.500208e+01 
4.500207e+01 
4.500207e+01 
4.500207e+01 
4.500207e+01 
4.500206e+01 
4.500206e+01 
4.500205e+01 
4.500203e+01 
4.500201e+01 
4.500199e+01 
4.500195e+01 
4.500190e+01 
4.500183e+01 
4.500174e+01 
4.500164e+01 
4.500154e+01 
4.500145e+01 
4.500141e+01 
4.500139e+01 
4.500140e+01 
4.500141e+01 
4.500142e+01 
4.500142e+01 
4.500141e+01 
4.500141e+01 
4.500141e+01 

4.500141e+01 
4.500141e+01 
4.500141e+01 
4.500142e+01 
4.500142e+01 
4.500141e+01 
4.500138e+01 
4.500133e+01 
4.500130e+01 
4.500132e+01 
4.500141e+01 
4.500157e+01 
4.500175e+01 
4.500193e+01 
4.500209e+01 
4.500221e+01 
4.500231e+01 
4.500238e+01 
4.500243e+01 
4.500246e+01 
4.500248e+01 
4.500250e+01 
4.500251e+01 
4.500252e+01 
4.500253e+01 
4.500254e+01 
4.500254e+01 
4.500255e+01 
4.500255e+01 
4.500255e+01 
4.500256e+01 
4.500256e+01 
4.500256e+01 
4.500256e+01 
4.500256e+01 
4.500256e+01 
4.500255e+01 
4.500255e+01 
4.500255e+01 
4.500254e+01 
4.500254e+01 
4.500253e+01 
4.500252e+01 
4.500251e+01 
4.500250e+01 
4.500248e+01 
4.500246e+01 
4.500243e+01 
4.500238e+01 
4.500231e+01 
4.500221e+01 
4.500209e+01 
4.500193e+01 
4.500175e+01 
4.500157e+01 
4.500141e+01 
4.500132e+01 
4.500130e+01 
4.500133e+01 
4.500138e+01 
4.500141e+01 
4.500142e+01 
4.500142e+01 
4.500141e+01 
4.500141e+01 
4.500141e+01 

4.500141e+01 
4.500141e+01 
4.500141e+01 
4.500142e+01 
4.500142e+01 
4.500140e+01 
4.500135e+01 
4.500126e+01 
4.500116e+01 
4.500110e+01 
4.500114e+01 
4.500131e+01 
4.500159e+01 
4.500191e+01 
4.500222e+01 
4.500249e+01 
4.500270e+01 
4.500287e+01 
4.500298e+01 
4.500307e+01 
4.500313e+01 
4.500318e+01 
4.500321e+01 
4.500323e+01 
4.500325e+01 
4.500326e+01 
4.500328e+01 
4.500329e+01 
4.500330e+01 
4.500331e+01 
4.500331e+01 
4.500332e+01 
4.500332e+01 
4.500332e+01 
4.500332e+01 
4.500331e+01 
4.500331e+01 
4.500330e+01 
4.500329e+01 
4.500328e+01 
4.500326e+01 
4.500325e+01 
4.500323e+01 
4.500321e+01 
4.500318e+01 
4.500313e+01 
4.500307e+01 
4.500298e+01 
4.500287e+01 
4.500270e+01 
4.500249e+01 
4.500222e+01 
4.500191e+01 
4.500159e+01 
4.500131e+01 
4.500114e+01 
4.500110e+01 
4.500116e+01 
4.500126e+01 
4.500135e+01 
4.500140e+01 
4.500142e+01 
4.500142e+01 
4.500141e+01 
4.500141e+01 
4.500141e+01 

4.500141e+01 
4.500141e+01 
4.500141e+01 
4.500142e+01 
4.500142e+01 
4.500139e+01 
4.500132e+01 
4.500119e+01 
4.500100e+01 
4.500082e+01 
4.500074e+01 
4.500084e+01 
4.500114e+01 
4.500161e+01 
4.500215e+01 
4.500266e+01 
4.500311e+01 
4.500347e+01 
4.500374e+01 
4.500394e+01 
4.500409e+01 
4.500419e+01 
4.500427e+01 
4.500433e+01 
4.500437e+01 
4.500441e+01 
4.500445e+01 
4.500448e+01 
4.500450e+01 
4.500453e+01 
4.500454e+01 
4.500455e+01 
4.500456e+01 
4.500456e+01 
4.500455e+01 
4.500454e+01 
4.500453e+01 
4.500450e+01 
4.500448e+01 
4.500445e+01 
4.500441e+01 
4.500437e+01 
4.500433e+01 
4.500427e+01 
4.500419e+01 
4.500409e+01 
4.500394e+01 
4.500374e+01 
4.500347e+01 
4.500311e+01 
4.500266e+01 
4.500215e+01 
4.500161e+01 
4.500114e+01 
4.500084e+01 
4.500074e+01 
4.500082e+01 
4.500100e+01 
4.500119e+01 
4.500132e+01 
4.500139e+01 
4.500142e+01 
4.500142e+01 
4.500141e+01 
4.500141e+01 
4.500141e+01 

4.500141e+01 
4.500141e+01 
4.500141e+01 
4.500142e+01 
4.500142e+01 
4.500139e+01 
4.500131e+01 
4.500113e+01 
4.500085e+01 
4.500053e+01 
4.500025e+01 
4.500016e+01 
4.500037e+01 
4.500091e+01 
4.500168e+01 
4.500254e+01 
4.500337e+01 
4.500409e+01 
4.500467e+01 
4.500511e+01 
4.500544e+01 
4.500569e+01 
4.500587e+01 
4.500600e+01 
4.500610e+01 
4.500620e+01 
4.500628e+01 
4.500636e+01 
4.500642e+01 
4.500647e+01 
4.500651e+01 
4.500654e+01 
4.500655e+01 
4.500655e+01 
4.500654e+01 
4.500651e+01 
4.500647e+01 
4.500642e+01 
4.500636e+01 
4.500628e+01 
4.500620e+01 
4.500610e+01 
4.500600e+01 
4.500587e+01 
4.500569e+01 
4.500544e+01 
4.500511e+01 
4.500467e+01 
4.500409e+01 
4.500337e+01 
4.500254e+01 
4.500168e+01 
4.500091e+01 
4.500037e+01 
4.500016e+01 
4.500025e+01 
4.500053e+01 
4.500085e+01 
4.500113e+01 
4.500131e+01 
4.500139e+01 
4.500142e+01 
4.500142e+01 
4.500141e+01 
4.500141e+01 
4.500141e+01 

4.500141e+01 
4.500141e+01 
4.500141e+01 
4.500142e+01 
4.500142e+01 
4.500139e+01 
4.500129e+01 
4.500108e+01 
4.500073e+01 
4.500026e+01 
4.499975e+01 
4.499937e+01 
4.499931e+01 
4.499972e+01 
4.500061e+01 
4.500184e+01 
4.500319e+01 
4.500449e+01 
4.500560e+01 
4.500651e+01 
4.500722e+01 
4.500775e+01 
4.500815e+01 
4.500845e+01 
4.500869e+01 
4.500891e+01 
4.500911e+01 
4.500928e+01 
4.500943e+01 
4.500955e+01 
4.500964e+01 
4.500970e+01 
4.500973e+01 
4.500973e+01 
4.500970e+01 
4.500964e+01 
4.500955e+01 
4.500943e+01 
4.500928e+01 
4.500911e+01 
4.500891e+01 
4.500869e+01 
4.500845e+01 
4.500815e+01 
4.500775e+01 
4.500722e+01 
4.500651e+01 
4.500560e+01 
4.500449e+01 
4.500319e+01 
4.500184e+01 
4.500061e+01 
4.499972e+01 
4.499931e+01 
4.499937e+01 
4.499975e+01 
4.500026e+01 
4.500073e+01 
4.500108e+01 
4.500129e+01 
4.500139e+01 
4.500142e+01 
4.500142e+01 
4.500141e+01 
4.500141e+01 
4.500141e+01 

4.500141e+01 
4.500141e+01 
4.500141e+01 
4.500142e+01 
4.500142e+01 
4.500138e+01 
4.500128e+01 
4.500105e+01 
4.500064e+01 
4.500004e+01 
4.499930e+01 
4.499857e+01 
4.499809e+01 
4.499813e+01 
4.499887e+01 
4.500028e+01 
4.500217e+01 
4.500421e+01 
4.500617e+01 
4.500787e+01 
4.500926e+01 
4.501035e+01 
4.501119e+01 
4.501183e+01 
4.501236e+01 
4.501285e+01 
4.501330e+01 
4.501369e+01 
4.501403e+01 
4.501430e+01 
4.501451e+01 
4.501465e+01 
4.501472e+01 
4.501472e+01 
4.501465e+01 
4.501451e+01 
4.501430e+01 
4.501403e+01 
4.501369e+01 
4.501330e+01 
4.501285e+01 
4.501236e+01 
4.501183e+01 
4.501119e+01 
4.501035e+01 
4.500926e+01 
4.500787e+01 
4.500617e+01 
4.500421e+01 
4.500217e+01 
4.500028e+01 
4.499887e+01 
4.499813e+01 
4.499809e+01 
4.499857e+01 
4.499930e+01 
4.500004e+01 
4.500064e+01 
4.500105e+01 
4.500128e+01 
4.500138e+01 
4.500142e+01 
4.500142e+01 
4.500141e+01 
4.500141e+01 
4.500141e+01 

4.500141e+01 
4.500141e+01 
4.500141e+01 
4.500142e+01 
4.500142e+01 
4.500138e+01 
4.500127e+01 
4.500102e+01 
4.500056e+01 
4.499986e+01 
4.499892e+01 
4.499785e+01 
4.499686e+01 
4.499631e+01 
4.499654e+01 
4.499777e+01 
4.499994e+01 
4.500273e+01 
4.500573e+01 
4.500859e+01 
4.501110e+01 
4.501317e+01 
4.501483e+01 
4.501611e+01 
4.501721e+01 
4.501824e+01 
4.501919e+01 
4.502005e+01 
4.502078e+01 
4.502139e+01 
4.502186e+01 
4.502218e+01 
4.502234e+01 
4.502234e+01 
4.502218e+01 
4.502186e+01 
4.502139e+01 
4.502078e+01 
4.502005e+01 
4.501919e+01 
4.501824e+01 
4.501721e+01 
4.501611e+01 
4.501483e+01 
4.501317e+01 
4.501110e+01 
4.500859e+01 
4.500573e+01 
4.500273e+01 
4.499994e+01 
4.499777e+01 
4.499654e+01 
4.499631e+01 
4.499686e+01 
4.499785e+01 
4.499892e+01 
4.499986e+01 
4.500056e+01 
4.500102e+01 
4.500127e+01 
4.500138e+01 
4.500142e+01 
4.500142e+01 
4.500141e+01 
4.500141e+01 
4.500141e+01 

4.500141e+01 
4.500141e+01 
4.500141e+01 
4.500142e+01 
4.500142e+01 
4.500138e+01 
4.500127e+01 
4.500100e+01 
4.500051e+01 
4.499974e+01 
4.499864e+01 
4.499726e+01 
4.499577e+01 
4.499450e+01 
4.499392e+01 
4.499448e+01 
4.499642e+01 
4.499960e+01 
4.500359e+01 
4.500784e+01 
4.501189e+01 
4.501546e+01 
4.501845e+01 
4.502087e+01 
4.502298e+01 
4.502502e+01 
4.502695e+01 
4.502871e+01 
4.503026e+01 
4.503155e+01 
4.503256e+01 
4.503325e+01 
4.503360e+01 
4.503360e+01 
4.503325e+01 
4.503256e+01 
4.503155e+01 
4.503026e+01 
4.502871e+01 
4.502695e+01 
4.502502e+01 
4.502298e+01 
4.502087e+01 
4.501845e+01 
4.501546e+01 
4.501189e+01 
4.500784e+01 
4.500359e+01 
4.499960e+01 
4.499642e+01 
4.499448e+01 
4.499392e+01 
4.499450e+01 
4.499577e+01 
4.499726e+01 
4.499864e+01 
4.499974e+01 
4.500051e+01 
4.500100e+01 
4.500127e+01 
4.500138e+01 
4.500142e+01 
4.500142e+01 
4.500141e+01 
4.500141e+01 
4.500141e+01 

4.500141e+01 
4.500141e+01 
4.500141e+01 
4.500142e+01 
4.500141e+01 
4.500138e+01 
4.500126e+01 
4.500099e+01 
4.500048e+01 
4.499965e+01 
4.499842e+01 
4.499680e+01 
4.499486e+01 
4.499287e+01 
4.499131e+01 
4.499080e+01 
4.499189e+01 
4.499479e+01 
4.499928e+01 
4.500476e+01 
4.501054e+01 
4.501605e+01 
4.502095e+01 
4.502510e+01 
4.502887e+01 
4.503263e+01 
4.503627e+01 
4.503970e+01 
4.504278e+01 
4.504542e+01 
4.504750e+01 
4.504894e+01 
4.504967e+01 
4.504967e+01 
4.504894e+01 
4.504750e+01 
4.504542e+01 
4.504278e+01 
4.503970e+01 
4.503627e+01 
4.503263e+01 
4.502887e+01 
4.502510e+01 
4.502095e+01 
4.501605e+01 
4.501054e+01 
4.500476e+01 
4.499928e+01 
4.499479e+01 
4.499189e+01 
4.499080e+01 
4.499131e+01 
4.499287e+01 
4.499486e+01 
4.499680e+01 
4.499842e+01 
4.499965e+01 
4.500048e+01 
4.500099e+01 
4.500126e+01 
4.500138e+01 
4.500141e+01 
4.500142e+01 
4.500141e+01 
4.500141e+01 
4.500141e+01 

4.500141e+01 
4.500141e+01 
4.500141e+01 
4.500142e+01 
4.500141e+01 
4.500138e+01 
4.500126e+01 
4.500098e+01 
4.500045e+01 
4.499958e+01 
4.499827e+01 
4.499645e+01 
4.499415e+01 
4.499152e+01 
4.498897e+01 
4.498715e+01 
4.498686e+01 
4.498871e+01 
4.499286e+01 
4.499893e+01 
4.500615e+01 
4.501369e+01 
4.502089e+01 
4.502732e+01 
4.503345e+01 
4.503980e+01 
4.504620e+01 
4.505242e+01 
4.505819e+01 
4.506326e+01 
4.506734e+01 
4.507021e+01 
4.507169e+01 
4.507169e+01 
4.507021e+01 
4.506734e+01 
4.506326e+01 
4.505819e+01 
4.505242e+01 
4.504620e+01 
4.503980e+01 
4.503345e+01 
4.502732e+01 
4.502089e+01 
4.501369e+01 
4.500615e+01 
4.499893e+01 
4.499286e+01 
4.498871e+01 
4.498686e+01 
4.498715e+01 
4.498897e+01 
4.499152e+01 
4.499415e+01 
4.499645e+01 
4.499827e+01 
4.499958e+01 
4.500045e+01 
4.500098e+01 
4.500126e+01 
4.500138e+01 
4.500141e+01 
4.500142e+01 
4.500141e+01 
4.500141e+01 
4.500141e+01 

4.500141e+01 
4.500141e+01 
4.500141e+01 
4.500142e+01 
4.500141e+01 
4.500138e+01 
4.500126e+01 
4.500098e+01 
4.500044e+01 
4.499954e+01 
4.499816e+01 
4.499620e+01 
4.499361e+01 
4.499045e+01 
4.498700e+01 
4.498386e+01 
4.498191e+01 
4.498208e+01 
4.498497e+01 
4.499062e+01 
4.499847e+01 
4.500757e+01 
4.501697e+01 
4.502593e+01 
4.503491e+01 
4.504468e+01 
4.505498e+01 
4.506541e+01 
4.507548e+01 
4.508460e+01 
4.509216e+01 
4.509757e+01 
4.510040e+01 
4.510040e+01 
4.509757e+01 
4.509216e+01 
4.508460e+01 
4.507548e+01 
4.506541e+01 
4.505498e+01 
4.504468e+01 
4.503491e+01 
4.502593e+01 
4.501697e+01 
4.500757e+01 
4.499847e+01 
4.499062e+01 
4.498497e+01 
4.498208e+01 
4.498191e+01 
4.498386e+01 
4.498700e+01 
4.499045e+01 
4.499361e+01 
4.499620e+01 
4.499816e+01 
4.499954e+01 
4.500044e+01 
4.500098e+01 
4.500126e+01 
4.500138e+01 
4.500141e+01 
4.500142e+01 
4.500141e+01 
4.500141e+01 
4.500141e+01 

4.500141e+01 
4.500141e+01 
4.500141e+01 
4.500142e+01 
4.500141e+01 
4.500138e+01 
4.500126e+01 
4.500097e+01 
4.500043e+01 
4.499950e+01 
4.499808e+01 
4.499602e+01 
4.499322e+01 
4.498964e+01 
4.498543e+01 
4.498109e+01 
4.497745e+01 
4.497559e+01 
4.497652e+01 
4.498074e+01 
4.498810e+01 
4.499779e+01 
4.500874e+01 
4.501991e+01 
4.503178e+01 
4.504539e+01 
4.506048e+01 
4.507653e+01 
4.509274e+01 
4.510801e+01 
4.512108e+01 
4.513067e+01 
4.513576e+01 
4.513576e+01 
4.513067e+01 
4.512108e+01 
4.510801e+01 
4.509274e+01 
4.507653e+01 
4.506048e+01 
4.504539e+01 
4.503178e+01 
4.501991e+01 
4.500874e+01 
4.499779e+01 
4.498810e+01 
4.498074e+01 
4.497652e+01 
4.497559e+01 
4.497745e+01 
4.498109e+01 
4.498543e+01 
4.498964e+01 
4.499322e+01 
4.499602e+01 
4.499808e+01 
4.499950e+01 
4.500043e+01 
4.500097e+01 
4.500126e+01 
4.500138e+01 
4.500141e+01 
4.500142e+01 
4.500141e+01 
4.500141e+01 
4.500141e+01 

4.500141e+01 
4.500141e+01 
4.500141e+01 
4.500142e+01 
4.500141e+01 
4.500138e+01 
4.500126e+01 
4.500097e+01 
4.500042e+01 
4.499948e+01 
4.499802e+01 
4.499589e+01 
4.499293e+01 
4.498903e+01 
4.498423e+01 
4.497886e+01 
4.497367e+01 
4.496975e+01 
4.496835e+01 
4.497041e+01 
4.497623e+01 
4.498535e+01 
4.499679e+01 
4.500935e+01 
4.502354e+01 
4.504076e+01 
4.506093e+01 
4.508355e+01 
4.510756e+01 
4.513122e+01 
4.515225e+01 
4.516815e+01 
4.517674e+01 
4.517674e+01 
4.516815e+01 
4.515225e+01 
4.513122e+01 
4.510756e+01 
4.508355e+01 
4.506093e+01 
4.504076e+01 
4.502354e+01 
4.500935e+01 
4.499679e+01 
4.498535e+01 
4.497623e+01 
4.497041e+01 
4.496835e+01 
4.496975e+01 
4.497367e+01 
4.497886e+01 
4.498423e+01 
4.498903e+01 
4.499293e+01 
4.499589e+01 
4.499802e+01 
4.499948e+01 
4.500042e+01 
4.500097e+01 
4.500126e+01 
4.500138e+01 
4.500141e+01 
4.500142e+01 
4.500141e+01 
4.500141e+01 
4.500141e+01 

4.500141e+01 
4.500141e+01 
4.500141e+01 
4.500142e+01 
4.500141e+01 
4.500138e+01 
4.500126e+01 
4.500097e+01 
4.500041e+01 
4.499947e+01 
4.499798e+01 
4.499580e+01 
4.499272e+01 
4.498858e+01 
4.498331e+01 
4.497711e+01 
4.497059e+01 
4.496478e+01 
4.496102e+01 
4.496056e+01 
4.496414e+01 
4.497170e+01 
4.498251e+01 
4.499540e+01 
4.501094e+01 
4.503090e+01 
4.505564e+01 
4.508497e+01 
4.511778e+01 
4.515174e+01 
4.518321e+01 
4.520779e+01 
4.522134e+01 
4.522134e+01 
4.520779e+01 
4.518321e+01 
4.515174e+01 
4.511778e+01 
4.508497e+01 
4.505564e+01 
4.503090e+01 
4.501094e+01 
4.499540e+01 
4.498251e+01 
4.497170e+01 
4.496414e+01 
4.496056e+01 
4.496102e+01 
4.496478e+01 
4.497059e+01 
4.497711e+01 
4.498331e+01 
4.498858e+01 
4.499272e+01 
4.499580e+01 
4.499798e+01 
4.499947e+01 
4.500041e+01 
4.500097e+01 
4.500126e+01 
4.500138e+01 
4.500141e+01 
4.500142e+01 
4.500141e+01 
4.500141e+01 
4.500141e+01 

4.500141e+01 
4.500141e+01 
4.500141e+01 
4.500142e+01 
4.500141e+01 
4.500138e+01 
4.500126e+01 
4.500097e+01 
4.500041e+01 
4.499945e+01 
4.499796e+01 
4.499573e+01 
4.499257e+01 
4.498824e+01 
4.498262e+01 
4.497578e+01 
4.496816e+01 
4.496072e+01 
4.495478e+01 
4.495178e+01 
4.495280e+01 
4.495819e+01 
4.496752e+01 
4.497976e+01 
4.499556e+01 
4.501707e+01 
4.504526e+01 
4.508056e+01 
4.512223e+01 
4.516755e+01 
4.521144e+01 
4.524692e+01 
4.526693e+01 
4.526693e+01 
4.524692e+01 
4.521144e+01 
4.516755e+01 
4.512223e+01 
4.508056e+01 
4.504526e+01 
4.501707e+01 
4.499556e+01 
4.497976e+01 
4.496752e+01 
4.495819e+01 
4.495280e+01 
4.495178e+01 
4.495478e+01 
4.496072e+01 
4.496816e+01 
4.497578e+01 
4.498262e+01 
4.498824e+01 
4.499257e+01 
4.499573e+01 
4.499796e+01 
4.499945e+01 
4.500041e+01 
4.500097e+01 
4.500126e+01 
4.500138e+01 
4.500141e+01 
4.500142e+01 
4.500141e+01 
4.500141e+01 
4.500141e+01 

4.500141e+01 
4.500141e+01 
4.500141e+01 
4.500142e+01 
4.500141e+01 
4.500138e+01 
4.500126e+01 
4.500097e+01 
4.500040e+01 
4.499945e+01 
4.499793e+01 
4.499567e+01 
4.499244e+01 
4.498797e+01 
4.498205e+01 
4.497465e+01 
4.496608e+01 
4.495713e+01 
4.494907e+01 
4.494345e+01 
4.494160e+01 
4.494424e+01 
4.495129e+01 
4.496196e+01 
4.497695e+01 
4.499877e+01 
4.502915e+01 
4.506954e+01 
4.512007e+01 
4.517825e+01 
4.523755e+01 
4.528748e+01 
4.531640e+01 
4.531640e+01 
4.528748e+01 
4.523755e+01 
4.517825e+01 
4.512007e+01 
4.506954e+01 
4.502915e+01 
4.499877e+01 
4.497695e+01 
4.496196e+01 
4.495129e+01 
4.494424e+01 
4.494160e+01 
4.494345e+01 
4.494907e+01 
4.495713e+01 
4.496608e+01 
4.497465e+01 
4.498205e+01 
4.498797e+01 
4.499244e+01 
4.499567e+01 
4.499793e+01 
4.499945e+01 
4.500040e+01 
4.500097e+01 
4.500126e+01 
4.500138e+01 
4.500141e+01 
4.500142e+01 
4.500141e+01 
4.500141e+01 
4.500141e+01 

4.500141e+01 
4.500141e+01 
4.500141e+01 
4.500142e+01 
4.500141e+01 
4.500138e+01 
4.500126e+01 
4.500097e+01 
4.500040e+01 
4.499944e+01 
4.499791e+01 
4.499563e+01 
4.499233e+01 
4.498773e+01 
4.498153e+01 
4.497360e+01 
4.496410e+01 
4.495363e+01 
4.494337e+01 
4.493487e+01 
4.492968e+01 
4.492887e+01 
4.493274e+01 
4.494080e+01 
4.495379e+01 
4.497446e+01 
4.500550e+01 
4.504975e+01 
4.510906e+01 
4.518209e+01 
4.526127e+01 
4.533147e+01 
4.537350e+01 
4.537350e+01 
4.533147e+01 
4.526127e+01 
4.518209e+01 
4.510906e+01 
4.504975e+01 
4.500550e+01 
4.497446e+01 
4.495379e+01 
4.494080e+01 
4.493274e+01 
4.492887e+01 
4.492968e+01 
4.493487e+01 
4.494337e+01 
4.495363e+01 
4.496410e+01 
4.497360e+01 
4.498153e+01 
4.498773e+01 
4.499233e+01 
4.499563e+01 
4.499791e+01 
4.499944e+01 
4.500040e+01 
4.500097e+01 
4.500126e+01 
4.500138e+01 
4.500141e+01 
4.500142e+01 
4.500141e+01 
4.500141e+01 
4.500141e+01 

4.500141e+01 
4.500141e+01 
4.500141e+01 
4.500142e+01 
4.500141e+01 
4.500138e+01 
4.500126e+01 
4.500096e+01 
4.500040e+01 
4.499943e+01 
4.499790e+01 
4.499558e+01 
4.499223e+01 
4.498751e+01 
4.498106e+01 
4.497265e+01 
4.496225e+01 
4.495032e+01 
4.493784e+01 
4.492631e+01 
4.491744e+01 
4.491259e+01 
4.491244e+01 
4.491688e+01 
4.492658e+01 
4.494441e+01 
4.497399e+01 
4.501984e+01 
4.508639e+01 
4.517488e+01 
4.527795e+01 
4.537464e+01 
4.543490e+01 
4.543490e+01 
4.537464e+01 
4.527795e+01 
4.517488e+01 
4.508639e+01 
4.501984e+01 
4.497399e+01 
4.494441e+01 
4.492658e+01 
4.491688e+01 
4.491244e+01 
4.491259e+01 
4.491744e+01 
4.492631e+01 
4.493784e+01 
4.495032e+01 
4.496225e+01 
4.497265e+01 
4.498106e+01 
4.498751e+01 
4.499223e+01 
4.499558e+01 
4.499790e+01 
4.499943e+01 
4.500040e+01 
4.500096e+01 
4.500126e+01 
4.500138e+01 
4.500141e+01 
4.500142e+01 
4.500141e+01 
4.500141e+01 
4.500141e+01 

4.500141e+01 
4.500141e+01 
4.500141e+01 
4.500142e+01 
4.500141e+01 
4.500138e+01 
4.500126e+01 
4.500096e+01 
4.500040e+01 
4.499942e+01 
4.499788e+01 
4.499555e+01 
4.499215e+01 
4.498731e+01 
4.498065e+01 
4.497180e+01 
4.496059e+01 
4.494728e+01 
4.493264e+01 
4.491808e+01 
4.490535e+01 
4.489609e+01 
4.489133e+01 
4.489135e+01 
4.489669e+01 
4.491009e+01 
4.493598e+01 
4.498059e+01 
4.505153e+01 
4.515422e+01 
4.528271e+01 
4.541114e+01 
4.549421e+01 
4.549421e+01 
4.541114e+01 
4.528271e+01 
4.515422e+01 
4.505153e+01 
4.498059e+01 
4.493598e+01 
4.491009e+01 
4.489669e+01 
4.489135e+01 
4.489133e+01 
4.489609e+01 
4.490535e+01 
4.491808e+01 
4.493264e+01 
4.494728e+01 
4.496059e+01 
4.497180e+01 
4.498065e+01 
4.498731e+01 
4.499215e+01 
4.499555e+01 
4.499788e+01 
4.499942e+01 
4.500040e+01 
4.500096e+01 
4.500126e+01 
4.500138e+01 
4.500141e+01 
4.500142e+01 
4.500141e+01 
4.500141e+01 
4.500141e+01 

4.500141e+01 
4.500141e+01 
4.500141e+01 
4.500142e+01 
4.500141e+01 
4.500138e+01 
4.500126e+01 
4.500096e+01 
4.500039e+01 
4.499942e+01 
4.499787e+01 
4.499551e+01 
4.499207e+01 
4.498715e+01 
4.498030e+01 
4.497106e+01 
4.495914e+01 
4.494458e+01 
4.492795e+01 
4.491050e+01 
4.489400e+01 
4.488026e+01 
4.487066e+01 
4.486586e+01 
4.486619e+01 
4.487415e+01 
4.489475e+01 
4.493570e+01 
4.500808e+01 
4.512173e+01 
4.527462e+01 
4.543560e+01 
4.554401e+01 
4.554401e+01 
4.543560e+01 
4.527462e+01 
4.512173e+01 
4.500808e+01 
4.493570e+01 
4.489475e+01 
4.487415e+01 
4.486619e+01 
4.486586e+01 
4.487066e+01 
4.488026e+01 
4.489400e+01 
4.491050e+01 
4.492795e+01 
4.494458e+01 
4.495914e+01 
4.497106e+01 
4.498030e+01 
4.498715e+01 
4.499207e+01 
4.499551e+01 
4.499787e+01 
4.499942e+01 
4.500039e+01 
4.500096e+01 
4.500126e+01 
4.500138e+01 
4.500141e+01 
4.500142e+01 
4.500141e+01 
4.500141e+01 
4.500141e+01 

4.500141e+01 
4.500141e+01 
4.500141e+01 
4.500142e+01 
4.500141e+01 
4.500138e+01 
4.500126e+01 
4.500096e+01 
4.500039e+01 
4.499942e+01 
4.499786e+01 
4.499549e+01 
4.499201e+01 
4.498702e+01 
4.498001e+01 
4.497046e+01 
4.495794e+01 
4.494231e+01 
4.492395e+01 
4.490393e+01 
4.488398e+01 
4.486606e+01 
4.485183e+01 
4.484232e+01 
4.483767e+01 
4.484002e+01 
4.485489e+01 
4.489120e+01 
4.496307e+01 
4.508439e+01 
4.525758e+01 
4.544760e+01 
4.557979e+01 
4.557979e+01 
4.544760e+01 
4.525758e+01 
4.508439e+01 
4.496307e+01 
4.489120e+01 
4.485489e+01 
4.484002e+01 
4.483767e+01 
4.484232e+01 
4.485183e+01 
4.486606e+01 
4.488398e+01 
4.490393e+01 
4.492395e+01 
4.494231e+01 
4.495794e+01 
4.497046e+01 
4.498001e+01 
4.498702e+01 
4.499201e+01 
4.499549e+01 
4.499786e+01 
4.499942e+01 
4.500039e+01 
4.500096e+01 
4.500126e+01 
4.500138e+01 
4.500141e+01 
4.500142e+01 
4.500141e+01 
4.500141e+01 
4.500141e+01 

4.500141e+01 
4.500141e+01 
4.500141e+01 
4.500142e+01 
4.500141e+01 
4.500138e+01 
4.500126e+01 
4.500096e+01 
4.500039e+01 
4.499941e+01 
4.499785e+01 
4.499547e+01 
4.499197e+01 
4.498692e+01 
4.497979e+01 
4.497000e+01 
4.495702e+01 
4.494055e+01 
4.492079e+01 
4.489867e+01 
4.487586e+01 
4.485442e+01 
4.483624e+01 
4.482268e+01 
4.481370e+01 
4.481119e+01 
4.482108e+01 
4.485334e+01 
4.492424e+01 
4.505109e+01 
4.523891e+01 
4.545153e+01 
4.560213e+01 
4.560213e+01 
4.545153e+01 
4.523891e+01 
4.505109e+01 
4.492424e+01 
4.485334e+01 
4.482108e+01 
4.481119e+01 
4.481370e+01 
4.482268e+01 
4.483624e+01 
4.485442e+01 
4.487586e+01 
4.489867e+01 
4.492079e+01 
4.494055e+01 
4.495702e+01 
4.497000e+01 
4.497979e+01 
4.498692e+01 
4.499197e+01 
4.499547e+01 
4.499785e+01 
4.499941e+01 
4.500039e+01 
4.500096e+01 
4.500126e+01 
4.500138e+01 
4.500141e+01 
4.500142e+01 
4.500141e+01 
4.500141e+01 
4.500141e+01 

4.500141e+01 
4.500141e+01 
4.500141e+01 
4.500142e+01 
4.500141e+01 
4.500138e+01 
4.500126e+01 
4.500096e+01 
4.500039e+01 
4.499941e+01 
4.499784e+01 
4.499546e+01 
4.499194e+01 
4.498685e+01 
4.497965e+01 
4.496969e+01 
4.495638e+01 
4.493934e+01 
4.491861e+01 
4.489500e+01 
4.487015e+01 
4.484615e+01 
4.482511e+01 
4.480858e+01 
4.479646e+01 
4.479046e+01 
4.479688e+01 
4.482653e+01 
4.489704e+01 
4.502770e+01 
4.522533e+01 
4.545235e+01 
4.561494e+01 
4.561494e+01 
4.545235e+01 
4.522533e+01 
4.502770e+01 
4.489704e+01 
4.482653e+01 
4.479688e+01 
4.479046e+01 
4.479646e+01 
4.480858e+01 
4.482511e+01 
4.484615e+01 
4.487015e+01 
4.489500e+01 
4.491861e+01 
4.493934e+01 
4.495638e+01 
4.496969e+01 
4.497965e+01 
4.498685e+01 
4.499194e+01 
4.499546e+01 
4.499784e+01 
4.499941e+01 
4.500039e+01 
4.500096e+01 
4.500126e+01 
4.500138e+01 
4.500141e+01 
4.500142e+01 
4.500141e+01 
4.500141e+01 
4.500141e+01 

4.500141e+01 
4.500141e+01 
4.500141e+01 
4.500142e+01 
4.500141e+01 
4.500138e+01 
4.500126e+01 
4.500096e+01 
4.500039e+01 
4.499941e+01 
4.499784e+01 
4.499545e+01 
4.499193e+01 
4.498682e+01 
4.497957e+01 
4.496953e+01 
4.495607e+01 
4.493872e+01 
4.491749e+01 
4.489312e+01 
4.486719e+01 
4.484186e+01 
4.481931e+01 
4.480123e+01 
4.478746e+01 
4.477966e+01 
4.478437e+01 
4.481284e+01 
4.488340e+01 
4.501621e+01 
4.521871e+01 
4.545276e+01 
4.562107e+01 
4.562107e+01 
4.545276e+01 
4.521871e+01 
4.501621e+01 
4.488340e+01 
4.481284e+01 
4.478437e+01 
4.477966e+01 
4.478746e+01 
4.480123e+01 
4.481931e+01 
4.484186e+01 
4.486719e+01 
4.489312e+01 
4.491749e+01 
4.493872e+01 
4.495607e+01 
4.496953e+01 
4.497957e+01 
4.498682e+01 
4.499193e+01 
4.499545e+01 
4.499784e+01 
4.499941e+01 
4.500039e+01 
4.500096e+01 
4.500126e+01 
4.500138e+01 
4.500141e+01 
4.500142e+01 
4.500141e+01 
4.500141e+01 
4.500141e+01 

4.500141e+01 
4.500141e+01 
4.500141e+01 
4.500142e+01 
4.500141e+01 
4.500138e+01 
4.500126e+01 
4.500096e+01 
4.500039e+01 
4.499941e+01 
4.499784e+01 
4.499545e+01 
4.499193e+01 
4.498682e+01 
4.497957e+01 
4.496953e+01 
4.495607e+01 
4.493872e+01 
4.491749e+01 
4.489312e+01 
4.486719e+01 
4.484186e+01 
4.481931e+01 
4.480123e+01 
4.478746e+01 
4.477966e+01 
4.478437e+01 
4.481284e+01 
4.488340e+01 
4.501621e+01 
4.521871e+01 
4.545276e+01 
4.562107e+01 
4.562107e+01 
4.545276e+01 
4.521871e+01 
4.501621e+01 
4.488340e+01 
4.481284e+01 
4.478437e+01 
4.477966e+01 
4.478746e+01 
4.480123e+01 
4.481931e+01 
4.484186e+01 
4.486719e+01 
4.489312e+01 
4.491749e+01 
4.493872e+01 
4.495607e+01 
4.496953e+01 
4.497957e+01 
4.498682e+01 
4.499193e+01 
4.499545e+01 
4.499784e+01 
4.499941e+01 
4.500039e+01 
4.500096e+01 
4.500126e+01 
4.500138e+01 
4.500141e+01 
4.500142e+01 
4.500141e+01 
4.500141e+01 
4.500141e+01 

4.500141e+01 
4.500141e+01 
4.500141e+01 
4.500142e+01 
4.500141e+01 
4.500138e+01 
4.500126e+01 
4.500096e+01 
4.500039e+01 
4.499941e+01 
4.499784e+01 
4.499546e+01 
4.499194e+01 
4.498685e+01 
4.497965e+01 
4.496969e+01 
4.495638e+01 
4.493934e+01 
4.491861e+01 
4.489500e+01 
4.487015e+01 
4.484615e+01 
4.482511e+01 
4.480858e+01 
4.479646e+01 
4.479046e+01 
4.479688e+01 
4.482653e+01 
4.489704e+01 
4.502770e+01 
4.522533e+01 
4.545235e+01 
4.561494e+01 
4.561494e+01 
4.545235e+01 
4.522533e+01 
4.502770e+01 
4.489704e+01 
4.482653e+01 
4.479688e+01 
4.479046e+01 
4.479646e+01 
4.480858e+01 
4.482511e+01 
4.484615e+01 
4.487015e+01 
4.489500e+01 
4.491861e+01 
4.493934e+01 
4.495638e+01 
4.496969e+01 
4.497965e+01 
4.498685e+01 
4.499194e+01 
4.499546e+01 
4.499784e+01 
4.499941e+01 
4.500039e+01 
4.500096e+01 
4.500126e+01 
4.500138e+01 
4.500141e+01 
4.500142e+01 
4.500141e+01 
4.500141e+01 
4.500141e+01 

4.500141e+01 
4.500141e+01 
4.500141e+01 
4.500142e+01 
4.500141e+01 
4.500138e+01 
4.500126e+01 
4.500096e+01 
4.500039e+01 
4.499941e+01 
4.499785e+01 
4.499547e+01 
4.499197e+01 
4.498692e+01 
4.497979e+01 
4.497000e+01 
4.495702e+01 
4.494055e+01 
4.492079e+01 
4.489867e+01 
4.487586e+01 
4.485442e+01 
4.483624e+01 
4.482268e+01 
4.481370e+01 
4.481119e+01 
4.482108e+01 
4.485334e+01 
4.492424e+01 
4.505109e+01 
4.523891e+01 
4.545153e+01 
4.560213e+01 
4.560213e+01 
4.545153e+01 
4.523891e+01 
4.505109e+01 
4.492424e+01 
4.485334e+01 
4.482108e+01 
4.481119e+01 
4.481370e+01 
4.482268e+01 
4.483624e+01 
4.485442e+01 
4.487586e+01 
4.489867e+01 
4.492079e+01 
4.494055e+01 
4.495702e+01 
4.497000e+01 
4.497979e+01 
4.498692e+01 
4.499197e+01 
4.499547e+01 
4.499785e+01 
4.499941e+01 
4.500039e+01 
4.500096e+01 
4.500126e+01 
4.500138e+01 
4.500141e+01 
4.500142e+01 
4.500141e+01 
4.500141e+01 
4.500141e+01 

4.500141e+01 
4.500141e+01 
4.500141e+01 
4.500142e+01 
4.500141e+01 
4.500138e+01 
4.500126e+01 
4.500096e+01 
4.500039e+01 
4.499942e+01 
4.499786e+01 
4.499549e+01 
4.499201e+01 
4.498702e+01 
4.498001e+01 
4.497046e+01 
4.495794e+01 
4.494231e+01 
4.492395e+01 
4.490393e+01 
4.488398e+01 
4.486606e+01 
4.485183e+01 
4.484232e+01 
4.483767e+01 
4.484002e+01 
4.485489e+01 
4.489120e+01 
4.496307e+01 
4.508439e+01 
4.525758e+01 
4.544760e+01 
4.557979e+01 
4.557979e+01 
4.544760e+01 
4.525758e+01 
4.508439e+01 
4.496307e+01 
4.489120e+01 
4.485489e+01 
4.484002e+01 
4.483767e+01 
4.484232e+01 
4.485183e+01 
4.486606e+01 
4.488398e+01 
4.490393e+01 
4.492395e+01 
4.494231e+01 
4.495794e+01 
4.497046e+01 
4.498001e+01 
4.498702e+01 
4.499201e+01 
4.499549e+01 
4.499786e+01 
4.499942e+01 
4.500039e+01 
4.500096e+01 
4.500126e+01 
4.500138e+01 
4.500141e+01 
4.500142e+01 
4.500141e+01 
4.500141e+01 
4.500141e+01 

4.500141e+01 
4.500141e+01 
4.500141e+01 
4.500142e+01 
4.500141e+01 
4.500138e+01 
4.500126e+01 
4.500096e+01 
4.500039e+01 
4.499942e+01 
4.499787e+01 
4.499551e+01 
4.499207e+01 
4.498715e+01 
4.498030e+01 
4.497106e+01 
4.495914e+01 
4.494458e+01 
4.492795e+01 
4.491050e+01 
4.489400e+01 
4.488026e+01 
4.487066e+01 
4.486586e+01 
4.486619e+01 
4.487415e+01 
4.489475e+01 
4.493570e+01 
4.500808e+01 
4.512173e+01 
4.527462e+01 
4.543560e+01 
4.554401e+01 
4.554401e+01 
4.543560e+01 
4.527462e+01 
4.512173e+01 
4.500808e+01 
4.493570e+01 
4.489475e+01 
4.487415e+01 
4.486619e+01 
4.486586e+01 
4.487066e+01 
4.488026e+01 
4.489400e+01 
4.491050e+01 
4.492795e+01 
4.494458e+01 
4.495914e+01 
4.497106e+01 
4.498030e+01 
4.498715e+01 
4.499207e+01 
4.499551e+01 
4.499787e+01 
4.499942e+01 
4.500039e+01 
4.500096e+01 
4.500126e+01 
4.500138e+01 
4.500141e+01 
4.500142e+01 
4.500141e+01 
4.500141e+01 
4.500141e+01 

4.500141e+01 
4.500141e+01 
4.500141e+01 
4.500142e+01 
4.500141e+01 
4.500138e+01 
4.500126e+01 
4.500096e+01 
4.500040e+01 
4.499942e+01 
4.499788e+01 
4.499555e+01 
4.499215e+01 
4.498731e+01 
4.498065e+01 
4.497180e+01 
4.496059e+01 
4.494728e+01 
4.493264e+01 
4.491808e+01 
4.490535e+01 
4.489609e+01 
4.489133e+01 
4.489135e+01 
4.489669e+01 
4.491009e+01 
4.493598e+01 
4.498059e+01 
4.505153e+01 
4.515422e+01 
4.528271e+01 
4.541114e+01 
4.549421e+01 
4.549421e+01 
4.541114e+01 
4.528271e+01 
4.515422e+01 
4.505153e+01 
4.498059e+01 
4.493598e+01 
4.491009e+01 
4.489669e+01 
4.489135e+01 
4.489133e+01 
4.489609e+01 
4.490535e+01 
4.491808e+01 
4.493264e+01 
4.494728e+01 
4.496059e+01 
4.497180e+01 
4.498065e+01 
4.498731e+01 
4.499215e+01 
4.499555e+01 
4.499788e+01 
4.499942e+01 
4.500040e+01 
4.500096e+01 
4.500126e+01 
4.500138e+01 
4.500141e+01 
4.500142e+01 
4.500141e+01 
4.500141e+01 
4.500141e+01 

4.500141e+01 
4.500141e+01 
4.500141e+01 
4.500142e+01 
4.500141e+01 
4.500138e+01 
4.500126e+01 
4.500096e+01 
4.500040e+01 
4.499943e+01 
4.499790e+01 
4.499558e+01 
4.499223e+01 
4.498751e+01 
4.498106e+01 
4.497265e+01 
4.496225e+01 
4.495032e+01 
4.493784e+01 
4.492631e+01 
4.491744e+01 
4.491259e+01 
4.491244e+01 
4.491688e+01 
4.492658e+01 
4.494441e+01 
4.497399e+01 
4.501984e+01 
4.508639e+01 
4.517488e+01 
4.527795e+01 
4.537464e+01 
4.543490e+01 
4.543490e+01 
4.537464e+01 
4.527795e+01 
4.517488e+01 
4.508639e+01 
4.501984e+01 
4.497399e+01 
4.494441e+01 
4.492658e+01 
4.491688e+01 
4.491244e+01 
4.491259e+01 
4.491744e+01 
4.492631e+01 
4.493784e+01 
4.495032e+01 
4.496225e+01 
4.497265e+01 
4.498106e+01 
4.498751e+01 
4.499223e+01 
4.499558e+01 
4.499790e+01 
4.499943e+01 
4.500040e+01 
4.500096e+01 
4.500126e+01 
4.500138e+01 
4.500141e+01 
4.500142e+01 
4.500141e+01 
4.500141e+01 
4.500141e+01 

4.500141e+01 
4.500141e+01 
4.500141e+01 
4.500142e+01 
4.500141e+01 
4.500138e+01 
4.500126e+01 
4.500097e+01 
4.500040e+01 
4.499944e+01 
4.499791e+01 
4.499563e+01 
4.499233e+01 
4.498773e+01 
4.498153e+01 
4.497360e+01 
4.496410e+01 
4.495363e+01 
4.494337e+01 
4.493487e+01 
4.492968e+01 
4.492887e+01 
4.493274e+01 
4.494080e+01 
4.495379e+01 
4.497446e+01 
4.500550e+01 
4.504975e+01 
4.510906e+01 
4.518209e+01 
4.526127e+01 
4.533147e+01 
4.537350e+01 
4.537350e+01 
4.533147e+01 
4.526127e+01 
4.518209e+01 
4.510906e+01 
4.504975e+01 
4.500550e+01 
4.497446e+01 
4.495379e+01 
4.494080e+01 
4.493274e+01 
4.492887e+01 
4.492968e+01 
4.493487e+01 
4.494337e+01 
4.495363e+01 
4.496410e+01 
4.497360e+01 
4.498153e+01 
4.498773e+01 
4.499233e+01 
4.499563e+01 
4.499791e+01 
4.499944e+01 
4.500040e+01 
4.500097e+01 
4.500126e+01 
4.500138e+01 
4.500141e+01 
4.500142e+01 
4.500141e+01 
4.500141e+01 
4.500141e+01 

4.500141e+01 
4.500141e+01 
4.500141e+01 
4.500142e+01 
4.500141e+01 
4.500138e+01 
4.500126e+01 
4.500097e+01 
4.500040e+01 
4.499945e+01 
4.499793e+01 
4.499567e+01 
4.499244e+01 
4.498797e+01 
4.498205e+01 
4.497465e+01 
4.496608e+01 
4.495713e+01 
4.494907e+01 
4.494345e+01 
4.494160e+01 
4.494424e+01 
4.495129e+01 
4.496196e+01 
4.497695e+01 
4.499877e+01 
4.502915e+01 
4.506954e+01 
4.512007e+01 
4.517825e+01 
4.523755e+01 
4.528748e+01 
4.531640e+01 
4.531640e+01 
4.528748e+01 
4.523755e+01 
4.517825e+01 
4.512007e+01 
4.506954e+01 
4.502915e+01 
4.499877e+01 
4.497695e+01 
4.496196e+01 
4.495129e+01 
4.494424e+01 
4.494160e+01 
4.494345e+01 
4.494907e+01 
4.495713e+01 
4.496608e+01 
4.497465e+01 
4.498205e+01 
4.498797e+01 
4.499244e+01 
4.499567e+01 
4.499793e+01 
4.499945e+01 
4.500040e+01 
4.500097e+01 
4.500126e+01 
4.500138e+01 
4.500141e+01 
4.500142e+01 
4.500141e+01 
4.500141e+01 
4.500141e+01 

4.500141e+01 
4.500141e+01 
4.500141e+01 
4.500142e+01 
4.500141e+01 
4.500138e+01 
4.500126e+01 
4.500097e+01 
4.500041e+01 
4.499945e+01 
4.499796e+01 
4.499573e+01 
4.499257e+01 
4.498824e+01 
4.498262e+01 
4.497578e+01 
4.496816e+01 
4.496072e+01 
4.495478e+01 
4.495178e+01 
4.495280e+01 
4.495819e+01 
4.496752e+01 
4.497976e+01 
4.499556e+01 
4.501707e+01 
4.504526e+01 
4.508056e+01 
4.512223e+01 
4.516755e+01 
4.521144e+01 
4.524692e+01 
4.526693e+01 
4.526693e+01 
4.524692e+01 
4.521144e+01 
4.516755e+01 
4.512223e+01 
4.508056e+01 
4.504526e+01 
4.501707e+01 
4.499556e+01 
4.497976e+01 
4.496752e+01 
4.495819e+01 
4.495280e+01 
4.495178e+01 
4.495478e+01 
4.496072e+01 
4.496816e+01 
4.497578e+01 
4.498262e+01 
4.498824e+01 
4.499257e+01 
4.499573e+01 
4.499796e+01 
4.499945e+01 
4.500041e+01 
4.500097e+01 
4.500126e+01 
4.500138e+01 
4.500141e+01 
4.500142e+01 
4.500141e+01 
4.500141e+01 
4.500141e+01 

4.500141e+01 
4.500141e+01 
4.500141e+01 
4.500142e+01 
4.500141e+01 
4.500138e+01 
4.500126e+01 
4.500097e+01 
4.500041e+01 
4.499947e+01 
4.499798e+01 
4.499580e+01 
4.499272e+01 
4.498858e+01 
4.498331e+01 
4.497711e+01 
4.497059e+01 
4.496478e+01 
4.496102e+01 
4.496056e+01 
4.496414e+01 
4.497170e+01 
4.498251e+01 
4.499540e+01 
4.501094e+01 
4.503090e+01 
4.505564e+01 
4.508497e+01 
4.511778e+01 
4.515174e+01 
4.518321e+01 
4.520779e+01 
4.522134e+01 
4.522134e+01 
4.520779e+01 
4.518321e+01 
4.515174e+01 
4.511778e+01 
4.508497e+01 
4.505564e+01 
4.503090e+01 
4.501094e+01 
4.499540e+01 
4.498251e+01 
4.497170e+01 
4.496414e+01 
4.496056e+01 
4.496102e+01 
4.496478e+01 
4.497059e+01 
4.497711e+01 
4.498331e+01 
4.498858e+01 
4.499272e+01 
4.499580e+01 
4.499798e+01 
4.499947e+01 
4.500041e+01 
4.500097e+01 
4.500126e+01 
4.500138e+01 
4.500141e+01 
4.500142e+01 
4.500141e+01 
4.500141e+01 
4.500141e+01 

4.500141e+01 
4.500141e+01 
4.500141e+01 
4.500142e+01 
4.500141e+01 
4.500138e+01 
4.500126e+01 
4.500097e+01 
4.500042e+01 
4.499948e+01 
4.499802e+01 
4.499589e+01 
4.499293e+01 
4.498903e+01 
4.498423e+01 
4.497886e+01 
4.497367e+01 
4.496975e+01 
4.496835e+01 
4.497041e+01 
4.497623e+01 
4.498535e+01 
4.499679e+01 
4.500935e+01 
4.502354e+01 
4.504076e+01 
4.506093e+01 
4.508355e+01 
4.510756e+01 
4.513122e+01 
4.515225e+01 
4.516815e+01 
4.517674e+01 
4.517674e+01 
4.516815e+01 
4.515225e+01 
4.513122e+01 
4.510756e+01 
4.508355e+01 
4.506093e+01 
4.504076e+01 
4.502354e+01 
4.500935e+01 
4.499679e+01 
4.498535e+01 
4.497623e+01 
4.497041e+01 
4.496835e+01 
4.496975e+01 
4.497367e+01 
4.497886e+01 
4.498423e+01 
4.498903e+01 
4.499293e+01 
4.499589e+01 
4.499802e+01 
4.499948e+01 
4.500042e+01 
4.500097e+01 
4.500126e+01 
4.500138e+01 
4.500141e+01 
4.500142e+01 
4.500141e+01 
4.500141e+01 
4.500141e+01 

4.500141e+01 
4.500141e+01 
4.500141e+01 
4.500142e+01 
4.500141e+01 
4.500138e+01 
4.500126e+01 
4.500097e+01 
4.500043e+01 
4.499950e+01 
4.499808e+01 
4.499602e+01 
4.499322e+01 
4.498964e+01 
4.498543e+01 
4.498109e+01 
4.497745e+01 
4.497559e+01 
4.497652e+01 
4.498074e+01 
4.498810e+01 
4.499779e+01 
4.500874e+01 
4.501991e+01 
4.503178e+01 
4.504539e+01 
4.506048e+01 
4.507653e+01 
4.509274e+01 
4.510801e+01 
4.512108e+01 
4.513067e+01 
4.513576e+01 
4.513576e+01 
4.513067e+01 
4.512108e+01 
4.510801e+01 
4.509274e+01 
4.507653e+01 
4.506048e+01 
4.504539e+01 
4.503178e+01 
4.501991e+01 
4.500874e+01 
4.499779e+01 
4.498810e+01 
4.498074e+01 
4.497652e+01 
4.497559e+01 
4.497745e+01 
4.498109e+01 
4.498543e+01 
4.498964e+01 
4.499322e+01 
4.499602e+01 
4.499808e+01 
4.499950e+01 
4.500043e+01 
4.500097e+01 
4.500126e+01 
4.500138e+01 
4.500141e+01 
4.500142e+01 
4.500141e+01 
4.500141e+01 
4.500141e+01 

4.500141e+01 
4.500141e+01 
4.500141e+01 
4.500142e+01 
4.500141e+01 
4.500138e+01 
4.500126e+01 
4.500098e+01 
4.500044e+01 
4.499954e+01 
4.499816e+01 
4.499620e+01 
4.499361e+01 
4.499045e+01 
4.498700e+01 
4.498386e+01 
4.498191e+01 
4.498208e+01 
4.498497e+01 
4.499062e+01 
4.499847e+01 
4.500757e+01 
4.501697e+01 
4.502593e+01 
4.503491e+01 
4.504468e+01 
4.505498e+01 
4.506541e+01 
4.507548e+01 
4.508460e+01 
4.509216e+01 
4.509757e+01 
4.510040e+01 
4.510040e+01 
4.509757e+01 
4.509216e+01 
4.508460e+01 
4.507548e+01 
4.506541e+01 
4.505498e+01 
4.504468e+01 
4.503491e+01 
4.502593e+01 
4.501697e+01 
4.500757e+01 
4.499847e+01 
4.499062e+01 
4.498497e+01 
4.498208e+01 
4.498191e+01 
4.498386e+01 
4.498700e+01 
4.499045e+01 
4.499361e+01 
4.499620e+01 
4.499816e+01 
4.499954e+01 
4.500044e+01 
4.500098e+01 
4.500126e+01 
4.500138e+01 
4.500141e+01 
4.500142e+01 
4.500141e+01 
4.500141e+01 
4.500141e+01 

4.500141e+01 
4.500141e+01 
4.500141e+01 
4.500142e+01 
4.500141e+01 
4.500138e+01 
4.500126e+01 
4.500098e+01 
4.500045e+01 
4.499958e+01 
4.499827e+01 
4.499645e+01 
4.499415e+01 
4.499152e+01 
4.498897e+01 
4.498715e+01 
4.498686e+01 
4.498871e+01 
4.499286e+01 
4.499893e+01 
4.500615e+01 
4.501369e+01 
4.502089e+01 
4.502732e+01 
4.503345e+01 
4.503980e+01 
4.504620e+01 
4.505242e+01 
4.505819e+01 
4.506326e+01 
4.506734e+01 
4.507021e+01 
4.507169e+01 
4.507169e+01 
4.507021e+01 
4.506734e+01 
4.506326e+01 
4.505819e+01 
4.505242e+01 
4.504620e+01 
4.503980e+01 
4.503345e+01 
4.502732e+01 
4.502089e+01 
4.501369e+01 
4.500615e+01 
4.499893e+01 
4.499286e+01 
4.498871e+01 
4.498686e+01 
4.498715e+01 
4.498897e+01 
4.499152e+01 
4.499415e+01 
4.499645e+01 
4.499827e+01 
4.499958e+01 
4.500045e+01 
4.500098e+01 
4.500126e+01 
4.500138e+01 
4.500141e+01 
4.500142e+01 
4.500141e+01 
4.500141e+01 
4.500141e+01 

4.500141e+01 
4.500141e+01 
4.500141e+01 
4.500142e+01 
4.500141e+01 
4.500138e+01 
4.500126e+01 
4.500099e+01 
4.500048e+01 
4.499965e+01 
4.499842e+01 
4.499680e+01 
4.499486e+01 
4.499287e+01 
4.499131e+01 
4.499080e+01 
4.499189e+01 
4.499479e+01 
4.499928e+01 
4.500476e+01 
4.501054e+01 
4.501605e+01 
4.502095e+01 
4.502510e+01 
4.502887e+01 
4.503263e+01 
4.503627e+01 
4.503970e+01 
4.504278e+01 
4.504542e+01 
4.504750e+01 
4.504894e+01 
4.504967e+01 
4.504967e+01 
4.504894e+01 
4.504750e+01 
4.504542e+01 
4.504278e+01 
4.503970e+01 
4.503627e+01 
4.503263e+01 
4.502887e+01 
4.502510e+01 
4.502095e+01 
4.501605e+01 
4.501054e+01 
4.500476e+01 
4.499928e+01 
4.499479e+01 
4.499189e+01 
4.499080e+01 
4.499131e+01 
4.499287e+01 
4.499486e+01 
4.499680e+01 
4.499842e+01 
4.499965e+01 
4.500048e+01 
4.500099e+01 
4.500126e+01 
4.500138e+01 
4.500141e+01 
4.500142e+01 
4.500141e+01 
4.500141e+01 
4.500141e+01 

4.500141e+01 
4.500141e+01 
4.500141e+01 
4.500142e+01 
4.500142e+01 
4.500138e+01 
4.500127e+01 
4.500100e+01 
4.500051e+01 
4.499974e+01 
4.499864e+01 
4.499726e+01 
4.499577e+01 
4.499450e+01 
4.499392e+01 
4.499448e+01 
4.499642e+01 
4.499960e+01 
4.500359e+01 
4.500784e+01 
4.501189e+01 
4.501546e+01 
4.501845e+01 
4.502087e+01 
4.502298e+01 
4.502502e+01 
4.502695e+01 
4.502871e+01 
4.503026e+01 
4.503155e+01 
4.503256e+01 
4.503325e+01 
4.503360e+01 
4.503360e+01 
4.503325e+01 
4.503256e+01 
4.503155e+01 
4.503026e+01 
4.502871e+01 
4.502695e+01 
4.502502e+01 
4.502298e+01 
4.502087e+01 
4.501845e+01 
4.501546e+01 
4.501189e+01 
4.500784e+01 
4.500359e+01 
4.499960e+01 
4.499642e+01 
4.499448e+01 
4.499392e+01 
4.499450e+01 
4.499577e+01 
4.499726e+01 
4.499864e+01 
4.499974e+01 
4.500051e+01 
4.500100e+01 
4.500127e+01 
4.500138e+01 
4.500142e+01 
4.500142e+01 
4.500141e+01 
4.500141e+01 
4.500141e+01 

4.500141e+01 
4.500141e+01 
4.500141e+01 
4.500142e+01 
4.500142e+01 
4.500138e+01 
4.500127e+01 
4.500102e+01 
4.500056e+01 
4.499986e+01 
4.499892e+01 
4.499785e+01 
4.499686e+01 
4.499631e+01 
4.499654e+01 
4.499777e+01 
4.499994e+01 
4.500273e+01 
4.500573e+01 
4.500859e+01 
4.501110e+01 
4.501317e+01 
4.501483e+01 
4.501611e+01 
4.501721e+01 
4.501824e+01 
4.501919e+01 
4.502005e+01 
4.502078e+01 
4.502139e+01 
4.502186e+01 
4.502218e+01 
4.502234e+01 
4.502234e+01 
4.502218e+01 
4.502186e+01 
4.502139e+01 
4.502078e+01 
4.502005e+01 
4.501919e+01 
4.501824e+01 
4.501721e+01 
4.501611e+01 
4.501483e+01 
4.501317e+01 
4.501110e+01 
4.500859e+01 
4.500573e+01 
4.500273e+01 
4.499994e+01 
4.499777e+01 
4.499654e+01 
4.499631e+01 
4.499686e+01 
4.499785e+01 
4.499892e+01 
4.499986e+01 
4.500056e+01 
4.500102e+01 
4.500127e+01 
4.500138e+01 
4.500142e+01 
4.500142e+01 
4.500141e+01 
4.500141e+01 
4.500141e+01 

4.500141e+01 
4.500141e+01 
4.500141e+01 
4.500142e+01 
4.500142e+01 
4.500138e+01 
4.500128e+01 
4.500105e+01 
4.500064e+01 
4.500004e+01 
4.499930e+01 
4.499857e+01 
4.499809e+01 
4.499813e+01 
4.499887e+01 
4.500028e+01 
4.500217e+01 
4.500421e+01 
4.500617e+01 
4.500787e+01 
4.500926e+01 
4.501035e+01 
4.501119e+01 
4.501183e+01 
4.501236e+01 
4.501285e+01 
4.501330e+01 
4.501369e+01 
4.501403e+01 
4.501430e+01 
4.501451e+01 
4.501465e+01 
4.501472e+01 
4.501472e+01 
4.501465e+01 
4.501451e+01 
4.501430e+01 
4.501403e+01 
4.501369e+01 
4.501330e+01 
4.501285e+01 
4.501236e+01 
4.501183e+01 
4.501119e+01 
4.501035e+01 
4.500926e+01 
4.500787e+01 
4.500617e+01 
4.500421e+01 
4.500217e+01 
4.500028e+01 
4.499887e+01 
4.499813e+01 
4.499809e+01 
4.499857e+01 
4.499930e+01 
4.500004e+01 
4.500064e+01 
4.500105e+01 
4.500128e+01 
4.500138e+01 
4.500142e+01 
4.500142e+01 
4.500141e+01 
4.500141e+01 
4.500141e+01 

4.500141e+01 
4.500141e+01 
4.500141e+01 
4.500142e+01 
4.500142e+01 
4.500139e+01 
4.500129e+01 
4.500108e+01 
4.500073e+01 
4.500026e+01 
4.499975e+01 
4.499937e+01 
4.499931e+01 
4.499972e+01 
4.500061e+01 
4.500184e+01 
4.500319e+01 
4.500449e+01 
4.500560e+01 
4.500651e+01 
4.500722e+01 
4.500775e+01 
4.500815e+01 
4.500845e+01 
4.500869e+01 
4.500891e+01 
4.500911e+01 
4.500928e+01 
4.500943e+01 
4.500955e+01 
4.500964e+01 
4.500970e+01 
4.500973e+01 
4.500973e+01 
4.500970e+01 
4.500964e+01 
4.500955e+01 
4.500943e+01 
4.500928e+01 
4.500911e+01 
4.500891e+01 
4.500869e+01 
4.500845e+01 
4.500815e+01 
4.500775e+01 
4.500722e+01 
4.500651e+01 
4.500560e+01 
4.500449e+01 
4.500319e+01 
4.500184e+01 
4.500061e+01 
4.499972e+01 
4.499931e+01 
4.499937e+01 
4.499975e+01 
4.500026e+01 
4.500073e+01 
4.500108e+01 
4.500129e+01 
4.500139e+01 
4.500142e+01 
4.500142e+01 
4.500141e+01 
4.500141e+01 
4.500141e+01 

4.500141e+01 
4.500141e+01 
4.500141e+01 
4.500142e+01 
4.500142e+01 
4.500139e+01 
4.500131e+01 
4.500113e+01 
4.500085e+01 
4.500053e+01 
4.500025e+01 
4.500016e+01 
4.500037e+01 
4.500091e+01 
4.500168e+01 
4.500254e+01 
4.500337e+01 
4.500409e+01 
4.500467e+01 
4.500511e+01 
4.500544e+01 
4.500569e+01 
4.500587e+01 
4.500600e+01 
4.500610e+01 
4.500620e+01 
4.500628e+01 
4.500636e+01 
4.500642e+01 
4.500647e+01 
4.500651e+01 
4.500654e+01 
4.500655e+01 
4.500655e+01 
4.500654e+01 
4.500651e+01 
4.500647e+01 
4.500642e+01 
4.500636e+01 
4.500628e+01 
4.500620e+01 
4.500610e+01 
4.500600e+01 
4.500587e+01 
4.500569e+01 
4.500544e+01 
4.500511e+01 
4.500467e+01 
4.500409e+01 
4.500337e+01 
4.500254e+01 
4.500168e+01 
4.500091e+01 
4.500037e+01 
4.500016e+01 
4.500025e+01 
4.500053e+01 
4.500085e+01 
4.500113e+01 
4.500131e+01 
4.500139e+01 
4.500142e+01 
4.500142e+01 
4.500141e+01 
4.500141e+01 
4.500141e+01 

4.500141e+01 
4.500141e+01 
4.500141e+01 
4.500142e+01 
4.500142e+01 
4.500139e+01 
4.500132e+01 
4.500119e+01 
4.500100e+01 
4.500082e+01 
4.500074e+01 
4.500084e+01 
4.500114e+01 
4.500161e+01 
4.500215e+01 
4.500266e+01 
4.500311e+01 
4.500347e+01 
4.500374e+01 
4.500394e+01 
4.500409e+01 
4.500419e+01 
4.500427e+01 
4.500433e+01 
4.500437e+01 
4.500441e+01 
4.500445e+01 
4.500448e+01 
4.500450e+01 
4.500453e+01 
4.500454e+01 
4.500455e+01 
4.500456e+01 
4.500456e+01 
4.500455e+01 
4.500454e+01 
4.500453e+01 
4.500450e+01 
4.500448e+01 
4.500445e+01 
4.500441e+01 
4.500437e+01 
4.500433e+01 
4.500427e+01 
4.500419e+01 
4.500409e+01 
4.500394e+01 
4.500374e+01 
4.500347e+01 
4.500311e+01 
4.500266e+01 
4.500215e+01 
4.500161e+01 
4.500114e+01 
4.500084e+01 
4.500074e+01 
4.500082e+01 
4.500100e+01 
4.500119e+01 
4.500132e+01 
4.500139e+01 
4.500142e+01 
4.500142e+01 
4.500141e+01 
4.500141e+01 
4.500141e+01 

4.500141e+01 
4.500141e+01 
4.500141e+01 
4.500142e+01 
4.500142e+01 
4.500140e+01 
4.500135e+01 
4.500126e+01 
4.500116e+01 
4.500110e+01 
4.500114e+01 
4.500131e+01 
4.500159e+01 
4.500191e+01 
4.500222e+01 
4.500249e+01 
4.500270e+01 
4.500287e+01 
4.500298e+01 
4.500307e+01 
4.500313e+01 
4.500318e+01 
4.500321e+01 
4.500323e+01 
4.500325e+01 
4.500326e+01 
4.500328e+01 
4.500329e+01 
4.500330e+01 
4.500331e+01 
4.500331e+01 
4.500332e+01 
4.500332e+01 
4.500332e+01 
4.500332e+01 
4.500331e+01 
4.500331e+01 
4.500330e+01 
4.500329e+01 
4.500328e+01 
4.500326e+01 
4.500325e+01 
4.500323e+01 
4.500321e+01 
4.500318e+01 
4.500313e+01 
4.500307e+01 
4.500298e+01 
4.500287e+01 
4.500270e+01 
4.500249e+01 
4.500222e+01 
4.500191e+01 
4.500159e+01 
4.500131e+01 
4.500114e+01 
4.500110e+01 
4.500116e+01 
4.500126e+01 
4.500135e+01 
4.500140e+01 
4.500142e+01 
4.500142e+01 
4.500141e+01 
4.500141e+01 
4.500141e+01 

4.500141e+01 
4.500141e+01 
4.500141e+01 
4.500142e+01 
4.500142e+01 
4.500141e+01 
4.500138e+01 
4.500133e+01 
4.500130e+01 
4.500132e+01 
4.500141e+01 
4.500157e+01 
4.500175e+01 
4.500193e+01 
4.500209e+01 
4.500221e+01 
4.500231e+01 
4.500238e+01 
4.500243e+01 
4.500246e+01 
4.500248e+01 
4.500250e+01 
4.500251e+01 
4.500252e+01 
4.500253e+01 
4.500254e+01 
4.500254e+01 
4.500255e+01 
4.500255e+01 
4.500255e+01 
4.500256e+01 
4.500256e+01 
4.500256e+01 
4.500256e+01 
4.500256e+01 
4.500256e+01 
4.500255e+01 
4.500255e+01 
4.500255e+01 
4.500254e+01 
4.500254e+01 
4.500253e+01 
4.500252e+01 
4.500251e+01 
4.500250e+01 
4.500248e+01 
4.500246e+01 
4.500243e+01 
4.500238e+01 
4.500231e+01 
4.500221e+01 
4.500209e+01 
4.500193e+01 
4.500175e+01 
4.500157e+01 
4.500141e+01 
4.500132e+01 
4.500130e+01 
4.500133e+01 
4.500138e+01 
4.500141e+01 
4.500142e+01 
4.500142e+01 
4.500141e+01 
4.500141e+01 
4.500141e+01 

4.500141e+01 
4.500141e+01 
4.500141e+01 
4.500142e+01 
4.500142e+01 
4.500141e+01 
4.500140e+01 
4.500139e+01 
4.500141e+01 
4.500145e+01 
4.500154e+01 
4.500164e+01 
4.500174e+01 
4.500183e+01 
4.500190e+01 
4.500195e+01 
4.500199e+01 
4.500201e+01 
4.500203e+01 
4.500205e+01 
4.500206e+01 
4.500206e+01 
4.500207e+01 
4.500207e+01 
4.500207e+01 
4.500207e+01 
4.500208e+01 
4.500208e+01 
4.500208e+01 
4.500208e+01 
4.500208e+01 
4.500208e+01 
4.500208e+01 
4.500208e+01 
4.500208e+01 
4.500208e+01 
4.500208e+01 
4.500208e+01 
4.500208e+01 
4.500208e+01 
4.500207e+01 
4.500207e+01 
4.500207e+01 
4.500207e+01 
4.500206e+01 
4.500206e+01 
4.500205e+01 
4.500203e+01 
4.500201e+01 
4.500199e+01 
4.500195e+01 
4.500190e+01 
4.500183e+01 
4.500174e+01 
4.500164e+01 
4.500154e+01 
4.500145e+01 
4.500141e+01 
4.500139e+01 
4.500140e+01 
4.500141e+01 
4.500142e+01 
4.500142e+01 
4.500141e+01 
4.500141e+01 
4.500141e+01 

4.500141e+01 
4.500141e+01 
4.500141e+01 
4.500142e+01 
4.500142e+01 
4.500142e+01 
4.500142e+01 
4.500143e+01 
4.500146e+01 
4.500150e+01 
4.500155e+01 
4.500161e+01 
4.500165e+01 
4.500169e+01 
4.500172e+01 
4.500174e+01 
4.500175e+01 
4.500176e+01 
4.500177e+01 
4.500177e+01 
4.500177e+01 
4.500178e+01 
4.500178e+01 
4.500178e+01 
4.500178e+01 
4.500178e+01 
4.500178e+01 
4.500178e+01 
4.500178e+01 
4.500178e+01 
4.500178e+01 
4.500178e+01 
4.500178e+01 
4.500178e+01 
4.500178e+01 
4.500178e+01 
4.500178e+01 
4.500178e+01 
4.500178e+01 
4.500178e+01 
4.500178e+01 
4.500178e+01 
4.500178e+01 
4.500178e+01 
4.500178e+01 
4.500177e+01 
4.500177e+01 
4.500177e+01 
4.500176e+01 
4.500175e+01 
4.500174e+01 
4.500172e+01 
4.500169e+01 
4.500165e+01 
4.500161e+01 
4.500155e+01 
4.500150e+01 
4.500146e+01 
4.500143e+01 
4.500142e+01 
4.500142e+01 
4.500142e+01 
4.500142e+01 
4.500141e+01 
4.500141e+01 
4.500141e+01 

4.500141e+01 
4.500141e+01 
4.500141e+01 
4.500141e+01 
4.500142e+01 
4.500142e+01 
4.500143e+01 
4.500144e+01 
4.500146e+01 
4.500149e+01 
4.500151e+01 
4.500153e+01 
4.500155e+01 
4.500156e+01 
4.500157e+01 
4.500158e+01 
4.500159e+01 
4.500159e+01 
4.500159e+01 
4.500159e+01 
4.500159e+01 
4.500159e+01 
4.500159e+01 
4.500159e+01 
4.500159e+01 
4.500160e+01 
4.500160e+01 
4.500160e+01 
4.500160e+01 
4.500160e+01 
4.500160e+01 
4.500160e+01 
4.500160e+01 
4.500160e+01 
4.500160e+01 
4.500160e+01 
4.500160e+01 
4.500160e+01 
4.500160e+01 
4.500160e+01 
4.500160e+01 
4.500159e+01 
4.500159e+01 
4.500159e+01 
4.500159e+01 
4.500159e+01 
4.500159e+01 
4.500159e+01 
4.500159e+01 
4.500159e+01 
4.500158e+01 
4.500157e+01 
4.500156e+01 
4.500155e+01 
4.500153e+01 
4.500151e+01 
4.500149e+01 
4.500146e+01 
4.500144e+01 
4.500143e+01 
4.500142e+01 
4.500142e+01 
4.500141e+01 
4.500141e+01 
4.500141e+01 
4.500141e+01 

4.500141e+01 
4.500141e+01 
4.500141e+01 
4.500141e+01 
4.500142e+01 
4.500142e+01 
4.500142e+01 
4.500143e+01 
4.500144e+01 
4.500145e+01 
4.500146e+01 
4.500147e+01 
4.500147e+01 
4.500148e+01 
4.500148e+01 
4.500148e+01 
4.500148e+01 
4.500149e+01 
4.500149e+01 
4.500149e+01 
4.500149e+01 
4.500149e+01 
4.500149e+01 
4.500149e+01 
4.500149e+01 
4.500149e+01 
4.500149e+01 
4.500149e+01 
4.500149e+01 
4.500149e+01 
4.500149e+01 
4.500149e+01 
4.500149e+01 
4.500149e+01 
4.500149e+01 
4.500149e+01 
4.500149e+01 
4.500149e+01 
4.500149e+01 
4.500149e+01 
4.500149e+01 
4.500149e+01 
4.500149e+01 
4.500149e+01 
4.500149e+01 
4.500149e+01 
4.500149e+01 
4.500149e+01 
4.500149e+01 
4.500148e+01 
4.500148e+01 
4.500148e+01 
4.500148e+01 
4.500147e+01 
4.500147e+01 
4.500146e+01 
4.500145e+01 
4.500144e+01 
4.500143e+01 
4.500142e+01 
4.500142e+01 
4.500142e+01 
4.500141e+01 
4.500141e+01 
4.500141e+01 
4.500141e+01 

4.500141e+01 
4.500141e+01 
4.500141e+01 
4.500141e+01 
4.500141e+01 
4.500142e+01 
4.500142e+01 
4.500142e+01 
4.500142e+01 
4.500143e+01 
4.500143e+01 
4.500143e+01 
4.500143e+01 
4.500143e+01 
4.500143e+01 
4.500143e+01 
4.500143e+01 
4.500143e+01 
4.500143e+01 
4.500143e+01 
4.500143e+01 
4.500143e+01 
4.500143e+01 
4.500143e+01 
4.500143e+01 
4.500143e+01 
4.500143e+01 
4.500143e+01 
4.500143e+01 
4.500143e+01 
4.500143e+01 
4.500143e+01 
4.500143e+01 
4.500143e+01 
4.500143e+01 
4.500143e+01 
4.500143e+01 
4.500143e+01 
4.500143e+01 
4.500143e+01 
4.500143e+01 
4.500143e+01 
4.500143e+01 
4.500143e+01 
4.500143e+01 
4.500143e+01 
4.500143e+01 
4.500143e+01 
4.500143e+01 
4.500143e+01 
4.500143e+01 
4.500143e+01 
4.500143e+01 
4.500143e+01 
4.500143e+01 
4.500143e+01 
4.500143e+01 
4.500142e+01 
4.500142e+01 
4.500142e+01 
4.500142e+01 
4.500141e+01 
4.500141e+01 
4.500141e+01 
4.500141e+01 
4.500141e+01 

4.500141e+01 
4.500141e+01 
4.500141e+01 
4.500141e+01 
4.500141e+01 
4.500141e+01 
4.500141e+01 
4.500141e+01 
4.500141e+01 
4.500142e+01 
4.500142e+01 
4.500142e+01 
4.500142e+01 
4.500142e+01 
4.500142e+01 
4.500142e+01 
4.500142e+01 
4.500142e+01 
4.500142e+01 
4.500142e+01 
4.500142e+01 
4.500142e+01 
4.500142e+01 
4.500142e+01 
4.500142e+01 
4.500142e+01 
4.500142e+01 
4.500142e+01 
4.500142e+01 
4.500142e+01 
4.500142e+01 
4.500142e+01 
4.500142e+01 
4.500142e+01 
4.500142e+01 
4.500142e+01 
4.500142e+01 
4.500142e+01 
4.500142e+01 
4.500142e+01 
4.500142e+01 
4.500142e+01 
4.500142e+01 
4.500142e+01 
4.500142e+01 
4.500142e+01 
4.500142e+01 
4.500142e+01 
4.500142e+01 
4.500142e+01 
4.500142e+01 
4.500142e+01 
4.500142e+01 
4.500142e+01 
4.500142e+01 
4.500142e+01 
4.500142e+01 
4.500141e+01 
4.500141e+01 
4.500141e+01 
4.500141e+01 
4.500141e+01 
4.500141e+01 
4.500141e+01 
4.500141e+01 
4.500141e+01 

4.500141e+01 
4.500141e+01 
4.500141e+01 
4.500141e+01 
4.500141e+01 
4.500141e+01 
4.500141e+01 
4.500141e+01 
4.500141e+01 
4.500141e+01 
4.500141e+01 
4.500141e+01 
4.500141e+01 
4.500141e+01 
4.500141e+01 
4.500141e+01 
4.500141e+01 
4.500141e+01 
4.500141e+01 
4.500141e+01 
4.500141e+01 
4.500141e+01 
4.500141e+01 
4.500141e+01 
4.500141e+01 
4.500141e+01 
4.500141e+01 
4.500141e+01 
4.500141e+01 
4.500141e+01 
4.500141e+01 
4.500141e+01 
4.500141e+01 
4.500141e+01 
4.500141e+01 
4.500141e+01 
4.500141e+01 
4.500141e+01 
4.500141e+01 
4.500141e+01 
4.500141e+01 
4.500141e+01 
4.500141e+01 
4.500141e+01 
4.500141e+01 
4.500141e+01 
4.500141e+01 
4.500141e+01 
4.500141e+01 
4.500141e+01 
4.500141e+01 
4.500141e+01 
4.500141e+01 
4.500141e+01 
4.500141e+01 
4.500141e+01 
4.500141e+01 
4.500141e+01 
4.500141e+01 
4.500141e+01 
4.500141e+01 
4.500141e+01 
4.500141e+01 
4.500141e+01 
4.500141e+01 
4.500141e+01 

4.500141e+01 
4.500141e+01 
4.500141e+01 
4.500141e+01 
4.500141e+01 
4.500141e+01 
4.500141e+01 
4.500141e+01 
4.500141e+01 
4.500141e+01 
4.500141e+01 
4.500141e+01 
4.500141e+01 
4.500141e+01 
4.500141e+01 
4.500141e+01 
4.500141e+01 
4.500141e+01 
4.500141e+01 
4.500141e+01 
4.500141e+01 
4.500141e+01 
4.500141e+01 
4.500141e+01 
4.500141e+01 
4.500141e+01 
4.500141e+01 
4.500141e+01 
4.500141e+01 
4.500141e+01 
4.500141e+01 
4.500141e+01 
4.500141e+01 
4.500141e+01 
4.500141e+01 
4.500141e+01 
4.500141e+01 
4.500141e+01 
4.500141e+01 
4.500141e+01 
4.500141e+01 
4.500141e+01 
4.500141e+01 
4.500141e+01 
4.500141e+01 
4.500141e+01 
4.500141e+01 
4.500141e+01 
4.500141e+01 
4.500141e+01 
4.500141e+01 
4.500141e+01 
4.500141e+01 
4.500141e+01 
4.500141e+01 
4.500141e+01 
4.500141e+01 
4.500141e+01 
4.500141e+01 
4.500141e+01 
4.500141e+01 
4.500141e+01 
4.500141e+01 
4.500141e+01 
4.500141e+01 
4.500141e+01 

4.500141e+01 
4.500141e+01 
4.500141e+01 
4.500141e+01 
4.500141e+01 
4.500141e+01 
4.500141e+01 
4.500141e+01 
4.500141e+01 
4.500141e+01 
4.500141e+01 
4.500141e+01 
4.500141e+01 
4.500141e+01 
4.500141e+01 
4.500141e+01 
4.500141e+01 
4.500141e+01 
4.500141e+01 
4.500141e+01 
4.500141e+01 
4.500141e+01 
4.500141e+01 
4.500141e+01 
4.500141e+01 
4.500141e+01 
4.500141e+01 
4.500141e+01 
4.500141e+01 
4.500141e+01 
4.500141e+01 
4.500141e+01 
4.500141e+01 
4.500141e+01 
4.500141e+01 
4.500141e+01 
4.500141e+01 
4.500141e+01 
4.500141e+01 
4.500141e+01 
4.500141e+01 
4.500141e+01 
4.500141e+01 
4.500141e+01 
4.500141e+01 
4.500141e+01 
4.500141e+01 
4.500141e+01 
4.500141e+01 
4.500141e+01 
4.500141e+01 
4.500141e+01 
4.500141e+01 
4.500141e+01 
4.500141e+01 
4.500141e+01 
4.500141e+01 
4.500141e+01 
4.500141e+01 
4.500141e+01 
4.500141e+01 
4.500141e+01 
4.500141e+01 
4.500141e+01 
4.500141e+01 
4.500141e+01 

