1.000000e+02 
1.000000e+02 
1.000000e+02 
1.000000e+02 
1.000000e+02 
1.000000e+02 
1.000000e+02 
1.000000e+02 
1.000000e+02 
1.000000e+02 
1.000000e+02 
1.000000e+02 
1.000000e+02 
1.000000e+02 
1.000000e+02 
1.000000e+02 
1.000000e+02 
1.000000e+02 
1.000000e+02 
1.000000e+02 
1.000000e+02 
1.000000e+02 
1.000000e+02 
1.000000e+02 
1.000000e+02 
1.000000e+02 
1.000000e+02 
1.000000e+02 
1.000000e+02 
1.000000e+02 
1.000000e+02 
1.000000e+02 
1.000000e+02 
1.000000e+02 
1.000000e+02 
1.000000e+02 
1.000000e+02 
1.000000e+02 
1.000000e+02 
1.000000e+02 
1.000000e+02 
1.000000e+02 
1.000000e+02 
1.000000e+02 
1.000000e+02 
1.000000e+02 
1.000000e+02 
1.000000e+02 
1.000000e+02 
1.000000e+02 
1.000000e+02 
1.000000e+02 
1.000000e+02 
1.000000e+02 
1.000000e+02 
1.000000e+02 
1.000000e+02 
1.000000e+02 
1.000000e+02 
1.000000e+02 
1.000000e+02 
1.000000e+02 
1.000000e+02 
1.000000e+02 
1.000000e+02 
1.000000e+02 

1.000000e+02 
1.000000e+02 
1.000000e+02 
1.000000e+02 
1.000000e+02 
1.000000e+02 
1.000000e+02 
1.000000e+02 
1.000000e+02 
1.000000e+02 
1.000000e+02 
1.000000e+02 
1.000000e+02 
1.000000e+02 
1.000000e+02 
1.000000e+02 
1.000000e+02 
1.000000e+02 
1.000000e+02 
1.000000e+02 
1.000000e+02 
1.000000e+02 
1.000000e+02 
1.000000e+02 
1.000000e+02 
1.000000e+02 
1.000000e+02 
1.000000e+02 
1.000000e+02 
1.000000e+02 
1.000000e+02 
1.000000e+02 
1.000000e+02 
1.000000e+02 
1.000000e+02 
1.000000e+02 
1.000000e+02 
1.000000e+02 
1.000000e+02 
1.000000e+02 
1.000000e+02 
1.000000e+02 
1.000000e+02 
1.000000e+02 
1.000000e+02 
1.000000e+02 
1.000000e+02 
1.000000e+02 
1.000000e+02 
1.000000e+02 
1.000000e+02 
1.000000e+02 
1.000000e+02 
1.000000e+02 
1.000000e+02 
1.000000e+02 
1.000000e+02 
1.000000e+02 
1.000000e+02 
1.000000e+02 
1.000000e+02 
1.000000e+02 
1.000000e+02 
1.000000e+02 
1.000000e+02 
1.000000e+02 

1.000000e+02 
1.000000e+02 
1.000000e+02 
1.000000e+02 
1.000000e+02 
1.000000e+02 
1.000000e+02 
1.000000e+02 
1.000000e+02 
1.000000e+02 
1.000000e+02 
1.000000e+02 
1.000000e+02 
1.000000e+02 
1.000000e+02 
1.000000e+02 
1.000000e+02 
1.000000e+02 
1.000000e+02 
1.000000e+02 
1.000000e+02 
1.000000e+02 
1.000000e+02 
1.000000e+02 
1.000000e+02 
1.000000e+02 
1.000000e+02 
1.000000e+02 
1.000000e+02 
1.000000e+02 
1.000000e+02 
1.000000e+02 
1.000000e+02 
1.000000e+02 
1.000000e+02 
1.000000e+02 
1.000000e+02 
1.000000e+02 
1.000000e+02 
1.000000e+02 
1.000000e+02 
1.000000e+02 
1.000000e+02 
1.000000e+02 
1.000000e+02 
1.000000e+02 
1.000000e+02 
1.000000e+02 
1.000000e+02 
1.000000e+02 
1.000000e+02 
1.000000e+02 
1.000000e+02 
1.000000e+02 
1.000000e+02 
1.000000e+02 
1.000000e+02 
1.000000e+02 
1.000000e+02 
1.000000e+02 
1.000000e+02 
1.000000e+02 
1.000000e+02 
1.000000e+02 
1.000000e+02 
1.000000e+02 

1.000000e+02 
1.000000e+02 
1.000000e+02 
1.000000e+02 
1.000000e+02 
1.000000e+02 
1.000000e+02 
1.000000e+02 
1.000000e+02 
1.000000e+02 
1.000000e+02 
1.000000e+02 
1.000000e+02 
1.000000e+02 
1.000000e+02 
1.000000e+02 
1.000000e+02 
1.000000e+02 
1.000000e+02 
1.000000e+02 
1.000000e+02 
1.000000e+02 
1.000000e+02 
1.000000e+02 
1.000000e+02 
1.000000e+02 
1.000000e+02 
1.000000e+02 
1.000000e+02 
1.000000e+02 
1.000000e+02 
1.000000e+02 
1.000000e+02 
1.000000e+02 
1.000000e+02 
1.000000e+02 
1.000000e+02 
1.000000e+02 
1.000000e+02 
1.000000e+02 
1.000000e+02 
1.000000e+02 
1.000000e+02 
1.000000e+02 
1.000000e+02 
1.000000e+02 
1.000000e+02 
1.000000e+02 
1.000000e+02 
1.000000e+02 
1.000000e+02 
1.000000e+02 
1.000000e+02 
1.000000e+02 
1.000000e+02 
1.000000e+02 
1.000000e+02 
1.000000e+02 
1.000000e+02 
1.000000e+02 
1.000000e+02 
1.000000e+02 
1.000000e+02 
1.000000e+02 
1.000000e+02 
1.000000e+02 

1.000000e+02 
1.000000e+02 
1.000000e+02 
1.000000e+02 
1.000000e+02 
1.000000e+02 
1.000000e+02 
1.000000e+02 
1.000000e+02 
1.000000e+02 
1.000000e+02 
1.000000e+02 
1.000000e+02 
1.000000e+02 
1.000000e+02 
1.000000e+02 
1.000000e+02 
1.000000e+02 
1.000000e+02 
1.000000e+02 
1.000000e+02 
1.000000e+02 
1.000001e+02 
1.000001e+02 
1.000001e+02 
1.000001e+02 
1.000001e+02 
1.000001e+02 
1.000001e+02 
1.000001e+02 
1.000001e+02 
1.000001e+02 
1.000001e+02 
1.000001e+02 
1.000001e+02 
1.000001e+02 
1.000001e+02 
1.000001e+02 
1.000001e+02 
1.000001e+02 
1.000001e+02 
1.000001e+02 
1.000001e+02 
1.000001e+02 
1.000000e+02 
1.000000e+02 
1.000000e+02 
1.000000e+02 
1.000000e+02 
1.000000e+02 
1.000000e+02 
1.000000e+02 
1.000000e+02 
1.000000e+02 
1.000000e+02 
1.000000e+02 
1.000000e+02 
1.000000e+02 
1.000000e+02 
1.000000e+02 
1.000000e+02 
1.000000e+02 
1.000000e+02 
1.000000e+02 
1.000000e+02 
1.000000e+02 

1.000000e+02 
1.000000e+02 
1.000000e+02 
1.000000e+02 
1.000000e+02 
1.000000e+02 
1.000000e+02 
1.000000e+02 
1.000000e+02 
1.000000e+02 
1.000000e+02 
1.000000e+02 
1.000000e+02 
1.000000e+02 
1.000000e+02 
1.000000e+02 
1.000000e+02 
1.000000e+02 
1.000000e+02 
1.000000e+02 
1.000000e+02 
1.000000e+02 
1.000000e+02 
1.000000e+02 
1.000000e+02 
1.000000e+02 
1.000000e+02 
1.000000e+02 
1.000000e+02 
1.000000e+02 
1.000000e+02 
1.000000e+02 
1.000000e+02 
1.000000e+02 
1.000000e+02 
1.000000e+02 
1.000000e+02 
1.000000e+02 
1.000000e+02 
1.000000e+02 
1.000000e+02 
1.000000e+02 
1.000000e+02 
1.000000e+02 
1.000000e+02 
1.000000e+02 
1.000000e+02 
1.000000e+02 
1.000000e+02 
1.000000e+02 
1.000000e+02 
1.000000e+02 
1.000000e+02 
1.000000e+02 
1.000000e+02 
1.000000e+02 
1.000000e+02 
1.000000e+02 
1.000000e+02 
1.000000e+02 
1.000000e+02 
1.000000e+02 
1.000000e+02 
1.000000e+02 
1.000000e+02 
1.000000e+02 

1.000000e+02 
1.000000e+02 
1.000000e+02 
1.000000e+02 
1.000000e+02 
9.999999e+01 
9.999998e+01 
9.999997e+01 
9.999995e+01 
9.999993e+01 
9.999990e+01 
9.999988e+01 
9.999986e+01 
9.999984e+01 
9.999983e+01 
9.999982e+01 
9.999982e+01 
9.999982e+01 
9.999981e+01 
9.999981e+01 
9.999981e+01 
9.999981e+01 
9.999981e+01 
9.999981e+01 
9.999981e+01 
9.999981e+01 
9.999981e+01 
9.999981e+01 
9.999981e+01 
9.999981e+01 
9.999981e+01 
9.999981e+01 
9.999981e+01 
9.999981e+01 
9.999981e+01 
9.999981e+01 
9.999981e+01 
9.999981e+01 
9.999981e+01 
9.999981e+01 
9.999981e+01 
9.999981e+01 
9.999981e+01 
9.999981e+01 
9.999981e+01 
9.999981e+01 
9.999981e+01 
9.999981e+01 
9.999982e+01 
9.999982e+01 
9.999982e+01 
9.999983e+01 
9.999984e+01 
9.999986e+01 
9.999988e+01 
9.999990e+01 
9.999993e+01 
9.999995e+01 
9.999997e+01 
9.999998e+01 
9.999999e+01 
1.000000e+02 
1.000000e+02 
1.000000e+02 
1.000000e+02 
1.000000e+02 

1.000000e+02 
1.000000e+02 
1.000000e+02 
1.000000e+02 
9.999999e+01 
9.999997e+01 
9.999994e+01 
9.999990e+01 
9.999984e+01 
9.999975e+01 
9.999964e+01 
9.999953e+01 
9.999943e+01 
9.999935e+01 
9.999928e+01 
9.999924e+01 
9.999920e+01 
9.999918e+01 
9.999916e+01 
9.999915e+01 
9.999915e+01 
9.999914e+01 
9.999914e+01 
9.999913e+01 
9.999913e+01 
9.999913e+01 
9.999913e+01 
9.999913e+01 
9.999913e+01 
9.999913e+01 
9.999912e+01 
9.999912e+01 
9.999912e+01 
9.999912e+01 
9.999912e+01 
9.999912e+01 
9.999913e+01 
9.999913e+01 
9.999913e+01 
9.999913e+01 
9.999913e+01 
9.999913e+01 
9.999913e+01 
9.999914e+01 
9.999914e+01 
9.999915e+01 
9.999915e+01 
9.999916e+01 
9.999918e+01 
9.999920e+01 
9.999924e+01 
9.999928e+01 
9.999935e+01 
9.999943e+01 
9.999953e+01 
9.999964e+01 
9.999975e+01 
9.999984e+01 
9.999990e+01 
9.999994e+01 
9.999997e+01 
9.999999e+01 
1.000000e+02 
1.000000e+02 
1.000000e+02 
1.000000e+02 

1.000000e+02 
1.000000e+02 
1.000000e+02 
1.000000e+02 
9.999998e+01 
9.999994e+01 
9.999989e+01 
9.999984e+01 
9.999975e+01 
9.999959e+01 
9.999934e+01 
9.999902e+01 
9.999869e+01 
9.999839e+01 
9.999815e+01 
9.999797e+01 
9.999783e+01 
9.999774e+01 
9.999767e+01 
9.999762e+01 
9.999759e+01 
9.999757e+01 
9.999755e+01 
9.999754e+01 
9.999753e+01 
9.999752e+01 
9.999752e+01 
9.999751e+01 
9.999750e+01 
9.999750e+01 
9.999750e+01 
9.999749e+01 
9.999749e+01 
9.999749e+01 
9.999749e+01 
9.999750e+01 
9.999750e+01 
9.999750e+01 
9.999751e+01 
9.999752e+01 
9.999752e+01 
9.999753e+01 
9.999754e+01 
9.999755e+01 
9.999757e+01 
9.999759e+01 
9.999762e+01 
9.999767e+01 
9.999774e+01 
9.999783e+01 
9.999797e+01 
9.999815e+01 
9.999839e+01 
9.999869e+01 
9.999902e+01 
9.999934e+01 
9.999959e+01 
9.999975e+01 
9.999984e+01 
9.999989e+01 
9.999994e+01 
9.999998e+01 
1.000000e+02 
1.000000e+02 
1.000000e+02 
1.000000e+02 

1.000000e+02 
1.000000e+02 
1.000000e+02 
1.000000e+02 
9.999997e+01 
9.999992e+01 
9.999985e+01 
9.999981e+01 
9.999977e+01 
9.999961e+01 
9.999923e+01 
9.999860e+01 
9.999781e+01 
9.999699e+01 
9.999626e+01 
9.999567e+01 
9.999522e+01 
9.999489e+01 
9.999465e+01 
9.999448e+01 
9.999436e+01 
9.999428e+01 
9.999422e+01 
9.999417e+01 
9.999414e+01 
9.999411e+01 
9.999408e+01 
9.999406e+01 
9.999404e+01 
9.999402e+01 
9.999401e+01 
9.999400e+01 
9.999400e+01 
9.999400e+01 
9.999400e+01 
9.999401e+01 
9.999402e+01 
9.999404e+01 
9.999406e+01 
9.999408e+01 
9.999411e+01 
9.999414e+01 
9.999417e+01 
9.999422e+01 
9.999428e+01 
9.999436e+01 
9.999448e+01 
9.999465e+01 
9.999489e+01 
9.999522e+01 
9.999567e+01 
9.999626e+01 
9.999699e+01 
9.999781e+01 
9.999860e+01 
9.999923e+01 
9.999961e+01 
9.999977e+01 
9.999981e+01 
9.999985e+01 
9.999992e+01 
9.999997e+01 
1.000000e+02 
1.000000e+02 
1.000000e+02 
1.000000e+02 

1.000000e+02 
1.000000e+02 
1.000000e+02 
1.000000e+02 
9.999996e+01 
9.999990e+01 
9.999983e+01 
9.999983e+01 
9.999992e+01 
9.999995e+01 
9.999966e+01 
9.999880e+01 
9.999737e+01 
9.999559e+01 
9.999376e+01 
9.999213e+01 
9.999080e+01 
9.998978e+01 
9.998902e+01 
9.998848e+01 
9.998808e+01 
9.998780e+01 
9.998760e+01 
9.998745e+01 
9.998734e+01 
9.998723e+01 
9.998714e+01 
9.998706e+01 
9.998699e+01 
9.998694e+01 
9.998690e+01 
9.998687e+01 
9.998686e+01 
9.998686e+01 
9.998687e+01 
9.998690e+01 
9.998694e+01 
9.998699e+01 
9.998706e+01 
9.998714e+01 
9.998723e+01 
9.998734e+01 
9.998745e+01 
9.998760e+01 
9.998780e+01 
9.998808e+01 
9.998848e+01 
9.998902e+01 
9.998978e+01 
9.999080e+01 
9.999213e+01 
9.999376e+01 
9.999559e+01 
9.999737e+01 
9.999880e+01 
9.999966e+01 
9.999995e+01 
9.999992e+01 
9.999983e+01 
9.999983e+01 
9.999990e+01 
9.999996e+01 
1.000000e+02 
1.000000e+02 
1.000000e+02 
1.000000e+02 

1.000000e+02 
1.000000e+02 
1.000000e+02 
1.000000e+02 
9.999996e+01 
9.999988e+01 
9.999981e+01 
9.999987e+01 
1.000002e+02 
1.000006e+02 
1.000008e+02 
1.000002e+02 
9.999839e+01 
9.999534e+01 
9.999158e+01 
9.998777e+01 
9.998436e+01 
9.998157e+01 
9.997940e+01 
9.997779e+01 
9.997660e+01 
9.997574e+01 
9.997511e+01 
9.997466e+01 
9.997429e+01 
9.997396e+01 
9.997367e+01 
9.997341e+01 
9.997320e+01 
9.997303e+01 
9.997290e+01 
9.997281e+01 
9.997277e+01 
9.997277e+01 
9.997281e+01 
9.997290e+01 
9.997303e+01 
9.997320e+01 
9.997341e+01 
9.997367e+01 
9.997396e+01 
9.997429e+01 
9.997466e+01 
9.997511e+01 
9.997574e+01 
9.997660e+01 
9.997779e+01 
9.997940e+01 
9.998157e+01 
9.998436e+01 
9.998777e+01 
9.999158e+01 
9.999534e+01 
9.999839e+01 
1.000002e+02 
1.000008e+02 
1.000006e+02 
1.000002e+02 
9.999987e+01 
9.999981e+01 
9.999988e+01 
9.999996e+01 
1.000000e+02 
1.000000e+02 
1.000000e+02 
1.000000e+02 

1.000000e+02 
1.000000e+02 
1.000000e+02 
1.000000e+02 
9.999996e+01 
9.999987e+01 
9.999980e+01 
9.999992e+01 
1.000004e+02 
1.000015e+02 
1.000026e+02 
1.000032e+02 
1.000019e+02 
9.999808e+01 
9.999194e+01 
9.998449e+01 
9.997695e+01 
9.997020e+01 
9.996462e+01 
9.996026e+01 
9.995696e+01 
9.995451e+01 
9.995271e+01 
9.995138e+01 
9.995030e+01 
9.994932e+01 
9.994845e+01 
9.994768e+01 
9.994704e+01 
9.994652e+01 
9.994613e+01 
9.994586e+01 
9.994573e+01 
9.994573e+01 
9.994586e+01 
9.994613e+01 
9.994652e+01 
9.994704e+01 
9.994768e+01 
9.994845e+01 
9.994932e+01 
9.995030e+01 
9.995138e+01 
9.995271e+01 
9.995451e+01 
9.995696e+01 
9.996026e+01 
9.996462e+01 
9.997020e+01 
9.997695e+01 
9.998449e+01 
9.999194e+01 
9.999808e+01 
1.000019e+02 
1.000032e+02 
1.000026e+02 
1.000015e+02 
1.000004e+02 
9.999992e+01 
9.999980e+01 
9.999987e+01 
9.999996e+01 
1.000000e+02 
1.000000e+02 
1.000000e+02 
1.000000e+02 

1.000000e+02 
1.000000e+02 
1.000000e+02 
1.000000e+02 
9.999995e+01 
9.999986e+01 
9.999980e+01 
9.999997e+01 
1.000007e+02 
1.000023e+02 
1.000048e+02 
1.000074e+02 
1.000083e+02 
1.000056e+02 
9.999809e+01 
9.998633e+01 
9.997225e+01 
9.995803e+01 
9.994521e+01 
9.993454e+01 
9.992610e+01 
9.991964e+01 
9.991476e+01 
9.991112e+01 
9.990812e+01 
9.990536e+01 
9.990289e+01 
9.990072e+01 
9.989887e+01 
9.989737e+01 
9.989623e+01 
9.989546e+01 
9.989507e+01 
9.989507e+01 
9.989546e+01 
9.989623e+01 
9.989737e+01 
9.989887e+01 
9.990072e+01 
9.990289e+01 
9.990536e+01 
9.990812e+01 
9.991112e+01 
9.991476e+01 
9.991964e+01 
9.992610e+01 
9.993454e+01 
9.994521e+01 
9.995803e+01 
9.997225e+01 
9.998633e+01 
9.999809e+01 
1.000056e+02 
1.000083e+02 
1.000074e+02 
1.000048e+02 
1.000023e+02 
1.000007e+02 
9.999997e+01 
9.999980e+01 
9.999986e+01 
9.999995e+01 
1.000000e+02 
1.000000e+02 
1.000000e+02 
1.000000e+02 

1.000000e+02 
1.000000e+02 
1.000000e+02 
1.000000e+02 
9.999995e+01 
9.999986e+01 
9.999980e+01 
1.000000e+02 
1.000009e+02 
1.000031e+02 
1.000069e+02 
1.000121e+02 
1.000170e+02 
1.000184e+02 
1.000129e+02 
9.999877e+01 
9.997732e+01 
9.995192e+01 
9.992623e+01 
9.990297e+01 
9.988340e+01 
9.986773e+01 
9.985554e+01 
9.984621e+01 
9.983838e+01 
9.983110e+01 
9.982447e+01 
9.981859e+01 
9.981353e+01 
9.980939e+01 
9.980623e+01 
9.980409e+01 
9.980301e+01 
9.980301e+01 
9.980409e+01 
9.980623e+01 
9.980939e+01 
9.981353e+01 
9.981859e+01 
9.982447e+01 
9.983110e+01 
9.983838e+01 
9.984621e+01 
9.985554e+01 
9.986773e+01 
9.988340e+01 
9.990297e+01 
9.992623e+01 
9.995192e+01 
9.997732e+01 
9.999877e+01 
1.000129e+02 
1.000184e+02 
1.000170e+02 
1.000121e+02 
1.000069e+02 
1.000031e+02 
1.000009e+02 
1.000000e+02 
9.999980e+01 
9.999986e+01 
9.999995e+01 
1.000000e+02 
1.000000e+02 
1.000000e+02 
1.000000e+02 

1.000000e+02 
1.000000e+02 
1.000000e+02 
1.000000e+02 
9.999995e+01 
9.999985e+01 
9.999980e+01 
1.000000e+02 
1.000011e+02 
1.000037e+02 
1.000088e+02 
1.000168e+02 
1.000266e+02 
1.000351e+02 
1.000367e+02 
1.000261e+02 
1.000009e+02 
9.996361e+01 
9.991984e+01 
9.987561e+01 
9.983529e+01 
9.980102e+01 
9.977316e+01 
9.975115e+01 
9.973223e+01 
9.971426e+01 
9.969759e+01 
9.968255e+01 
9.966945e+01 
9.965860e+01 
9.965022e+01 
9.964453e+01 
9.964165e+01 
9.964165e+01 
9.964453e+01 
9.965022e+01 
9.965860e+01 
9.966945e+01 
9.968255e+01 
9.969759e+01 
9.971426e+01 
9.973223e+01 
9.975115e+01 
9.977316e+01 
9.980102e+01 
9.983529e+01 
9.987561e+01 
9.991984e+01 
9.996361e+01 
1.000009e+02 
1.000261e+02 
1.000367e+02 
1.000351e+02 
1.000266e+02 
1.000168e+02 
1.000088e+02 
1.000037e+02 
1.000011e+02 
1.000000e+02 
9.999980e+01 
9.999985e+01 
9.999995e+01 
1.000000e+02 
1.000000e+02 
1.000000e+02 
1.000000e+02 

1.000000e+02 
1.000000e+02 
1.000000e+02 
1.000000e+02 
9.999995e+01 
9.999985e+01 
9.999979e+01 
1.000001e+02 
1.000012e+02 
1.000042e+02 
1.000103e+02 
1.000208e+02 
1.000358e+02 
1.000533e+02 
1.000671e+02 
1.000682e+02 
1.000487e+02 
1.000059e+02 
9.994417e+01 
9.987249e+01 
9.980014e+01 
9.973376e+01 
9.967664e+01 
9.962955e+01 
9.958770e+01 
9.954682e+01 
9.950792e+01 
9.947203e+01 
9.944018e+01 
9.941334e+01 
9.939239e+01 
9.937800e+01 
9.937068e+01 
9.937068e+01 
9.937800e+01 
9.939239e+01 
9.941334e+01 
9.944018e+01 
9.947203e+01 
9.950792e+01 
9.954682e+01 
9.958770e+01 
9.962955e+01 
9.967664e+01 
9.973376e+01 
9.980014e+01 
9.987249e+01 
9.994417e+01 
1.000059e+02 
1.000487e+02 
1.000682e+02 
1.000671e+02 
1.000533e+02 
1.000358e+02 
1.000208e+02 
1.000103e+02 
1.000042e+02 
1.000012e+02 
1.000001e+02 
9.999979e+01 
9.999985e+01 
9.999995e+01 
1.000000e+02 
1.000000e+02 
1.000000e+02 
1.000000e+02 

1.000000e+02 
1.000000e+02 
1.000000e+02 
1.000000e+02 
9.999995e+01 
9.999985e+01 
9.999979e+01 
1.000001e+02 
1.000013e+02 
1.000046e+02 
1.000115e+02 
1.000240e+02 
1.000438e+02 
1.000706e+02 
1.000997e+02 
1.001207e+02 
1.001196e+02 
1.000856e+02 
1.000163e+02 
9.991945e+01 
9.980833e+01 
9.969632e+01 
9.959284e+01 
9.950284e+01 
9.941932e+01 
9.933470e+01 
9.925142e+01 
9.917225e+01 
9.910015e+01 
9.903807e+01 
9.898874e+01 
9.895446e+01 
9.893689e+01 
9.893689e+01 
9.895446e+01 
9.898874e+01 
9.903807e+01 
9.910015e+01 
9.917225e+01 
9.925142e+01 
9.933470e+01 
9.941932e+01 
9.950284e+01 
9.959284e+01 
9.969632e+01 
9.980833e+01 
9.991945e+01 
1.000163e+02 
1.000856e+02 
1.001196e+02 
1.001207e+02 
1.000997e+02 
1.000706e+02 
1.000438e+02 
1.000240e+02 
1.000115e+02 
1.000046e+02 
1.000013e+02 
1.000001e+02 
9.999979e+01 
9.999985e+01 
9.999995e+01 
1.000000e+02 
1.000000e+02 
1.000000e+02 
1.000000e+02 

1.000000e+02 
1.000000e+02 
1.000000e+02 
1.000000e+02 
9.999995e+01 
9.999985e+01 
9.999979e+01 
1.000001e+02 
1.000014e+02 
1.000048e+02 
1.000123e+02 
1.000265e+02 
1.000503e+02 
1.000857e+02 
1.001308e+02 
1.001764e+02 
1.002056e+02 
1.001989e+02 
1.001428e+02 
1.000367e+02 
9.989289e+01 
9.973031e+01 
9.956672e+01 
9.941491e+01 
9.926641e+01 
9.910889e+01 
9.894717e+01 
9.878744e+01 
9.863701e+01 
9.850377e+01 
9.839548e+01 
9.831899e+01 
9.827938e+01 
9.827938e+01 
9.831899e+01 
9.839548e+01 
9.850377e+01 
9.863701e+01 
9.878744e+01 
9.894717e+01 
9.910889e+01 
9.926641e+01 
9.941491e+01 
9.956672e+01 
9.973031e+01 
9.989289e+01 
1.000367e+02 
1.001428e+02 
1.001989e+02 
1.002056e+02 
1.001764e+02 
1.001308e+02 
1.000857e+02 
1.000503e+02 
1.000265e+02 
1.000123e+02 
1.000048e+02 
1.000014e+02 
1.000001e+02 
9.999979e+01 
9.999985e+01 
9.999995e+01 
1.000000e+02 
1.000000e+02 
1.000000e+02 
1.000000e+02 

1.000000e+02 
1.000000e+02 
1.000000e+02 
1.000000e+02 
9.999995e+01 
9.999985e+01 
9.999979e+01 
1.000001e+02 
1.000014e+02 
1.000050e+02 
1.000129e+02 
1.000283e+02 
1.000552e+02 
1.000979e+02 
1.001578e+02 
1.002291e+02 
1.002957e+02 
1.003325e+02 
1.003143e+02 
1.002267e+02 
1.000731e+02 
9.987204e+01 
9.964804e+01 
9.942381e+01 
9.919048e+01 
9.892917e+01 
9.864693e+01 
9.835496e+01 
9.806845e+01 
9.780562e+01 
9.758591e+01 
9.742747e+01 
9.734439e+01 
9.734439e+01 
9.742747e+01 
9.758591e+01 
9.780562e+01 
9.806845e+01 
9.835496e+01 
9.864693e+01 
9.892917e+01 
9.919048e+01 
9.942381e+01 
9.964804e+01 
9.987204e+01 
1.000731e+02 
1.002267e+02 
1.003143e+02 
1.003325e+02 
1.002957e+02 
1.002291e+02 
1.001578e+02 
1.000979e+02 
1.000552e+02 
1.000283e+02 
1.000129e+02 
1.000050e+02 
1.000014e+02 
1.000001e+02 
9.999979e+01 
9.999985e+01 
9.999995e+01 
1.000000e+02 
1.000000e+02 
1.000000e+02 
1.000000e+02 

1.000000e+02 
1.000000e+02 
1.000000e+02 
1.000000e+02 
9.999995e+01 
9.999985e+01 
9.999979e+01 
1.000001e+02 
1.000014e+02 
1.000051e+02 
1.000133e+02 
1.000296e+02 
1.000590e+02 
1.001074e+02 
1.001799e+02 
1.002751e+02 
1.003805e+02 
1.004703e+02 
1.005105e+02 
1.004720e+02 
1.003428e+02 
1.001330e+02 
9.986795e+01 
9.957829e+01 
9.925489e+01 
9.886964e+01 
9.842878e+01 
9.794773e+01 
9.745256e+01 
9.697925e+01 
9.657019e+01 
9.626787e+01 
9.610695e+01 
9.610695e+01 
9.626787e+01 
9.657019e+01 
9.697925e+01 
9.745256e+01 
9.794773e+01 
9.842878e+01 
9.886964e+01 
9.925489e+01 
9.957829e+01 
9.986795e+01 
1.001330e+02 
1.003428e+02 
1.004720e+02 
1.005105e+02 
1.004703e+02 
1.003805e+02 
1.002751e+02 
1.001799e+02 
1.001074e+02 
1.000590e+02 
1.000296e+02 
1.000133e+02 
1.000051e+02 
1.000014e+02 
1.000001e+02 
9.999979e+01 
9.999985e+01 
9.999995e+01 
1.000000e+02 
1.000000e+02 
1.000000e+02 
1.000000e+02 

1.000000e+02 
1.000000e+02 
1.000000e+02 
1.000000e+02 
9.999995e+01 
9.999985e+01 
9.999979e+01 
1.000001e+02 
1.000015e+02 
1.000052e+02 
1.000136e+02 
1.000306e+02 
1.000617e+02 
1.001146e+02 
1.001972e+02 
1.003129e+02 
1.004546e+02 
1.005992e+02 
1.007092e+02 
1.007434e+02 
1.006730e+02 
1.004931e+02 
1.002224e+02 
9.989362e+01 
9.949617e+01 
9.898921e+01 
9.837101e+01 
9.765570e+01 
9.687933e+01 
9.610238e+01 
9.540535e+01 
9.487578e+01 
9.458909e+01 
9.458909e+01 
9.487578e+01 
9.540535e+01 
9.610238e+01 
9.687933e+01 
9.765570e+01 
9.837101e+01 
9.898921e+01 
9.949617e+01 
9.989362e+01 
1.002224e+02 
1.004931e+02 
1.006730e+02 
1.007434e+02 
1.007092e+02 
1.005992e+02 
1.004546e+02 
1.003129e+02 
1.001972e+02 
1.001146e+02 
1.000617e+02 
1.000306e+02 
1.000136e+02 
1.000052e+02 
1.000015e+02 
1.000001e+02 
9.999979e+01 
9.999985e+01 
9.999995e+01 
1.000000e+02 
1.000000e+02 
1.000000e+02 
1.000000e+02 

1.000000e+02 
1.000000e+02 
1.000000e+02 
1.000000e+02 
9.999995e+01 
9.999985e+01 
9.999979e+01 
1.000001e+02 
1.000015e+02 
1.000053e+02 
1.000139e+02 
1.000313e+02 
1.000637e+02 
1.001200e+02 
1.002105e+02 
1.003430e+02 
1.005161e+02 
1.007119e+02 
1.008936e+02 
1.010129e+02 
1.010262e+02 
1.009116e+02 
1.006750e+02 
1.003449e+02 
9.990720e+01 
9.930553e+01 
9.852031e+01 
9.755331e+01 
9.644295e+01 
9.527601e+01 
9.418648e+01 
9.333402e+01 
9.286415e+01 
9.286415e+01 
9.333402e+01 
9.418648e+01 
9.527601e+01 
9.644295e+01 
9.755331e+01 
9.852031e+01 
9.930553e+01 
9.990720e+01 
1.003449e+02 
1.006750e+02 
1.009116e+02 
1.010262e+02 
1.010129e+02 
1.008936e+02 
1.007119e+02 
1.005161e+02 
1.003430e+02 
1.002105e+02 
1.001200e+02 
1.000637e+02 
1.000313e+02 
1.000139e+02 
1.000053e+02 
1.000015e+02 
1.000001e+02 
9.999979e+01 
9.999985e+01 
9.999995e+01 
1.000000e+02 
1.000000e+02 
1.000000e+02 
1.000000e+02 

1.000000e+02 
1.000000e+02 
1.000000e+02 
1.000000e+02 
9.999995e+01 
9.999985e+01 
9.999979e+01 
1.000001e+02 
1.000015e+02 
1.000053e+02 
1.000140e+02 
1.000318e+02 
1.000652e+02 
1.001240e+02 
1.002205e+02 
1.003663e+02 
1.005654e+02 
1.008059e+02 
1.010547e+02 
1.012605e+02 
1.013693e+02 
1.013433e+02 
1.011735e+02 
1.008793e+02 
1.004419e+02 
9.978879e+01 
9.887344e+01 
9.767166e+01 
9.620980e+01 
9.459455e+01 
9.302386e+01 
9.175770e+01 
9.104709e+01 
9.104709e+01 
9.175770e+01 
9.302386e+01 
9.459455e+01 
9.620980e+01 
9.767166e+01 
9.887344e+01 
9.978879e+01 
1.004419e+02 
1.008793e+02 
1.011735e+02 
1.013433e+02 
1.013693e+02 
1.012605e+02 
1.010547e+02 
1.008059e+02 
1.005654e+02 
1.003663e+02 
1.002205e+02 
1.001240e+02 
1.000652e+02 
1.000318e+02 
1.000140e+02 
1.000053e+02 
1.000015e+02 
1.000001e+02 
9.999979e+01 
9.999985e+01 
9.999995e+01 
1.000000e+02 
1.000000e+02 
1.000000e+02 
1.000000e+02 

1.000000e+02 
1.000000e+02 
1.000000e+02 
1.000000e+02 
9.999995e+01 
9.999985e+01 
9.999979e+01 
1.000001e+02 
1.000015e+02 
1.000053e+02 
1.000142e+02 
1.000322e+02 
1.000664e+02 
1.001272e+02 
1.002289e+02 
1.003861e+02 
1.006083e+02 
1.008903e+02 
1.012047e+02 
1.015011e+02 
1.017181e+02 
1.018043e+02 
1.017346e+02 
1.015152e+02 
1.011228e+02 
1.004690e+02 
9.947097e+01 
9.806042e+01 
9.622788e+01 
9.408340e+01 
9.189781e+01 
9.007509e+01 
8.903073e+01 
8.903073e+01 
9.007509e+01 
9.189781e+01 
9.408340e+01 
9.622788e+01 
9.806042e+01 
9.947097e+01 
1.004690e+02 
1.011228e+02 
1.015152e+02 
1.017346e+02 
1.018043e+02 
1.017181e+02 
1.015011e+02 
1.012047e+02 
1.008903e+02 
1.006083e+02 
1.003861e+02 
1.002289e+02 
1.001272e+02 
1.000664e+02 
1.000322e+02 
1.000142e+02 
1.000053e+02 
1.000015e+02 
1.000001e+02 
9.999979e+01 
9.999985e+01 
9.999995e+01 
1.000000e+02 
1.000000e+02 
1.000000e+02 
1.000000e+02 

1.000000e+02 
1.000000e+02 
1.000000e+02 
1.000000e+02 
9.999995e+01 
9.999985e+01 
9.999979e+01 
1.000001e+02 
1.000015e+02 
1.000054e+02 
1.000143e+02 
1.000326e+02 
1.000674e+02 
1.001302e+02 
1.002366e+02 
1.004047e+02 
1.006494e+02 
1.009734e+02 
1.013569e+02 
1.017536e+02 
1.020982e+02 
1.023271e+02 
1.023980e+02 
1.023004e+02 
1.020080e+02 
1.014186e+02 
1.004037e+02 
9.882751e+01 
9.660733e+01 
9.382249e+01 
9.082233e+01 
8.821592e+01 
8.668827e+01 
8.668827e+01 
8.821592e+01 
9.082233e+01 
9.382249e+01 
9.660733e+01 
9.882751e+01 
1.004037e+02 
1.014186e+02 
1.020080e+02 
1.023004e+02 
1.023980e+02 
1.023271e+02 
1.020982e+02 
1.017536e+02 
1.013569e+02 
1.009734e+02 
1.006494e+02 
1.004047e+02 
1.002366e+02 
1.001302e+02 
1.000674e+02 
1.000326e+02 
1.000143e+02 
1.000054e+02 
1.000015e+02 
1.000001e+02 
9.999979e+01 
9.999985e+01 
9.999995e+01 
1.000000e+02 
1.000000e+02 
1.000000e+02 
1.000000e+02 

1.000000e+02 
1.000000e+02 
1.000000e+02 
1.000000e+02 
9.999995e+01 
9.999985e+01 
9.999979e+01 
1.000001e+02 
1.000015e+02 
1.000054e+02 
1.000144e+02 
1.000329e+02 
1.000684e+02 
1.001329e+02 
1.002436e+02 
1.004217e+02 
1.006879e+02 
1.010530e+02 
1.015069e+02 
1.020100e+02 
1.024974e+02 
1.028958e+02 
1.031466e+02 
1.032203e+02 
1.030905e+02 
1.026486e+02 
1.017161e+02 
1.000689e+02 
9.750296e+01 
9.400949e+01 
8.999903e+01 
8.637607e+01 
8.419733e+01 
8.419733e+01 
8.637607e+01 
8.999903e+01 
9.400949e+01 
9.750296e+01 
1.000689e+02 
1.017161e+02 
1.026486e+02 
1.030905e+02 
1.032203e+02 
1.031466e+02 
1.028958e+02 
1.024974e+02 
1.020100e+02 
1.015069e+02 
1.010530e+02 
1.006879e+02 
1.004217e+02 
1.002436e+02 
1.001329e+02 
1.000684e+02 
1.000329e+02 
1.000144e+02 
1.000054e+02 
1.000015e+02 
1.000001e+02 
9.999979e+01 
9.999985e+01 
9.999995e+01 
1.000000e+02 
1.000000e+02 
1.000000e+02 
1.000000e+02 

1.000000e+02 
1.000000e+02 
1.000000e+02 
1.000000e+02 
9.999995e+01 
9.999985e+01 
9.999979e+01 
1.000001e+02 
1.000015e+02 
1.000054e+02 
1.000145e+02 
1.000332e+02 
1.000692e+02 
1.001352e+02 
1.002498e+02 
1.004370e+02 
1.007230e+02 
1.011269e+02 
1.016494e+02 
1.022607e+02 
1.028991e+02 
1.034858e+02 
1.039474e+02 
1.042351e+02 
1.043267e+02 
1.041172e+02 
1.033824e+02 
1.017974e+02 
9.898941e+01 
9.478607e+01 
8.966100e+01 
8.482303e+01 
8.187121e+01 
8.187121e+01 
8.482303e+01 
8.966100e+01 
9.478607e+01 
9.898941e+01 
1.017974e+02 
1.033824e+02 
1.041172e+02 
1.043267e+02 
1.042351e+02 
1.039474e+02 
1.034858e+02 
1.028991e+02 
1.022607e+02 
1.016494e+02 
1.011269e+02 
1.007230e+02 
1.004370e+02 
1.002498e+02 
1.001352e+02 
1.000692e+02 
1.000332e+02 
1.000145e+02 
1.000054e+02 
1.000015e+02 
1.000001e+02 
9.999979e+01 
9.999985e+01 
9.999995e+01 
1.000000e+02 
1.000000e+02 
1.000000e+02 
1.000000e+02 

1.000000e+02 
1.000000e+02 
1.000000e+02 
1.000000e+02 
9.999995e+01 
9.999985e+01 
9.999979e+01 
1.000001e+02 
1.000015e+02 
1.000055e+02 
1.000145e+02 
1.000334e+02 
1.000699e+02 
1.001372e+02 
1.002551e+02 
1.004502e+02 
1.007537e+02 
1.011928e+02 
1.017793e+02 
1.024944e+02 
1.032831e+02 
1.040640e+02 
1.047521e+02 
1.052797e+02 
1.056328e+02 
1.057198e+02 
1.052784e+02 
1.038853e+02 
1.009561e+02 
9.613843e+01 
8.987890e+01 
8.380368e+01 
8.002514e+01 
8.002514e+01 
8.380368e+01 
8.987890e+01 
9.613843e+01 
1.009561e+02 
1.038853e+02 
1.052784e+02 
1.057198e+02 
1.056328e+02 
1.052797e+02 
1.047521e+02 
1.040640e+02 
1.032831e+02 
1.024944e+02 
1.017793e+02 
1.011928e+02 
1.007537e+02 
1.004502e+02 
1.002551e+02 
1.001372e+02 
1.000699e+02 
1.000334e+02 
1.000145e+02 
1.000055e+02 
1.000015e+02 
1.000001e+02 
9.999979e+01 
9.999985e+01 
9.999995e+01 
1.000000e+02 
1.000000e+02 
1.000000e+02 
1.000000e+02 

1.000000e+02 
1.000000e+02 
1.000000e+02 
1.000000e+02 
9.999995e+01 
9.999985e+01 
9.999979e+01 
1.000001e+02 
1.000015e+02 
1.000055e+02 
1.000146e+02 
1.000336e+02 
1.000705e+02 
1.001388e+02 
1.002594e+02 
1.004611e+02 
1.007793e+02 
1.012486e+02 
1.018912e+02 
1.026996e+02 
1.036270e+02 
1.045925e+02 
1.055017e+02 
1.062700e+02 
1.068934e+02 
1.072985e+02 
1.071918e+02 
1.060594e+02 
1.031050e+02 
9.779699e+01 
9.052829e+01 
8.333685e+01 
7.880369e+01 
7.880369e+01 
8.333685e+01 
9.052829e+01 
9.779699e+01 
1.031050e+02 
1.060594e+02 
1.071918e+02 
1.072985e+02 
1.068934e+02 
1.062700e+02 
1.055017e+02 
1.045925e+02 
1.036270e+02 
1.026996e+02 
1.018912e+02 
1.012486e+02 
1.007793e+02 
1.004611e+02 
1.002594e+02 
1.001388e+02 
1.000705e+02 
1.000336e+02 
1.000146e+02 
1.000055e+02 
1.000015e+02 
1.000001e+02 
9.999979e+01 
9.999985e+01 
9.999995e+01 
1.000000e+02 
1.000000e+02 
1.000000e+02 
1.000000e+02 

1.000000e+02 
1.000000e+02 
1.000000e+02 
1.000000e+02 
9.999995e+01 
9.999985e+01 
9.999979e+01 
1.000001e+02 
1.000015e+02 
1.000055e+02 
1.000146e+02 
1.000337e+02 
1.000709e+02 
1.001400e+02 
1.002627e+02 
1.004695e+02 
1.007991e+02 
1.012923e+02 
1.019800e+02 
1.028651e+02 
1.039087e+02 
1.050319e+02 
1.061337e+02 
1.071150e+02 
1.079807e+02 
1.086745e+02 
1.088751e+02 
1.079872e+02 
1.050495e+02 
9.935488e+01 
9.131814e+01 
8.323117e+01 
7.812501e+01 
7.812501e+01 
8.323117e+01 
9.131814e+01 
9.935488e+01 
1.050495e+02 
1.079872e+02 
1.088751e+02 
1.086745e+02 
1.079807e+02 
1.071150e+02 
1.061337e+02 
1.050319e+02 
1.039087e+02 
1.028651e+02 
1.019800e+02 
1.012923e+02 
1.007991e+02 
1.004695e+02 
1.002627e+02 
1.001400e+02 
1.000709e+02 
1.000337e+02 
1.000146e+02 
1.000055e+02 
1.000015e+02 
1.000001e+02 
9.999979e+01 
9.999985e+01 
9.999995e+01 
1.000000e+02 
1.000000e+02 
1.000000e+02 
1.000000e+02 

1.000000e+02 
1.000000e+02 
1.000000e+02 
1.000000e+02 
9.999995e+01 
9.999985e+01 
9.999979e+01 
1.000001e+02 
1.000015e+02 
1.000055e+02 
1.000147e+02 
1.000338e+02 
1.000712e+02 
1.001409e+02 
1.002649e+02 
1.004751e+02 
1.008126e+02 
1.013224e+02 
1.020418e+02 
1.029813e+02 
1.041088e+02 
1.053473e+02 
1.065914e+02 
1.077312e+02 
1.087782e+02 
1.096871e+02 
1.101128e+02 
1.093961e+02 
1.064638e+02 
1.004993e+02 
9.193308e+01 
8.326585e+01 
7.778344e+01 
7.778344e+01 
8.326585e+01 
9.193308e+01 
1.004993e+02 
1.064638e+02 
1.093961e+02 
1.101128e+02 
1.096871e+02 
1.087782e+02 
1.077312e+02 
1.065914e+02 
1.053473e+02 
1.041088e+02 
1.029813e+02 
1.020418e+02 
1.013224e+02 
1.008126e+02 
1.004751e+02 
1.002649e+02 
1.001409e+02 
1.000712e+02 
1.000338e+02 
1.000147e+02 
1.000055e+02 
1.000015e+02 
1.000001e+02 
9.999979e+01 
9.999985e+01 
9.999995e+01 
1.000000e+02 
1.000000e+02 
1.000000e+02 
1.000000e+02 

1.000000e+02 
1.000000e+02 
1.000000e+02 
1.000000e+02 
9.999995e+01 
9.999985e+01 
9.999979e+01 
1.000001e+02 
1.000015e+02 
1.000055e+02 
1.000147e+02 
1.000339e+02 
1.000714e+02 
1.001413e+02 
1.002660e+02 
1.004780e+02 
1.008195e+02 
1.013378e+02 
1.020734e+02 
1.030413e+02 
1.042127e+02 
1.055121e+02 
1.068317e+02 
1.080561e+02 
1.091994e+02 
1.102220e+02 
1.107639e+02 
1.101297e+02 
1.071897e+02 
1.010801e+02 
9.224925e+01 
8.329649e+01 
7.763517e+01 
7.763517e+01 
8.329649e+01 
9.224925e+01 
1.010801e+02 
1.071897e+02 
1.101297e+02 
1.107639e+02 
1.102220e+02 
1.091994e+02 
1.080561e+02 
1.068317e+02 
1.055121e+02 
1.042127e+02 
1.030413e+02 
1.020734e+02 
1.013378e+02 
1.008195e+02 
1.004780e+02 
1.002660e+02 
1.001413e+02 
1.000714e+02 
1.000339e+02 
1.000147e+02 
1.000055e+02 
1.000015e+02 
1.000001e+02 
9.999979e+01 
9.999985e+01 
9.999995e+01 
1.000000e+02 
1.000000e+02 
1.000000e+02 
1.000000e+02 

1.000000e+02 
1.000000e+02 
1.000000e+02 
1.000000e+02 
9.999995e+01 
9.999985e+01 
9.999979e+01 
1.000001e+02 
1.000015e+02 
1.000055e+02 
1.000147e+02 
1.000339e+02 
1.000714e+02 
1.001413e+02 
1.002660e+02 
1.004780e+02 
1.008195e+02 
1.013378e+02 
1.020734e+02 
1.030413e+02 
1.042127e+02 
1.055121e+02 
1.068317e+02 
1.080561e+02 
1.091994e+02 
1.102220e+02 
1.107639e+02 
1.101297e+02 
1.071897e+02 
1.010801e+02 
9.224925e+01 
8.329649e+01 
7.763517e+01 
7.763517e+01 
8.329649e+01 
9.224925e+01 
1.010801e+02 
1.071897e+02 
1.101297e+02 
1.107639e+02 
1.102220e+02 
1.091994e+02 
1.080561e+02 
1.068317e+02 
1.055121e+02 
1.042127e+02 
1.030413e+02 
1.020734e+02 
1.013378e+02 
1.008195e+02 
1.004780e+02 
1.002660e+02 
1.001413e+02 
1.000714e+02 
1.000339e+02 
1.000147e+02 
1.000055e+02 
1.000015e+02 
1.000001e+02 
9.999979e+01 
9.999985e+01 
9.999995e+01 
1.000000e+02 
1.000000e+02 
1.000000e+02 
1.000000e+02 

1.000000e+02 
1.000000e+02 
1.000000e+02 
1.000000e+02 
9.999995e+01 
9.999985e+01 
9.999979e+01 
1.000001e+02 
1.000015e+02 
1.000055e+02 
1.000147e+02 
1.000338e+02 
1.000712e+02 
1.001409e+02 
1.002649e+02 
1.004751e+02 
1.008126e+02 
1.013224e+02 
1.020418e+02 
1.029813e+02 
1.041088e+02 
1.053473e+02 
1.065914e+02 
1.077312e+02 
1.087782e+02 
1.096871e+02 
1.101128e+02 
1.093961e+02 
1.064638e+02 
1.004993e+02 
9.193308e+01 
8.326585e+01 
7.778344e+01 
7.778344e+01 
8.326585e+01 
9.193308e+01 
1.004993e+02 
1.064638e+02 
1.093961e+02 
1.101128e+02 
1.096871e+02 
1.087782e+02 
1.077312e+02 
1.065914e+02 
1.053473e+02 
1.041088e+02 
1.029813e+02 
1.020418e+02 
1.013224e+02 
1.008126e+02 
1.004751e+02 
1.002649e+02 
1.001409e+02 
1.000712e+02 
1.000338e+02 
1.000147e+02 
1.000055e+02 
1.000015e+02 
1.000001e+02 
9.999979e+01 
9.999985e+01 
9.999995e+01 
1.000000e+02 
1.000000e+02 
1.000000e+02 
1.000000e+02 

1.000000e+02 
1.000000e+02 
1.000000e+02 
1.000000e+02 
9.999995e+01 
9.999985e+01 
9.999979e+01 
1.000001e+02 
1.000015e+02 
1.000055e+02 
1.000146e+02 
1.000337e+02 
1.000709e+02 
1.001400e+02 
1.002627e+02 
1.004695e+02 
1.007991e+02 
1.012923e+02 
1.019800e+02 
1.028651e+02 
1.039087e+02 
1.050319e+02 
1.061337e+02 
1.071150e+02 
1.079807e+02 
1.086745e+02 
1.088751e+02 
1.079872e+02 
1.050495e+02 
9.935488e+01 
9.131814e+01 
8.323117e+01 
7.812501e+01 
7.812501e+01 
8.323117e+01 
9.131814e+01 
9.935488e+01 
1.050495e+02 
1.079872e+02 
1.088751e+02 
1.086745e+02 
1.079807e+02 
1.071150e+02 
1.061337e+02 
1.050319e+02 
1.039087e+02 
1.028651e+02 
1.019800e+02 
1.012923e+02 
1.007991e+02 
1.004695e+02 
1.002627e+02 
1.001400e+02 
1.000709e+02 
1.000337e+02 
1.000146e+02 
1.000055e+02 
1.000015e+02 
1.000001e+02 
9.999979e+01 
9.999985e+01 
9.999995e+01 
1.000000e+02 
1.000000e+02 
1.000000e+02 
1.000000e+02 

1.000000e+02 
1.000000e+02 
1.000000e+02 
1.000000e+02 
9.999995e+01 
9.999985e+01 
9.999979e+01 
1.000001e+02 
1.000015e+02 
1.000055e+02 
1.000146e+02 
1.000336e+02 
1.000705e+02 
1.001388e+02 
1.002594e+02 
1.004611e+02 
1.007793e+02 
1.012486e+02 
1.018912e+02 
1.026996e+02 
1.036270e+02 
1.045925e+02 
1.055017e+02 
1.062700e+02 
1.068934e+02 
1.072985e+02 
1.071918e+02 
1.060594e+02 
1.031050e+02 
9.779699e+01 
9.052829e+01 
8.333685e+01 
7.880369e+01 
7.880369e+01 
8.333685e+01 
9.052829e+01 
9.779699e+01 
1.031050e+02 
1.060594e+02 
1.071918e+02 
1.072985e+02 
1.068934e+02 
1.062700e+02 
1.055017e+02 
1.045925e+02 
1.036270e+02 
1.026996e+02 
1.018912e+02 
1.012486e+02 
1.007793e+02 
1.004611e+02 
1.002594e+02 
1.001388e+02 
1.000705e+02 
1.000336e+02 
1.000146e+02 
1.000055e+02 
1.000015e+02 
1.000001e+02 
9.999979e+01 
9.999985e+01 
9.999995e+01 
1.000000e+02 
1.000000e+02 
1.000000e+02 
1.000000e+02 

1.000000e+02 
1.000000e+02 
1.000000e+02 
1.000000e+02 
9.999995e+01 
9.999985e+01 
9.999979e+01 
1.000001e+02 
1.000015e+02 
1.000055e+02 
1.000145e+02 
1.000334e+02 
1.000699e+02 
1.001372e+02 
1.002551e+02 
1.004502e+02 
1.007537e+02 
1.011928e+02 
1.017793e+02 
1.024944e+02 
1.032831e+02 
1.040640e+02 
1.047521e+02 
1.052797e+02 
1.056328e+02 
1.057198e+02 
1.052784e+02 
1.038853e+02 
1.009561e+02 
9.613843e+01 
8.987890e+01 
8.380368e+01 
8.002514e+01 
8.002514e+01 
8.380368e+01 
8.987890e+01 
9.613843e+01 
1.009561e+02 
1.038853e+02 
1.052784e+02 
1.057198e+02 
1.056328e+02 
1.052797e+02 
1.047521e+02 
1.040640e+02 
1.032831e+02 
1.024944e+02 
1.017793e+02 
1.011928e+02 
1.007537e+02 
1.004502e+02 
1.002551e+02 
1.001372e+02 
1.000699e+02 
1.000334e+02 
1.000145e+02 
1.000055e+02 
1.000015e+02 
1.000001e+02 
9.999979e+01 
9.999985e+01 
9.999995e+01 
1.000000e+02 
1.000000e+02 
1.000000e+02 
1.000000e+02 

1.000000e+02 
1.000000e+02 
1.000000e+02 
1.000000e+02 
9.999995e+01 
9.999985e+01 
9.999979e+01 
1.000001e+02 
1.000015e+02 
1.000054e+02 
1.000145e+02 
1.000332e+02 
1.000692e+02 
1.001352e+02 
1.002498e+02 
1.004370e+02 
1.007230e+02 
1.011269e+02 
1.016494e+02 
1.022607e+02 
1.028991e+02 
1.034858e+02 
1.039474e+02 
1.042351e+02 
1.043267e+02 
1.041172e+02 
1.033824e+02 
1.017974e+02 
9.898941e+01 
9.478607e+01 
8.966100e+01 
8.482303e+01 
8.187121e+01 
8.187121e+01 
8.482303e+01 
8.966100e+01 
9.478607e+01 
9.898941e+01 
1.017974e+02 
1.033824e+02 
1.041172e+02 
1.043267e+02 
1.042351e+02 
1.039474e+02 
1.034858e+02 
1.028991e+02 
1.022607e+02 
1.016494e+02 
1.011269e+02 
1.007230e+02 
1.004370e+02 
1.002498e+02 
1.001352e+02 
1.000692e+02 
1.000332e+02 
1.000145e+02 
1.000054e+02 
1.000015e+02 
1.000001e+02 
9.999979e+01 
9.999985e+01 
9.999995e+01 
1.000000e+02 
1.000000e+02 
1.000000e+02 
1.000000e+02 

1.000000e+02 
1.000000e+02 
1.000000e+02 
1.000000e+02 
9.999995e+01 
9.999985e+01 
9.999979e+01 
1.000001e+02 
1.000015e+02 
1.000054e+02 
1.000144e+02 
1.000329e+02 
1.000684e+02 
1.001329e+02 
1.002436e+02 
1.004217e+02 
1.006879e+02 
1.010530e+02 
1.015069e+02 
1.020100e+02 
1.024974e+02 
1.028958e+02 
1.031466e+02 
1.032203e+02 
1.030905e+02 
1.026486e+02 
1.017161e+02 
1.000689e+02 
9.750296e+01 
9.400949e+01 
8.999903e+01 
8.637607e+01 
8.419733e+01 
8.419733e+01 
8.637607e+01 
8.999903e+01 
9.400949e+01 
9.750296e+01 
1.000689e+02 
1.017161e+02 
1.026486e+02 
1.030905e+02 
1.032203e+02 
1.031466e+02 
1.028958e+02 
1.024974e+02 
1.020100e+02 
1.015069e+02 
1.010530e+02 
1.006879e+02 
1.004217e+02 
1.002436e+02 
1.001329e+02 
1.000684e+02 
1.000329e+02 
1.000144e+02 
1.000054e+02 
1.000015e+02 
1.000001e+02 
9.999979e+01 
9.999985e+01 
9.999995e+01 
1.000000e+02 
1.000000e+02 
1.000000e+02 
1.000000e+02 

1.000000e+02 
1.000000e+02 
1.000000e+02 
1.000000e+02 
9.999995e+01 
9.999985e+01 
9.999979e+01 
1.000001e+02 
1.000015e+02 
1.000054e+02 
1.000143e+02 
1.000326e+02 
1.000674e+02 
1.001302e+02 
1.002366e+02 
1.004047e+02 
1.006494e+02 
1.009734e+02 
1.013569e+02 
1.017536e+02 
1.020982e+02 
1.023271e+02 
1.023980e+02 
1.023004e+02 
1.020080e+02 
1.014186e+02 
1.004037e+02 
9.882751e+01 
9.660733e+01 
9.382249e+01 
9.082233e+01 
8.821592e+01 
8.668827e+01 
8.668827e+01 
8.821592e+01 
9.082233e+01 
9.382249e+01 
9.660733e+01 
9.882751e+01 
1.004037e+02 
1.014186e+02 
1.020080e+02 
1.023004e+02 
1.023980e+02 
1.023271e+02 
1.020982e+02 
1.017536e+02 
1.013569e+02 
1.009734e+02 
1.006494e+02 
1.004047e+02 
1.002366e+02 
1.001302e+02 
1.000674e+02 
1.000326e+02 
1.000143e+02 
1.000054e+02 
1.000015e+02 
1.000001e+02 
9.999979e+01 
9.999985e+01 
9.999995e+01 
1.000000e+02 
1.000000e+02 
1.000000e+02 
1.000000e+02 

1.000000e+02 
1.000000e+02 
1.000000e+02 
1.000000e+02 
9.999995e+01 
9.999985e+01 
9.999979e+01 
1.000001e+02 
1.000015e+02 
1.000053e+02 
1.000142e+02 
1.000322e+02 
1.000664e+02 
1.001272e+02 
1.002289e+02 
1.003861e+02 
1.006083e+02 
1.008903e+02 
1.012047e+02 
1.015011e+02 
1.017181e+02 
1.018043e+02 
1.017346e+02 
1.015152e+02 
1.011228e+02 
1.004690e+02 
9.947097e+01 
9.806042e+01 
9.622788e+01 
9.408340e+01 
9.189781e+01 
9.007509e+01 
8.903073e+01 
8.903073e+01 
9.007509e+01 
9.189781e+01 
9.408340e+01 
9.622788e+01 
9.806042e+01 
9.947097e+01 
1.004690e+02 
1.011228e+02 
1.015152e+02 
1.017346e+02 
1.018043e+02 
1.017181e+02 
1.015011e+02 
1.012047e+02 
1.008903e+02 
1.006083e+02 
1.003861e+02 
1.002289e+02 
1.001272e+02 
1.000664e+02 
1.000322e+02 
1.000142e+02 
1.000053e+02 
1.000015e+02 
1.000001e+02 
9.999979e+01 
9.999985e+01 
9.999995e+01 
1.000000e+02 
1.000000e+02 
1.000000e+02 
1.000000e+02 

1.000000e+02 
1.000000e+02 
1.000000e+02 
1.000000e+02 
9.999995e+01 
9.999985e+01 
9.999979e+01 
1.000001e+02 
1.000015e+02 
1.000053e+02 
1.000140e+02 
1.000318e+02 
1.000652e+02 
1.001240e+02 
1.002205e+02 
1.003663e+02 
1.005654e+02 
1.008059e+02 
1.010547e+02 
1.012605e+02 
1.013693e+02 
1.013433e+02 
1.011735e+02 
1.008793e+02 
1.004419e+02 
9.978879e+01 
9.887344e+01 
9.767166e+01 
9.620980e+01 
9.459455e+01 
9.302386e+01 
9.175770e+01 
9.104709e+01 
9.104709e+01 
9.175770e+01 
9.302386e+01 
9.459455e+01 
9.620980e+01 
9.767166e+01 
9.887344e+01 
9.978879e+01 
1.004419e+02 
1.008793e+02 
1.011735e+02 
1.013433e+02 
1.013693e+02 
1.012605e+02 
1.010547e+02 
1.008059e+02 
1.005654e+02 
1.003663e+02 
1.002205e+02 
1.001240e+02 
1.000652e+02 
1.000318e+02 
1.000140e+02 
1.000053e+02 
1.000015e+02 
1.000001e+02 
9.999979e+01 
9.999985e+01 
9.999995e+01 
1.000000e+02 
1.000000e+02 
1.000000e+02 
1.000000e+02 

1.000000e+02 
1.000000e+02 
1.000000e+02 
1.000000e+02 
9.999995e+01 
9.999985e+01 
9.999979e+01 
1.000001e+02 
1.000015e+02 
1.000053e+02 
1.000139e+02 
1.000313e+02 
1.000637e+02 
1.001200e+02 
1.002105e+02 
1.003430e+02 
1.005161e+02 
1.007119e+02 
1.008936e+02 
1.010129e+02 
1.010262e+02 
1.009116e+02 
1.006750e+02 
1.003449e+02 
9.990720e+01 
9.930553e+01 
9.852031e+01 
9.755331e+01 
9.644295e+01 
9.527601e+01 
9.418648e+01 
9.333402e+01 
9.286415e+01 
9.286415e+01 
9.333402e+01 
9.418648e+01 
9.527601e+01 
9.644295e+01 
9.755331e+01 
9.852031e+01 
9.930553e+01 
9.990720e+01 
1.003449e+02 
1.006750e+02 
1.009116e+02 
1.010262e+02 
1.010129e+02 
1.008936e+02 
1.007119e+02 
1.005161e+02 
1.003430e+02 
1.002105e+02 
1.001200e+02 
1.000637e+02 
1.000313e+02 
1.000139e+02 
1.000053e+02 
1.000015e+02 
1.000001e+02 
9.999979e+01 
9.999985e+01 
9.999995e+01 
1.000000e+02 
1.000000e+02 
1.000000e+02 
1.000000e+02 

1.000000e+02 
1.000000e+02 
1.000000e+02 
1.000000e+02 
9.999995e+01 
9.999985e+01 
9.999979e+01 
1.000001e+02 
1.000015e+02 
1.000052e+02 
1.000136e+02 
1.000306e+02 
1.000617e+02 
1.001146e+02 
1.001972e+02 
1.003129e+02 
1.004546e+02 
1.005992e+02 
1.007092e+02 
1.007434e+02 
1.006730e+02 
1.004931e+02 
1.002224e+02 
9.989362e+01 
9.949617e+01 
9.898921e+01 
9.837101e+01 
9.765570e+01 
9.687933e+01 
9.610238e+01 
9.540535e+01 
9.487578e+01 
9.458909e+01 
9.458909e+01 
9.487578e+01 
9.540535e+01 
9.610238e+01 
9.687933e+01 
9.765570e+01 
9.837101e+01 
9.898921e+01 
9.949617e+01 
9.989362e+01 
1.002224e+02 
1.004931e+02 
1.006730e+02 
1.007434e+02 
1.007092e+02 
1.005992e+02 
1.004546e+02 
1.003129e+02 
1.001972e+02 
1.001146e+02 
1.000617e+02 
1.000306e+02 
1.000136e+02 
1.000052e+02 
1.000015e+02 
1.000001e+02 
9.999979e+01 
9.999985e+01 
9.999995e+01 
1.000000e+02 
1.000000e+02 
1.000000e+02 
1.000000e+02 

1.000000e+02 
1.000000e+02 
1.000000e+02 
1.000000e+02 
9.999995e+01 
9.999985e+01 
9.999979e+01 
1.000001e+02 
1.000014e+02 
1.000051e+02 
1.000133e+02 
1.000296e+02 
1.000590e+02 
1.001074e+02 
1.001799e+02 
1.002751e+02 
1.003805e+02 
1.004703e+02 
1.005105e+02 
1.004720e+02 
1.003428e+02 
1.001330e+02 
9.986795e+01 
9.957829e+01 
9.925489e+01 
9.886964e+01 
9.842878e+01 
9.794773e+01 
9.745256e+01 
9.697925e+01 
9.657019e+01 
9.626787e+01 
9.610695e+01 
9.610695e+01 
9.626787e+01 
9.657019e+01 
9.697925e+01 
9.745256e+01 
9.794773e+01 
9.842878e+01 
9.886964e+01 
9.925489e+01 
9.957829e+01 
9.986795e+01 
1.001330e+02 
1.003428e+02 
1.004720e+02 
1.005105e+02 
1.004703e+02 
1.003805e+02 
1.002751e+02 
1.001799e+02 
1.001074e+02 
1.000590e+02 
1.000296e+02 
1.000133e+02 
1.000051e+02 
1.000014e+02 
1.000001e+02 
9.999979e+01 
9.999985e+01 
9.999995e+01 
1.000000e+02 
1.000000e+02 
1.000000e+02 
1.000000e+02 

1.000000e+02 
1.000000e+02 
1.000000e+02 
1.000000e+02 
9.999995e+01 
9.999985e+01 
9.999979e+01 
1.000001e+02 
1.000014e+02 
1.000050e+02 
1.000129e+02 
1.000283e+02 
1.000552e+02 
1.000979e+02 
1.001578e+02 
1.002291e+02 
1.002957e+02 
1.003325e+02 
1.003143e+02 
1.002267e+02 
1.000731e+02 
9.987204e+01 
9.964804e+01 
9.942381e+01 
9.919048e+01 
9.892917e+01 
9.864693e+01 
9.835496e+01 
9.806845e+01 
9.780562e+01 
9.758591e+01 
9.742747e+01 
9.734439e+01 
9.734439e+01 
9.742747e+01 
9.758591e+01 
9.780562e+01 
9.806845e+01 
9.835496e+01 
9.864693e+01 
9.892917e+01 
9.919048e+01 
9.942381e+01 
9.964804e+01 
9.987204e+01 
1.000731e+02 
1.002267e+02 
1.003143e+02 
1.003325e+02 
1.002957e+02 
1.002291e+02 
1.001578e+02 
1.000979e+02 
1.000552e+02 
1.000283e+02 
1.000129e+02 
1.000050e+02 
1.000014e+02 
1.000001e+02 
9.999979e+01 
9.999985e+01 
9.999995e+01 
1.000000e+02 
1.000000e+02 
1.000000e+02 
1.000000e+02 

1.000000e+02 
1.000000e+02 
1.000000e+02 
1.000000e+02 
9.999995e+01 
9.999985e+01 
9.999979e+01 
1.000001e+02 
1.000014e+02 
1.000048e+02 
1.000123e+02 
1.000265e+02 
1.000503e+02 
1.000857e+02 
1.001308e+02 
1.001764e+02 
1.002056e+02 
1.001989e+02 
1.001428e+02 
1.000367e+02 
9.989289e+01 
9.973031e+01 
9.956672e+01 
9.941491e+01 
9.926641e+01 
9.910889e+01 
9.894717e+01 
9.878744e+01 
9.863701e+01 
9.850377e+01 
9.839548e+01 
9.831899e+01 
9.827938e+01 
9.827938e+01 
9.831899e+01 
9.839548e+01 
9.850377e+01 
9.863701e+01 
9.878744e+01 
9.894717e+01 
9.910889e+01 
9.926641e+01 
9.941491e+01 
9.956672e+01 
9.973031e+01 
9.989289e+01 
1.000367e+02 
1.001428e+02 
1.001989e+02 
1.002056e+02 
1.001764e+02 
1.001308e+02 
1.000857e+02 
1.000503e+02 
1.000265e+02 
1.000123e+02 
1.000048e+02 
1.000014e+02 
1.000001e+02 
9.999979e+01 
9.999985e+01 
9.999995e+01 
1.000000e+02 
1.000000e+02 
1.000000e+02 
1.000000e+02 

1.000000e+02 
1.000000e+02 
1.000000e+02 
1.000000e+02 
9.999995e+01 
9.999985e+01 
9.999979e+01 
1.000001e+02 
1.000013e+02 
1.000046e+02 
1.000115e+02 
1.000240e+02 
1.000438e+02 
1.000706e+02 
1.000997e+02 
1.001207e+02 
1.001196e+02 
1.000856e+02 
1.000163e+02 
9.991945e+01 
9.980833e+01 
9.969632e+01 
9.959284e+01 
9.950284e+01 
9.941932e+01 
9.933470e+01 
9.925142e+01 
9.917225e+01 
9.910015e+01 
9.903807e+01 
9.898874e+01 
9.895446e+01 
9.893689e+01 
9.893689e+01 
9.895446e+01 
9.898874e+01 
9.903807e+01 
9.910015e+01 
9.917225e+01 
9.925142e+01 
9.933470e+01 
9.941932e+01 
9.950284e+01 
9.959284e+01 
9.969632e+01 
9.980833e+01 
9.991945e+01 
1.000163e+02 
1.000856e+02 
1.001196e+02 
1.001207e+02 
1.000997e+02 
1.000706e+02 
1.000438e+02 
1.000240e+02 
1.000115e+02 
1.000046e+02 
1.000013e+02 
1.000001e+02 
9.999979e+01 
9.999985e+01 
9.999995e+01 
1.000000e+02 
1.000000e+02 
1.000000e+02 
1.000000e+02 

1.000000e+02 
1.000000e+02 
1.000000e+02 
1.000000e+02 
9.999995e+01 
9.999985e+01 
9.999979e+01 
1.000001e+02 
1.000012e+02 
1.000042e+02 
1.000103e+02 
1.000208e+02 
1.000358e+02 
1.000533e+02 
1.000671e+02 
1.000682e+02 
1.000487e+02 
1.000059e+02 
9.994417e+01 
9.987249e+01 
9.980014e+01 
9.973376e+01 
9.967664e+01 
9.962955e+01 
9.958770e+01 
9.954682e+01 
9.950792e+01 
9.947203e+01 
9.944018e+01 
9.941334e+01 
9.939239e+01 
9.937800e+01 
9.937068e+01 
9.937068e+01 
9.937800e+01 
9.939239e+01 
9.941334e+01 
9.944018e+01 
9.947203e+01 
9.950792e+01 
9.954682e+01 
9.958770e+01 
9.962955e+01 
9.967664e+01 
9.973376e+01 
9.980014e+01 
9.987249e+01 
9.994417e+01 
1.000059e+02 
1.000487e+02 
1.000682e+02 
1.000671e+02 
1.000533e+02 
1.000358e+02 
1.000208e+02 
1.000103e+02 
1.000042e+02 
1.000012e+02 
1.000001e+02 
9.999979e+01 
9.999985e+01 
9.999995e+01 
1.000000e+02 
1.000000e+02 
1.000000e+02 
1.000000e+02 

1.000000e+02 
1.000000e+02 
1.000000e+02 
1.000000e+02 
9.999995e+01 
9.999985e+01 
9.999980e+01 
1.000000e+02 
1.000011e+02 
1.000037e+02 
1.000088e+02 
1.000168e+02 
1.000266e+02 
1.000351e+02 
1.000367e+02 
1.000261e+02 
1.000009e+02 
9.996361e+01 
9.991984e+01 
9.987561e+01 
9.983529e+01 
9.980102e+01 
9.977316e+01 
9.975115e+01 
9.973223e+01 
9.971426e+01 
9.969759e+01 
9.968255e+01 
9.966945e+01 
9.965860e+01 
9.965022e+01 
9.964453e+01 
9.964165e+01 
9.964165e+01 
9.964453e+01 
9.965022e+01 
9.965860e+01 
9.966945e+01 
9.968255e+01 
9.969759e+01 
9.971426e+01 
9.973223e+01 
9.975115e+01 
9.977316e+01 
9.980102e+01 
9.983529e+01 
9.987561e+01 
9.991984e+01 
9.996361e+01 
1.000009e+02 
1.000261e+02 
1.000367e+02 
1.000351e+02 
1.000266e+02 
1.000168e+02 
1.000088e+02 
1.000037e+02 
1.000011e+02 
1.000000e+02 
9.999980e+01 
9.999985e+01 
9.999995e+01 
1.000000e+02 
1.000000e+02 
1.000000e+02 
1.000000e+02 

1.000000e+02 
1.000000e+02 
1.000000e+02 
1.000000e+02 
9.999995e+01 
9.999986e+01 
9.999980e+01 
1.000000e+02 
1.000009e+02 
1.000031e+02 
1.000069e+02 
1.000121e+02 
1.000170e+02 
1.000184e+02 
1.000129e+02 
9.999877e+01 
9.997732e+01 
9.995192e+01 
9.992623e+01 
9.990297e+01 
9.988340e+01 
9.986773e+01 
9.985554e+01 
9.984621e+01 
9.983838e+01 
9.983110e+01 
9.982447e+01 
9.981859e+01 
9.981353e+01 
9.980939e+01 
9.980623e+01 
9.980409e+01 
9.980301e+01 
9.980301e+01 
9.980409e+01 
9.980623e+01 
9.980939e+01 
9.981353e+01 
9.981859e+01 
9.982447e+01 
9.983110e+01 
9.983838e+01 
9.984621e+01 
9.985554e+01 
9.986773e+01 
9.988340e+01 
9.990297e+01 
9.992623e+01 
9.995192e+01 
9.997732e+01 
9.999877e+01 
1.000129e+02 
1.000184e+02 
1.000170e+02 
1.000121e+02 
1.000069e+02 
1.000031e+02 
1.000009e+02 
1.000000e+02 
9.999980e+01 
9.999986e+01 
9.999995e+01 
1.000000e+02 
1.000000e+02 
1.000000e+02 
1.000000e+02 

1.000000e+02 
1.000000e+02 
1.000000e+02 
1.000000e+02 
9.999995e+01 
9.999986e+01 
9.999980e+01 
9.999997e+01 
1.000007e+02 
1.000023e+02 
1.000048e+02 
1.000074e+02 
1.000083e+02 
1.000056e+02 
9.999809e+01 
9.998633e+01 
9.997225e+01 
9.995803e+01 
9.994521e+01 
9.993454e+01 
9.992610e+01 
9.991964e+01 
9.991476e+01 
9.991112e+01 
9.990812e+01 
9.990536e+01 
9.990289e+01 
9.990072e+01 
9.989887e+01 
9.989737e+01 
9.989623e+01 
9.989546e+01 
9.989507e+01 
9.989507e+01 
9.989546e+01 
9.989623e+01 
9.989737e+01 
9.989887e+01 
9.990072e+01 
9.990289e+01 
9.990536e+01 
9.990812e+01 
9.991112e+01 
9.991476e+01 
9.991964e+01 
9.992610e+01 
9.993454e+01 
9.994521e+01 
9.995803e+01 
9.997225e+01 
9.998633e+01 
9.999809e+01 
1.000056e+02 
1.000083e+02 
1.000074e+02 
1.000048e+02 
1.000023e+02 
1.000007e+02 
9.999997e+01 
9.999980e+01 
9.999986e+01 
9.999995e+01 
1.000000e+02 
1.000000e+02 
1.000000e+02 
1.000000e+02 

1.000000e+02 
1.000000e+02 
1.000000e+02 
1.000000e+02 
9.999996e+01 
9.999987e+01 
9.999980e+01 
9.999992e+01 
1.000004e+02 
1.000015e+02 
1.000026e+02 
1.000032e+02 
1.000019e+02 
9.999808e+01 
9.999194e+01 
9.998449e+01 
9.997695e+01 
9.997020e+01 
9.996462e+01 
9.996026e+01 
9.995696e+01 
9.995451e+01 
9.995271e+01 
9.995138e+01 
9.995030e+01 
9.994932e+01 
9.994845e+01 
9.994768e+01 
9.994704e+01 
9.994652e+01 
9.994613e+01 
9.994586e+01 
9.994573e+01 
9.994573e+01 
9.994586e+01 
9.994613e+01 
9.994652e+01 
9.994704e+01 
9.994768e+01 
9.994845e+01 
9.994932e+01 
9.995030e+01 
9.995138e+01 
9.995271e+01 
9.995451e+01 
9.995696e+01 
9.996026e+01 
9.996462e+01 
9.997020e+01 
9.997695e+01 
9.998449e+01 
9.999194e+01 
9.999808e+01 
1.000019e+02 
1.000032e+02 
1.000026e+02 
1.000015e+02 
1.000004e+02 
9.999992e+01 
9.999980e+01 
9.999987e+01 
9.999996e+01 
1.000000e+02 
1.000000e+02 
1.000000e+02 
1.000000e+02 

1.000000e+02 
1.000000e+02 
1.000000e+02 
1.000000e+02 
9.999996e+01 
9.999988e+01 
9.999981e+01 
9.999987e+01 
1.000002e+02 
1.000006e+02 
1.000008e+02 
1.000002e+02 
9.999839e+01 
9.999534e+01 
9.999158e+01 
9.998777e+01 
9.998436e+01 
9.998157e+01 
9.997940e+01 
9.997779e+01 
9.997660e+01 
9.997574e+01 
9.997511e+01 
9.997466e+01 
9.997429e+01 
9.997396e+01 
9.997367e+01 
9.997341e+01 
9.997320e+01 
9.997303e+01 
9.997290e+01 
9.997281e+01 
9.997277e+01 
9.997277e+01 
9.997281e+01 
9.997290e+01 
9.997303e+01 
9.997320e+01 
9.997341e+01 
9.997367e+01 
9.997396e+01 
9.997429e+01 
9.997466e+01 
9.997511e+01 
9.997574e+01 
9.997660e+01 
9.997779e+01 
9.997940e+01 
9.998157e+01 
9.998436e+01 
9.998777e+01 
9.999158e+01 
9.999534e+01 
9.999839e+01 
1.000002e+02 
1.000008e+02 
1.000006e+02 
1.000002e+02 
9.999987e+01 
9.999981e+01 
9.999988e+01 
9.999996e+01 
1.000000e+02 
1.000000e+02 
1.000000e+02 
1.000000e+02 

1.000000e+02 
1.000000e+02 
1.000000e+02 
1.000000e+02 
9.999996e+01 
9.999990e+01 
9.999983e+01 
9.999983e+01 
9.999992e+01 
9.999995e+01 
9.999966e+01 
9.999880e+01 
9.999737e+01 
9.999559e+01 
9.999376e+01 
9.999213e+01 
9.999080e+01 
9.998978e+01 
9.998902e+01 
9.998848e+01 
9.998808e+01 
9.998780e+01 
9.998760e+01 
9.998745e+01 
9.998734e+01 
9.998723e+01 
9.998714e+01 
9.998706e+01 
9.998699e+01 
9.998694e+01 
9.998690e+01 
9.998687e+01 
9.998686e+01 
9.998686e+01 
9.998687e+01 
9.998690e+01 
9.998694e+01 
9.998699e+01 
9.998706e+01 
9.998714e+01 
9.998723e+01 
9.998734e+01 
9.998745e+01 
9.998760e+01 
9.998780e+01 
9.998808e+01 
9.998848e+01 
9.998902e+01 
9.998978e+01 
9.999080e+01 
9.999213e+01 
9.999376e+01 
9.999559e+01 
9.999737e+01 
9.999880e+01 
9.999966e+01 
9.999995e+01 
9.999992e+01 
9.999983e+01 
9.999983e+01 
9.999990e+01 
9.999996e+01 
1.000000e+02 
1.000000e+02 
1.000000e+02 
1.000000e+02 

1.000000e+02 
1.000000e+02 
1.000000e+02 
1.000000e+02 
9.999997e+01 
9.999992e+01 
9.999985e+01 
9.999981e+01 
9.999977e+01 
9.999961e+01 
9.999923e+01 
9.999860e+01 
9.999781e+01 
9.999699e+01 
9.999626e+01 
9.999567e+01 
9.999522e+01 
9.999489e+01 
9.999465e+01 
9.999448e+01 
9.999436e+01 
9.999428e+01 
9.999422e+01 
9.999417e+01 
9.999414e+01 
9.999411e+01 
9.999408e+01 
9.999406e+01 
9.999404e+01 
9.999402e+01 
9.999401e+01 
9.999400e+01 
9.999400e+01 
9.999400e+01 
9.999400e+01 
9.999401e+01 
9.999402e+01 
9.999404e+01 
9.999406e+01 
9.999408e+01 
9.999411e+01 
9.999414e+01 
9.999417e+01 
9.999422e+01 
9.999428e+01 
9.999436e+01 
9.999448e+01 
9.999465e+01 
9.999489e+01 
9.999522e+01 
9.999567e+01 
9.999626e+01 
9.999699e+01 
9.999781e+01 
9.999860e+01 
9.999923e+01 
9.999961e+01 
9.999977e+01 
9.999981e+01 
9.999985e+01 
9.999992e+01 
9.999997e+01 
1.000000e+02 
1.000000e+02 
1.000000e+02 
1.000000e+02 

1.000000e+02 
1.000000e+02 
1.000000e+02 
1.000000e+02 
9.999998e+01 
9.999994e+01 
9.999989e+01 
9.999984e+01 
9.999975e+01 
9.999959e+01 
9.999934e+01 
9.999902e+01 
9.999869e+01 
9.999839e+01 
9.999815e+01 
9.999797e+01 
9.999783e+01 
9.999774e+01 
9.999767e+01 
9.999762e+01 
9.999759e+01 
9.999757e+01 
9.999755e+01 
9.999754e+01 
9.999753e+01 
9.999752e+01 
9.999752e+01 
9.999751e+01 
9.999750e+01 
9.999750e+01 
9.999750e+01 
9.999749e+01 
9.999749e+01 
9.999749e+01 
9.999749e+01 
9.999750e+01 
9.999750e+01 
9.999750e+01 
9.999751e+01 
9.999752e+01 
9.999752e+01 
9.999753e+01 
9.999754e+01 
9.999755e+01 
9.999757e+01 
9.999759e+01 
9.999762e+01 
9.999767e+01 
9.999774e+01 
9.999783e+01 
9.999797e+01 
9.999815e+01 
9.999839e+01 
9.999869e+01 
9.999902e+01 
9.999934e+01 
9.999959e+01 
9.999975e+01 
9.999984e+01 
9.999989e+01 
9.999994e+01 
9.999998e+01 
1.000000e+02 
1.000000e+02 
1.000000e+02 
1.000000e+02 

1.000000e+02 
1.000000e+02 
1.000000e+02 
1.000000e+02 
9.999999e+01 
9.999997e+01 
9.999994e+01 
9.999990e+01 
9.999984e+01 
9.999975e+01 
9.999964e+01 
9.999953e+01 
9.999943e+01 
9.999935e+01 
9.999928e+01 
9.999924e+01 
9.999920e+01 
9.999918e+01 
9.999916e+01 
9.999915e+01 
9.999915e+01 
9.999914e+01 
9.999914e+01 
9.999913e+01 
9.999913e+01 
9.999913e+01 
9.999913e+01 
9.999913e+01 
9.999913e+01 
9.999913e+01 
9.999912e+01 
9.999912e+01 
9.999912e+01 
9.999912e+01 
9.999912e+01 
9.999912e+01 
9.999913e+01 
9.999913e+01 
9.999913e+01 
9.999913e+01 
9.999913e+01 
9.999913e+01 
9.999913e+01 
9.999914e+01 
9.999914e+01 
9.999915e+01 
9.999915e+01 
9.999916e+01 
9.999918e+01 
9.999920e+01 
9.999924e+01 
9.999928e+01 
9.999935e+01 
9.999943e+01 
9.999953e+01 
9.999964e+01 
9.999975e+01 
9.999984e+01 
9.999990e+01 
9.999994e+01 
9.999997e+01 
9.999999e+01 
1.000000e+02 
1.000000e+02 
1.000000e+02 
1.000000e+02 

1.000000e+02 
1.000000e+02 
1.000000e+02 
1.000000e+02 
1.000000e+02 
9.999999e+01 
9.999998e+01 
9.999997e+01 
9.999995e+01 
9.999993e+01 
9.999990e+01 
9.999988e+01 
9.999986e+01 
9.999984e+01 
9.999983e+01 
9.999982e+01 
9.999982e+01 
9.999982e+01 
9.999981e+01 
9.999981e+01 
9.999981e+01 
9.999981e+01 
9.999981e+01 
9.999981e+01 
9.999981e+01 
9.999981e+01 
9.999981e+01 
9.999981e+01 
9.999981e+01 
9.999981e+01 
9.999981e+01 
9.999981e+01 
9.999981e+01 
9.999981e+01 
9.999981e+01 
9.999981e+01 
9.999981e+01 
9.999981e+01 
9.999981e+01 
9.999981e+01 
9.999981e+01 
9.999981e+01 
9.999981e+01 
9.999981e+01 
9.999981e+01 
9.999981e+01 
9.999981e+01 
9.999981e+01 
9.999982e+01 
9.999982e+01 
9.999982e+01 
9.999983e+01 
9.999984e+01 
9.999986e+01 
9.999988e+01 
9.999990e+01 
9.999993e+01 
9.999995e+01 
9.999997e+01 
9.999998e+01 
9.999999e+01 
1.000000e+02 
1.000000e+02 
1.000000e+02 
1.000000e+02 
1.000000e+02 

1.000000e+02 
1.000000e+02 
1.000000e+02 
1.000000e+02 
1.000000e+02 
1.000000e+02 
1.000000e+02 
1.000000e+02 
1.000000e+02 
1.000000e+02 
1.000000e+02 
1.000000e+02 
1.000000e+02 
1.000000e+02 
1.000000e+02 
1.000000e+02 
1.000000e+02 
1.000000e+02 
1.000000e+02 
1.000000e+02 
1.000000e+02 
1.000000e+02 
1.000000e+02 
1.000000e+02 
1.000000e+02 
1.000000e+02 
1.000000e+02 
1.000000e+02 
1.000000e+02 
1.000000e+02 
1.000000e+02 
1.000000e+02 
1.000000e+02 
1.000000e+02 
1.000000e+02 
1.000000e+02 
1.000000e+02 
1.000000e+02 
1.000000e+02 
1.000000e+02 
1.000000e+02 
1.000000e+02 
1.000000e+02 
1.000000e+02 
1.000000e+02 
1.000000e+02 
1.000000e+02 
1.000000e+02 
1.000000e+02 
1.000000e+02 
1.000000e+02 
1.000000e+02 
1.000000e+02 
1.000000e+02 
1.000000e+02 
1.000000e+02 
1.000000e+02 
1.000000e+02 
1.000000e+02 
1.000000e+02 
1.000000e+02 
1.000000e+02 
1.000000e+02 
1.000000e+02 
1.000000e+02 
1.000000e+02 

1.000000e+02 
1.000000e+02 
1.000000e+02 
1.000000e+02 
1.000000e+02 
1.000000e+02 
1.000000e+02 
1.000000e+02 
1.000000e+02 
1.000000e+02 
1.000000e+02 
1.000000e+02 
1.000000e+02 
1.000000e+02 
1.000000e+02 
1.000000e+02 
1.000000e+02 
1.000000e+02 
1.000000e+02 
1.000000e+02 
1.000000e+02 
1.000000e+02 
1.000001e+02 
1.000001e+02 
1.000001e+02 
1.000001e+02 
1.000001e+02 
1.000001e+02 
1.000001e+02 
1.000001e+02 
1.000001e+02 
1.000001e+02 
1.000001e+02 
1.000001e+02 
1.000001e+02 
1.000001e+02 
1.000001e+02 
1.000001e+02 
1.000001e+02 
1.000001e+02 
1.000001e+02 
1.000001e+02 
1.000001e+02 
1.000001e+02 
1.000000e+02 
1.000000e+02 
1.000000e+02 
1.000000e+02 
1.000000e+02 
1.000000e+02 
1.000000e+02 
1.000000e+02 
1.000000e+02 
1.000000e+02 
1.000000e+02 
1.000000e+02 
1.000000e+02 
1.000000e+02 
1.000000e+02 
1.000000e+02 
1.000000e+02 
1.000000e+02 
1.000000e+02 
1.000000e+02 
1.000000e+02 
1.000000e+02 

1.000000e+02 
1.000000e+02 
1.000000e+02 
1.000000e+02 
1.000000e+02 
1.000000e+02 
1.000000e+02 
1.000000e+02 
1.000000e+02 
1.000000e+02 
1.000000e+02 
1.000000e+02 
1.000000e+02 
1.000000e+02 
1.000000e+02 
1.000000e+02 
1.000000e+02 
1.000000e+02 
1.000000e+02 
1.000000e+02 
1.000000e+02 
1.000000e+02 
1.000000e+02 
1.000000e+02 
1.000000e+02 
1.000000e+02 
1.000000e+02 
1.000000e+02 
1.000000e+02 
1.000000e+02 
1.000000e+02 
1.000000e+02 
1.000000e+02 
1.000000e+02 
1.000000e+02 
1.000000e+02 
1.000000e+02 
1.000000e+02 
1.000000e+02 
1.000000e+02 
1.000000e+02 
1.000000e+02 
1.000000e+02 
1.000000e+02 
1.000000e+02 
1.000000e+02 
1.000000e+02 
1.000000e+02 
1.000000e+02 
1.000000e+02 
1.000000e+02 
1.000000e+02 
1.000000e+02 
1.000000e+02 
1.000000e+02 
1.000000e+02 
1.000000e+02 
1.000000e+02 
1.000000e+02 
1.000000e+02 
1.000000e+02 
1.000000e+02 
1.000000e+02 
1.000000e+02 
1.000000e+02 
1.000000e+02 

1.000000e+02 
1.000000e+02 
1.000000e+02 
1.000000e+02 
1.000000e+02 
1.000000e+02 
1.000000e+02 
1.000000e+02 
1.000000e+02 
1.000000e+02 
1.000000e+02 
1.000000e+02 
1.000000e+02 
1.000000e+02 
1.000000e+02 
1.000000e+02 
1.000000e+02 
1.000000e+02 
1.000000e+02 
1.000000e+02 
1.000000e+02 
1.000000e+02 
1.000000e+02 
1.000000e+02 
1.000000e+02 
1.000000e+02 
1.000000e+02 
1.000000e+02 
1.000000e+02 
1.000000e+02 
1.000000e+02 
1.000000e+02 
1.000000e+02 
1.000000e+02 
1.000000e+02 
1.000000e+02 
1.000000e+02 
1.000000e+02 
1.000000e+02 
1.000000e+02 
1.000000e+02 
1.000000e+02 
1.000000e+02 
1.000000e+02 
1.000000e+02 
1.000000e+02 
1.000000e+02 
1.000000e+02 
1.000000e+02 
1.000000e+02 
1.000000e+02 
1.000000e+02 
1.000000e+02 
1.000000e+02 
1.000000e+02 
1.000000e+02 
1.000000e+02 
1.000000e+02 
1.000000e+02 
1.000000e+02 
1.000000e+02 
1.000000e+02 
1.000000e+02 
1.000000e+02 
1.000000e+02 
1.000000e+02 

1.000000e+02 
1.000000e+02 
1.000000e+02 
1.000000e+02 
1.000000e+02 
1.000000e+02 
1.000000e+02 
1.000000e+02 
1.000000e+02 
1.000000e+02 
1.000000e+02 
1.000000e+02 
1.000000e+02 
1.000000e+02 
1.000000e+02 
1.000000e+02 
1.000000e+02 
1.000000e+02 
1.000000e+02 
1.000000e+02 
1.000000e+02 
1.000000e+02 
1.000000e+02 
1.000000e+02 
1.000000e+02 
1.000000e+02 
1.000000e+02 
1.000000e+02 
1.000000e+02 
1.000000e+02 
1.000000e+02 
1.000000e+02 
1.000000e+02 
1.000000e+02 
1.000000e+02 
1.000000e+02 
1.000000e+02 
1.000000e+02 
1.000000e+02 
1.000000e+02 
1.000000e+02 
1.000000e+02 
1.000000e+02 
1.000000e+02 
1.000000e+02 
1.000000e+02 
1.000000e+02 
1.000000e+02 
1.000000e+02 
1.000000e+02 
1.000000e+02 
1.000000e+02 
1.000000e+02 
1.000000e+02 
1.000000e+02 
1.000000e+02 
1.000000e+02 
1.000000e+02 
1.000000e+02 
1.000000e+02 
1.000000e+02 
1.000000e+02 
1.000000e+02 
1.000000e+02 
1.000000e+02 
1.000000e+02 

1.000000e+02 
1.000000e+02 
1.000000e+02 
1.000000e+02 
1.000000e+02 
1.000000e+02 
1.000000e+02 
1.000000e+02 
1.000000e+02 
1.000000e+02 
1.000000e+02 
1.000000e+02 
1.000000e+02 
1.000000e+02 
1.000000e+02 
1.000000e+02 
1.000000e+02 
1.000000e+02 
1.000000e+02 
1.000000e+02 
1.000000e+02 
1.000000e+02 
1.000000e+02 
1.000000e+02 
1.000000e+02 
1.000000e+02 
1.000000e+02 
1.000000e+02 
1.000000e+02 
1.000000e+02 
1.000000e+02 
1.000000e+02 
1.000000e+02 
1.000000e+02 
1.000000e+02 
1.000000e+02 
1.000000e+02 
1.000000e+02 
1.000000e+02 
1.000000e+02 
1.000000e+02 
1.000000e+02 
1.000000e+02 
1.000000e+02 
1.000000e+02 
1.000000e+02 
1.000000e+02 
1.000000e+02 
1.000000e+02 
1.000000e+02 
1.000000e+02 
1.000000e+02 
1.000000e+02 
1.000000e+02 
1.000000e+02 
1.000000e+02 
1.000000e+02 
1.000000e+02 
1.000000e+02 
1.000000e+02 
1.000000e+02 
1.000000e+02 
1.000000e+02 
1.000000e+02 
1.000000e+02 
1.000000e+02 

