1.000000e+02 
1.000000e+02 
1.000000e+02 
1.000000e+02 
1.000000e+02 
1.000000e+02 
1.000000e+02 
1.000000e+02 
1.000000e+02 
1.000000e+02 
1.000000e+02 
1.000000e+02 
1.000000e+02 
1.000000e+02 
1.000000e+02 
1.000000e+02 
1.000000e+02 
1.000000e+02 
1.000000e+02 
1.000000e+02 
1.000000e+02 
1.000000e+02 
1.000000e+02 
1.000000e+02 
1.000000e+02 
1.000000e+02 
1.000000e+02 
1.000000e+02 
1.000000e+02 
1.000000e+02 
1.000000e+02 
1.000000e+02 
1.000000e+02 
1.000000e+02 
1.000000e+02 
1.000000e+02 
1.000000e+02 
1.000000e+02 
1.000000e+02 
1.000000e+02 
1.000000e+02 
1.000000e+02 
1.000000e+02 
1.000000e+02 
1.000000e+02 
1.000000e+02 
1.000000e+02 
1.000000e+02 
1.000000e+02 
1.000000e+02 
1.000000e+02 
1.000000e+02 
1.000000e+02 
1.000000e+02 
1.000000e+02 
1.000000e+02 
1.000000e+02 
1.000000e+02 
1.000000e+02 
1.000000e+02 
1.000000e+02 
1.000000e+02 
1.000000e+02 
1.000000e+02 
1.000000e+02 
1.000000e+02 

1.000000e+02 
1.000000e+02 
1.000000e+02 
1.000000e+02 
1.000000e+02 
1.000000e+02 
1.000000e+02 
1.000000e+02 
1.000000e+02 
1.000000e+02 
1.000000e+02 
1.000000e+02 
1.000000e+02 
1.000000e+02 
1.000000e+02 
1.000000e+02 
1.000000e+02 
1.000000e+02 
1.000000e+02 
1.000000e+02 
1.000000e+02 
1.000000e+02 
1.000000e+02 
1.000000e+02 
1.000000e+02 
1.000000e+02 
1.000000e+02 
1.000000e+02 
1.000000e+02 
1.000000e+02 
1.000000e+02 
1.000000e+02 
1.000000e+02 
1.000000e+02 
1.000000e+02 
1.000000e+02 
1.000000e+02 
1.000000e+02 
1.000000e+02 
1.000000e+02 
1.000000e+02 
1.000000e+02 
1.000000e+02 
1.000000e+02 
1.000000e+02 
1.000000e+02 
1.000000e+02 
1.000000e+02 
1.000000e+02 
1.000000e+02 
1.000000e+02 
1.000000e+02 
1.000000e+02 
1.000000e+02 
1.000000e+02 
1.000000e+02 
1.000000e+02 
1.000000e+02 
1.000000e+02 
1.000000e+02 
1.000000e+02 
1.000000e+02 
1.000000e+02 
1.000000e+02 
1.000000e+02 
1.000000e+02 

1.000000e+02 
1.000000e+02 
1.000000e+02 
1.000000e+02 
1.000000e+02 
1.000000e+02 
1.000000e+02 
1.000000e+02 
1.000000e+02 
1.000000e+02 
1.000000e+02 
1.000000e+02 
1.000000e+02 
1.000000e+02 
1.000000e+02 
1.000000e+02 
1.000000e+02 
1.000000e+02 
1.000000e+02 
1.000000e+02 
1.000000e+02 
1.000000e+02 
1.000000e+02 
1.000000e+02 
1.000000e+02 
1.000000e+02 
1.000000e+02 
1.000000e+02 
1.000000e+02 
1.000000e+02 
1.000000e+02 
1.000000e+02 
1.000000e+02 
1.000000e+02 
1.000000e+02 
1.000000e+02 
1.000000e+02 
1.000000e+02 
1.000000e+02 
1.000000e+02 
1.000000e+02 
1.000000e+02 
1.000000e+02 
1.000000e+02 
1.000000e+02 
1.000000e+02 
1.000000e+02 
1.000000e+02 
1.000000e+02 
1.000000e+02 
1.000000e+02 
1.000000e+02 
1.000000e+02 
1.000000e+02 
1.000000e+02 
1.000000e+02 
1.000000e+02 
1.000000e+02 
1.000000e+02 
1.000000e+02 
1.000000e+02 
1.000000e+02 
1.000000e+02 
1.000000e+02 
1.000000e+02 
1.000000e+02 

1.000000e+02 
1.000000e+02 
1.000000e+02 
1.000000e+02 
1.000000e+02 
1.000000e+02 
1.000000e+02 
1.000000e+02 
1.000000e+02 
1.000000e+02 
1.000000e+02 
9.999999e+01 
9.999999e+01 
9.999999e+01 
9.999999e+01 
9.999999e+01 
9.999999e+01 
9.999999e+01 
9.999999e+01 
9.999999e+01 
9.999999e+01 
9.999999e+01 
9.999999e+01 
9.999999e+01 
9.999999e+01 
9.999999e+01 
9.999999e+01 
9.999999e+01 
9.999999e+01 
9.999999e+01 
9.999999e+01 
9.999999e+01 
9.999999e+01 
9.999999e+01 
9.999999e+01 
9.999999e+01 
9.999999e+01 
9.999999e+01 
9.999999e+01 
9.999999e+01 
9.999999e+01 
9.999999e+01 
9.999999e+01 
9.999999e+01 
9.999999e+01 
9.999999e+01 
9.999999e+01 
9.999999e+01 
9.999999e+01 
9.999999e+01 
9.999999e+01 
9.999999e+01 
9.999999e+01 
9.999999e+01 
9.999999e+01 
1.000000e+02 
1.000000e+02 
1.000000e+02 
1.000000e+02 
1.000000e+02 
1.000000e+02 
1.000000e+02 
1.000000e+02 
1.000000e+02 
1.000000e+02 
1.000000e+02 

1.000000e+02 
1.000000e+02 
1.000000e+02 
1.000000e+02 
1.000000e+02 
1.000000e+02 
1.000000e+02 
9.999998e+01 
9.999997e+01 
9.999995e+01 
9.999994e+01 
9.999993e+01 
9.999993e+01 
9.999993e+01 
9.999992e+01 
9.999992e+01 
9.999992e+01 
9.999992e+01 
9.999992e+01 
9.999992e+01 
9.999992e+01 
9.999992e+01 
9.999992e+01 
9.999992e+01 
9.999992e+01 
9.999992e+01 
9.999992e+01 
9.999992e+01 
9.999992e+01 
9.999992e+01 
9.999992e+01 
9.999992e+01 
9.999992e+01 
9.999992e+01 
9.999992e+01 
9.999992e+01 
9.999992e+01 
9.999992e+01 
9.999992e+01 
9.999992e+01 
9.999992e+01 
9.999992e+01 
9.999992e+01 
9.999992e+01 
9.999992e+01 
9.999992e+01 
9.999992e+01 
9.999992e+01 
9.999992e+01 
9.999992e+01 
9.999992e+01 
9.999992e+01 
9.999993e+01 
9.999993e+01 
9.999993e+01 
9.999994e+01 
9.999995e+01 
9.999997e+01 
9.999998e+01 
1.000000e+02 
1.000000e+02 
1.000000e+02 
1.000000e+02 
1.000000e+02 
1.000000e+02 
1.000000e+02 

1.000000e+02 
1.000000e+02 
1.000000e+02 
1.000000e+02 
1.000000e+02 
1.000000e+02 
9.999997e+01 
9.999994e+01 
9.999989e+01 
9.999986e+01 
9.999983e+01 
9.999981e+01 
9.999980e+01 
9.999979e+01 
9.999978e+01 
9.999978e+01 
9.999977e+01 
9.999977e+01 
9.999977e+01 
9.999977e+01 
9.999977e+01 
9.999977e+01 
9.999977e+01 
9.999977e+01 
9.999977e+01 
9.999977e+01 
9.999977e+01 
9.999977e+01 
9.999977e+01 
9.999977e+01 
9.999977e+01 
9.999977e+01 
9.999977e+01 
9.999977e+01 
9.999977e+01 
9.999977e+01 
9.999977e+01 
9.999977e+01 
9.999977e+01 
9.999977e+01 
9.999977e+01 
9.999977e+01 
9.999977e+01 
9.999977e+01 
9.999977e+01 
9.999977e+01 
9.999977e+01 
9.999977e+01 
9.999977e+01 
9.999977e+01 
9.999978e+01 
9.999978e+01 
9.999979e+01 
9.999980e+01 
9.999981e+01 
9.999983e+01 
9.999986e+01 
9.999989e+01 
9.999994e+01 
9.999997e+01 
1.000000e+02 
1.000000e+02 
1.000000e+02 
1.000000e+02 
1.000000e+02 
1.000000e+02 

1.000000e+02 
1.000000e+02 
1.000000e+02 
1.000000e+02 
1.000000e+02 
1.000000e+02 
9.999994e+01 
9.999987e+01 
9.999980e+01 
9.999975e+01 
9.999972e+01 
9.999971e+01 
9.999970e+01 
9.999970e+01 
9.999971e+01 
9.999971e+01 
9.999971e+01 
9.999971e+01 
9.999971e+01 
9.999971e+01 
9.999971e+01 
9.999971e+01 
9.999971e+01 
9.999971e+01 
9.999971e+01 
9.999971e+01 
9.999971e+01 
9.999971e+01 
9.999971e+01 
9.999971e+01 
9.999971e+01 
9.999971e+01 
9.999971e+01 
9.999971e+01 
9.999971e+01 
9.999971e+01 
9.999971e+01 
9.999971e+01 
9.999971e+01 
9.999971e+01 
9.999971e+01 
9.999971e+01 
9.999971e+01 
9.999971e+01 
9.999971e+01 
9.999971e+01 
9.999971e+01 
9.999971e+01 
9.999971e+01 
9.999971e+01 
9.999971e+01 
9.999971e+01 
9.999970e+01 
9.999970e+01 
9.999971e+01 
9.999972e+01 
9.999975e+01 
9.999980e+01 
9.999987e+01 
9.999994e+01 
1.000000e+02 
1.000000e+02 
1.000000e+02 
1.000000e+02 
1.000000e+02 
1.000000e+02 

1.000000e+02 
1.000000e+02 
1.000000e+02 
1.000000e+02 
1.000000e+02 
9.999999e+01 
9.999989e+01 
9.999977e+01 
9.999968e+01 
9.999966e+01 
9.999972e+01 
9.999981e+01 
9.999992e+01 
1.000000e+02 
1.000001e+02 
1.000001e+02 
1.000002e+02 
1.000002e+02 
1.000002e+02 
1.000002e+02 
1.000002e+02 
1.000003e+02 
1.000003e+02 
1.000003e+02 
1.000003e+02 
1.000003e+02 
1.000003e+02 
1.000003e+02 
1.000003e+02 
1.000003e+02 
1.000003e+02 
1.000003e+02 
1.000003e+02 
1.000003e+02 
1.000003e+02 
1.000003e+02 
1.000003e+02 
1.000003e+02 
1.000003e+02 
1.000003e+02 
1.000003e+02 
1.000003e+02 
1.000003e+02 
1.000003e+02 
1.000003e+02 
1.000002e+02 
1.000002e+02 
1.000002e+02 
1.000002e+02 
1.000002e+02 
1.000001e+02 
1.000001e+02 
1.000000e+02 
9.999992e+01 
9.999981e+01 
9.999972e+01 
9.999966e+01 
9.999968e+01 
9.999977e+01 
9.999989e+01 
9.999999e+01 
1.000000e+02 
1.000000e+02 
1.000000e+02 
1.000000e+02 
1.000000e+02 

1.000000e+02 
1.000000e+02 
1.000000e+02 
1.000000e+02 
1.000000e+02 
9.999998e+01 
9.999983e+01 
9.999964e+01 
9.999950e+01 
9.999956e+01 
9.999985e+01 
1.000003e+02 
1.000008e+02 
1.000012e+02 
1.000016e+02 
1.000019e+02 
1.000021e+02 
1.000023e+02 
1.000024e+02 
1.000024e+02 
1.000025e+02 
1.000025e+02 
1.000025e+02 
1.000026e+02 
1.000026e+02 
1.000026e+02 
1.000026e+02 
1.000026e+02 
1.000026e+02 
1.000026e+02 
1.000026e+02 
1.000026e+02 
1.000026e+02 
1.000026e+02 
1.000026e+02 
1.000026e+02 
1.000026e+02 
1.000026e+02 
1.000026e+02 
1.000026e+02 
1.000026e+02 
1.000026e+02 
1.000026e+02 
1.000025e+02 
1.000025e+02 
1.000025e+02 
1.000024e+02 
1.000024e+02 
1.000023e+02 
1.000021e+02 
1.000019e+02 
1.000016e+02 
1.000012e+02 
1.000008e+02 
1.000003e+02 
9.999985e+01 
9.999956e+01 
9.999950e+01 
9.999964e+01 
9.999983e+01 
9.999998e+01 
1.000000e+02 
1.000000e+02 
1.000000e+02 
1.000000e+02 
1.000000e+02 

1.000000e+02 
1.000000e+02 
1.000000e+02 
1.000000e+02 
1.000000e+02 
9.999997e+01 
9.999976e+01 
9.999945e+01 
9.999920e+01 
9.999929e+01 
9.999991e+01 
1.000010e+02 
1.000024e+02 
1.000039e+02 
1.000052e+02 
1.000062e+02 
1.000070e+02 
1.000075e+02 
1.000080e+02 
1.000082e+02 
1.000084e+02 
1.000086e+02 
1.000087e+02 
1.000088e+02 
1.000088e+02 
1.000089e+02 
1.000089e+02 
1.000090e+02 
1.000090e+02 
1.000090e+02 
1.000090e+02 
1.000091e+02 
1.000091e+02 
1.000091e+02 
1.000091e+02 
1.000090e+02 
1.000090e+02 
1.000090e+02 
1.000090e+02 
1.000089e+02 
1.000089e+02 
1.000088e+02 
1.000088e+02 
1.000087e+02 
1.000086e+02 
1.000084e+02 
1.000082e+02 
1.000080e+02 
1.000075e+02 
1.000070e+02 
1.000062e+02 
1.000052e+02 
1.000039e+02 
1.000024e+02 
1.000010e+02 
9.999991e+01 
9.999929e+01 
9.999920e+01 
9.999945e+01 
9.999976e+01 
9.999997e+01 
1.000000e+02 
1.000000e+02 
1.000000e+02 
1.000000e+02 
1.000000e+02 

1.000000e+02 
1.000000e+02 
1.000000e+02 
1.000000e+02 
1.000000e+02 
9.999996e+01 
9.999970e+01 
9.999924e+01 
9.999876e+01 
9.999867e+01 
9.999948e+01 
1.000015e+02 
1.000045e+02 
1.000080e+02 
1.000114e+02 
1.000144e+02 
1.000168e+02 
1.000186e+02 
1.000200e+02 
1.000210e+02 
1.000216e+02 
1.000221e+02 
1.000225e+02 
1.000227e+02 
1.000230e+02 
1.000231e+02 
1.000233e+02 
1.000234e+02 
1.000235e+02 
1.000236e+02 
1.000237e+02 
1.000238e+02 
1.000238e+02 
1.000238e+02 
1.000238e+02 
1.000237e+02 
1.000236e+02 
1.000235e+02 
1.000234e+02 
1.000233e+02 
1.000231e+02 
1.000230e+02 
1.000227e+02 
1.000225e+02 
1.000221e+02 
1.000216e+02 
1.000210e+02 
1.000200e+02 
1.000186e+02 
1.000168e+02 
1.000144e+02 
1.000114e+02 
1.000080e+02 
1.000045e+02 
1.000015e+02 
9.999948e+01 
9.999867e+01 
9.999876e+01 
9.999924e+01 
9.999970e+01 
9.999996e+01 
1.000000e+02 
1.000000e+02 
1.000000e+02 
1.000000e+02 
1.000000e+02 

1.000000e+02 
1.000000e+02 
1.000000e+02 
1.000000e+02 
1.000000e+02 
9.999995e+01 
9.999964e+01 
9.999903e+01 
9.999822e+01 
9.999768e+01 
9.999822e+01 
1.000007e+02 
1.000056e+02 
1.000123e+02 
1.000200e+02 
1.000273e+02 
1.000336e+02 
1.000387e+02 
1.000426e+02 
1.000455e+02 
1.000476e+02 
1.000492e+02 
1.000503e+02 
1.000510e+02 
1.000517e+02 
1.000523e+02 
1.000528e+02 
1.000532e+02 
1.000536e+02 
1.000539e+02 
1.000541e+02 
1.000543e+02 
1.000543e+02 
1.000543e+02 
1.000543e+02 
1.000541e+02 
1.000539e+02 
1.000536e+02 
1.000532e+02 
1.000528e+02 
1.000523e+02 
1.000517e+02 
1.000510e+02 
1.000503e+02 
1.000492e+02 
1.000476e+02 
1.000455e+02 
1.000426e+02 
1.000387e+02 
1.000336e+02 
1.000273e+02 
1.000200e+02 
1.000123e+02 
1.000056e+02 
1.000007e+02 
9.999822e+01 
9.999768e+01 
9.999822e+01 
9.999903e+01 
9.999964e+01 
9.999995e+01 
1.000000e+02 
1.000000e+02 
1.000000e+02 
1.000000e+02 
1.000000e+02 

1.000000e+02 
1.000000e+02 
1.000000e+02 
1.000000e+02 
1.000000e+02 
9.999994e+01 
9.999959e+01 
9.999884e+01 
9.999768e+01 
9.999646e+01 
9.999611e+01 
9.999815e+01 
1.000041e+02 
1.000144e+02 
1.000282e+02 
1.000434e+02 
1.000579e+02 
1.000705e+02 
1.000806e+02 
1.000884e+02 
1.000943e+02 
1.000986e+02 
1.001018e+02 
1.001041e+02 
1.001060e+02 
1.001077e+02 
1.001092e+02 
1.001105e+02 
1.001116e+02 
1.001125e+02 
1.001132e+02 
1.001136e+02 
1.001138e+02 
1.001138e+02 
1.001136e+02 
1.001132e+02 
1.001125e+02 
1.001116e+02 
1.001105e+02 
1.001092e+02 
1.001077e+02 
1.001060e+02 
1.001041e+02 
1.001018e+02 
1.000986e+02 
1.000943e+02 
1.000884e+02 
1.000806e+02 
1.000705e+02 
1.000579e+02 
1.000434e+02 
1.000282e+02 
1.000144e+02 
1.000041e+02 
9.999815e+01 
9.999611e+01 
9.999646e+01 
9.999768e+01 
9.999884e+01 
9.999959e+01 
9.999994e+01 
1.000000e+02 
1.000000e+02 
1.000000e+02 
1.000000e+02 
1.000000e+02 

1.000000e+02 
1.000000e+02 
1.000000e+02 
1.000000e+02 
1.000000e+02 
9.999994e+01 
9.999955e+01 
9.999869e+01 
9.999720e+01 
9.999522e+01 
9.999350e+01 
9.999382e+01 
9.999888e+01 
1.000112e+02 
1.000315e+02 
1.000578e+02 
1.000863e+02 
1.001134e+02 
1.001371e+02 
1.001563e+02 
1.001713e+02 
1.001826e+02 
1.001911e+02 
1.001974e+02 
1.002026e+02 
1.002073e+02 
1.002115e+02 
1.002152e+02 
1.002184e+02 
1.002209e+02 
1.002229e+02 
1.002242e+02 
1.002248e+02 
1.002248e+02 
1.002242e+02 
1.002229e+02 
1.002209e+02 
1.002184e+02 
1.002152e+02 
1.002115e+02 
1.002073e+02 
1.002026e+02 
1.001974e+02 
1.001911e+02 
1.001826e+02 
1.001713e+02 
1.001563e+02 
1.001371e+02 
1.001134e+02 
1.000863e+02 
1.000578e+02 
1.000315e+02 
1.000112e+02 
9.999888e+01 
9.999382e+01 
9.999350e+01 
9.999522e+01 
9.999720e+01 
9.999869e+01 
9.999955e+01 
9.999994e+01 
1.000000e+02 
1.000000e+02 
1.000000e+02 
1.000000e+02 
1.000000e+02 

1.000000e+02 
1.000000e+02 
1.000000e+02 
1.000000e+02 
1.000000e+02 
9.999994e+01 
9.999953e+01 
9.999857e+01 
9.999682e+01 
9.999412e+01 
9.999083e+01 
9.998847e+01 
9.999031e+01 
1.000011e+02 
1.000248e+02 
1.000621e+02 
1.001094e+02 
1.001602e+02 
1.002088e+02 
1.002512e+02 
1.002861e+02 
1.003135e+02 
1.003347e+02 
1.003507e+02 
1.003640e+02 
1.003764e+02 
1.003876e+02 
1.003975e+02 
1.004060e+02 
1.004129e+02 
1.004182e+02 
1.004217e+02 
1.004235e+02 
1.004235e+02 
1.004217e+02 
1.004182e+02 
1.004129e+02 
1.004060e+02 
1.003975e+02 
1.003876e+02 
1.003764e+02 
1.003640e+02 
1.003507e+02 
1.003347e+02 
1.003135e+02 
1.002861e+02 
1.002512e+02 
1.002088e+02 
1.001602e+02 
1.001094e+02 
1.000621e+02 
1.000248e+02 
1.000011e+02 
9.999031e+01 
9.998847e+01 
9.999083e+01 
9.999412e+01 
9.999682e+01 
9.999857e+01 
9.999953e+01 
9.999994e+01 
1.000000e+02 
1.000000e+02 
1.000000e+02 
1.000000e+02 
1.000000e+02 

1.000000e+02 
1.000000e+02 
1.000000e+02 
1.000000e+02 
1.000000e+02 
9.999993e+01 
9.999951e+01 
9.999849e+01 
9.999652e+01 
9.999322e+01 
9.998845e+01 
9.998302e+01 
9.997986e+01 
9.998478e+01 
1.000056e+02 
1.000484e+02 
1.001134e+02 
1.001942e+02 
1.002807e+02 
1.003633e+02 
1.004359e+02 
1.004961e+02 
1.005443e+02 
1.005819e+02 
1.006139e+02 
1.006441e+02 
1.006719e+02 
1.006968e+02 
1.007184e+02 
1.007362e+02 
1.007500e+02 
1.007593e+02 
1.007640e+02 
1.007640e+02 
1.007593e+02 
1.007500e+02 
1.007362e+02 
1.007184e+02 
1.006968e+02 
1.006719e+02 
1.006441e+02 
1.006139e+02 
1.005819e+02 
1.005443e+02 
1.004961e+02 
1.004359e+02 
1.003633e+02 
1.002807e+02 
1.001942e+02 
1.001134e+02 
1.000484e+02 
1.000056e+02 
9.998478e+01 
9.997986e+01 
9.998302e+01 
9.998845e+01 
9.999322e+01 
9.999652e+01 
9.999849e+01 
9.999951e+01 
9.999993e+01 
1.000000e+02 
1.000000e+02 
1.000000e+02 
1.000000e+02 
1.000000e+02 

1.000000e+02 
1.000000e+02 
1.000000e+02 
1.000000e+02 
1.000000e+02 
9.999993e+01 
9.999950e+01 
9.999843e+01 
9.999631e+01 
9.999254e+01 
9.998651e+01 
9.997817e+01 
9.996927e+01 
9.996522e+01 
9.997593e+01 
1.000136e+02 
1.000866e+02 
1.001941e+02 
1.003254e+02 
1.004648e+02 
1.005980e+02 
1.007159e+02 
1.008149e+02 
1.008951e+02 
1.009654e+02 
1.010333e+02 
1.010973e+02 
1.011559e+02 
1.012074e+02 
1.012506e+02 
1.012842e+02 
1.013072e+02 
1.013189e+02 
1.013189e+02 
1.013072e+02 
1.012842e+02 
1.012506e+02 
1.012074e+02 
1.011559e+02 
1.010973e+02 
1.010333e+02 
1.009654e+02 
1.008951e+02 
1.008149e+02 
1.007159e+02 
1.005980e+02 
1.004648e+02 
1.003254e+02 
1.001941e+02 
1.000866e+02 
1.000136e+02 
9.997593e+01 
9.996522e+01 
9.996927e+01 
9.997817e+01 
9.998651e+01 
9.999254e+01 
9.999631e+01 
9.999843e+01 
9.999950e+01 
9.999993e+01 
1.000000e+02 
1.000000e+02 
1.000000e+02 
1.000000e+02 
1.000000e+02 

1.000000e+02 
1.000000e+02 
1.000000e+02 
1.000000e+02 
1.000000e+02 
9.999993e+01 
9.999949e+01 
9.999839e+01 
9.999616e+01 
9.999204e+01 
9.998503e+01 
9.997419e+01 
9.995981e+01 
9.994550e+01 
9.994086e+01 
9.996191e+01 
1.000263e+02 
1.001443e+02 
1.003127e+02 
1.005143e+02 
1.007266e+02 
1.009293e+02 
1.011101e+02 
1.012634e+02 
1.014031e+02 
1.015423e+02 
1.016774e+02 
1.018043e+02 
1.019186e+02 
1.020162e+02 
1.020933e+02 
1.021465e+02 
1.021738e+02 
1.021738e+02 
1.021465e+02 
1.020933e+02 
1.020162e+02 
1.019186e+02 
1.018043e+02 
1.016774e+02 
1.015423e+02 
1.014031e+02 
1.012634e+02 
1.011101e+02 
1.009293e+02 
1.007266e+02 
1.005143e+02 
1.003127e+02 
1.001443e+02 
1.000263e+02 
9.996191e+01 
9.994086e+01 
9.994550e+01 
9.995981e+01 
9.997419e+01 
9.998503e+01 
9.999204e+01 
9.999616e+01 
9.999839e+01 
9.999949e+01 
9.999993e+01 
1.000000e+02 
1.000000e+02 
1.000000e+02 
1.000000e+02 
1.000000e+02 

1.000000e+02 
1.000000e+02 
1.000000e+02 
1.000000e+02 
1.000000e+02 
9.999993e+01 
9.999948e+01 
9.999837e+01 
9.999605e+01 
9.999169e+01 
9.998393e+01 
9.997111e+01 
9.995202e+01 
9.992780e+01 
9.990563e+01 
9.990171e+01 
9.993999e+01 
1.000439e+02 
1.002244e+02 
1.004731e+02 
1.007648e+02 
1.010685e+02 
1.013587e+02 
1.016185e+02 
1.018664e+02 
1.021234e+02 
1.023820e+02 
1.026329e+02 
1.028658e+02 
1.030695e+02 
1.032335e+02 
1.033486e+02 
1.034080e+02 
1.034080e+02 
1.033486e+02 
1.032335e+02 
1.030695e+02 
1.028658e+02 
1.026329e+02 
1.023820e+02 
1.021234e+02 
1.018664e+02 
1.016185e+02 
1.013587e+02 
1.010685e+02 
1.007648e+02 
1.004731e+02 
1.002244e+02 
1.000439e+02 
9.993999e+01 
9.990171e+01 
9.990563e+01 
9.992780e+01 
9.995202e+01 
9.997111e+01 
9.998393e+01 
9.999169e+01 
9.999605e+01 
9.999837e+01 
9.999948e+01 
9.999993e+01 
1.000000e+02 
1.000000e+02 
1.000000e+02 
1.000000e+02 
1.000000e+02 

1.000000e+02 
1.000000e+02 
1.000000e+02 
1.000000e+02 
1.000000e+02 
9.999993e+01 
9.999948e+01 
9.999835e+01 
9.999598e+01 
9.999143e+01 
9.998313e+01 
9.996881e+01 
9.994592e+01 
9.991312e+01 
9.987392e+01 
9.984157e+01 
9.984147e+01 
9.990662e+01 
1.000649e+02 
1.003248e+02 
1.006696e+02 
1.010648e+02 
1.014720e+02 
1.018596e+02 
1.022496e+02 
1.026726e+02 
1.031170e+02 
1.035658e+02 
1.039974e+02 
1.043868e+02 
1.047081e+02 
1.049376e+02 
1.050574e+02 
1.050574e+02 
1.049376e+02 
1.047081e+02 
1.043868e+02 
1.039974e+02 
1.035658e+02 
1.031170e+02 
1.026726e+02 
1.022496e+02 
1.018596e+02 
1.014720e+02 
1.010648e+02 
1.006696e+02 
1.003248e+02 
1.000649e+02 
9.990662e+01 
9.984147e+01 
9.984157e+01 
9.987392e+01 
9.991312e+01 
9.994592e+01 
9.996881e+01 
9.998313e+01 
9.999143e+01 
9.999598e+01 
9.999835e+01 
9.999948e+01 
9.999993e+01 
1.000000e+02 
1.000000e+02 
1.000000e+02 
1.000000e+02 
1.000000e+02 

1.000000e+02 
1.000000e+02 
1.000000e+02 
1.000000e+02 
1.000000e+02 
9.999993e+01 
9.999948e+01 
9.999833e+01 
9.999593e+01 
9.999125e+01 
9.998256e+01 
9.996713e+01 
9.994132e+01 
9.990153e+01 
9.984742e+01 
9.978737e+01 
9.974384e+01 
9.975348e+01 
9.985740e+01 
1.000840e+02 
1.004345e+02 
1.008817e+02 
1.013822e+02 
1.018909e+02 
1.024331e+02 
1.030520e+02 
1.037347e+02 
1.044563e+02 
1.051795e+02 
1.058560e+02 
1.064308e+02 
1.068505e+02 
1.070723e+02 
1.070723e+02 
1.068505e+02 
1.064308e+02 
1.058560e+02 
1.051795e+02 
1.044563e+02 
1.037347e+02 
1.030520e+02 
1.024331e+02 
1.018909e+02 
1.013822e+02 
1.008817e+02 
1.004345e+02 
1.000840e+02 
9.985740e+01 
9.975348e+01 
9.974384e+01 
9.978737e+01 
9.984742e+01 
9.990153e+01 
9.994132e+01 
9.996713e+01 
9.998256e+01 
9.999125e+01 
9.999593e+01 
9.999833e+01 
9.999948e+01 
9.999993e+01 
1.000000e+02 
1.000000e+02 
1.000000e+02 
1.000000e+02 
1.000000e+02 

1.000000e+02 
1.000000e+02 
1.000000e+02 
1.000000e+02 
1.000000e+02 
9.999993e+01 
9.999947e+01 
9.999833e+01 
9.999589e+01 
9.999113e+01 
9.998215e+01 
9.996591e+01 
9.993791e+01 
9.989268e+01 
9.982630e+01 
9.974173e+01 
9.965577e+01 
9.960316e+01 
9.963173e+01 
9.978658e+01 
1.000901e+02 
1.005319e+02 
1.010740e+02 
1.016649e+02 
1.023347e+02 
1.031420e+02 
1.040805e+02 
1.051236e+02 
1.062181e+02 
1.072839e+02 
1.082200e+02 
1.089208e+02 
1.092968e+02 
1.092968e+02 
1.089208e+02 
1.082200e+02 
1.072839e+02 
1.062181e+02 
1.051236e+02 
1.040805e+02 
1.031420e+02 
1.023347e+02 
1.016649e+02 
1.010740e+02 
1.005319e+02 
1.000901e+02 
9.978658e+01 
9.963173e+01 
9.960316e+01 
9.965577e+01 
9.974173e+01 
9.982630e+01 
9.989268e+01 
9.993791e+01 
9.996591e+01 
9.998215e+01 
9.999113e+01 
9.999589e+01 
9.999833e+01 
9.999947e+01 
9.999993e+01 
1.000000e+02 
1.000000e+02 
1.000000e+02 
1.000000e+02 
1.000000e+02 

1.000000e+02 
1.000000e+02 
1.000000e+02 
1.000000e+02 
1.000000e+02 
9.999993e+01 
9.999947e+01 
9.999832e+01 
9.999587e+01 
9.999104e+01 
9.998186e+01 
9.996502e+01 
9.993540e+01 
9.988601e+01 
9.980992e+01 
9.970491e+01 
9.958104e+01 
9.946750e+01 
9.941259e+01 
9.947174e+01 
9.968628e+01 
1.000661e+02 
1.005870e+02 
1.012005e+02 
1.019427e+02 
1.028897e+02 
1.040532e+02 
1.054164e+02 
1.069184e+02 
1.084456e+02 
1.098359e+02 
1.109047e+02 
1.114877e+02 
1.114877e+02 
1.109047e+02 
1.098359e+02 
1.084456e+02 
1.069184e+02 
1.054164e+02 
1.040532e+02 
1.028897e+02 
1.019427e+02 
1.012005e+02 
1.005870e+02 
1.000661e+02 
9.968628e+01 
9.947174e+01 
9.941259e+01 
9.946750e+01 
9.958104e+01 
9.970491e+01 
9.980992e+01 
9.988601e+01 
9.993540e+01 
9.996502e+01 
9.998186e+01 
9.999104e+01 
9.999587e+01 
9.999832e+01 
9.999947e+01 
9.999993e+01 
1.000000e+02 
1.000000e+02 
1.000000e+02 
1.000000e+02 
1.000000e+02 

1.000000e+02 
1.000000e+02 
1.000000e+02 
1.000000e+02 
1.000000e+02 
9.999993e+01 
9.999947e+01 
9.999831e+01 
9.999585e+01 
9.999097e+01 
9.998165e+01 
9.996438e+01 
9.993355e+01 
9.988104e+01 
9.979743e+01 
9.967599e+01 
9.952014e+01 
9.935182e+01 
9.921542e+01 
9.917042e+01 
9.927167e+01 
9.954808e+01 
9.999281e+01 
1.005674e+02 
1.013141e+02 
1.023253e+02 
1.036404e+02 
1.052667e+02 
1.071508e+02 
1.091535e+02 
1.110451e+02 
1.125396e+02 
1.133687e+02 
1.133687e+02 
1.125396e+02 
1.110451e+02 
1.091535e+02 
1.071508e+02 
1.052667e+02 
1.036404e+02 
1.023253e+02 
1.013141e+02 
1.005674e+02 
9.999281e+01 
9.954808e+01 
9.927167e+01 
9.917042e+01 
9.921542e+01 
9.935182e+01 
9.952014e+01 
9.967599e+01 
9.979743e+01 
9.988104e+01 
9.993355e+01 
9.996438e+01 
9.998165e+01 
9.999097e+01 
9.999585e+01 
9.999831e+01 
9.999947e+01 
9.999993e+01 
1.000000e+02 
1.000000e+02 
1.000000e+02 
1.000000e+02 
1.000000e+02 

1.000000e+02 
1.000000e+02 
1.000000e+02 
1.000000e+02 
1.000000e+02 
9.999993e+01 
9.999947e+01 
9.999831e+01 
9.999583e+01 
9.999092e+01 
9.998148e+01 
9.996386e+01 
9.993205e+01 
9.987694e+01 
9.978697e+01 
9.965125e+01 
9.946651e+01 
9.924628e+01 
9.902779e+01 
9.886955e+01 
9.883488e+01 
9.896919e+01 
9.928456e+01 
9.975780e+01 
1.004349e+02 
1.014217e+02 
1.027926e+02 
1.045951e+02 
1.068050e+02 
1.092748e+02 
1.117058e+02 
1.136860e+02 
1.148054e+02 
1.148054e+02 
1.136860e+02 
1.117058e+02 
1.092748e+02 
1.068050e+02 
1.045951e+02 
1.027926e+02 
1.014217e+02 
1.004349e+02 
9.975780e+01 
9.928456e+01 
9.896919e+01 
9.883488e+01 
9.886955e+01 
9.902779e+01 
9.924628e+01 
9.946651e+01 
9.965125e+01 
9.978697e+01 
9.987694e+01 
9.993205e+01 
9.996386e+01 
9.998148e+01 
9.999092e+01 
9.999583e+01 
9.999831e+01 
9.999947e+01 
9.999993e+01 
1.000000e+02 
1.000000e+02 
1.000000e+02 
1.000000e+02 
1.000000e+02 

1.000000e+02 
1.000000e+02 
1.000000e+02 
1.000000e+02 
1.000000e+02 
9.999993e+01 
9.999947e+01 
9.999831e+01 
9.999582e+01 
9.999087e+01 
9.998132e+01 
9.996339e+01 
9.993069e+01 
9.987319e+01 
9.977726e+01 
9.962785e+01 
9.941457e+01 
9.914096e+01 
9.883383e+01 
9.854573e+01 
9.834335e+01 
9.828574e+01 
9.840474e+01 
9.869704e+01 
9.920752e+01 
1.000465e+02 
1.013281e+02 
1.031558e+02 
1.055633e+02 
1.084256e+02 
1.113899e+02 
1.138946e+02 
1.153401e+02 
1.153401e+02 
1.138946e+02 
1.113899e+02 
1.084256e+02 
1.055633e+02 
1.031558e+02 
1.013281e+02 
1.000465e+02 
9.920752e+01 
9.869704e+01 
9.840474e+01 
9.828574e+01 
9.834335e+01 
9.854573e+01 
9.883383e+01 
9.914096e+01 
9.941457e+01 
9.962785e+01 
9.977726e+01 
9.987319e+01 
9.993069e+01 
9.996339e+01 
9.998132e+01 
9.999087e+01 
9.999582e+01 
9.999831e+01 
9.999947e+01 
9.999993e+01 
1.000000e+02 
1.000000e+02 
1.000000e+02 
1.000000e+02 
1.000000e+02 

1.000000e+02 
1.000000e+02 
1.000000e+02 
1.000000e+02 
1.000000e+02 
9.999993e+01 
9.999947e+01 
9.999830e+01 
9.999581e+01 
9.999083e+01 
9.998119e+01 
9.996297e+01 
9.992947e+01 
9.986982e+01 
9.976843e+01 
9.960622e+01 
9.936551e+01 
9.903879e+01 
9.863960e+01 
9.820954e+01 
9.781260e+01 
9.751639e+01 
9.737072e+01 
9.739464e+01 
9.762226e+01 
9.815089e+01 
9.912516e+01 
1.007061e+02 
1.030046e+02 
1.059561e+02 
1.091844e+02 
1.120227e+02 
1.137082e+02 
1.137082e+02 
1.120227e+02 
1.091844e+02 
1.059561e+02 
1.030046e+02 
1.007061e+02 
9.912516e+01 
9.815089e+01 
9.762226e+01 
9.739464e+01 
9.737072e+01 
9.751639e+01 
9.781260e+01 
9.820954e+01 
9.863960e+01 
9.903879e+01 
9.936551e+01 
9.960622e+01 
9.976843e+01 
9.986982e+01 
9.992947e+01 
9.996297e+01 
9.998119e+01 
9.999083e+01 
9.999581e+01 
9.999830e+01 
9.999947e+01 
9.999993e+01 
1.000000e+02 
1.000000e+02 
1.000000e+02 
1.000000e+02 
1.000000e+02 

1.000000e+02 
1.000000e+02 
1.000000e+02 
1.000000e+02 
1.000000e+02 
9.999993e+01 
9.999947e+01 
9.999830e+01 
9.999580e+01 
9.999080e+01 
9.998107e+01 
9.996261e+01 
9.992841e+01 
9.986686e+01 
9.976060e+01 
9.958677e+01 
9.932056e+01 
9.894295e+01 
9.845222e+01 
9.787480e+01 
9.726580e+01 
9.669517e+01 
9.622668e+01 
9.590166e+01 
9.573088e+01 
9.577376e+01 
9.618092e+01 
9.714728e+01 
9.885327e+01 
1.013137e+02 
1.042470e+02 
1.069701e+02 
1.086214e+02 
1.086214e+02 
1.069701e+02 
1.042470e+02 
1.013137e+02 
9.885327e+01 
9.714728e+01 
9.618092e+01 
9.577376e+01 
9.573088e+01 
9.590166e+01 
9.622668e+01 
9.669517e+01 
9.726580e+01 
9.787480e+01 
9.845222e+01 
9.894295e+01 
9.932056e+01 
9.958677e+01 
9.976060e+01 
9.986686e+01 
9.992841e+01 
9.996261e+01 
9.998107e+01 
9.999080e+01 
9.999580e+01 
9.999830e+01 
9.999947e+01 
9.999993e+01 
1.000000e+02 
1.000000e+02 
1.000000e+02 
1.000000e+02 
1.000000e+02 

1.000000e+02 
1.000000e+02 
1.000000e+02 
1.000000e+02 
1.000000e+02 
9.999993e+01 
9.999947e+01 
9.999830e+01 
9.999579e+01 
9.999077e+01 
9.998098e+01 
9.996231e+01 
9.992752e+01 
9.986435e+01 
9.975389e+01 
9.956989e+01 
9.928092e+01 
9.885668e+01 
9.827946e+01 
9.755774e+01 
9.673276e+01 
9.587076e+01 
9.504448e+01 
9.431552e+01 
9.365962e+01 
9.307444e+01 
9.268505e+01 
9.268292e+01 
9.327997e+01 
9.461756e+01 
9.651724e+01 
9.846627e+01 
9.973480e+01 
9.973480e+01 
9.846627e+01 
9.651724e+01 
9.461756e+01 
9.327997e+01 
9.268292e+01 
9.268505e+01 
9.307444e+01 
9.365962e+01 
9.431552e+01 
9.504448e+01 
9.587076e+01 
9.673276e+01 
9.755774e+01 
9.827946e+01 
9.885668e+01 
9.928092e+01 
9.956989e+01 
9.975389e+01 
9.986435e+01 
9.992752e+01 
9.996231e+01 
9.998098e+01 
9.999077e+01 
9.999579e+01 
9.999830e+01 
9.999947e+01 
9.999993e+01 
1.000000e+02 
1.000000e+02 
1.000000e+02 
1.000000e+02 
1.000000e+02 

1.000000e+02 
1.000000e+02 
1.000000e+02 
1.000000e+02 
1.000000e+02 
9.999993e+01 
9.999947e+01 
9.999830e+01 
9.999578e+01 
9.999074e+01 
9.998090e+01 
9.996206e+01 
9.992680e+01 
9.986230e+01 
9.974840e+01 
9.955592e+01 
9.924768e+01 
9.878315e+01 
9.812925e+01 
9.727584e+01 
9.624759e+01 
9.510264e+01 
9.391809e+01 
9.277278e+01 
9.160131e+01 
9.032654e+01 
8.902832e+01 
8.786250e+01 
8.706893e+01 
8.686343e+01 
8.731483e+01 
8.812771e+01 
8.874879e+01 
8.874879e+01 
8.812771e+01 
8.731483e+01 
8.686343e+01 
8.706893e+01 
8.786250e+01 
8.902832e+01 
9.032654e+01 
9.160131e+01 
9.277278e+01 
9.391809e+01 
9.510264e+01 
9.624759e+01 
9.727584e+01 
9.812925e+01 
9.878315e+01 
9.924768e+01 
9.955592e+01 
9.974840e+01 
9.986230e+01 
9.992680e+01 
9.996206e+01 
9.998090e+01 
9.999074e+01 
9.999578e+01 
9.999830e+01 
9.999947e+01 
9.999993e+01 
1.000000e+02 
1.000000e+02 
1.000000e+02 
1.000000e+02 
1.000000e+02 

1.000000e+02 
1.000000e+02 
1.000000e+02 
1.000000e+02 
1.000000e+02 
9.999993e+01 
9.999947e+01 
9.999830e+01 
9.999578e+01 
9.999073e+01 
9.998084e+01 
9.996188e+01 
9.992625e+01 
9.986075e+01 
9.974420e+01 
9.954517e+01 
9.922183e+01 
9.872520e+01 
9.800899e+01 
9.704620e+01 
9.584515e+01 
9.445411e+01 
9.295143e+01 
9.142975e+01 
8.978440e+01 
8.786707e+01 
8.571241e+01 
8.344437e+01 
8.131676e+01 
7.965514e+01 
7.868268e+01 
7.834950e+01 
7.834911e+01 
7.834911e+01 
7.834950e+01 
7.868268e+01 
7.965514e+01 
8.131676e+01 
8.344437e+01 
8.571241e+01 
8.786707e+01 
8.978440e+01 
9.142975e+01 
9.295143e+01 
9.445411e+01 
9.584515e+01 
9.704620e+01 
9.800899e+01 
9.872520e+01 
9.922183e+01 
9.954517e+01 
9.974420e+01 
9.986075e+01 
9.992625e+01 
9.996188e+01 
9.998084e+01 
9.999073e+01 
9.999578e+01 
9.999830e+01 
9.999947e+01 
9.999993e+01 
1.000000e+02 
1.000000e+02 
1.000000e+02 
1.000000e+02 
1.000000e+02 

1.000000e+02 
1.000000e+02 
1.000000e+02 
1.000000e+02 
1.000000e+02 
9.999993e+01 
9.999947e+01 
9.999830e+01 
9.999577e+01 
9.999071e+01 
9.998080e+01 
9.996176e+01 
9.992588e+01 
9.985971e+01 
9.974136e+01 
9.953787e+01 
9.920414e+01 
9.868517e+01 
9.792497e+01 
9.688375e+01 
9.555679e+01 
9.398368e+01 
9.224252e+01 
9.043585e+01 
8.842904e+01 
8.602042e+01 
8.321474e+01 
8.012228e+01 
7.702007e+01 
7.431107e+01 
7.235861e+01 
7.126066e+01 
7.083013e+01 
7.083013e+01 
7.126066e+01 
7.235861e+01 
7.431107e+01 
7.702007e+01 
8.012228e+01 
8.321474e+01 
8.602042e+01 
8.842904e+01 
9.043585e+01 
9.224252e+01 
9.398368e+01 
9.555679e+01 
9.688375e+01 
9.792497e+01 
9.868517e+01 
9.920414e+01 
9.953787e+01 
9.974136e+01 
9.985971e+01 
9.992588e+01 
9.996176e+01 
9.998080e+01 
9.999071e+01 
9.999577e+01 
9.999830e+01 
9.999947e+01 
9.999993e+01 
1.000000e+02 
1.000000e+02 
1.000000e+02 
1.000000e+02 
1.000000e+02 

1.000000e+02 
1.000000e+02 
1.000000e+02 
1.000000e+02 
1.000000e+02 
9.999993e+01 
9.999947e+01 
9.999829e+01 
9.999577e+01 
9.999071e+01 
9.998078e+01 
9.996170e+01 
9.992570e+01 
9.985918e+01 
9.973994e+01 
9.953418e+01 
9.919515e+01 
9.866471e+01 
9.788177e+01 
9.679958e+01 
9.540622e+01 
9.373627e+01 
9.186735e+01 
8.990729e+01 
8.770545e+01 
8.503240e+01 
8.187983e+01 
7.835724e+01 
7.476199e+01 
7.154087e+01 
6.911520e+01 
6.765097e+01 
6.702276e+01 
6.702276e+01 
6.765097e+01 
6.911520e+01 
7.154087e+01 
7.476199e+01 
7.835724e+01 
8.187983e+01 
8.503240e+01 
8.770545e+01 
8.990729e+01 
9.186735e+01 
9.373627e+01 
9.540622e+01 
9.679958e+01 
9.788177e+01 
9.866471e+01 
9.919515e+01 
9.953418e+01 
9.973994e+01 
9.985918e+01 
9.992570e+01 
9.996170e+01 
9.998078e+01 
9.999071e+01 
9.999577e+01 
9.999829e+01 
9.999947e+01 
9.999993e+01 
1.000000e+02 
1.000000e+02 
1.000000e+02 
1.000000e+02 
1.000000e+02 

1.000000e+02 
1.000000e+02 
1.000000e+02 
1.000000e+02 
1.000000e+02 
9.999993e+01 
9.999947e+01 
9.999829e+01 
9.999577e+01 
9.999071e+01 
9.998078e+01 
9.996170e+01 
9.992570e+01 
9.985918e+01 
9.973994e+01 
9.953418e+01 
9.919515e+01 
9.866471e+01 
9.788177e+01 
9.679958e+01 
9.540622e+01 
9.373627e+01 
9.186735e+01 
8.990729e+01 
8.770545e+01 
8.503240e+01 
8.187983e+01 
7.835724e+01 
7.476199e+01 
7.154087e+01 
6.911520e+01 
6.765097e+01 
6.702276e+01 
6.702276e+01 
6.765097e+01 
6.911520e+01 
7.154087e+01 
7.476199e+01 
7.835724e+01 
8.187983e+01 
8.503240e+01 
8.770545e+01 
8.990729e+01 
9.186735e+01 
9.373627e+01 
9.540622e+01 
9.679958e+01 
9.788177e+01 
9.866471e+01 
9.919515e+01 
9.953418e+01 
9.973994e+01 
9.985918e+01 
9.992570e+01 
9.996170e+01 
9.998078e+01 
9.999071e+01 
9.999577e+01 
9.999829e+01 
9.999947e+01 
9.999993e+01 
1.000000e+02 
1.000000e+02 
1.000000e+02 
1.000000e+02 
1.000000e+02 

1.000000e+02 
1.000000e+02 
1.000000e+02 
1.000000e+02 
1.000000e+02 
9.999993e+01 
9.999947e+01 
9.999830e+01 
9.999577e+01 
9.999071e+01 
9.998080e+01 
9.996176e+01 
9.992588e+01 
9.985971e+01 
9.974136e+01 
9.953787e+01 
9.920414e+01 
9.868517e+01 
9.792497e+01 
9.688375e+01 
9.555679e+01 
9.398368e+01 
9.224252e+01 
9.043585e+01 
8.842904e+01 
8.602042e+01 
8.321474e+01 
8.012228e+01 
7.702007e+01 
7.431107e+01 
7.235861e+01 
7.126066e+01 
7.083013e+01 
7.083013e+01 
7.126066e+01 
7.235861e+01 
7.431107e+01 
7.702007e+01 
8.012228e+01 
8.321474e+01 
8.602042e+01 
8.842904e+01 
9.043585e+01 
9.224252e+01 
9.398368e+01 
9.555679e+01 
9.688375e+01 
9.792497e+01 
9.868517e+01 
9.920414e+01 
9.953787e+01 
9.974136e+01 
9.985971e+01 
9.992588e+01 
9.996176e+01 
9.998080e+01 
9.999071e+01 
9.999577e+01 
9.999830e+01 
9.999947e+01 
9.999993e+01 
1.000000e+02 
1.000000e+02 
1.000000e+02 
1.000000e+02 
1.000000e+02 

1.000000e+02 
1.000000e+02 
1.000000e+02 
1.000000e+02 
1.000000e+02 
9.999993e+01 
9.999947e+01 
9.999830e+01 
9.999578e+01 
9.999073e+01 
9.998084e+01 
9.996188e+01 
9.992625e+01 
9.986075e+01 
9.974420e+01 
9.954517e+01 
9.922183e+01 
9.872520e+01 
9.800899e+01 
9.704620e+01 
9.584515e+01 
9.445411e+01 
9.295143e+01 
9.142975e+01 
8.978440e+01 
8.786707e+01 
8.571241e+01 
8.344437e+01 
8.131676e+01 
7.965514e+01 
7.868268e+01 
7.834950e+01 
7.834911e+01 
7.834911e+01 
7.834950e+01 
7.868268e+01 
7.965514e+01 
8.131676e+01 
8.344437e+01 
8.571241e+01 
8.786707e+01 
8.978440e+01 
9.142975e+01 
9.295143e+01 
9.445411e+01 
9.584515e+01 
9.704620e+01 
9.800899e+01 
9.872520e+01 
9.922183e+01 
9.954517e+01 
9.974420e+01 
9.986075e+01 
9.992625e+01 
9.996188e+01 
9.998084e+01 
9.999073e+01 
9.999578e+01 
9.999830e+01 
9.999947e+01 
9.999993e+01 
1.000000e+02 
1.000000e+02 
1.000000e+02 
1.000000e+02 
1.000000e+02 

1.000000e+02 
1.000000e+02 
1.000000e+02 
1.000000e+02 
1.000000e+02 
9.999993e+01 
9.999947e+01 
9.999830e+01 
9.999578e+01 
9.999074e+01 
9.998090e+01 
9.996206e+01 
9.992680e+01 
9.986230e+01 
9.974840e+01 
9.955592e+01 
9.924768e+01 
9.878315e+01 
9.812925e+01 
9.727584e+01 
9.624759e+01 
9.510264e+01 
9.391809e+01 
9.277278e+01 
9.160131e+01 
9.032654e+01 
8.902832e+01 
8.786250e+01 
8.706893e+01 
8.686343e+01 
8.731483e+01 
8.812771e+01 
8.874879e+01 
8.874879e+01 
8.812771e+01 
8.731483e+01 
8.686343e+01 
8.706893e+01 
8.786250e+01 
8.902832e+01 
9.032654e+01 
9.160131e+01 
9.277278e+01 
9.391809e+01 
9.510264e+01 
9.624759e+01 
9.727584e+01 
9.812925e+01 
9.878315e+01 
9.924768e+01 
9.955592e+01 
9.974840e+01 
9.986230e+01 
9.992680e+01 
9.996206e+01 
9.998090e+01 
9.999074e+01 
9.999578e+01 
9.999830e+01 
9.999947e+01 
9.999993e+01 
1.000000e+02 
1.000000e+02 
1.000000e+02 
1.000000e+02 
1.000000e+02 

1.000000e+02 
1.000000e+02 
1.000000e+02 
1.000000e+02 
1.000000e+02 
9.999993e+01 
9.999947e+01 
9.999830e+01 
9.999579e+01 
9.999077e+01 
9.998098e+01 
9.996231e+01 
9.992752e+01 
9.986435e+01 
9.975389e+01 
9.956989e+01 
9.928092e+01 
9.885668e+01 
9.827946e+01 
9.755774e+01 
9.673276e+01 
9.587076e+01 
9.504448e+01 
9.431552e+01 
9.365962e+01 
9.307444e+01 
9.268505e+01 
9.268292e+01 
9.327997e+01 
9.461756e+01 
9.651724e+01 
9.846627e+01 
9.973480e+01 
9.973480e+01 
9.846627e+01 
9.651724e+01 
9.461756e+01 
9.327997e+01 
9.268292e+01 
9.268505e+01 
9.307444e+01 
9.365962e+01 
9.431552e+01 
9.504448e+01 
9.587076e+01 
9.673276e+01 
9.755774e+01 
9.827946e+01 
9.885668e+01 
9.928092e+01 
9.956989e+01 
9.975389e+01 
9.986435e+01 
9.992752e+01 
9.996231e+01 
9.998098e+01 
9.999077e+01 
9.999579e+01 
9.999830e+01 
9.999947e+01 
9.999993e+01 
1.000000e+02 
1.000000e+02 
1.000000e+02 
1.000000e+02 
1.000000e+02 

1.000000e+02 
1.000000e+02 
1.000000e+02 
1.000000e+02 
1.000000e+02 
9.999993e+01 
9.999947e+01 
9.999830e+01 
9.999580e+01 
9.999080e+01 
9.998107e+01 
9.996261e+01 
9.992841e+01 
9.986686e+01 
9.976060e+01 
9.958677e+01 
9.932056e+01 
9.894295e+01 
9.845222e+01 
9.787480e+01 
9.726580e+01 
9.669517e+01 
9.622668e+01 
9.590166e+01 
9.573088e+01 
9.577376e+01 
9.618092e+01 
9.714728e+01 
9.885327e+01 
1.013137e+02 
1.042470e+02 
1.069701e+02 
1.086214e+02 
1.086214e+02 
1.069701e+02 
1.042470e+02 
1.013137e+02 
9.885327e+01 
9.714728e+01 
9.618092e+01 
9.577376e+01 
9.573088e+01 
9.590166e+01 
9.622668e+01 
9.669517e+01 
9.726580e+01 
9.787480e+01 
9.845222e+01 
9.894295e+01 
9.932056e+01 
9.958677e+01 
9.976060e+01 
9.986686e+01 
9.992841e+01 
9.996261e+01 
9.998107e+01 
9.999080e+01 
9.999580e+01 
9.999830e+01 
9.999947e+01 
9.999993e+01 
1.000000e+02 
1.000000e+02 
1.000000e+02 
1.000000e+02 
1.000000e+02 

1.000000e+02 
1.000000e+02 
1.000000e+02 
1.000000e+02 
1.000000e+02 
9.999993e+01 
9.999947e+01 
9.999830e+01 
9.999581e+01 
9.999083e+01 
9.998119e+01 
9.996297e+01 
9.992947e+01 
9.986982e+01 
9.976843e+01 
9.960622e+01 
9.936551e+01 
9.903879e+01 
9.863960e+01 
9.820954e+01 
9.781260e+01 
9.751639e+01 
9.737072e+01 
9.739464e+01 
9.762226e+01 
9.815089e+01 
9.912516e+01 
1.007061e+02 
1.030046e+02 
1.059561e+02 
1.091844e+02 
1.120227e+02 
1.137082e+02 
1.137082e+02 
1.120227e+02 
1.091844e+02 
1.059561e+02 
1.030046e+02 
1.007061e+02 
9.912516e+01 
9.815089e+01 
9.762226e+01 
9.739464e+01 
9.737072e+01 
9.751639e+01 
9.781260e+01 
9.820954e+01 
9.863960e+01 
9.903879e+01 
9.936551e+01 
9.960622e+01 
9.976843e+01 
9.986982e+01 
9.992947e+01 
9.996297e+01 
9.998119e+01 
9.999083e+01 
9.999581e+01 
9.999830e+01 
9.999947e+01 
9.999993e+01 
1.000000e+02 
1.000000e+02 
1.000000e+02 
1.000000e+02 
1.000000e+02 

1.000000e+02 
1.000000e+02 
1.000000e+02 
1.000000e+02 
1.000000e+02 
9.999993e+01 
9.999947e+01 
9.999831e+01 
9.999582e+01 
9.999087e+01 
9.998132e+01 
9.996339e+01 
9.993069e+01 
9.987319e+01 
9.977726e+01 
9.962785e+01 
9.941457e+01 
9.914096e+01 
9.883383e+01 
9.854573e+01 
9.834335e+01 
9.828574e+01 
9.840474e+01 
9.869704e+01 
9.920752e+01 
1.000465e+02 
1.013281e+02 
1.031558e+02 
1.055633e+02 
1.084256e+02 
1.113899e+02 
1.138946e+02 
1.153401e+02 
1.153401e+02 
1.138946e+02 
1.113899e+02 
1.084256e+02 
1.055633e+02 
1.031558e+02 
1.013281e+02 
1.000465e+02 
9.920752e+01 
9.869704e+01 
9.840474e+01 
9.828574e+01 
9.834335e+01 
9.854573e+01 
9.883383e+01 
9.914096e+01 
9.941457e+01 
9.962785e+01 
9.977726e+01 
9.987319e+01 
9.993069e+01 
9.996339e+01 
9.998132e+01 
9.999087e+01 
9.999582e+01 
9.999831e+01 
9.999947e+01 
9.999993e+01 
1.000000e+02 
1.000000e+02 
1.000000e+02 
1.000000e+02 
1.000000e+02 

1.000000e+02 
1.000000e+02 
1.000000e+02 
1.000000e+02 
1.000000e+02 
9.999993e+01 
9.999947e+01 
9.999831e+01 
9.999583e+01 
9.999092e+01 
9.998148e+01 
9.996386e+01 
9.993205e+01 
9.987694e+01 
9.978697e+01 
9.965125e+01 
9.946651e+01 
9.924628e+01 
9.902779e+01 
9.886955e+01 
9.883488e+01 
9.896919e+01 
9.928456e+01 
9.975780e+01 
1.004349e+02 
1.014217e+02 
1.027926e+02 
1.045951e+02 
1.068050e+02 
1.092748e+02 
1.117058e+02 
1.136860e+02 
1.148054e+02 
1.148054e+02 
1.136860e+02 
1.117058e+02 
1.092748e+02 
1.068050e+02 
1.045951e+02 
1.027926e+02 
1.014217e+02 
1.004349e+02 
9.975780e+01 
9.928456e+01 
9.896919e+01 
9.883488e+01 
9.886955e+01 
9.902779e+01 
9.924628e+01 
9.946651e+01 
9.965125e+01 
9.978697e+01 
9.987694e+01 
9.993205e+01 
9.996386e+01 
9.998148e+01 
9.999092e+01 
9.999583e+01 
9.999831e+01 
9.999947e+01 
9.999993e+01 
1.000000e+02 
1.000000e+02 
1.000000e+02 
1.000000e+02 
1.000000e+02 

1.000000e+02 
1.000000e+02 
1.000000e+02 
1.000000e+02 
1.000000e+02 
9.999993e+01 
9.999947e+01 
9.999831e+01 
9.999585e+01 
9.999097e+01 
9.998165e+01 
9.996438e+01 
9.993355e+01 
9.988104e+01 
9.979743e+01 
9.967599e+01 
9.952014e+01 
9.935182e+01 
9.921542e+01 
9.917042e+01 
9.927167e+01 
9.954808e+01 
9.999281e+01 
1.005674e+02 
1.013141e+02 
1.023253e+02 
1.036404e+02 
1.052667e+02 
1.071508e+02 
1.091535e+02 
1.110451e+02 
1.125396e+02 
1.133687e+02 
1.133687e+02 
1.125396e+02 
1.110451e+02 
1.091535e+02 
1.071508e+02 
1.052667e+02 
1.036404e+02 
1.023253e+02 
1.013141e+02 
1.005674e+02 
9.999281e+01 
9.954808e+01 
9.927167e+01 
9.917042e+01 
9.921542e+01 
9.935182e+01 
9.952014e+01 
9.967599e+01 
9.979743e+01 
9.988104e+01 
9.993355e+01 
9.996438e+01 
9.998165e+01 
9.999097e+01 
9.999585e+01 
9.999831e+01 
9.999947e+01 
9.999993e+01 
1.000000e+02 
1.000000e+02 
1.000000e+02 
1.000000e+02 
1.000000e+02 

1.000000e+02 
1.000000e+02 
1.000000e+02 
1.000000e+02 
1.000000e+02 
9.999993e+01 
9.999947e+01 
9.999832e+01 
9.999587e+01 
9.999104e+01 
9.998186e+01 
9.996502e+01 
9.993540e+01 
9.988601e+01 
9.980992e+01 
9.970491e+01 
9.958104e+01 
9.946750e+01 
9.941259e+01 
9.947174e+01 
9.968628e+01 
1.000661e+02 
1.005870e+02 
1.012005e+02 
1.019427e+02 
1.028897e+02 
1.040532e+02 
1.054164e+02 
1.069184e+02 
1.084456e+02 
1.098359e+02 
1.109047e+02 
1.114877e+02 
1.114877e+02 
1.109047e+02 
1.098359e+02 
1.084456e+02 
1.069184e+02 
1.054164e+02 
1.040532e+02 
1.028897e+02 
1.019427e+02 
1.012005e+02 
1.005870e+02 
1.000661e+02 
9.968628e+01 
9.947174e+01 
9.941259e+01 
9.946750e+01 
9.958104e+01 
9.970491e+01 
9.980992e+01 
9.988601e+01 
9.993540e+01 
9.996502e+01 
9.998186e+01 
9.999104e+01 
9.999587e+01 
9.999832e+01 
9.999947e+01 
9.999993e+01 
1.000000e+02 
1.000000e+02 
1.000000e+02 
1.000000e+02 
1.000000e+02 

1.000000e+02 
1.000000e+02 
1.000000e+02 
1.000000e+02 
1.000000e+02 
9.999993e+01 
9.999947e+01 
9.999833e+01 
9.999589e+01 
9.999113e+01 
9.998215e+01 
9.996591e+01 
9.993791e+01 
9.989268e+01 
9.982630e+01 
9.974173e+01 
9.965577e+01 
9.960316e+01 
9.963173e+01 
9.978658e+01 
1.000901e+02 
1.005319e+02 
1.010740e+02 
1.016649e+02 
1.023347e+02 
1.031420e+02 
1.040805e+02 
1.051236e+02 
1.062181e+02 
1.072839e+02 
1.082200e+02 
1.089208e+02 
1.092968e+02 
1.092968e+02 
1.089208e+02 
1.082200e+02 
1.072839e+02 
1.062181e+02 
1.051236e+02 
1.040805e+02 
1.031420e+02 
1.023347e+02 
1.016649e+02 
1.010740e+02 
1.005319e+02 
1.000901e+02 
9.978658e+01 
9.963173e+01 
9.960316e+01 
9.965577e+01 
9.974173e+01 
9.982630e+01 
9.989268e+01 
9.993791e+01 
9.996591e+01 
9.998215e+01 
9.999113e+01 
9.999589e+01 
9.999833e+01 
9.999947e+01 
9.999993e+01 
1.000000e+02 
1.000000e+02 
1.000000e+02 
1.000000e+02 
1.000000e+02 

1.000000e+02 
1.000000e+02 
1.000000e+02 
1.000000e+02 
1.000000e+02 
9.999993e+01 
9.999948e+01 
9.999833e+01 
9.999593e+01 
9.999125e+01 
9.998256e+01 
9.996713e+01 
9.994132e+01 
9.990153e+01 
9.984742e+01 
9.978737e+01 
9.974384e+01 
9.975348e+01 
9.985740e+01 
1.000840e+02 
1.004345e+02 
1.008817e+02 
1.013822e+02 
1.018909e+02 
1.024331e+02 
1.030520e+02 
1.037347e+02 
1.044563e+02 
1.051795e+02 
1.058560e+02 
1.064308e+02 
1.068505e+02 
1.070723e+02 
1.070723e+02 
1.068505e+02 
1.064308e+02 
1.058560e+02 
1.051795e+02 
1.044563e+02 
1.037347e+02 
1.030520e+02 
1.024331e+02 
1.018909e+02 
1.013822e+02 
1.008817e+02 
1.004345e+02 
1.000840e+02 
9.985740e+01 
9.975348e+01 
9.974384e+01 
9.978737e+01 
9.984742e+01 
9.990153e+01 
9.994132e+01 
9.996713e+01 
9.998256e+01 
9.999125e+01 
9.999593e+01 
9.999833e+01 
9.999948e+01 
9.999993e+01 
1.000000e+02 
1.000000e+02 
1.000000e+02 
1.000000e+02 
1.000000e+02 

1.000000e+02 
1.000000e+02 
1.000000e+02 
1.000000e+02 
1.000000e+02 
9.999993e+01 
9.999948e+01 
9.999835e+01 
9.999598e+01 
9.999143e+01 
9.998313e+01 
9.996881e+01 
9.994592e+01 
9.991312e+01 
9.987392e+01 
9.984157e+01 
9.984147e+01 
9.990662e+01 
1.000649e+02 
1.003248e+02 
1.006696e+02 
1.010648e+02 
1.014720e+02 
1.018596e+02 
1.022496e+02 
1.026726e+02 
1.031170e+02 
1.035658e+02 
1.039974e+02 
1.043868e+02 
1.047081e+02 
1.049376e+02 
1.050574e+02 
1.050574e+02 
1.049376e+02 
1.047081e+02 
1.043868e+02 
1.039974e+02 
1.035658e+02 
1.031170e+02 
1.026726e+02 
1.022496e+02 
1.018596e+02 
1.014720e+02 
1.010648e+02 
1.006696e+02 
1.003248e+02 
1.000649e+02 
9.990662e+01 
9.984147e+01 
9.984157e+01 
9.987392e+01 
9.991312e+01 
9.994592e+01 
9.996881e+01 
9.998313e+01 
9.999143e+01 
9.999598e+01 
9.999835e+01 
9.999948e+01 
9.999993e+01 
1.000000e+02 
1.000000e+02 
1.000000e+02 
1.000000e+02 
1.000000e+02 

1.000000e+02 
1.000000e+02 
1.000000e+02 
1.000000e+02 
1.000000e+02 
9.999993e+01 
9.999948e+01 
9.999837e+01 
9.999605e+01 
9.999169e+01 
9.998393e+01 
9.997111e+01 
9.995202e+01 
9.992780e+01 
9.990563e+01 
9.990171e+01 
9.993999e+01 
1.000439e+02 
1.002244e+02 
1.004731e+02 
1.007648e+02 
1.010685e+02 
1.013587e+02 
1.016185e+02 
1.018664e+02 
1.021234e+02 
1.023820e+02 
1.026329e+02 
1.028658e+02 
1.030695e+02 
1.032335e+02 
1.033486e+02 
1.034080e+02 
1.034080e+02 
1.033486e+02 
1.032335e+02 
1.030695e+02 
1.028658e+02 
1.026329e+02 
1.023820e+02 
1.021234e+02 
1.018664e+02 
1.016185e+02 
1.013587e+02 
1.010685e+02 
1.007648e+02 
1.004731e+02 
1.002244e+02 
1.000439e+02 
9.993999e+01 
9.990171e+01 
9.990563e+01 
9.992780e+01 
9.995202e+01 
9.997111e+01 
9.998393e+01 
9.999169e+01 
9.999605e+01 
9.999837e+01 
9.999948e+01 
9.999993e+01 
1.000000e+02 
1.000000e+02 
1.000000e+02 
1.000000e+02 
1.000000e+02 

1.000000e+02 
1.000000e+02 
1.000000e+02 
1.000000e+02 
1.000000e+02 
9.999993e+01 
9.999949e+01 
9.999839e+01 
9.999616e+01 
9.999204e+01 
9.998503e+01 
9.997419e+01 
9.995981e+01 
9.994550e+01 
9.994086e+01 
9.996191e+01 
1.000263e+02 
1.001443e+02 
1.003127e+02 
1.005143e+02 
1.007266e+02 
1.009293e+02 
1.011101e+02 
1.012634e+02 
1.014031e+02 
1.015423e+02 
1.016774e+02 
1.018043e+02 
1.019186e+02 
1.020162e+02 
1.020933e+02 
1.021465e+02 
1.021738e+02 
1.021738e+02 
1.021465e+02 
1.020933e+02 
1.020162e+02 
1.019186e+02 
1.018043e+02 
1.016774e+02 
1.015423e+02 
1.014031e+02 
1.012634e+02 
1.011101e+02 
1.009293e+02 
1.007266e+02 
1.005143e+02 
1.003127e+02 
1.001443e+02 
1.000263e+02 
9.996191e+01 
9.994086e+01 
9.994550e+01 
9.995981e+01 
9.997419e+01 
9.998503e+01 
9.999204e+01 
9.999616e+01 
9.999839e+01 
9.999949e+01 
9.999993e+01 
1.000000e+02 
1.000000e+02 
1.000000e+02 
1.000000e+02 
1.000000e+02 

1.000000e+02 
1.000000e+02 
1.000000e+02 
1.000000e+02 
1.000000e+02 
9.999993e+01 
9.999950e+01 
9.999843e+01 
9.999631e+01 
9.999254e+01 
9.998651e+01 
9.997817e+01 
9.996927e+01 
9.996522e+01 
9.997593e+01 
1.000136e+02 
1.000866e+02 
1.001941e+02 
1.003254e+02 
1.004648e+02 
1.005980e+02 
1.007159e+02 
1.008149e+02 
1.008951e+02 
1.009654e+02 
1.010333e+02 
1.010973e+02 
1.011559e+02 
1.012074e+02 
1.012506e+02 
1.012842e+02 
1.013072e+02 
1.013189e+02 
1.013189e+02 
1.013072e+02 
1.012842e+02 
1.012506e+02 
1.012074e+02 
1.011559e+02 
1.010973e+02 
1.010333e+02 
1.009654e+02 
1.008951e+02 
1.008149e+02 
1.007159e+02 
1.005980e+02 
1.004648e+02 
1.003254e+02 
1.001941e+02 
1.000866e+02 
1.000136e+02 
9.997593e+01 
9.996522e+01 
9.996927e+01 
9.997817e+01 
9.998651e+01 
9.999254e+01 
9.999631e+01 
9.999843e+01 
9.999950e+01 
9.999993e+01 
1.000000e+02 
1.000000e+02 
1.000000e+02 
1.000000e+02 
1.000000e+02 

1.000000e+02 
1.000000e+02 
1.000000e+02 
1.000000e+02 
1.000000e+02 
9.999993e+01 
9.999951e+01 
9.999849e+01 
9.999652e+01 
9.999322e+01 
9.998845e+01 
9.998302e+01 
9.997986e+01 
9.998478e+01 
1.000056e+02 
1.000484e+02 
1.001134e+02 
1.001942e+02 
1.002807e+02 
1.003633e+02 
1.004359e+02 
1.004961e+02 
1.005443e+02 
1.005819e+02 
1.006139e+02 
1.006441e+02 
1.006719e+02 
1.006968e+02 
1.007184e+02 
1.007362e+02 
1.007500e+02 
1.007593e+02 
1.007640e+02 
1.007640e+02 
1.007593e+02 
1.007500e+02 
1.007362e+02 
1.007184e+02 
1.006968e+02 
1.006719e+02 
1.006441e+02 
1.006139e+02 
1.005819e+02 
1.005443e+02 
1.004961e+02 
1.004359e+02 
1.003633e+02 
1.002807e+02 
1.001942e+02 
1.001134e+02 
1.000484e+02 
1.000056e+02 
9.998478e+01 
9.997986e+01 
9.998302e+01 
9.998845e+01 
9.999322e+01 
9.999652e+01 
9.999849e+01 
9.999951e+01 
9.999993e+01 
1.000000e+02 
1.000000e+02 
1.000000e+02 
1.000000e+02 
1.000000e+02 

1.000000e+02 
1.000000e+02 
1.000000e+02 
1.000000e+02 
1.000000e+02 
9.999994e+01 
9.999953e+01 
9.999857e+01 
9.999682e+01 
9.999412e+01 
9.999083e+01 
9.998847e+01 
9.999031e+01 
1.000011e+02 
1.000248e+02 
1.000621e+02 
1.001094e+02 
1.001602e+02 
1.002088e+02 
1.002512e+02 
1.002861e+02 
1.003135e+02 
1.003347e+02 
1.003507e+02 
1.003640e+02 
1.003764e+02 
1.003876e+02 
1.003975e+02 
1.004060e+02 
1.004129e+02 
1.004182e+02 
1.004217e+02 
1.004235e+02 
1.004235e+02 
1.004217e+02 
1.004182e+02 
1.004129e+02 
1.004060e+02 
1.003975e+02 
1.003876e+02 
1.003764e+02 
1.003640e+02 
1.003507e+02 
1.003347e+02 
1.003135e+02 
1.002861e+02 
1.002512e+02 
1.002088e+02 
1.001602e+02 
1.001094e+02 
1.000621e+02 
1.000248e+02 
1.000011e+02 
9.999031e+01 
9.998847e+01 
9.999083e+01 
9.999412e+01 
9.999682e+01 
9.999857e+01 
9.999953e+01 
9.999994e+01 
1.000000e+02 
1.000000e+02 
1.000000e+02 
1.000000e+02 
1.000000e+02 

1.000000e+02 
1.000000e+02 
1.000000e+02 
1.000000e+02 
1.000000e+02 
9.999994e+01 
9.999955e+01 
9.999869e+01 
9.999720e+01 
9.999522e+01 
9.999350e+01 
9.999382e+01 
9.999888e+01 
1.000112e+02 
1.000315e+02 
1.000578e+02 
1.000863e+02 
1.001134e+02 
1.001371e+02 
1.001563e+02 
1.001713e+02 
1.001826e+02 
1.001911e+02 
1.001974e+02 
1.002026e+02 
1.002073e+02 
1.002115e+02 
1.002152e+02 
1.002184e+02 
1.002209e+02 
1.002229e+02 
1.002242e+02 
1.002248e+02 
1.002248e+02 
1.002242e+02 
1.002229e+02 
1.002209e+02 
1.002184e+02 
1.002152e+02 
1.002115e+02 
1.002073e+02 
1.002026e+02 
1.001974e+02 
1.001911e+02 
1.001826e+02 
1.001713e+02 
1.001563e+02 
1.001371e+02 
1.001134e+02 
1.000863e+02 
1.000578e+02 
1.000315e+02 
1.000112e+02 
9.999888e+01 
9.999382e+01 
9.999350e+01 
9.999522e+01 
9.999720e+01 
9.999869e+01 
9.999955e+01 
9.999994e+01 
1.000000e+02 
1.000000e+02 
1.000000e+02 
1.000000e+02 
1.000000e+02 

1.000000e+02 
1.000000e+02 
1.000000e+02 
1.000000e+02 
1.000000e+02 
9.999994e+01 
9.999959e+01 
9.999884e+01 
9.999768e+01 
9.999646e+01 
9.999611e+01 
9.999815e+01 
1.000041e+02 
1.000144e+02 
1.000282e+02 
1.000434e+02 
1.000579e+02 
1.000705e+02 
1.000806e+02 
1.000884e+02 
1.000943e+02 
1.000986e+02 
1.001018e+02 
1.001041e+02 
1.001060e+02 
1.001077e+02 
1.001092e+02 
1.001105e+02 
1.001116e+02 
1.001125e+02 
1.001132e+02 
1.001136e+02 
1.001138e+02 
1.001138e+02 
1.001136e+02 
1.001132e+02 
1.001125e+02 
1.001116e+02 
1.001105e+02 
1.001092e+02 
1.001077e+02 
1.001060e+02 
1.001041e+02 
1.001018e+02 
1.000986e+02 
1.000943e+02 
1.000884e+02 
1.000806e+02 
1.000705e+02 
1.000579e+02 
1.000434e+02 
1.000282e+02 
1.000144e+02 
1.000041e+02 
9.999815e+01 
9.999611e+01 
9.999646e+01 
9.999768e+01 
9.999884e+01 
9.999959e+01 
9.999994e+01 
1.000000e+02 
1.000000e+02 
1.000000e+02 
1.000000e+02 
1.000000e+02 

1.000000e+02 
1.000000e+02 
1.000000e+02 
1.000000e+02 
1.000000e+02 
9.999995e+01 
9.999964e+01 
9.999903e+01 
9.999822e+01 
9.999768e+01 
9.999822e+01 
1.000007e+02 
1.000056e+02 
1.000123e+02 
1.000200e+02 
1.000273e+02 
1.000336e+02 
1.000387e+02 
1.000426e+02 
1.000455e+02 
1.000476e+02 
1.000492e+02 
1.000503e+02 
1.000510e+02 
1.000517e+02 
1.000523e+02 
1.000528e+02 
1.000532e+02 
1.000536e+02 
1.000539e+02 
1.000541e+02 
1.000543e+02 
1.000543e+02 
1.000543e+02 
1.000543e+02 
1.000541e+02 
1.000539e+02 
1.000536e+02 
1.000532e+02 
1.000528e+02 
1.000523e+02 
1.000517e+02 
1.000510e+02 
1.000503e+02 
1.000492e+02 
1.000476e+02 
1.000455e+02 
1.000426e+02 
1.000387e+02 
1.000336e+02 
1.000273e+02 
1.000200e+02 
1.000123e+02 
1.000056e+02 
1.000007e+02 
9.999822e+01 
9.999768e+01 
9.999822e+01 
9.999903e+01 
9.999964e+01 
9.999995e+01 
1.000000e+02 
1.000000e+02 
1.000000e+02 
1.000000e+02 
1.000000e+02 

1.000000e+02 
1.000000e+02 
1.000000e+02 
1.000000e+02 
1.000000e+02 
9.999996e+01 
9.999970e+01 
9.999924e+01 
9.999876e+01 
9.999867e+01 
9.999948e+01 
1.000015e+02 
1.000045e+02 
1.000080e+02 
1.000114e+02 
1.000144e+02 
1.000168e+02 
1.000186e+02 
1.000200e+02 
1.000210e+02 
1.000216e+02 
1.000221e+02 
1.000225e+02 
1.000227e+02 
1.000230e+02 
1.000231e+02 
1.000233e+02 
1.000234e+02 
1.000235e+02 
1.000236e+02 
1.000237e+02 
1.000238e+02 
1.000238e+02 
1.000238e+02 
1.000238e+02 
1.000237e+02 
1.000236e+02 
1.000235e+02 
1.000234e+02 
1.000233e+02 
1.000231e+02 
1.000230e+02 
1.000227e+02 
1.000225e+02 
1.000221e+02 
1.000216e+02 
1.000210e+02 
1.000200e+02 
1.000186e+02 
1.000168e+02 
1.000144e+02 
1.000114e+02 
1.000080e+02 
1.000045e+02 
1.000015e+02 
9.999948e+01 
9.999867e+01 
9.999876e+01 
9.999924e+01 
9.999970e+01 
9.999996e+01 
1.000000e+02 
1.000000e+02 
1.000000e+02 
1.000000e+02 
1.000000e+02 

1.000000e+02 
1.000000e+02 
1.000000e+02 
1.000000e+02 
1.000000e+02 
9.999997e+01 
9.999976e+01 
9.999945e+01 
9.999920e+01 
9.999929e+01 
9.999991e+01 
1.000010e+02 
1.000024e+02 
1.000039e+02 
1.000052e+02 
1.000062e+02 
1.000070e+02 
1.000075e+02 
1.000080e+02 
1.000082e+02 
1.000084e+02 
1.000086e+02 
1.000087e+02 
1.000088e+02 
1.000088e+02 
1.000089e+02 
1.000089e+02 
1.000090e+02 
1.000090e+02 
1.000090e+02 
1.000090e+02 
1.000091e+02 
1.000091e+02 
1.000091e+02 
1.000091e+02 
1.000090e+02 
1.000090e+02 
1.000090e+02 
1.000090e+02 
1.000089e+02 
1.000089e+02 
1.000088e+02 
1.000088e+02 
1.000087e+02 
1.000086e+02 
1.000084e+02 
1.000082e+02 
1.000080e+02 
1.000075e+02 
1.000070e+02 
1.000062e+02 
1.000052e+02 
1.000039e+02 
1.000024e+02 
1.000010e+02 
9.999991e+01 
9.999929e+01 
9.999920e+01 
9.999945e+01 
9.999976e+01 
9.999997e+01 
1.000000e+02 
1.000000e+02 
1.000000e+02 
1.000000e+02 
1.000000e+02 

1.000000e+02 
1.000000e+02 
1.000000e+02 
1.000000e+02 
1.000000e+02 
9.999998e+01 
9.999983e+01 
9.999964e+01 
9.999950e+01 
9.999956e+01 
9.999985e+01 
1.000003e+02 
1.000008e+02 
1.000012e+02 
1.000016e+02 
1.000019e+02 
1.000021e+02 
1.000023e+02 
1.000024e+02 
1.000024e+02 
1.000025e+02 
1.000025e+02 
1.000025e+02 
1.000026e+02 
1.000026e+02 
1.000026e+02 
1.000026e+02 
1.000026e+02 
1.000026e+02 
1.000026e+02 
1.000026e+02 
1.000026e+02 
1.000026e+02 
1.000026e+02 
1.000026e+02 
1.000026e+02 
1.000026e+02 
1.000026e+02 
1.000026e+02 
1.000026e+02 
1.000026e+02 
1.000026e+02 
1.000026e+02 
1.000025e+02 
1.000025e+02 
1.000025e+02 
1.000024e+02 
1.000024e+02 
1.000023e+02 
1.000021e+02 
1.000019e+02 
1.000016e+02 
1.000012e+02 
1.000008e+02 
1.000003e+02 
9.999985e+01 
9.999956e+01 
9.999950e+01 
9.999964e+01 
9.999983e+01 
9.999998e+01 
1.000000e+02 
1.000000e+02 
1.000000e+02 
1.000000e+02 
1.000000e+02 

1.000000e+02 
1.000000e+02 
1.000000e+02 
1.000000e+02 
1.000000e+02 
9.999999e+01 
9.999989e+01 
9.999977e+01 
9.999968e+01 
9.999966e+01 
9.999972e+01 
9.999981e+01 
9.999992e+01 
1.000000e+02 
1.000001e+02 
1.000001e+02 
1.000002e+02 
1.000002e+02 
1.000002e+02 
1.000002e+02 
1.000002e+02 
1.000003e+02 
1.000003e+02 
1.000003e+02 
1.000003e+02 
1.000003e+02 
1.000003e+02 
1.000003e+02 
1.000003e+02 
1.000003e+02 
1.000003e+02 
1.000003e+02 
1.000003e+02 
1.000003e+02 
1.000003e+02 
1.000003e+02 
1.000003e+02 
1.000003e+02 
1.000003e+02 
1.000003e+02 
1.000003e+02 
1.000003e+02 
1.000003e+02 
1.000003e+02 
1.000003e+02 
1.000002e+02 
1.000002e+02 
1.000002e+02 
1.000002e+02 
1.000002e+02 
1.000001e+02 
1.000001e+02 
1.000000e+02 
9.999992e+01 
9.999981e+01 
9.999972e+01 
9.999966e+01 
9.999968e+01 
9.999977e+01 
9.999989e+01 
9.999999e+01 
1.000000e+02 
1.000000e+02 
1.000000e+02 
1.000000e+02 
1.000000e+02 

1.000000e+02 
1.000000e+02 
1.000000e+02 
1.000000e+02 
1.000000e+02 
1.000000e+02 
9.999994e+01 
9.999987e+01 
9.999980e+01 
9.999975e+01 
9.999972e+01 
9.999971e+01 
9.999970e+01 
9.999970e+01 
9.999971e+01 
9.999971e+01 
9.999971e+01 
9.999971e+01 
9.999971e+01 
9.999971e+01 
9.999971e+01 
9.999971e+01 
9.999971e+01 
9.999971e+01 
9.999971e+01 
9.999971e+01 
9.999971e+01 
9.999971e+01 
9.999971e+01 
9.999971e+01 
9.999971e+01 
9.999971e+01 
9.999971e+01 
9.999971e+01 
9.999971e+01 
9.999971e+01 
9.999971e+01 
9.999971e+01 
9.999971e+01 
9.999971e+01 
9.999971e+01 
9.999971e+01 
9.999971e+01 
9.999971e+01 
9.999971e+01 
9.999971e+01 
9.999971e+01 
9.999971e+01 
9.999971e+01 
9.999971e+01 
9.999971e+01 
9.999971e+01 
9.999970e+01 
9.999970e+01 
9.999971e+01 
9.999972e+01 
9.999975e+01 
9.999980e+01 
9.999987e+01 
9.999994e+01 
1.000000e+02 
1.000000e+02 
1.000000e+02 
1.000000e+02 
1.000000e+02 
1.000000e+02 

1.000000e+02 
1.000000e+02 
1.000000e+02 
1.000000e+02 
1.000000e+02 
1.000000e+02 
9.999997e+01 
9.999994e+01 
9.999989e+01 
9.999986e+01 
9.999983e+01 
9.999981e+01 
9.999980e+01 
9.999979e+01 
9.999978e+01 
9.999978e+01 
9.999977e+01 
9.999977e+01 
9.999977e+01 
9.999977e+01 
9.999977e+01 
9.999977e+01 
9.999977e+01 
9.999977e+01 
9.999977e+01 
9.999977e+01 
9.999977e+01 
9.999977e+01 
9.999977e+01 
9.999977e+01 
9.999977e+01 
9.999977e+01 
9.999977e+01 
9.999977e+01 
9.999977e+01 
9.999977e+01 
9.999977e+01 
9.999977e+01 
9.999977e+01 
9.999977e+01 
9.999977e+01 
9.999977e+01 
9.999977e+01 
9.999977e+01 
9.999977e+01 
9.999977e+01 
9.999977e+01 
9.999977e+01 
9.999977e+01 
9.999977e+01 
9.999978e+01 
9.999978e+01 
9.999979e+01 
9.999980e+01 
9.999981e+01 
9.999983e+01 
9.999986e+01 
9.999989e+01 
9.999994e+01 
9.999997e+01 
1.000000e+02 
1.000000e+02 
1.000000e+02 
1.000000e+02 
1.000000e+02 
1.000000e+02 

1.000000e+02 
1.000000e+02 
1.000000e+02 
1.000000e+02 
1.000000e+02 
1.000000e+02 
1.000000e+02 
9.999998e+01 
9.999997e+01 
9.999995e+01 
9.999994e+01 
9.999993e+01 
9.999993e+01 
9.999993e+01 
9.999992e+01 
9.999992e+01 
9.999992e+01 
9.999992e+01 
9.999992e+01 
9.999992e+01 
9.999992e+01 
9.999992e+01 
9.999992e+01 
9.999992e+01 
9.999992e+01 
9.999992e+01 
9.999992e+01 
9.999992e+01 
9.999992e+01 
9.999992e+01 
9.999992e+01 
9.999992e+01 
9.999992e+01 
9.999992e+01 
9.999992e+01 
9.999992e+01 
9.999992e+01 
9.999992e+01 
9.999992e+01 
9.999992e+01 
9.999992e+01 
9.999992e+01 
9.999992e+01 
9.999992e+01 
9.999992e+01 
9.999992e+01 
9.999992e+01 
9.999992e+01 
9.999992e+01 
9.999992e+01 
9.999992e+01 
9.999992e+01 
9.999993e+01 
9.999993e+01 
9.999993e+01 
9.999994e+01 
9.999995e+01 
9.999997e+01 
9.999998e+01 
1.000000e+02 
1.000000e+02 
1.000000e+02 
1.000000e+02 
1.000000e+02 
1.000000e+02 
1.000000e+02 

1.000000e+02 
1.000000e+02 
1.000000e+02 
1.000000e+02 
1.000000e+02 
1.000000e+02 
1.000000e+02 
1.000000e+02 
1.000000e+02 
1.000000e+02 
1.000000e+02 
9.999999e+01 
9.999999e+01 
9.999999e+01 
9.999999e+01 
9.999999e+01 
9.999999e+01 
9.999999e+01 
9.999999e+01 
9.999999e+01 
9.999999e+01 
9.999999e+01 
9.999999e+01 
9.999999e+01 
9.999999e+01 
9.999999e+01 
9.999999e+01 
9.999999e+01 
9.999999e+01 
9.999999e+01 
9.999999e+01 
9.999999e+01 
9.999999e+01 
9.999999e+01 
9.999999e+01 
9.999999e+01 
9.999999e+01 
9.999999e+01 
9.999999e+01 
9.999999e+01 
9.999999e+01 
9.999999e+01 
9.999999e+01 
9.999999e+01 
9.999999e+01 
9.999999e+01 
9.999999e+01 
9.999999e+01 
9.999999e+01 
9.999999e+01 
9.999999e+01 
9.999999e+01 
9.999999e+01 
9.999999e+01 
9.999999e+01 
1.000000e+02 
1.000000e+02 
1.000000e+02 
1.000000e+02 
1.000000e+02 
1.000000e+02 
1.000000e+02 
1.000000e+02 
1.000000e+02 
1.000000e+02 
1.000000e+02 

1.000000e+02 
1.000000e+02 
1.000000e+02 
1.000000e+02 
1.000000e+02 
1.000000e+02 
1.000000e+02 
1.000000e+02 
1.000000e+02 
1.000000e+02 
1.000000e+02 
1.000000e+02 
1.000000e+02 
1.000000e+02 
1.000000e+02 
1.000000e+02 
1.000000e+02 
1.000000e+02 
1.000000e+02 
1.000000e+02 
1.000000e+02 
1.000000e+02 
1.000000e+02 
1.000000e+02 
1.000000e+02 
1.000000e+02 
1.000000e+02 
1.000000e+02 
1.000000e+02 
1.000000e+02 
1.000000e+02 
1.000000e+02 
1.000000e+02 
1.000000e+02 
1.000000e+02 
1.000000e+02 
1.000000e+02 
1.000000e+02 
1.000000e+02 
1.000000e+02 
1.000000e+02 
1.000000e+02 
1.000000e+02 
1.000000e+02 
1.000000e+02 
1.000000e+02 
1.000000e+02 
1.000000e+02 
1.000000e+02 
1.000000e+02 
1.000000e+02 
1.000000e+02 
1.000000e+02 
1.000000e+02 
1.000000e+02 
1.000000e+02 
1.000000e+02 
1.000000e+02 
1.000000e+02 
1.000000e+02 
1.000000e+02 
1.000000e+02 
1.000000e+02 
1.000000e+02 
1.000000e+02 
1.000000e+02 

1.000000e+02 
1.000000e+02 
1.000000e+02 
1.000000e+02 
1.000000e+02 
1.000000e+02 
1.000000e+02 
1.000000e+02 
1.000000e+02 
1.000000e+02 
1.000000e+02 
1.000000e+02 
1.000000e+02 
1.000000e+02 
1.000000e+02 
1.000000e+02 
1.000000e+02 
1.000000e+02 
1.000000e+02 
1.000000e+02 
1.000000e+02 
1.000000e+02 
1.000000e+02 
1.000000e+02 
1.000000e+02 
1.000000e+02 
1.000000e+02 
1.000000e+02 
1.000000e+02 
1.000000e+02 
1.000000e+02 
1.000000e+02 
1.000000e+02 
1.000000e+02 
1.000000e+02 
1.000000e+02 
1.000000e+02 
1.000000e+02 
1.000000e+02 
1.000000e+02 
1.000000e+02 
1.000000e+02 
1.000000e+02 
1.000000e+02 
1.000000e+02 
1.000000e+02 
1.000000e+02 
1.000000e+02 
1.000000e+02 
1.000000e+02 
1.000000e+02 
1.000000e+02 
1.000000e+02 
1.000000e+02 
1.000000e+02 
1.000000e+02 
1.000000e+02 
1.000000e+02 
1.000000e+02 
1.000000e+02 
1.000000e+02 
1.000000e+02 
1.000000e+02 
1.000000e+02 
1.000000e+02 
1.000000e+02 

1.000000e+02 
1.000000e+02 
1.000000e+02 
1.000000e+02 
1.000000e+02 
1.000000e+02 
1.000000e+02 
1.000000e+02 
1.000000e+02 
1.000000e+02 
1.000000e+02 
1.000000e+02 
1.000000e+02 
1.000000e+02 
1.000000e+02 
1.000000e+02 
1.000000e+02 
1.000000e+02 
1.000000e+02 
1.000000e+02 
1.000000e+02 
1.000000e+02 
1.000000e+02 
1.000000e+02 
1.000000e+02 
1.000000e+02 
1.000000e+02 
1.000000e+02 
1.000000e+02 
1.000000e+02 
1.000000e+02 
1.000000e+02 
1.000000e+02 
1.000000e+02 
1.000000e+02 
1.000000e+02 
1.000000e+02 
1.000000e+02 
1.000000e+02 
1.000000e+02 
1.000000e+02 
1.000000e+02 
1.000000e+02 
1.000000e+02 
1.000000e+02 
1.000000e+02 
1.000000e+02 
1.000000e+02 
1.000000e+02 
1.000000e+02 
1.000000e+02 
1.000000e+02 
1.000000e+02 
1.000000e+02 
1.000000e+02 
1.000000e+02 
1.000000e+02 
1.000000e+02 
1.000000e+02 
1.000000e+02 
1.000000e+02 
1.000000e+02 
1.000000e+02 
1.000000e+02 
1.000000e+02 
1.000000e+02 

