4.500188e+01 
4.500188e+01 
4.500188e+01 
4.500188e+01 
4.500188e+01 
4.500188e+01 
4.500188e+01 
4.500188e+01 
4.500188e+01 
4.500188e+01 
4.500188e+01 
4.500188e+01 
4.500188e+01 
4.500188e+01 
4.500188e+01 
4.500188e+01 
4.500188e+01 
4.500188e+01 
4.500188e+01 
4.500188e+01 
4.500188e+01 
4.500188e+01 
4.500188e+01 
4.500188e+01 
4.500188e+01 
4.500188e+01 
4.500188e+01 
4.500188e+01 
4.500188e+01 
4.500188e+01 
4.500188e+01 
4.500188e+01 
4.500188e+01 
4.500188e+01 
4.500188e+01 
4.500188e+01 
4.500188e+01 
4.500188e+01 
4.500188e+01 
4.500188e+01 
4.500188e+01 
4.500188e+01 
4.500188e+01 
4.500188e+01 
4.500188e+01 
4.500188e+01 
4.500188e+01 
4.500188e+01 
4.500188e+01 
4.500188e+01 
4.500188e+01 
4.500188e+01 
4.500188e+01 
4.500188e+01 
4.500188e+01 
4.500188e+01 
4.500188e+01 
4.500188e+01 
4.500188e+01 
4.500188e+01 
4.500188e+01 
4.500188e+01 
4.500188e+01 
4.500188e+01 
4.500188e+01 
4.500188e+01 

4.500188e+01 
4.500188e+01 
4.500188e+01 
4.500188e+01 
4.500189e+01 
4.500189e+01 
4.500189e+01 
4.500189e+01 
4.500189e+01 
4.500189e+01 
4.500189e+01 
4.500189e+01 
4.500189e+01 
4.500189e+01 
4.500189e+01 
4.500189e+01 
4.500189e+01 
4.500189e+01 
4.500189e+01 
4.500189e+01 
4.500189e+01 
4.500189e+01 
4.500189e+01 
4.500189e+01 
4.500189e+01 
4.500189e+01 
4.500189e+01 
4.500189e+01 
4.500189e+01 
4.500189e+01 
4.500189e+01 
4.500189e+01 
4.500189e+01 
4.500189e+01 
4.500189e+01 
4.500189e+01 
4.500189e+01 
4.500189e+01 
4.500189e+01 
4.500189e+01 
4.500189e+01 
4.500189e+01 
4.500189e+01 
4.500189e+01 
4.500189e+01 
4.500189e+01 
4.500189e+01 
4.500189e+01 
4.500189e+01 
4.500189e+01 
4.500189e+01 
4.500189e+01 
4.500189e+01 
4.500189e+01 
4.500189e+01 
4.500189e+01 
4.500189e+01 
4.500189e+01 
4.500189e+01 
4.500189e+01 
4.500189e+01 
4.500189e+01 
4.500188e+01 
4.500188e+01 
4.500188e+01 
4.500188e+01 

4.500188e+01 
4.500188e+01 
4.500188e+01 
4.500189e+01 
4.500189e+01 
4.500188e+01 
4.500188e+01 
4.500188e+01 
4.500188e+01 
4.500188e+01 
4.500188e+01 
4.500188e+01 
4.500188e+01 
4.500188e+01 
4.500188e+01 
4.500188e+01 
4.500188e+01 
4.500188e+01 
4.500188e+01 
4.500188e+01 
4.500188e+01 
4.500188e+01 
4.500188e+01 
4.500188e+01 
4.500188e+01 
4.500188e+01 
4.500188e+01 
4.500188e+01 
4.500188e+01 
4.500188e+01 
4.500188e+01 
4.500188e+01 
4.500188e+01 
4.500188e+01 
4.500188e+01 
4.500188e+01 
4.500188e+01 
4.500188e+01 
4.500188e+01 
4.500188e+01 
4.500188e+01 
4.500188e+01 
4.500188e+01 
4.500188e+01 
4.500188e+01 
4.500188e+01 
4.500188e+01 
4.500188e+01 
4.500188e+01 
4.500188e+01 
4.500188e+01 
4.500188e+01 
4.500188e+01 
4.500188e+01 
4.500188e+01 
4.500188e+01 
4.500188e+01 
4.500188e+01 
4.500188e+01 
4.500188e+01 
4.500188e+01 
4.500189e+01 
4.500189e+01 
4.500188e+01 
4.500188e+01 
4.500188e+01 

4.500188e+01 
4.500188e+01 
4.500188e+01 
4.500188e+01 
4.500188e+01 
4.500188e+01 
4.500188e+01 
4.500188e+01 
4.500188e+01 
4.500188e+01 
4.500188e+01 
4.500188e+01 
4.500188e+01 
4.500188e+01 
4.500188e+01 
4.500188e+01 
4.500188e+01 
4.500188e+01 
4.500188e+01 
4.500188e+01 
4.500188e+01 
4.500188e+01 
4.500188e+01 
4.500188e+01 
4.500188e+01 
4.500188e+01 
4.500188e+01 
4.500188e+01 
4.500188e+01 
4.500188e+01 
4.500188e+01 
4.500188e+01 
4.500188e+01 
4.500188e+01 
4.500188e+01 
4.500188e+01 
4.500188e+01 
4.500188e+01 
4.500188e+01 
4.500188e+01 
4.500188e+01 
4.500188e+01 
4.500188e+01 
4.500188e+01 
4.500188e+01 
4.500188e+01 
4.500188e+01 
4.500188e+01 
4.500188e+01 
4.500188e+01 
4.500188e+01 
4.500188e+01 
4.500188e+01 
4.500188e+01 
4.500188e+01 
4.500188e+01 
4.500188e+01 
4.500188e+01 
4.500188e+01 
4.500188e+01 
4.500188e+01 
4.500188e+01 
4.500188e+01 
4.500188e+01 
4.500188e+01 
4.500188e+01 

4.500188e+01 
4.500188e+01 
4.500188e+01 
4.500188e+01 
4.500188e+01 
4.500189e+01 
4.500189e+01 
4.500189e+01 
4.500189e+01 
4.500189e+01 
4.500189e+01 
4.500189e+01 
4.500189e+01 
4.500189e+01 
4.500189e+01 
4.500189e+01 
4.500189e+01 
4.500189e+01 
4.500189e+01 
4.500189e+01 
4.500189e+01 
4.500189e+01 
4.500189e+01 
4.500189e+01 
4.500189e+01 
4.500189e+01 
4.500189e+01 
4.500189e+01 
4.500189e+01 
4.500189e+01 
4.500189e+01 
4.500189e+01 
4.500189e+01 
4.500189e+01 
4.500189e+01 
4.500189e+01 
4.500189e+01 
4.500189e+01 
4.500189e+01 
4.500189e+01 
4.500189e+01 
4.500189e+01 
4.500189e+01 
4.500189e+01 
4.500189e+01 
4.500189e+01 
4.500189e+01 
4.500189e+01 
4.500189e+01 
4.500189e+01 
4.500189e+01 
4.500189e+01 
4.500189e+01 
4.500189e+01 
4.500189e+01 
4.500189e+01 
4.500189e+01 
4.500189e+01 
4.500189e+01 
4.500189e+01 
4.500189e+01 
4.500188e+01 
4.500188e+01 
4.500188e+01 
4.500188e+01 
4.500188e+01 

4.500188e+01 
4.500188e+01 
4.500188e+01 
4.500188e+01 
4.500189e+01 
4.500189e+01 
4.500189e+01 
4.500190e+01 
4.500190e+01 
4.500191e+01 
4.500192e+01 
4.500192e+01 
4.500193e+01 
4.500193e+01 
4.500193e+01 
4.500193e+01 
4.500193e+01 
4.500193e+01 
4.500194e+01 
4.500194e+01 
4.500194e+01 
4.500194e+01 
4.500194e+01 
4.500194e+01 
4.500194e+01 
4.500194e+01 
4.500194e+01 
4.500194e+01 
4.500194e+01 
4.500194e+01 
4.500194e+01 
4.500194e+01 
4.500194e+01 
4.500194e+01 
4.500194e+01 
4.500194e+01 
4.500194e+01 
4.500194e+01 
4.500194e+01 
4.500194e+01 
4.500194e+01 
4.500194e+01 
4.500194e+01 
4.500194e+01 
4.500194e+01 
4.500194e+01 
4.500194e+01 
4.500194e+01 
4.500193e+01 
4.500193e+01 
4.500193e+01 
4.500193e+01 
4.500193e+01 
4.500193e+01 
4.500192e+01 
4.500192e+01 
4.500191e+01 
4.500190e+01 
4.500190e+01 
4.500189e+01 
4.500189e+01 
4.500189e+01 
4.500188e+01 
4.500188e+01 
4.500188e+01 
4.500188e+01 

4.500188e+01 
4.500188e+01 
4.500188e+01 
4.500189e+01 
4.500189e+01 
4.500189e+01 
4.500190e+01 
4.500191e+01 
4.500193e+01 
4.500195e+01 
4.500197e+01 
4.500199e+01 
4.500200e+01 
4.500202e+01 
4.500202e+01 
4.500203e+01 
4.500203e+01 
4.500204e+01 
4.500204e+01 
4.500204e+01 
4.500204e+01 
4.500204e+01 
4.500204e+01 
4.500204e+01 
4.500204e+01 
4.500204e+01 
4.500204e+01 
4.500204e+01 
4.500204e+01 
4.500204e+01 
4.500204e+01 
4.500204e+01 
4.500204e+01 
4.500204e+01 
4.500204e+01 
4.500204e+01 
4.500204e+01 
4.500204e+01 
4.500204e+01 
4.500204e+01 
4.500204e+01 
4.500204e+01 
4.500204e+01 
4.500204e+01 
4.500204e+01 
4.500204e+01 
4.500204e+01 
4.500204e+01 
4.500204e+01 
4.500203e+01 
4.500203e+01 
4.500202e+01 
4.500202e+01 
4.500200e+01 
4.500199e+01 
4.500197e+01 
4.500195e+01 
4.500193e+01 
4.500191e+01 
4.500190e+01 
4.500189e+01 
4.500189e+01 
4.500189e+01 
4.500188e+01 
4.500188e+01 
4.500188e+01 

4.500188e+01 
4.500188e+01 
4.500188e+01 
4.500189e+01 
4.500189e+01 
4.500189e+01 
4.500190e+01 
4.500191e+01 
4.500193e+01 
4.500198e+01 
4.500203e+01 
4.500208e+01 
4.500212e+01 
4.500216e+01 
4.500218e+01 
4.500220e+01 
4.500221e+01 
4.500222e+01 
4.500223e+01 
4.500223e+01 
4.500224e+01 
4.500224e+01 
4.500224e+01 
4.500224e+01 
4.500224e+01 
4.500224e+01 
4.500225e+01 
4.500225e+01 
4.500225e+01 
4.500225e+01 
4.500225e+01 
4.500225e+01 
4.500225e+01 
4.500225e+01 
4.500225e+01 
4.500225e+01 
4.500225e+01 
4.500225e+01 
4.500225e+01 
4.500225e+01 
4.500224e+01 
4.500224e+01 
4.500224e+01 
4.500224e+01 
4.500224e+01 
4.500224e+01 
4.500223e+01 
4.500223e+01 
4.500222e+01 
4.500221e+01 
4.500220e+01 
4.500218e+01 
4.500216e+01 
4.500212e+01 
4.500208e+01 
4.500203e+01 
4.500198e+01 
4.500193e+01 
4.500191e+01 
4.500190e+01 
4.500189e+01 
4.500189e+01 
4.500189e+01 
4.500188e+01 
4.500188e+01 
4.500188e+01 

4.500188e+01 
4.500188e+01 
4.500188e+01 
4.500189e+01 
4.500189e+01 
4.500189e+01 
4.500189e+01 
4.500189e+01 
4.500190e+01 
4.500195e+01 
4.500204e+01 
4.500214e+01 
4.500224e+01 
4.500233e+01 
4.500240e+01 
4.500245e+01 
4.500249e+01 
4.500252e+01 
4.500254e+01 
4.500255e+01 
4.500256e+01 
4.500257e+01 
4.500257e+01 
4.500257e+01 
4.500258e+01 
4.500258e+01 
4.500258e+01 
4.500258e+01 
4.500258e+01 
4.500258e+01 
4.500259e+01 
4.500259e+01 
4.500259e+01 
4.500259e+01 
4.500259e+01 
4.500259e+01 
4.500258e+01 
4.500258e+01 
4.500258e+01 
4.500258e+01 
4.500258e+01 
4.500258e+01 
4.500257e+01 
4.500257e+01 
4.500257e+01 
4.500256e+01 
4.500255e+01 
4.500254e+01 
4.500252e+01 
4.500249e+01 
4.500245e+01 
4.500240e+01 
4.500233e+01 
4.500224e+01 
4.500214e+01 
4.500204e+01 
4.500195e+01 
4.500190e+01 
4.500189e+01 
4.500189e+01 
4.500189e+01 
4.500189e+01 
4.500189e+01 
4.500188e+01 
4.500188e+01 
4.500188e+01 

4.500188e+01 
4.500188e+01 
4.500188e+01 
4.500189e+01 
4.500189e+01 
4.500189e+01 
4.500187e+01 
4.500184e+01 
4.500182e+01 
4.500184e+01 
4.500194e+01 
4.500209e+01 
4.500228e+01 
4.500247e+01 
4.500263e+01 
4.500276e+01 
4.500286e+01 
4.500293e+01 
4.500299e+01 
4.500302e+01 
4.500305e+01 
4.500307e+01 
4.500308e+01 
4.500309e+01 
4.500310e+01 
4.500310e+01 
4.500311e+01 
4.500311e+01 
4.500312e+01 
4.500312e+01 
4.500312e+01 
4.500312e+01 
4.500313e+01 
4.500313e+01 
4.500312e+01 
4.500312e+01 
4.500312e+01 
4.500312e+01 
4.500311e+01 
4.500311e+01 
4.500310e+01 
4.500310e+01 
4.500309e+01 
4.500308e+01 
4.500307e+01 
4.500305e+01 
4.500302e+01 
4.500299e+01 
4.500293e+01 
4.500286e+01 
4.500276e+01 
4.500263e+01 
4.500247e+01 
4.500228e+01 
4.500209e+01 
4.500194e+01 
4.500184e+01 
4.500182e+01 
4.500184e+01 
4.500187e+01 
4.500189e+01 
4.500189e+01 
4.500189e+01 
4.500188e+01 
4.500188e+01 
4.500188e+01 

4.500188e+01 
4.500188e+01 
4.500188e+01 
4.500189e+01 
4.500189e+01 
4.500189e+01 
4.500186e+01 
4.500179e+01 
4.500170e+01 
4.500164e+01 
4.500168e+01 
4.500185e+01 
4.500213e+01 
4.500247e+01 
4.500280e+01 
4.500309e+01 
4.500332e+01 
4.500349e+01 
4.500362e+01 
4.500371e+01 
4.500378e+01 
4.500383e+01 
4.500386e+01 
4.500388e+01 
4.500390e+01 
4.500392e+01 
4.500394e+01 
4.500395e+01 
4.500396e+01 
4.500397e+01 
4.500398e+01 
4.500398e+01 
4.500398e+01 
4.500398e+01 
4.500398e+01 
4.500398e+01 
4.500397e+01 
4.500396e+01 
4.500395e+01 
4.500394e+01 
4.500392e+01 
4.500390e+01 
4.500388e+01 
4.500386e+01 
4.500383e+01 
4.500378e+01 
4.500371e+01 
4.500362e+01 
4.500349e+01 
4.500332e+01 
4.500309e+01 
4.500280e+01 
4.500247e+01 
4.500213e+01 
4.500185e+01 
4.500168e+01 
4.500164e+01 
4.500170e+01 
4.500179e+01 
4.500186e+01 
4.500189e+01 
4.500189e+01 
4.500189e+01 
4.500188e+01 
4.500188e+01 
4.500188e+01 

4.500188e+01 
4.500188e+01 
4.500188e+01 
4.500189e+01 
4.500189e+01 
4.500188e+01 
4.500184e+01 
4.500173e+01 
4.500155e+01 
4.500136e+01 
4.500126e+01 
4.500135e+01 
4.500167e+01 
4.500216e+01 
4.500273e+01 
4.500329e+01 
4.500378e+01 
4.500417e+01 
4.500446e+01 
4.500468e+01 
4.500484e+01 
4.500496e+01 
4.500504e+01 
4.500511e+01 
4.500515e+01 
4.500520e+01 
4.500524e+01 
4.500527e+01 
4.500530e+01 
4.500532e+01 
4.500534e+01 
4.500535e+01 
4.500536e+01 
4.500536e+01 
4.500535e+01 
4.500534e+01 
4.500532e+01 
4.500530e+01 
4.500527e+01 
4.500524e+01 
4.500520e+01 
4.500515e+01 
4.500511e+01 
4.500504e+01 
4.500496e+01 
4.500484e+01 
4.500468e+01 
4.500446e+01 
4.500417e+01 
4.500378e+01 
4.500329e+01 
4.500273e+01 
4.500216e+01 
4.500167e+01 
4.500135e+01 
4.500126e+01 
4.500136e+01 
4.500155e+01 
4.500173e+01 
4.500184e+01 
4.500188e+01 
4.500189e+01 
4.500189e+01 
4.500188e+01 
4.500188e+01 
4.500188e+01 

4.500188e+01 
4.500188e+01 
4.500188e+01 
4.500189e+01 
4.500189e+01 
4.500188e+01 
4.500183e+01 
4.500168e+01 
4.500141e+01 
4.500107e+01 
4.500075e+01 
4.500063e+01 
4.500082e+01 
4.500138e+01 
4.500221e+01 
4.500315e+01 
4.500406e+01 
4.500484e+01 
4.500548e+01 
4.500597e+01 
4.500634e+01 
4.500661e+01 
4.500681e+01 
4.500695e+01 
4.500707e+01 
4.500718e+01 
4.500727e+01 
4.500735e+01 
4.500742e+01 
4.500748e+01 
4.500752e+01 
4.500755e+01 
4.500757e+01 
4.500757e+01 
4.500755e+01 
4.500752e+01 
4.500748e+01 
4.500742e+01 
4.500735e+01 
4.500727e+01 
4.500718e+01 
4.500707e+01 
4.500695e+01 
4.500681e+01 
4.500661e+01 
4.500634e+01 
4.500597e+01 
4.500548e+01 
4.500484e+01 
4.500406e+01 
4.500315e+01 
4.500221e+01 
4.500138e+01 
4.500082e+01 
4.500063e+01 
4.500075e+01 
4.500107e+01 
4.500141e+01 
4.500168e+01 
4.500183e+01 
4.500188e+01 
4.500189e+01 
4.500189e+01 
4.500188e+01 
4.500188e+01 
4.500188e+01 

4.500188e+01 
4.500188e+01 
4.500188e+01 
4.500189e+01 
4.500189e+01 
4.500188e+01 
4.500182e+01 
4.500164e+01 
4.500129e+01 
4.500079e+01 
4.500022e+01 
4.499976e+01 
4.499965e+01 
4.500005e+01 
4.500099e+01 
4.500233e+01 
4.500382e+01 
4.500524e+01 
4.500649e+01 
4.500750e+01 
4.500829e+01 
4.500888e+01 
4.500933e+01 
4.500966e+01 
4.500993e+01 
4.501018e+01 
4.501040e+01 
4.501060e+01 
4.501076e+01 
4.501090e+01 
4.501100e+01 
4.501107e+01 
4.501110e+01 
4.501110e+01 
4.501107e+01 
4.501100e+01 
4.501090e+01 
4.501076e+01 
4.501060e+01 
4.501040e+01 
4.501018e+01 
4.500993e+01 
4.500966e+01 
4.500933e+01 
4.500888e+01 
4.500829e+01 
4.500750e+01 
4.500649e+01 
4.500524e+01 
4.500382e+01 
4.500233e+01 
4.500099e+01 
4.500005e+01 
4.499965e+01 
4.499976e+01 
4.500022e+01 
4.500079e+01 
4.500129e+01 
4.500164e+01 
4.500182e+01 
4.500188e+01 
4.500189e+01 
4.500189e+01 
4.500188e+01 
4.500188e+01 
4.500188e+01 

4.500188e+01 
4.500188e+01 
4.500188e+01 
4.500189e+01 
4.500189e+01 
4.500188e+01 
4.500181e+01 
4.500160e+01 
4.500120e+01 
4.500056e+01 
4.499973e+01 
4.499888e+01 
4.499827e+01 
4.499824e+01 
4.499899e+01 
4.500052e+01 
4.500259e+01 
4.500487e+01 
4.500705e+01 
4.500895e+01 
4.501051e+01 
4.501174e+01 
4.501269e+01 
4.501341e+01 
4.501400e+01 
4.501456e+01 
4.501506e+01 
4.501550e+01 
4.501588e+01 
4.501619e+01 
4.501643e+01 
4.501659e+01 
4.501667e+01 
4.501667e+01 
4.501659e+01 
4.501643e+01 
4.501619e+01 
4.501588e+01 
4.501550e+01 
4.501506e+01 
4.501456e+01 
4.501400e+01 
4.501341e+01 
4.501269e+01 
4.501174e+01 
4.501051e+01 
4.500895e+01 
4.500705e+01 
4.500487e+01 
4.500259e+01 
4.500052e+01 
4.499899e+01 
4.499824e+01 
4.499827e+01 
4.499888e+01 
4.499973e+01 
4.500056e+01 
4.500120e+01 
4.500160e+01 
4.500181e+01 
4.500188e+01 
4.500189e+01 
4.500189e+01 
4.500188e+01 
4.500188e+01 
4.500188e+01 

4.500188e+01 
4.500188e+01 
4.500188e+01 
4.500189e+01 
4.500189e+01 
4.500188e+01 
4.500180e+01 
4.500158e+01 
4.500113e+01 
4.500038e+01 
4.499933e+01 
4.499808e+01 
4.499690e+01 
4.499617e+01 
4.499633e+01 
4.499762e+01 
4.499999e+01 
4.500309e+01 
4.500645e+01 
4.500966e+01 
4.501249e+01 
4.501483e+01 
4.501669e+01 
4.501815e+01 
4.501939e+01 
4.502056e+01 
4.502163e+01 
4.502260e+01 
4.502344e+01 
4.502413e+01 
4.502466e+01 
4.502502e+01 
4.502520e+01 
4.502520e+01 
4.502502e+01 
4.502466e+01 
4.502413e+01 
4.502344e+01 
4.502260e+01 
4.502163e+01 
4.502056e+01 
4.501939e+01 
4.501815e+01 
4.501669e+01 
4.501483e+01 
4.501249e+01 
4.500966e+01 
4.500645e+01 
4.500309e+01 
4.499999e+01 
4.499762e+01 
4.499633e+01 
4.499617e+01 
4.499690e+01 
4.499808e+01 
4.499933e+01 
4.500038e+01 
4.500113e+01 
4.500158e+01 
4.500180e+01 
4.500188e+01 
4.500189e+01 
4.500189e+01 
4.500188e+01 
4.500188e+01 
4.500188e+01 

4.500188e+01 
4.500188e+01 
4.500188e+01 
4.500189e+01 
4.500189e+01 
4.500188e+01 
4.500180e+01 
4.500157e+01 
4.500108e+01 
4.500025e+01 
4.499902e+01 
4.499742e+01 
4.499566e+01 
4.499411e+01 
4.499332e+01 
4.499382e+01 
4.499590e+01 
4.499942e+01 
4.500388e+01 
4.500866e+01 
4.501323e+01 
4.501728e+01 
4.502066e+01 
4.502340e+01 
4.502581e+01 
4.502813e+01 
4.503031e+01 
4.503231e+01 
4.503407e+01 
4.503555e+01 
4.503669e+01 
4.503748e+01 
4.503788e+01 
4.503788e+01 
4.503748e+01 
4.503669e+01 
4.503555e+01 
4.503407e+01 
4.503231e+01 
4.503031e+01 
4.502813e+01 
4.502581e+01 
4.502340e+01 
4.502066e+01 
4.501728e+01 
4.501323e+01 
4.500866e+01 
4.500388e+01 
4.499942e+01 
4.499590e+01 
4.499382e+01 
4.499332e+01 
4.499411e+01 
4.499566e+01 
4.499742e+01 
4.499902e+01 
4.500025e+01 
4.500108e+01 
4.500157e+01 
4.500180e+01 
4.500188e+01 
4.500189e+01 
4.500189e+01 
4.500188e+01 
4.500188e+01 
4.500188e+01 

4.500188e+01 
4.500188e+01 
4.500188e+01 
4.500189e+01 
4.500189e+01 
4.500188e+01 
4.500180e+01 
4.500156e+01 
4.500104e+01 
4.500015e+01 
4.499878e+01 
4.499691e+01 
4.499464e+01 
4.499226e+01 
4.499033e+01 
4.498958e+01 
4.499066e+01 
4.499382e+01 
4.499882e+01 
4.500499e+01 
4.501152e+01 
4.501777e+01 
4.502333e+01 
4.502805e+01 
4.503234e+01 
4.503661e+01 
4.504077e+01 
4.504467e+01 
4.504818e+01 
4.505119e+01 
4.505356e+01 
4.505520e+01 
4.505604e+01 
4.505604e+01 
4.505520e+01 
4.505356e+01 
4.505119e+01 
4.504818e+01 
4.504467e+01 
4.504077e+01 
4.503661e+01 
4.503234e+01 
4.502805e+01 
4.502333e+01 
4.501777e+01 
4.501152e+01 
4.500499e+01 
4.499882e+01 
4.499382e+01 
4.499066e+01 
4.498958e+01 
4.499033e+01 
4.499226e+01 
4.499464e+01 
4.499691e+01 
4.499878e+01 
4.500015e+01 
4.500104e+01 
4.500156e+01 
4.500180e+01 
4.500188e+01 
4.500189e+01 
4.500189e+01 
4.500188e+01 
4.500188e+01 
4.500188e+01 

4.500188e+01 
4.500188e+01 
4.500188e+01 
4.500189e+01 
4.500189e+01 
4.500188e+01 
4.500179e+01 
4.500155e+01 
4.500102e+01 
4.500008e+01 
4.499861e+01 
4.499653e+01 
4.499383e+01 
4.499072e+01 
4.498764e+01 
4.498538e+01 
4.498486e+01 
4.498678e+01 
4.499136e+01 
4.499816e+01 
4.500632e+01 
4.501487e+01 
4.502305e+01 
4.503037e+01 
4.503735e+01 
4.504459e+01 
4.505189e+01 
4.505899e+01 
4.506559e+01 
4.507137e+01 
4.507604e+01 
4.507932e+01 
4.508101e+01 
4.508101e+01 
4.507932e+01 
4.507604e+01 
4.507137e+01 
4.506559e+01 
4.505899e+01 
4.505189e+01 
4.504459e+01 
4.503735e+01 
4.503037e+01 
4.502305e+01 
4.501487e+01 
4.500632e+01 
4.499816e+01 
4.499136e+01 
4.498678e+01 
4.498486e+01 
4.498538e+01 
4.498764e+01 
4.499072e+01 
4.499383e+01 
4.499653e+01 
4.499861e+01 
4.500008e+01 
4.500102e+01 
4.500155e+01 
4.500179e+01 
4.500188e+01 
4.500189e+01 
4.500189e+01 
4.500188e+01 
4.500188e+01 
4.500188e+01 

4.500188e+01 
4.500188e+01 
4.500188e+01 
4.500189e+01 
4.500189e+01 
4.500188e+01 
4.500179e+01 
4.500154e+01 
4.500100e+01 
4.500004e+01 
4.499849e+01 
4.499625e+01 
4.499323e+01 
4.498950e+01 
4.498539e+01 
4.498159e+01 
4.497914e+01 
4.497910e+01 
4.498220e+01 
4.498850e+01 
4.499734e+01 
4.500766e+01 
4.501835e+01 
4.502855e+01 
4.503879e+01 
4.504994e+01 
4.506170e+01 
4.507362e+01 
4.508514e+01 
4.509557e+01 
4.510421e+01 
4.511041e+01 
4.511364e+01 
4.511364e+01 
4.511041e+01 
4.510421e+01 
4.509557e+01 
4.508514e+01 
4.507362e+01 
4.506170e+01 
4.504994e+01 
4.503879e+01 
4.502855e+01 
4.501835e+01 
4.500766e+01 
4.499734e+01 
4.498850e+01 
4.498220e+01 
4.497910e+01 
4.497914e+01 
4.498159e+01 
4.498539e+01 
4.498950e+01 
4.499323e+01 
4.499625e+01 
4.499849e+01 
4.500004e+01 
4.500100e+01 
4.500154e+01 
4.500179e+01 
4.500188e+01 
4.500189e+01 
4.500189e+01 
4.500188e+01 
4.500188e+01 
4.500188e+01 

4.500188e+01 
4.500188e+01 
4.500188e+01 
4.500189e+01 
4.500189e+01 
4.500188e+01 
4.500179e+01 
4.500154e+01 
4.500099e+01 
4.500000e+01 
4.499841e+01 
4.499604e+01 
4.499278e+01 
4.498857e+01 
4.498359e+01 
4.497840e+01 
4.497399e+01 
4.497161e+01 
4.497242e+01 
4.497705e+01 
4.498529e+01 
4.499625e+01 
4.500869e+01 
4.502141e+01 
4.503495e+01 
4.505049e+01 
4.506774e+01 
4.508610e+01 
4.510465e+01 
4.512213e+01 
4.513710e+01 
4.514809e+01 
4.515392e+01 
4.515392e+01 
4.514809e+01 
4.513710e+01 
4.512213e+01 
4.510465e+01 
4.508610e+01 
4.506774e+01 
4.505049e+01 
4.503495e+01 
4.502141e+01 
4.500869e+01 
4.499625e+01 
4.498529e+01 
4.497705e+01 
4.497242e+01 
4.497161e+01 
4.497399e+01 
4.497840e+01 
4.498359e+01 
4.498857e+01 
4.499278e+01 
4.499604e+01 
4.499841e+01 
4.500000e+01 
4.500099e+01 
4.500154e+01 
4.500179e+01 
4.500188e+01 
4.500189e+01 
4.500189e+01 
4.500188e+01 
4.500188e+01 
4.500188e+01 

4.500188e+01 
4.500188e+01 
4.500188e+01 
4.500189e+01 
4.500189e+01 
4.500188e+01 
4.500179e+01 
4.500154e+01 
4.500098e+01 
4.499998e+01 
4.499835e+01 
4.499590e+01 
4.499245e+01 
4.498787e+01 
4.498220e+01 
4.497584e+01 
4.496963e+01 
4.496487e+01 
4.496298e+01 
4.496509e+01 
4.497154e+01 
4.498181e+01 
4.499478e+01 
4.500907e+01 
4.502526e+01 
4.504492e+01 
4.506798e+01 
4.509388e+01 
4.512137e+01 
4.514847e+01 
4.517257e+01 
4.519079e+01 
4.520063e+01 
4.520063e+01 
4.519079e+01 
4.517257e+01 
4.514847e+01 
4.512137e+01 
4.509388e+01 
4.506798e+01 
4.504492e+01 
4.502526e+01 
4.500907e+01 
4.499478e+01 
4.498181e+01 
4.497154e+01 
4.496509e+01 
4.496298e+01 
4.496487e+01 
4.496963e+01 
4.497584e+01 
4.498220e+01 
4.498787e+01 
4.499245e+01 
4.499590e+01 
4.499835e+01 
4.499998e+01 
4.500098e+01 
4.500154e+01 
4.500179e+01 
4.500188e+01 
4.500189e+01 
4.500189e+01 
4.500188e+01 
4.500188e+01 
4.500188e+01 

4.500188e+01 
4.500188e+01 
4.500188e+01 
4.500189e+01 
4.500189e+01 
4.500188e+01 
4.500179e+01 
4.500153e+01 
4.500098e+01 
4.499996e+01 
4.499830e+01 
4.499579e+01 
4.499221e+01 
4.498736e+01 
4.498115e+01 
4.497383e+01 
4.496609e+01 
4.495913e+01 
4.495451e+01 
4.495370e+01 
4.495753e+01 
4.496599e+01 
4.497821e+01 
4.499286e+01 
4.501057e+01 
4.503336e+01 
4.506166e+01 
4.509523e+01 
4.513282e+01 
4.517173e+01 
4.520780e+01 
4.523597e+01 
4.525151e+01 
4.525151e+01 
4.523597e+01 
4.520780e+01 
4.517173e+01 
4.513282e+01 
4.509523e+01 
4.506166e+01 
4.503336e+01 
4.501057e+01 
4.499286e+01 
4.497821e+01 
4.496599e+01 
4.495753e+01 
4.495370e+01 
4.495451e+01 
4.495913e+01 
4.496609e+01 
4.497383e+01 
4.498115e+01 
4.498736e+01 
4.499221e+01 
4.499579e+01 
4.499830e+01 
4.499996e+01 
4.500098e+01 
4.500153e+01 
4.500179e+01 
4.500188e+01 
4.500189e+01 
4.500189e+01 
4.500188e+01 
4.500188e+01 
4.500188e+01 

4.500188e+01 
4.500188e+01 
4.500188e+01 
4.500189e+01 
4.500189e+01 
4.500188e+01 
4.500179e+01 
4.500153e+01 
4.500097e+01 
4.499995e+01 
4.499827e+01 
4.499572e+01 
4.499204e+01 
4.498698e+01 
4.498036e+01 
4.497229e+01 
4.496329e+01 
4.495444e+01 
4.494730e+01 
4.494354e+01 
4.494442e+01 
4.495035e+01 
4.496084e+01 
4.497472e+01 
4.499271e+01 
4.501726e+01 
4.504950e+01 
4.508992e+01 
4.513764e+01 
4.518959e+01 
4.523990e+01 
4.528058e+01 
4.530351e+01 
4.530351e+01 
4.528058e+01 
4.523990e+01 
4.518959e+01 
4.513764e+01 
4.508992e+01 
4.504950e+01 
4.501726e+01 
4.499271e+01 
4.497472e+01 
4.496084e+01 
4.495035e+01 
4.494442e+01 
4.494354e+01 
4.494730e+01 
4.495444e+01 
4.496329e+01 
4.497229e+01 
4.498036e+01 
4.498698e+01 
4.499204e+01 
4.499572e+01 
4.499827e+01 
4.499995e+01 
4.500097e+01 
4.500153e+01 
4.500179e+01 
4.500188e+01 
4.500189e+01 
4.500189e+01 
4.500188e+01 
4.500188e+01 
4.500188e+01 

4.500188e+01 
4.500188e+01 
4.500188e+01 
4.500189e+01 
4.500189e+01 
4.500188e+01 
4.500179e+01 
4.500153e+01 
4.500097e+01 
4.499994e+01 
4.499825e+01 
4.499566e+01 
4.499190e+01 
4.498667e+01 
4.497971e+01 
4.497100e+01 
4.496088e+01 
4.495029e+01 
4.494071e+01 
4.493391e+01 
4.493147e+01 
4.493421e+01 
4.494206e+01 
4.495411e+01 
4.497114e+01 
4.499602e+01 
4.503075e+01 
4.507697e+01 
4.513487e+01 
4.520156e+01 
4.526953e+01 
4.532678e+01 
4.535993e+01 
4.535993e+01 
4.532678e+01 
4.526953e+01 
4.520156e+01 
4.513487e+01 
4.507697e+01 
4.503075e+01 
4.499602e+01 
4.497114e+01 
4.495411e+01 
4.494206e+01 
4.493421e+01 
4.493147e+01 
4.493391e+01 
4.494071e+01 
4.495029e+01 
4.496088e+01 
4.497100e+01 
4.497971e+01 
4.498667e+01 
4.499190e+01 
4.499566e+01 
4.499825e+01 
4.499994e+01 
4.500097e+01 
4.500153e+01 
4.500179e+01 
4.500188e+01 
4.500189e+01 
4.500189e+01 
4.500188e+01 
4.500188e+01 
4.500188e+01 

4.500188e+01 
4.500188e+01 
4.500188e+01 
4.500189e+01 
4.500189e+01 
4.500188e+01 
4.500179e+01 
4.500153e+01 
4.500097e+01 
4.499993e+01 
4.499823e+01 
4.499560e+01 
4.499177e+01 
4.498639e+01 
4.497911e+01 
4.496979e+01 
4.495860e+01 
4.494626e+01 
4.493413e+01 
4.492400e+01 
4.491769e+01 
4.491644e+01 
4.492059e+01 
4.492962e+01 
4.494431e+01 
4.496784e+01 
4.500329e+01 
4.505392e+01 
4.512186e+01 
4.520557e+01 
4.529632e+01 
4.537678e+01 
4.542494e+01 
4.542494e+01 
4.537678e+01 
4.529632e+01 
4.520557e+01 
4.512186e+01 
4.505392e+01 
4.500329e+01 
4.496784e+01 
4.494431e+01 
4.492962e+01 
4.492059e+01 
4.491644e+01 
4.491769e+01 
4.492400e+01 
4.493413e+01 
4.494626e+01 
4.495860e+01 
4.496979e+01 
4.497911e+01 
4.498639e+01 
4.499177e+01 
4.499560e+01 
4.499823e+01 
4.499993e+01 
4.500097e+01 
4.500153e+01 
4.500179e+01 
4.500188e+01 
4.500189e+01 
4.500189e+01 
4.500188e+01 
4.500188e+01 
4.500188e+01 

4.500188e+01 
4.500188e+01 
4.500188e+01 
4.500189e+01 
4.500189e+01 
4.500188e+01 
4.500179e+01 
4.500153e+01 
4.500096e+01 
4.499993e+01 
4.499821e+01 
4.499555e+01 
4.499166e+01 
4.498613e+01 
4.497858e+01 
4.496869e+01 
4.495648e+01 
4.494244e+01 
4.492774e+01 
4.491412e+01 
4.490354e+01 
4.489761e+01 
4.489711e+01 
4.490194e+01 
4.491283e+01 
4.493305e+01 
4.496677e+01 
4.501918e+01 
4.509539e+01 
4.519679e+01 
4.531489e+01 
4.542564e+01 
4.549466e+01 
4.549466e+01 
4.542564e+01 
4.531489e+01 
4.519679e+01 
4.509539e+01 
4.501918e+01 
4.496677e+01 
4.493305e+01 
4.491283e+01 
4.490194e+01 
4.489711e+01 
4.489761e+01 
4.490354e+01 
4.491412e+01 
4.492774e+01 
4.494244e+01 
4.495648e+01 
4.496869e+01 
4.497858e+01 
4.498613e+01 
4.499166e+01 
4.499555e+01 
4.499821e+01 
4.499993e+01 
4.500096e+01 
4.500153e+01 
4.500179e+01 
4.500188e+01 
4.500189e+01 
4.500189e+01 
4.500188e+01 
4.500188e+01 
4.500188e+01 

4.500188e+01 
4.500188e+01 
4.500188e+01 
4.500189e+01 
4.500189e+01 
4.500188e+01 
4.500179e+01 
4.500153e+01 
4.500096e+01 
4.499992e+01 
4.499819e+01 
4.499551e+01 
4.499156e+01 
4.498592e+01 
4.497810e+01 
4.496771e+01 
4.495456e+01 
4.493893e+01 
4.492174e+01 
4.490461e+01 
4.488958e+01 
4.487854e+01 
4.487270e+01 
4.487241e+01 
4.487822e+01 
4.489330e+01 
4.492272e+01 
4.497365e+01 
4.505482e+01 
4.517242e+01 
4.531958e+01 
4.546659e+01 
4.556163e+01 
4.556163e+01 
4.546659e+01 
4.531958e+01 
4.517242e+01 
4.505482e+01 
4.497365e+01 
4.492272e+01 
4.489330e+01 
4.487822e+01 
4.487241e+01 
4.487270e+01 
4.487854e+01 
4.488958e+01 
4.490461e+01 
4.492174e+01 
4.493893e+01 
4.495456e+01 
4.496771e+01 
4.497810e+01 
4.498592e+01 
4.499156e+01 
4.499551e+01 
4.499819e+01 
4.499992e+01 
4.500096e+01 
4.500153e+01 
4.500179e+01 
4.500188e+01 
4.500189e+01 
4.500189e+01 
4.500188e+01 
4.500188e+01 
4.500188e+01 

4.500188e+01 
4.500188e+01 
4.500188e+01 
4.500189e+01 
4.500189e+01 
4.500188e+01 
4.500179e+01 
4.500153e+01 
4.500096e+01 
4.499991e+01 
4.499818e+01 
4.499548e+01 
4.499148e+01 
4.498573e+01 
4.497770e+01 
4.496687e+01 
4.495289e+01 
4.493582e+01 
4.491633e+01 
4.489586e+01 
4.487646e+01 
4.486024e+01 
4.484880e+01 
4.484291e+01 
4.484293e+01 
4.485168e+01 
4.487494e+01 
4.492158e+01 
4.500430e+01 
4.513436e+01 
4.530933e+01 
4.549343e+01 
4.561732e+01 
4.561732e+01 
4.549343e+01 
4.530933e+01 
4.513436e+01 
4.500430e+01 
4.492158e+01 
4.487494e+01 
4.485168e+01 
4.484293e+01 
4.484291e+01 
4.484880e+01 
4.486024e+01 
4.487646e+01 
4.489586e+01 
4.491633e+01 
4.493582e+01 
4.495289e+01 
4.496687e+01 
4.497770e+01 
4.498573e+01 
4.499148e+01 
4.499548e+01 
4.499818e+01 
4.499991e+01 
4.500096e+01 
4.500153e+01 
4.500179e+01 
4.500188e+01 
4.500189e+01 
4.500189e+01 
4.500188e+01 
4.500188e+01 
4.500188e+01 

4.500188e+01 
4.500188e+01 
4.500188e+01 
4.500189e+01 
4.500189e+01 
4.500188e+01 
4.500179e+01 
4.500153e+01 
4.500096e+01 
4.499991e+01 
4.499816e+01 
4.499545e+01 
4.499141e+01 
4.498558e+01 
4.497737e+01 
4.496618e+01 
4.495151e+01 
4.493321e+01 
4.491171e+01 
4.488826e+01 
4.486488e+01 
4.484382e+01 
4.482702e+01 
4.481568e+01 
4.480991e+01 
4.481216e+01 
4.482874e+01 
4.486993e+01 
4.495195e+01 
4.509066e+01 
4.528870e+01 
4.550580e+01 
4.565668e+01 
4.565668e+01 
4.550580e+01 
4.528870e+01 
4.509066e+01 
4.495195e+01 
4.486993e+01 
4.482874e+01 
4.481216e+01 
4.480991e+01 
4.481568e+01 
4.482702e+01 
4.484382e+01 
4.486488e+01 
4.488826e+01 
4.491171e+01 
4.493321e+01 
4.495151e+01 
4.496618e+01 
4.497737e+01 
4.498558e+01 
4.499141e+01 
4.499545e+01 
4.499816e+01 
4.499991e+01 
4.500096e+01 
4.500153e+01 
4.500179e+01 
4.500188e+01 
4.500189e+01 
4.500189e+01 
4.500188e+01 
4.500188e+01 
4.500188e+01 

4.500188e+01 
4.500188e+01 
4.500188e+01 
4.500189e+01 
4.500189e+01 
4.500188e+01 
4.500179e+01 
4.500153e+01 
4.500096e+01 
4.499991e+01 
4.499816e+01 
4.499543e+01 
4.499136e+01 
4.498547e+01 
4.497712e+01 
4.496565e+01 
4.495044e+01 
4.493117e+01 
4.490806e+01 
4.488219e+01 
4.485550e+01 
4.483036e+01 
4.480899e+01 
4.479294e+01 
4.478215e+01 
4.477874e+01 
4.478952e+01 
4.482595e+01 
4.490672e+01 
4.505162e+01 
4.526622e+01 
4.550893e+01 
4.568065e+01 
4.568065e+01 
4.550893e+01 
4.526622e+01 
4.505162e+01 
4.490672e+01 
4.482595e+01 
4.478952e+01 
4.477874e+01 
4.478215e+01 
4.479294e+01 
4.480899e+01 
4.483036e+01 
4.485550e+01 
4.488219e+01 
4.490806e+01 
4.493117e+01 
4.495044e+01 
4.496565e+01 
4.497712e+01 
4.498547e+01 
4.499136e+01 
4.499543e+01 
4.499816e+01 
4.499991e+01 
4.500096e+01 
4.500153e+01 
4.500179e+01 
4.500188e+01 
4.500189e+01 
4.500189e+01 
4.500188e+01 
4.500188e+01 
4.500188e+01 

4.500188e+01 
4.500188e+01 
4.500188e+01 
4.500189e+01 
4.500189e+01 
4.500188e+01 
4.500179e+01 
4.500153e+01 
4.500096e+01 
4.499990e+01 
4.499815e+01 
4.499541e+01 
4.499133e+01 
4.498539e+01 
4.497695e+01 
4.496529e+01 
4.494971e+01 
4.492977e+01 
4.490554e+01 
4.487796e+01 
4.484890e+01 
4.482081e+01 
4.479611e+01 
4.477663e+01 
4.476219e+01 
4.475471e+01 
4.476144e+01 
4.479477e+01 
4.487498e+01 
4.502412e+01 
4.524979e+01 
4.550878e+01 
4.569406e+01 
4.569406e+01 
4.550878e+01 
4.524979e+01 
4.502412e+01 
4.487498e+01 
4.479477e+01 
4.476144e+01 
4.475471e+01 
4.476219e+01 
4.477663e+01 
4.479611e+01 
4.482081e+01 
4.484890e+01 
4.487796e+01 
4.490554e+01 
4.492977e+01 
4.494971e+01 
4.496529e+01 
4.497695e+01 
4.498539e+01 
4.499133e+01 
4.499541e+01 
4.499815e+01 
4.499990e+01 
4.500096e+01 
4.500153e+01 
4.500179e+01 
4.500188e+01 
4.500189e+01 
4.500189e+01 
4.500188e+01 
4.500188e+01 
4.500188e+01 

4.500188e+01 
4.500188e+01 
4.500188e+01 
4.500189e+01 
4.500189e+01 
4.500188e+01 
4.500179e+01 
4.500153e+01 
4.500096e+01 
4.499990e+01 
4.499815e+01 
4.499541e+01 
4.499131e+01 
4.498535e+01 
4.497686e+01 
4.496511e+01 
4.494935e+01 
4.492906e+01 
4.490425e+01 
4.487578e+01 
4.484548e+01 
4.481585e+01 
4.478940e+01 
4.476812e+01 
4.475177e+01 
4.474219e+01 
4.474691e+01 
4.477884e+01 
4.485904e+01 
4.501057e+01 
4.524172e+01 
4.550866e+01 
4.570039e+01 
4.570039e+01 
4.550866e+01 
4.524172e+01 
4.501057e+01 
4.485904e+01 
4.477884e+01 
4.474691e+01 
4.474219e+01 
4.475177e+01 
4.476812e+01 
4.478940e+01 
4.481585e+01 
4.484548e+01 
4.487578e+01 
4.490425e+01 
4.492906e+01 
4.494935e+01 
4.496511e+01 
4.497686e+01 
4.498535e+01 
4.499131e+01 
4.499541e+01 
4.499815e+01 
4.499990e+01 
4.500096e+01 
4.500153e+01 
4.500179e+01 
4.500188e+01 
4.500189e+01 
4.500189e+01 
4.500188e+01 
4.500188e+01 
4.500188e+01 

4.500188e+01 
4.500188e+01 
4.500188e+01 
4.500189e+01 
4.500189e+01 
4.500188e+01 
4.500179e+01 
4.500153e+01 
4.500096e+01 
4.499990e+01 
4.499815e+01 
4.499541e+01 
4.499131e+01 
4.498535e+01 
4.497686e+01 
4.496511e+01 
4.494935e+01 
4.492906e+01 
4.490425e+01 
4.487578e+01 
4.484548e+01 
4.481585e+01 
4.478940e+01 
4.476812e+01 
4.475177e+01 
4.474219e+01 
4.474691e+01 
4.477884e+01 
4.485904e+01 
4.501057e+01 
4.524172e+01 
4.550866e+01 
4.570039e+01 
4.570039e+01 
4.550866e+01 
4.524172e+01 
4.501057e+01 
4.485904e+01 
4.477884e+01 
4.474691e+01 
4.474219e+01 
4.475177e+01 
4.476812e+01 
4.478940e+01 
4.481585e+01 
4.484548e+01 
4.487578e+01 
4.490425e+01 
4.492906e+01 
4.494935e+01 
4.496511e+01 
4.497686e+01 
4.498535e+01 
4.499131e+01 
4.499541e+01 
4.499815e+01 
4.499990e+01 
4.500096e+01 
4.500153e+01 
4.500179e+01 
4.500188e+01 
4.500189e+01 
4.500189e+01 
4.500188e+01 
4.500188e+01 
4.500188e+01 

4.500188e+01 
4.500188e+01 
4.500188e+01 
4.500189e+01 
4.500189e+01 
4.500188e+01 
4.500179e+01 
4.500153e+01 
4.500096e+01 
4.499990e+01 
4.499815e+01 
4.499541e+01 
4.499133e+01 
4.498539e+01 
4.497695e+01 
4.496529e+01 
4.494971e+01 
4.492977e+01 
4.490554e+01 
4.487796e+01 
4.484890e+01 
4.482081e+01 
4.479611e+01 
4.477663e+01 
4.476219e+01 
4.475471e+01 
4.476144e+01 
4.479477e+01 
4.487498e+01 
4.502412e+01 
4.524979e+01 
4.550878e+01 
4.569406e+01 
4.569406e+01 
4.550878e+01 
4.524979e+01 
4.502412e+01 
4.487498e+01 
4.479477e+01 
4.476144e+01 
4.475471e+01 
4.476219e+01 
4.477663e+01 
4.479611e+01 
4.482081e+01 
4.484890e+01 
4.487796e+01 
4.490554e+01 
4.492977e+01 
4.494971e+01 
4.496529e+01 
4.497695e+01 
4.498539e+01 
4.499133e+01 
4.499541e+01 
4.499815e+01 
4.499990e+01 
4.500096e+01 
4.500153e+01 
4.500179e+01 
4.500188e+01 
4.500189e+01 
4.500189e+01 
4.500188e+01 
4.500188e+01 
4.500188e+01 

4.500188e+01 
4.500188e+01 
4.500188e+01 
4.500189e+01 
4.500189e+01 
4.500188e+01 
4.500179e+01 
4.500153e+01 
4.500096e+01 
4.499991e+01 
4.499816e+01 
4.499543e+01 
4.499136e+01 
4.498547e+01 
4.497712e+01 
4.496565e+01 
4.495044e+01 
4.493117e+01 
4.490806e+01 
4.488219e+01 
4.485550e+01 
4.483036e+01 
4.480899e+01 
4.479294e+01 
4.478215e+01 
4.477874e+01 
4.478952e+01 
4.482595e+01 
4.490672e+01 
4.505162e+01 
4.526622e+01 
4.550893e+01 
4.568065e+01 
4.568065e+01 
4.550893e+01 
4.526622e+01 
4.505162e+01 
4.490672e+01 
4.482595e+01 
4.478952e+01 
4.477874e+01 
4.478215e+01 
4.479294e+01 
4.480899e+01 
4.483036e+01 
4.485550e+01 
4.488219e+01 
4.490806e+01 
4.493117e+01 
4.495044e+01 
4.496565e+01 
4.497712e+01 
4.498547e+01 
4.499136e+01 
4.499543e+01 
4.499816e+01 
4.499991e+01 
4.500096e+01 
4.500153e+01 
4.500179e+01 
4.500188e+01 
4.500189e+01 
4.500189e+01 
4.500188e+01 
4.500188e+01 
4.500188e+01 

4.500188e+01 
4.500188e+01 
4.500188e+01 
4.500189e+01 
4.500189e+01 
4.500188e+01 
4.500179e+01 
4.500153e+01 
4.500096e+01 
4.499991e+01 
4.499816e+01 
4.499545e+01 
4.499141e+01 
4.498558e+01 
4.497737e+01 
4.496618e+01 
4.495151e+01 
4.493321e+01 
4.491171e+01 
4.488826e+01 
4.486488e+01 
4.484382e+01 
4.482702e+01 
4.481568e+01 
4.480991e+01 
4.481216e+01 
4.482874e+01 
4.486993e+01 
4.495195e+01 
4.509066e+01 
4.528870e+01 
4.550580e+01 
4.565668e+01 
4.565668e+01 
4.550580e+01 
4.528870e+01 
4.509066e+01 
4.495195e+01 
4.486993e+01 
4.482874e+01 
4.481216e+01 
4.480991e+01 
4.481568e+01 
4.482702e+01 
4.484382e+01 
4.486488e+01 
4.488826e+01 
4.491171e+01 
4.493321e+01 
4.495151e+01 
4.496618e+01 
4.497737e+01 
4.498558e+01 
4.499141e+01 
4.499545e+01 
4.499816e+01 
4.499991e+01 
4.500096e+01 
4.500153e+01 
4.500179e+01 
4.500188e+01 
4.500189e+01 
4.500189e+01 
4.500188e+01 
4.500188e+01 
4.500188e+01 

4.500188e+01 
4.500188e+01 
4.500188e+01 
4.500189e+01 
4.500189e+01 
4.500188e+01 
4.500179e+01 
4.500153e+01 
4.500096e+01 
4.499991e+01 
4.499818e+01 
4.499548e+01 
4.499148e+01 
4.498573e+01 
4.497770e+01 
4.496687e+01 
4.495289e+01 
4.493582e+01 
4.491633e+01 
4.489586e+01 
4.487646e+01 
4.486024e+01 
4.484880e+01 
4.484291e+01 
4.484293e+01 
4.485168e+01 
4.487494e+01 
4.492158e+01 
4.500430e+01 
4.513436e+01 
4.530933e+01 
4.549343e+01 
4.561732e+01 
4.561732e+01 
4.549343e+01 
4.530933e+01 
4.513436e+01 
4.500430e+01 
4.492158e+01 
4.487494e+01 
4.485168e+01 
4.484293e+01 
4.484291e+01 
4.484880e+01 
4.486024e+01 
4.487646e+01 
4.489586e+01 
4.491633e+01 
4.493582e+01 
4.495289e+01 
4.496687e+01 
4.497770e+01 
4.498573e+01 
4.499148e+01 
4.499548e+01 
4.499818e+01 
4.499991e+01 
4.500096e+01 
4.500153e+01 
4.500179e+01 
4.500188e+01 
4.500189e+01 
4.500189e+01 
4.500188e+01 
4.500188e+01 
4.500188e+01 

4.500188e+01 
4.500188e+01 
4.500188e+01 
4.500189e+01 
4.500189e+01 
4.500188e+01 
4.500179e+01 
4.500153e+01 
4.500096e+01 
4.499992e+01 
4.499819e+01 
4.499551e+01 
4.499156e+01 
4.498592e+01 
4.497810e+01 
4.496771e+01 
4.495456e+01 
4.493893e+01 
4.492174e+01 
4.490461e+01 
4.488958e+01 
4.487854e+01 
4.487270e+01 
4.487241e+01 
4.487822e+01 
4.489330e+01 
4.492272e+01 
4.497365e+01 
4.505482e+01 
4.517242e+01 
4.531958e+01 
4.546659e+01 
4.556163e+01 
4.556163e+01 
4.546659e+01 
4.531958e+01 
4.517242e+01 
4.505482e+01 
4.497365e+01 
4.492272e+01 
4.489330e+01 
4.487822e+01 
4.487241e+01 
4.487270e+01 
4.487854e+01 
4.488958e+01 
4.490461e+01 
4.492174e+01 
4.493893e+01 
4.495456e+01 
4.496771e+01 
4.497810e+01 
4.498592e+01 
4.499156e+01 
4.499551e+01 
4.499819e+01 
4.499992e+01 
4.500096e+01 
4.500153e+01 
4.500179e+01 
4.500188e+01 
4.500189e+01 
4.500189e+01 
4.500188e+01 
4.500188e+01 
4.500188e+01 

4.500188e+01 
4.500188e+01 
4.500188e+01 
4.500189e+01 
4.500189e+01 
4.500188e+01 
4.500179e+01 
4.500153e+01 
4.500096e+01 
4.499993e+01 
4.499821e+01 
4.499555e+01 
4.499166e+01 
4.498613e+01 
4.497858e+01 
4.496869e+01 
4.495648e+01 
4.494244e+01 
4.492774e+01 
4.491412e+01 
4.490354e+01 
4.489761e+01 
4.489711e+01 
4.490194e+01 
4.491283e+01 
4.493305e+01 
4.496677e+01 
4.501918e+01 
4.509539e+01 
4.519679e+01 
4.531489e+01 
4.542564e+01 
4.549466e+01 
4.549466e+01 
4.542564e+01 
4.531489e+01 
4.519679e+01 
4.509539e+01 
4.501918e+01 
4.496677e+01 
4.493305e+01 
4.491283e+01 
4.490194e+01 
4.489711e+01 
4.489761e+01 
4.490354e+01 
4.491412e+01 
4.492774e+01 
4.494244e+01 
4.495648e+01 
4.496869e+01 
4.497858e+01 
4.498613e+01 
4.499166e+01 
4.499555e+01 
4.499821e+01 
4.499993e+01 
4.500096e+01 
4.500153e+01 
4.500179e+01 
4.500188e+01 
4.500189e+01 
4.500189e+01 
4.500188e+01 
4.500188e+01 
4.500188e+01 

4.500188e+01 
4.500188e+01 
4.500188e+01 
4.500189e+01 
4.500189e+01 
4.500188e+01 
4.500179e+01 
4.500153e+01 
4.500097e+01 
4.499993e+01 
4.499823e+01 
4.499560e+01 
4.499177e+01 
4.498639e+01 
4.497911e+01 
4.496979e+01 
4.495860e+01 
4.494626e+01 
4.493413e+01 
4.492400e+01 
4.491769e+01 
4.491644e+01 
4.492059e+01 
4.492962e+01 
4.494431e+01 
4.496784e+01 
4.500329e+01 
4.505392e+01 
4.512186e+01 
4.520557e+01 
4.529632e+01 
4.537678e+01 
4.542494e+01 
4.542494e+01 
4.537678e+01 
4.529632e+01 
4.520557e+01 
4.512186e+01 
4.505392e+01 
4.500329e+01 
4.496784e+01 
4.494431e+01 
4.492962e+01 
4.492059e+01 
4.491644e+01 
4.491769e+01 
4.492400e+01 
4.493413e+01 
4.494626e+01 
4.495860e+01 
4.496979e+01 
4.497911e+01 
4.498639e+01 
4.499177e+01 
4.499560e+01 
4.499823e+01 
4.499993e+01 
4.500097e+01 
4.500153e+01 
4.500179e+01 
4.500188e+01 
4.500189e+01 
4.500189e+01 
4.500188e+01 
4.500188e+01 
4.500188e+01 

4.500188e+01 
4.500188e+01 
4.500188e+01 
4.500189e+01 
4.500189e+01 
4.500188e+01 
4.500179e+01 
4.500153e+01 
4.500097e+01 
4.499994e+01 
4.499825e+01 
4.499566e+01 
4.499190e+01 
4.498667e+01 
4.497971e+01 
4.497100e+01 
4.496088e+01 
4.495029e+01 
4.494071e+01 
4.493391e+01 
4.493147e+01 
4.493421e+01 
4.494206e+01 
4.495411e+01 
4.497114e+01 
4.499602e+01 
4.503075e+01 
4.507697e+01 
4.513487e+01 
4.520156e+01 
4.526953e+01 
4.532678e+01 
4.535993e+01 
4.535993e+01 
4.532678e+01 
4.526953e+01 
4.520156e+01 
4.513487e+01 
4.507697e+01 
4.503075e+01 
4.499602e+01 
4.497114e+01 
4.495411e+01 
4.494206e+01 
4.493421e+01 
4.493147e+01 
4.493391e+01 
4.494071e+01 
4.495029e+01 
4.496088e+01 
4.497100e+01 
4.497971e+01 
4.498667e+01 
4.499190e+01 
4.499566e+01 
4.499825e+01 
4.499994e+01 
4.500097e+01 
4.500153e+01 
4.500179e+01 
4.500188e+01 
4.500189e+01 
4.500189e+01 
4.500188e+01 
4.500188e+01 
4.500188e+01 

4.500188e+01 
4.500188e+01 
4.500188e+01 
4.500189e+01 
4.500189e+01 
4.500188e+01 
4.500179e+01 
4.500153e+01 
4.500097e+01 
4.499995e+01 
4.499827e+01 
4.499572e+01 
4.499204e+01 
4.498698e+01 
4.498036e+01 
4.497229e+01 
4.496329e+01 
4.495444e+01 
4.494730e+01 
4.494354e+01 
4.494442e+01 
4.495035e+01 
4.496084e+01 
4.497472e+01 
4.499271e+01 
4.501726e+01 
4.504950e+01 
4.508992e+01 
4.513764e+01 
4.518959e+01 
4.523990e+01 
4.528058e+01 
4.530351e+01 
4.530351e+01 
4.528058e+01 
4.523990e+01 
4.518959e+01 
4.513764e+01 
4.508992e+01 
4.504950e+01 
4.501726e+01 
4.499271e+01 
4.497472e+01 
4.496084e+01 
4.495035e+01 
4.494442e+01 
4.494354e+01 
4.494730e+01 
4.495444e+01 
4.496329e+01 
4.497229e+01 
4.498036e+01 
4.498698e+01 
4.499204e+01 
4.499572e+01 
4.499827e+01 
4.499995e+01 
4.500097e+01 
4.500153e+01 
4.500179e+01 
4.500188e+01 
4.500189e+01 
4.500189e+01 
4.500188e+01 
4.500188e+01 
4.500188e+01 

4.500188e+01 
4.500188e+01 
4.500188e+01 
4.500189e+01 
4.500189e+01 
4.500188e+01 
4.500179e+01 
4.500153e+01 
4.500098e+01 
4.499996e+01 
4.499830e+01 
4.499579e+01 
4.499221e+01 
4.498736e+01 
4.498115e+01 
4.497383e+01 
4.496609e+01 
4.495913e+01 
4.495451e+01 
4.495370e+01 
4.495753e+01 
4.496599e+01 
4.497821e+01 
4.499286e+01 
4.501057e+01 
4.503336e+01 
4.506166e+01 
4.509523e+01 
4.513282e+01 
4.517173e+01 
4.520780e+01 
4.523597e+01 
4.525151e+01 
4.525151e+01 
4.523597e+01 
4.520780e+01 
4.517173e+01 
4.513282e+01 
4.509523e+01 
4.506166e+01 
4.503336e+01 
4.501057e+01 
4.499286e+01 
4.497821e+01 
4.496599e+01 
4.495753e+01 
4.495370e+01 
4.495451e+01 
4.495913e+01 
4.496609e+01 
4.497383e+01 
4.498115e+01 
4.498736e+01 
4.499221e+01 
4.499579e+01 
4.499830e+01 
4.499996e+01 
4.500098e+01 
4.500153e+01 
4.500179e+01 
4.500188e+01 
4.500189e+01 
4.500189e+01 
4.500188e+01 
4.500188e+01 
4.500188e+01 

4.500188e+01 
4.500188e+01 
4.500188e+01 
4.500189e+01 
4.500189e+01 
4.500188e+01 
4.500179e+01 
4.500154e+01 
4.500098e+01 
4.499998e+01 
4.499835e+01 
4.499590e+01 
4.499245e+01 
4.498787e+01 
4.498220e+01 
4.497584e+01 
4.496963e+01 
4.496487e+01 
4.496298e+01 
4.496509e+01 
4.497154e+01 
4.498181e+01 
4.499478e+01 
4.500907e+01 
4.502526e+01 
4.504492e+01 
4.506798e+01 
4.509388e+01 
4.512137e+01 
4.514847e+01 
4.517257e+01 
4.519079e+01 
4.520063e+01 
4.520063e+01 
4.519079e+01 
4.517257e+01 
4.514847e+01 
4.512137e+01 
4.509388e+01 
4.506798e+01 
4.504492e+01 
4.502526e+01 
4.500907e+01 
4.499478e+01 
4.498181e+01 
4.497154e+01 
4.496509e+01 
4.496298e+01 
4.496487e+01 
4.496963e+01 
4.497584e+01 
4.498220e+01 
4.498787e+01 
4.499245e+01 
4.499590e+01 
4.499835e+01 
4.499998e+01 
4.500098e+01 
4.500154e+01 
4.500179e+01 
4.500188e+01 
4.500189e+01 
4.500189e+01 
4.500188e+01 
4.500188e+01 
4.500188e+01 

4.500188e+01 
4.500188e+01 
4.500188e+01 
4.500189e+01 
4.500189e+01 
4.500188e+01 
4.500179e+01 
4.500154e+01 
4.500099e+01 
4.500000e+01 
4.499841e+01 
4.499604e+01 
4.499278e+01 
4.498857e+01 
4.498359e+01 
4.497840e+01 
4.497399e+01 
4.497161e+01 
4.497242e+01 
4.497705e+01 
4.498529e+01 
4.499625e+01 
4.500869e+01 
4.502141e+01 
4.503495e+01 
4.505049e+01 
4.506774e+01 
4.508610e+01 
4.510465e+01 
4.512213e+01 
4.513710e+01 
4.514809e+01 
4.515392e+01 
4.515392e+01 
4.514809e+01 
4.513710e+01 
4.512213e+01 
4.510465e+01 
4.508610e+01 
4.506774e+01 
4.505049e+01 
4.503495e+01 
4.502141e+01 
4.500869e+01 
4.499625e+01 
4.498529e+01 
4.497705e+01 
4.497242e+01 
4.497161e+01 
4.497399e+01 
4.497840e+01 
4.498359e+01 
4.498857e+01 
4.499278e+01 
4.499604e+01 
4.499841e+01 
4.500000e+01 
4.500099e+01 
4.500154e+01 
4.500179e+01 
4.500188e+01 
4.500189e+01 
4.500189e+01 
4.500188e+01 
4.500188e+01 
4.500188e+01 

4.500188e+01 
4.500188e+01 
4.500188e+01 
4.500189e+01 
4.500189e+01 
4.500188e+01 
4.500179e+01 
4.500154e+01 
4.500100e+01 
4.500004e+01 
4.499849e+01 
4.499625e+01 
4.499323e+01 
4.498950e+01 
4.498539e+01 
4.498159e+01 
4.497914e+01 
4.497910e+01 
4.498220e+01 
4.498850e+01 
4.499734e+01 
4.500766e+01 
4.501835e+01 
4.502855e+01 
4.503879e+01 
4.504994e+01 
4.506170e+01 
4.507362e+01 
4.508514e+01 
4.509557e+01 
4.510421e+01 
4.511041e+01 
4.511364e+01 
4.511364e+01 
4.511041e+01 
4.510421e+01 
4.509557e+01 
4.508514e+01 
4.507362e+01 
4.506170e+01 
4.504994e+01 
4.503879e+01 
4.502855e+01 
4.501835e+01 
4.500766e+01 
4.499734e+01 
4.498850e+01 
4.498220e+01 
4.497910e+01 
4.497914e+01 
4.498159e+01 
4.498539e+01 
4.498950e+01 
4.499323e+01 
4.499625e+01 
4.499849e+01 
4.500004e+01 
4.500100e+01 
4.500154e+01 
4.500179e+01 
4.500188e+01 
4.500189e+01 
4.500189e+01 
4.500188e+01 
4.500188e+01 
4.500188e+01 

4.500188e+01 
4.500188e+01 
4.500188e+01 
4.500189e+01 
4.500189e+01 
4.500188e+01 
4.500179e+01 
4.500155e+01 
4.500102e+01 
4.500008e+01 
4.499861e+01 
4.499653e+01 
4.499383e+01 
4.499072e+01 
4.498764e+01 
4.498538e+01 
4.498486e+01 
4.498678e+01 
4.499136e+01 
4.499816e+01 
4.500632e+01 
4.501487e+01 
4.502305e+01 
4.503037e+01 
4.503735e+01 
4.504459e+01 
4.505189e+01 
4.505899e+01 
4.506559e+01 
4.507137e+01 
4.507604e+01 
4.507932e+01 
4.508101e+01 
4.508101e+01 
4.507932e+01 
4.507604e+01 
4.507137e+01 
4.506559e+01 
4.505899e+01 
4.505189e+01 
4.504459e+01 
4.503735e+01 
4.503037e+01 
4.502305e+01 
4.501487e+01 
4.500632e+01 
4.499816e+01 
4.499136e+01 
4.498678e+01 
4.498486e+01 
4.498538e+01 
4.498764e+01 
4.499072e+01 
4.499383e+01 
4.499653e+01 
4.499861e+01 
4.500008e+01 
4.500102e+01 
4.500155e+01 
4.500179e+01 
4.500188e+01 
4.500189e+01 
4.500189e+01 
4.500188e+01 
4.500188e+01 
4.500188e+01 

4.500188e+01 
4.500188e+01 
4.500188e+01 
4.500189e+01 
4.500189e+01 
4.500188e+01 
4.500180e+01 
4.500156e+01 
4.500104e+01 
4.500015e+01 
4.499878e+01 
4.499691e+01 
4.499464e+01 
4.499226e+01 
4.499033e+01 
4.498958e+01 
4.499066e+01 
4.499382e+01 
4.499882e+01 
4.500499e+01 
4.501152e+01 
4.501777e+01 
4.502333e+01 
4.502805e+01 
4.503234e+01 
4.503661e+01 
4.504077e+01 
4.504467e+01 
4.504818e+01 
4.505119e+01 
4.505356e+01 
4.505520e+01 
4.505604e+01 
4.505604e+01 
4.505520e+01 
4.505356e+01 
4.505119e+01 
4.504818e+01 
4.504467e+01 
4.504077e+01 
4.503661e+01 
4.503234e+01 
4.502805e+01 
4.502333e+01 
4.501777e+01 
4.501152e+01 
4.500499e+01 
4.499882e+01 
4.499382e+01 
4.499066e+01 
4.498958e+01 
4.499033e+01 
4.499226e+01 
4.499464e+01 
4.499691e+01 
4.499878e+01 
4.500015e+01 
4.500104e+01 
4.500156e+01 
4.500180e+01 
4.500188e+01 
4.500189e+01 
4.500189e+01 
4.500188e+01 
4.500188e+01 
4.500188e+01 

4.500188e+01 
4.500188e+01 
4.500188e+01 
4.500189e+01 
4.500189e+01 
4.500188e+01 
4.500180e+01 
4.500157e+01 
4.500108e+01 
4.500025e+01 
4.499902e+01 
4.499742e+01 
4.499566e+01 
4.499411e+01 
4.499332e+01 
4.499382e+01 
4.499590e+01 
4.499942e+01 
4.500388e+01 
4.500866e+01 
4.501323e+01 
4.501728e+01 
4.502066e+01 
4.502340e+01 
4.502581e+01 
4.502813e+01 
4.503031e+01 
4.503231e+01 
4.503407e+01 
4.503555e+01 
4.503669e+01 
4.503748e+01 
4.503788e+01 
4.503788e+01 
4.503748e+01 
4.503669e+01 
4.503555e+01 
4.503407e+01 
4.503231e+01 
4.503031e+01 
4.502813e+01 
4.502581e+01 
4.502340e+01 
4.502066e+01 
4.501728e+01 
4.501323e+01 
4.500866e+01 
4.500388e+01 
4.499942e+01 
4.499590e+01 
4.499382e+01 
4.499332e+01 
4.499411e+01 
4.499566e+01 
4.499742e+01 
4.499902e+01 
4.500025e+01 
4.500108e+01 
4.500157e+01 
4.500180e+01 
4.500188e+01 
4.500189e+01 
4.500189e+01 
4.500188e+01 
4.500188e+01 
4.500188e+01 

4.500188e+01 
4.500188e+01 
4.500188e+01 
4.500189e+01 
4.500189e+01 
4.500188e+01 
4.500180e+01 
4.500158e+01 
4.500113e+01 
4.500038e+01 
4.499933e+01 
4.499808e+01 
4.499690e+01 
4.499617e+01 
4.499633e+01 
4.499762e+01 
4.499999e+01 
4.500309e+01 
4.500645e+01 
4.500966e+01 
4.501249e+01 
4.501483e+01 
4.501669e+01 
4.501815e+01 
4.501939e+01 
4.502056e+01 
4.502163e+01 
4.502260e+01 
4.502344e+01 
4.502413e+01 
4.502466e+01 
4.502502e+01 
4.502520e+01 
4.502520e+01 
4.502502e+01 
4.502466e+01 
4.502413e+01 
4.502344e+01 
4.502260e+01 
4.502163e+01 
4.502056e+01 
4.501939e+01 
4.501815e+01 
4.501669e+01 
4.501483e+01 
4.501249e+01 
4.500966e+01 
4.500645e+01 
4.500309e+01 
4.499999e+01 
4.499762e+01 
4.499633e+01 
4.499617e+01 
4.499690e+01 
4.499808e+01 
4.499933e+01 
4.500038e+01 
4.500113e+01 
4.500158e+01 
4.500180e+01 
4.500188e+01 
4.500189e+01 
4.500189e+01 
4.500188e+01 
4.500188e+01 
4.500188e+01 

4.500188e+01 
4.500188e+01 
4.500188e+01 
4.500189e+01 
4.500189e+01 
4.500188e+01 
4.500181e+01 
4.500160e+01 
4.500120e+01 
4.500056e+01 
4.499973e+01 
4.499888e+01 
4.499827e+01 
4.499824e+01 
4.499899e+01 
4.500052e+01 
4.500259e+01 
4.500487e+01 
4.500705e+01 
4.500895e+01 
4.501051e+01 
4.501174e+01 
4.501269e+01 
4.501341e+01 
4.501400e+01 
4.501456e+01 
4.501506e+01 
4.501550e+01 
4.501588e+01 
4.501619e+01 
4.501643e+01 
4.501659e+01 
4.501667e+01 
4.501667e+01 
4.501659e+01 
4.501643e+01 
4.501619e+01 
4.501588e+01 
4.501550e+01 
4.501506e+01 
4.501456e+01 
4.501400e+01 
4.501341e+01 
4.501269e+01 
4.501174e+01 
4.501051e+01 
4.500895e+01 
4.500705e+01 
4.500487e+01 
4.500259e+01 
4.500052e+01 
4.499899e+01 
4.499824e+01 
4.499827e+01 
4.499888e+01 
4.499973e+01 
4.500056e+01 
4.500120e+01 
4.500160e+01 
4.500181e+01 
4.500188e+01 
4.500189e+01 
4.500189e+01 
4.500188e+01 
4.500188e+01 
4.500188e+01 

4.500188e+01 
4.500188e+01 
4.500188e+01 
4.500189e+01 
4.500189e+01 
4.500188e+01 
4.500182e+01 
4.500164e+01 
4.500129e+01 
4.500079e+01 
4.500022e+01 
4.499976e+01 
4.499965e+01 
4.500005e+01 
4.500099e+01 
4.500233e+01 
4.500382e+01 
4.500524e+01 
4.500649e+01 
4.500750e+01 
4.500829e+01 
4.500888e+01 
4.500933e+01 
4.500966e+01 
4.500993e+01 
4.501018e+01 
4.501040e+01 
4.501060e+01 
4.501076e+01 
4.501090e+01 
4.501100e+01 
4.501107e+01 
4.501110e+01 
4.501110e+01 
4.501107e+01 
4.501100e+01 
4.501090e+01 
4.501076e+01 
4.501060e+01 
4.501040e+01 
4.501018e+01 
4.500993e+01 
4.500966e+01 
4.500933e+01 
4.500888e+01 
4.500829e+01 
4.500750e+01 
4.500649e+01 
4.500524e+01 
4.500382e+01 
4.500233e+01 
4.500099e+01 
4.500005e+01 
4.499965e+01 
4.499976e+01 
4.500022e+01 
4.500079e+01 
4.500129e+01 
4.500164e+01 
4.500182e+01 
4.500188e+01 
4.500189e+01 
4.500189e+01 
4.500188e+01 
4.500188e+01 
4.500188e+01 

4.500188e+01 
4.500188e+01 
4.500188e+01 
4.500189e+01 
4.500189e+01 
4.500188e+01 
4.500183e+01 
4.500168e+01 
4.500141e+01 
4.500107e+01 
4.500075e+01 
4.500063e+01 
4.500082e+01 
4.500138e+01 
4.500221e+01 
4.500315e+01 
4.500406e+01 
4.500484e+01 
4.500548e+01 
4.500597e+01 
4.500634e+01 
4.500661e+01 
4.500681e+01 
4.500695e+01 
4.500707e+01 
4.500718e+01 
4.500727e+01 
4.500735e+01 
4.500742e+01 
4.500748e+01 
4.500752e+01 
4.500755e+01 
4.500757e+01 
4.500757e+01 
4.500755e+01 
4.500752e+01 
4.500748e+01 
4.500742e+01 
4.500735e+01 
4.500727e+01 
4.500718e+01 
4.500707e+01 
4.500695e+01 
4.500681e+01 
4.500661e+01 
4.500634e+01 
4.500597e+01 
4.500548e+01 
4.500484e+01 
4.500406e+01 
4.500315e+01 
4.500221e+01 
4.500138e+01 
4.500082e+01 
4.500063e+01 
4.500075e+01 
4.500107e+01 
4.500141e+01 
4.500168e+01 
4.500183e+01 
4.500188e+01 
4.500189e+01 
4.500189e+01 
4.500188e+01 
4.500188e+01 
4.500188e+01 

4.500188e+01 
4.500188e+01 
4.500188e+01 
4.500189e+01 
4.500189e+01 
4.500188e+01 
4.500184e+01 
4.500173e+01 
4.500155e+01 
4.500136e+01 
4.500126e+01 
4.500135e+01 
4.500167e+01 
4.500216e+01 
4.500273e+01 
4.500329e+01 
4.500378e+01 
4.500417e+01 
4.500446e+01 
4.500468e+01 
4.500484e+01 
4.500496e+01 
4.500504e+01 
4.500511e+01 
4.500515e+01 
4.500520e+01 
4.500524e+01 
4.500527e+01 
4.500530e+01 
4.500532e+01 
4.500534e+01 
4.500535e+01 
4.500536e+01 
4.500536e+01 
4.500535e+01 
4.500534e+01 
4.500532e+01 
4.500530e+01 
4.500527e+01 
4.500524e+01 
4.500520e+01 
4.500515e+01 
4.500511e+01 
4.500504e+01 
4.500496e+01 
4.500484e+01 
4.500468e+01 
4.500446e+01 
4.500417e+01 
4.500378e+01 
4.500329e+01 
4.500273e+01 
4.500216e+01 
4.500167e+01 
4.500135e+01 
4.500126e+01 
4.500136e+01 
4.500155e+01 
4.500173e+01 
4.500184e+01 
4.500188e+01 
4.500189e+01 
4.500189e+01 
4.500188e+01 
4.500188e+01 
4.500188e+01 

4.500188e+01 
4.500188e+01 
4.500188e+01 
4.500189e+01 
4.500189e+01 
4.500189e+01 
4.500186e+01 
4.500179e+01 
4.500170e+01 
4.500164e+01 
4.500168e+01 
4.500185e+01 
4.500213e+01 
4.500247e+01 
4.500280e+01 
4.500309e+01 
4.500332e+01 
4.500349e+01 
4.500362e+01 
4.500371e+01 
4.500378e+01 
4.500383e+01 
4.500386e+01 
4.500388e+01 
4.500390e+01 
4.500392e+01 
4.500394e+01 
4.500395e+01 
4.500396e+01 
4.500397e+01 
4.500398e+01 
4.500398e+01 
4.500398e+01 
4.500398e+01 
4.500398e+01 
4.500398e+01 
4.500397e+01 
4.500396e+01 
4.500395e+01 
4.500394e+01 
4.500392e+01 
4.500390e+01 
4.500388e+01 
4.500386e+01 
4.500383e+01 
4.500378e+01 
4.500371e+01 
4.500362e+01 
4.500349e+01 
4.500332e+01 
4.500309e+01 
4.500280e+01 
4.500247e+01 
4.500213e+01 
4.500185e+01 
4.500168e+01 
4.500164e+01 
4.500170e+01 
4.500179e+01 
4.500186e+01 
4.500189e+01 
4.500189e+01 
4.500189e+01 
4.500188e+01 
4.500188e+01 
4.500188e+01 

4.500188e+01 
4.500188e+01 
4.500188e+01 
4.500189e+01 
4.500189e+01 
4.500189e+01 
4.500187e+01 
4.500184e+01 
4.500182e+01 
4.500184e+01 
4.500194e+01 
4.500209e+01 
4.500228e+01 
4.500247e+01 
4.500263e+01 
4.500276e+01 
4.500286e+01 
4.500293e+01 
4.500299e+01 
4.500302e+01 
4.500305e+01 
4.500307e+01 
4.500308e+01 
4.500309e+01 
4.500310e+01 
4.500310e+01 
4.500311e+01 
4.500311e+01 
4.500312e+01 
4.500312e+01 
4.500312e+01 
4.500312e+01 
4.500313e+01 
4.500313e+01 
4.500312e+01 
4.500312e+01 
4.500312e+01 
4.500312e+01 
4.500311e+01 
4.500311e+01 
4.500310e+01 
4.500310e+01 
4.500309e+01 
4.500308e+01 
4.500307e+01 
4.500305e+01 
4.500302e+01 
4.500299e+01 
4.500293e+01 
4.500286e+01 
4.500276e+01 
4.500263e+01 
4.500247e+01 
4.500228e+01 
4.500209e+01 
4.500194e+01 
4.500184e+01 
4.500182e+01 
4.500184e+01 
4.500187e+01 
4.500189e+01 
4.500189e+01 
4.500189e+01 
4.500188e+01 
4.500188e+01 
4.500188e+01 

4.500188e+01 
4.500188e+01 
4.500188e+01 
4.500189e+01 
4.500189e+01 
4.500189e+01 
4.500189e+01 
4.500189e+01 
4.500190e+01 
4.500195e+01 
4.500204e+01 
4.500214e+01 
4.500224e+01 
4.500233e+01 
4.500240e+01 
4.500245e+01 
4.500249e+01 
4.500252e+01 
4.500254e+01 
4.500255e+01 
4.500256e+01 
4.500257e+01 
4.500257e+01 
4.500257e+01 
4.500258e+01 
4.500258e+01 
4.500258e+01 
4.500258e+01 
4.500258e+01 
4.500258e+01 
4.500259e+01 
4.500259e+01 
4.500259e+01 
4.500259e+01 
4.500259e+01 
4.500259e+01 
4.500258e+01 
4.500258e+01 
4.500258e+01 
4.500258e+01 
4.500258e+01 
4.500258e+01 
4.500257e+01 
4.500257e+01 
4.500257e+01 
4.500256e+01 
4.500255e+01 
4.500254e+01 
4.500252e+01 
4.500249e+01 
4.500245e+01 
4.500240e+01 
4.500233e+01 
4.500224e+01 
4.500214e+01 
4.500204e+01 
4.500195e+01 
4.500190e+01 
4.500189e+01 
4.500189e+01 
4.500189e+01 
4.500189e+01 
4.500189e+01 
4.500188e+01 
4.500188e+01 
4.500188e+01 

4.500188e+01 
4.500188e+01 
4.500188e+01 
4.500189e+01 
4.500189e+01 
4.500189e+01 
4.500190e+01 
4.500191e+01 
4.500193e+01 
4.500198e+01 
4.500203e+01 
4.500208e+01 
4.500212e+01 
4.500216e+01 
4.500218e+01 
4.500220e+01 
4.500221e+01 
4.500222e+01 
4.500223e+01 
4.500223e+01 
4.500224e+01 
4.500224e+01 
4.500224e+01 
4.500224e+01 
4.500224e+01 
4.500224e+01 
4.500225e+01 
4.500225e+01 
4.500225e+01 
4.500225e+01 
4.500225e+01 
4.500225e+01 
4.500225e+01 
4.500225e+01 
4.500225e+01 
4.500225e+01 
4.500225e+01 
4.500225e+01 
4.500225e+01 
4.500225e+01 
4.500224e+01 
4.500224e+01 
4.500224e+01 
4.500224e+01 
4.500224e+01 
4.500224e+01 
4.500223e+01 
4.500223e+01 
4.500222e+01 
4.500221e+01 
4.500220e+01 
4.500218e+01 
4.500216e+01 
4.500212e+01 
4.500208e+01 
4.500203e+01 
4.500198e+01 
4.500193e+01 
4.500191e+01 
4.500190e+01 
4.500189e+01 
4.500189e+01 
4.500189e+01 
4.500188e+01 
4.500188e+01 
4.500188e+01 

4.500188e+01 
4.500188e+01 
4.500188e+01 
4.500189e+01 
4.500189e+01 
4.500189e+01 
4.500190e+01 
4.500191e+01 
4.500193e+01 
4.500195e+01 
4.500197e+01 
4.500199e+01 
4.500200e+01 
4.500202e+01 
4.500202e+01 
4.500203e+01 
4.500203e+01 
4.500204e+01 
4.500204e+01 
4.500204e+01 
4.500204e+01 
4.500204e+01 
4.500204e+01 
4.500204e+01 
4.500204e+01 
4.500204e+01 
4.500204e+01 
4.500204e+01 
4.500204e+01 
4.500204e+01 
4.500204e+01 
4.500204e+01 
4.500204e+01 
4.500204e+01 
4.500204e+01 
4.500204e+01 
4.500204e+01 
4.500204e+01 
4.500204e+01 
4.500204e+01 
4.500204e+01 
4.500204e+01 
4.500204e+01 
4.500204e+01 
4.500204e+01 
4.500204e+01 
4.500204e+01 
4.500204e+01 
4.500204e+01 
4.500203e+01 
4.500203e+01 
4.500202e+01 
4.500202e+01 
4.500200e+01 
4.500199e+01 
4.500197e+01 
4.500195e+01 
4.500193e+01 
4.500191e+01 
4.500190e+01 
4.500189e+01 
4.500189e+01 
4.500189e+01 
4.500188e+01 
4.500188e+01 
4.500188e+01 

4.500188e+01 
4.500188e+01 
4.500188e+01 
4.500188e+01 
4.500189e+01 
4.500189e+01 
4.500189e+01 
4.500190e+01 
4.500190e+01 
4.500191e+01 
4.500192e+01 
4.500192e+01 
4.500193e+01 
4.500193e+01 
4.500193e+01 
4.500193e+01 
4.500193e+01 
4.500193e+01 
4.500194e+01 
4.500194e+01 
4.500194e+01 
4.500194e+01 
4.500194e+01 
4.500194e+01 
4.500194e+01 
4.500194e+01 
4.500194e+01 
4.500194e+01 
4.500194e+01 
4.500194e+01 
4.500194e+01 
4.500194e+01 
4.500194e+01 
4.500194e+01 
4.500194e+01 
4.500194e+01 
4.500194e+01 
4.500194e+01 
4.500194e+01 
4.500194e+01 
4.500194e+01 
4.500194e+01 
4.500194e+01 
4.500194e+01 
4.500194e+01 
4.500194e+01 
4.500194e+01 
4.500194e+01 
4.500193e+01 
4.500193e+01 
4.500193e+01 
4.500193e+01 
4.500193e+01 
4.500193e+01 
4.500192e+01 
4.500192e+01 
4.500191e+01 
4.500190e+01 
4.500190e+01 
4.500189e+01 
4.500189e+01 
4.500189e+01 
4.500188e+01 
4.500188e+01 
4.500188e+01 
4.500188e+01 

4.500188e+01 
4.500188e+01 
4.500188e+01 
4.500188e+01 
4.500188e+01 
4.500189e+01 
4.500189e+01 
4.500189e+01 
4.500189e+01 
4.500189e+01 
4.500189e+01 
4.500189e+01 
4.500189e+01 
4.500189e+01 
4.500189e+01 
4.500189e+01 
4.500189e+01 
4.500189e+01 
4.500189e+01 
4.500189e+01 
4.500189e+01 
4.500189e+01 
4.500189e+01 
4.500189e+01 
4.500189e+01 
4.500189e+01 
4.500189e+01 
4.500189e+01 
4.500189e+01 
4.500189e+01 
4.500189e+01 
4.500189e+01 
4.500189e+01 
4.500189e+01 
4.500189e+01 
4.500189e+01 
4.500189e+01 
4.500189e+01 
4.500189e+01 
4.500189e+01 
4.500189e+01 
4.500189e+01 
4.500189e+01 
4.500189e+01 
4.500189e+01 
4.500189e+01 
4.500189e+01 
4.500189e+01 
4.500189e+01 
4.500189e+01 
4.500189e+01 
4.500189e+01 
4.500189e+01 
4.500189e+01 
4.500189e+01 
4.500189e+01 
4.500189e+01 
4.500189e+01 
4.500189e+01 
4.500189e+01 
4.500189e+01 
4.500188e+01 
4.500188e+01 
4.500188e+01 
4.500188e+01 
4.500188e+01 

4.500188e+01 
4.500188e+01 
4.500188e+01 
4.500188e+01 
4.500188e+01 
4.500188e+01 
4.500188e+01 
4.500188e+01 
4.500188e+01 
4.500188e+01 
4.500188e+01 
4.500188e+01 
4.500188e+01 
4.500188e+01 
4.500188e+01 
4.500188e+01 
4.500188e+01 
4.500188e+01 
4.500188e+01 
4.500188e+01 
4.500188e+01 
4.500188e+01 
4.500188e+01 
4.500188e+01 
4.500188e+01 
4.500188e+01 
4.500188e+01 
4.500188e+01 
4.500188e+01 
4.500188e+01 
4.500188e+01 
4.500188e+01 
4.500188e+01 
4.500188e+01 
4.500188e+01 
4.500188e+01 
4.500188e+01 
4.500188e+01 
4.500188e+01 
4.500188e+01 
4.500188e+01 
4.500188e+01 
4.500188e+01 
4.500188e+01 
4.500188e+01 
4.500188e+01 
4.500188e+01 
4.500188e+01 
4.500188e+01 
4.500188e+01 
4.500188e+01 
4.500188e+01 
4.500188e+01 
4.500188e+01 
4.500188e+01 
4.500188e+01 
4.500188e+01 
4.500188e+01 
4.500188e+01 
4.500188e+01 
4.500188e+01 
4.500188e+01 
4.500188e+01 
4.500188e+01 
4.500188e+01 
4.500188e+01 

4.500188e+01 
4.500188e+01 
4.500188e+01 
4.500189e+01 
4.500189e+01 
4.500188e+01 
4.500188e+01 
4.500188e+01 
4.500188e+01 
4.500188e+01 
4.500188e+01 
4.500188e+01 
4.500188e+01 
4.500188e+01 
4.500188e+01 
4.500188e+01 
4.500188e+01 
4.500188e+01 
4.500188e+01 
4.500188e+01 
4.500188e+01 
4.500188e+01 
4.500188e+01 
4.500188e+01 
4.500188e+01 
4.500188e+01 
4.500188e+01 
4.500188e+01 
4.500188e+01 
4.500188e+01 
4.500188e+01 
4.500188e+01 
4.500188e+01 
4.500188e+01 
4.500188e+01 
4.500188e+01 
4.500188e+01 
4.500188e+01 
4.500188e+01 
4.500188e+01 
4.500188e+01 
4.500188e+01 
4.500188e+01 
4.500188e+01 
4.500188e+01 
4.500188e+01 
4.500188e+01 
4.500188e+01 
4.500188e+01 
4.500188e+01 
4.500188e+01 
4.500188e+01 
4.500188e+01 
4.500188e+01 
4.500188e+01 
4.500188e+01 
4.500188e+01 
4.500188e+01 
4.500188e+01 
4.500188e+01 
4.500188e+01 
4.500189e+01 
4.500189e+01 
4.500188e+01 
4.500188e+01 
4.500188e+01 

4.500188e+01 
4.500188e+01 
4.500188e+01 
4.500188e+01 
4.500189e+01 
4.500189e+01 
4.500189e+01 
4.500189e+01 
4.500189e+01 
4.500189e+01 
4.500189e+01 
4.500189e+01 
4.500189e+01 
4.500189e+01 
4.500189e+01 
4.500189e+01 
4.500189e+01 
4.500189e+01 
4.500189e+01 
4.500189e+01 
4.500189e+01 
4.500189e+01 
4.500189e+01 
4.500189e+01 
4.500189e+01 
4.500189e+01 
4.500189e+01 
4.500189e+01 
4.500189e+01 
4.500189e+01 
4.500189e+01 
4.500189e+01 
4.500189e+01 
4.500189e+01 
4.500189e+01 
4.500189e+01 
4.500189e+01 
4.500189e+01 
4.500189e+01 
4.500189e+01 
4.500189e+01 
4.500189e+01 
4.500189e+01 
4.500189e+01 
4.500189e+01 
4.500189e+01 
4.500189e+01 
4.500189e+01 
4.500189e+01 
4.500189e+01 
4.500189e+01 
4.500189e+01 
4.500189e+01 
4.500189e+01 
4.500189e+01 
4.500189e+01 
4.500189e+01 
4.500189e+01 
4.500189e+01 
4.500189e+01 
4.500189e+01 
4.500189e+01 
4.500188e+01 
4.500188e+01 
4.500188e+01 
4.500188e+01 

4.500188e+01 
4.500188e+01 
4.500188e+01 
4.500188e+01 
4.500188e+01 
4.500188e+01 
4.500188e+01 
4.500188e+01 
4.500188e+01 
4.500188e+01 
4.500188e+01 
4.500188e+01 
4.500188e+01 
4.500188e+01 
4.500188e+01 
4.500188e+01 
4.500188e+01 
4.500188e+01 
4.500188e+01 
4.500188e+01 
4.500188e+01 
4.500188e+01 
4.500188e+01 
4.500188e+01 
4.500188e+01 
4.500188e+01 
4.500188e+01 
4.500188e+01 
4.500188e+01 
4.500188e+01 
4.500188e+01 
4.500188e+01 
4.500188e+01 
4.500188e+01 
4.500188e+01 
4.500188e+01 
4.500188e+01 
4.500188e+01 
4.500188e+01 
4.500188e+01 
4.500188e+01 
4.500188e+01 
4.500188e+01 
4.500188e+01 
4.500188e+01 
4.500188e+01 
4.500188e+01 
4.500188e+01 
4.500188e+01 
4.500188e+01 
4.500188e+01 
4.500188e+01 
4.500188e+01 
4.500188e+01 
4.500188e+01 
4.500188e+01 
4.500188e+01 
4.500188e+01 
4.500188e+01 
4.500188e+01 
4.500188e+01 
4.500188e+01 
4.500188e+01 
4.500188e+01 
4.500188e+01 
4.500188e+01 

