4.500188e+01
4.500188e+01
4.500188e+01
4.500188e+01
4.500188e+01
4.500188e+01
4.500188e+01
4.500188e+01
4.500188e+01
4.500188e+01
4.500188e+01
4.500188e+01
4.500188e+01
4.500188e+01
4.500188e+01
4.500188e+01
4.500188e+01
4.500188e+01
4.500188e+01
4.500188e+01
4.500188e+01
4.500188e+01
4.500188e+01
4.500188e+01
4.500188e+01
4.500188e+01
4.500188e+01
4.500188e+01
4.500188e+01
4.500188e+01
4.500188e+01
4.500188e+01
4.500188e+01
4.500188e+01
4.500188e+01
4.500188e+01
4.500188e+01
4.500188e+01
4.500188e+01
4.500188e+01
4.500188e+01
4.500188e+01
4.500188e+01
4.500188e+01
4.500188e+01
4.500188e+01
4.500188e+01
4.500188e+01
4.500188e+01
4.500188e+01
4.500188e+01
4.500188e+01
4.500188e+01
4.500188e+01
4.500188e+01
4.500188e+01
4.500188e+01
4.500188e+01
4.500188e+01
4.500188e+01
4.500188e+01
4.500188e+01
4.500188e+01
4.500188e+01
4.500188e+01
4.500188e+01

4.500188e+01
4.500188e+01
4.500188e+01
4.500188e+01
4.500188e+01
4.500188e+01
4.500188e+01
4.500188e+01
4.500188e+01
4.500188e+01
4.500188e+01
4.500188e+01
4.500188e+01
4.500188e+01
4.500188e+01
4.500188e+01
4.500188e+01
4.500188e+01
4.500188e+01
4.500188e+01
4.500188e+01
4.500188e+01
4.500188e+01
4.500188e+01
4.500188e+01
4.500188e+01
4.500188e+01
4.500188e+01
4.500188e+01
4.500188e+01
4.500188e+01
4.500188e+01
4.500188e+01
4.500188e+01
4.500188e+01
4.500188e+01
4.500188e+01
4.500188e+01
4.500188e+01
4.500188e+01
4.500188e+01
4.500188e+01
4.500188e+01
4.500188e+01
4.500188e+01
4.500188e+01
4.500188e+01
4.500188e+01
4.500188e+01
4.500188e+01
4.500188e+01
4.500188e+01
4.500188e+01
4.500188e+01
4.500188e+01
4.500188e+01
4.500188e+01
4.500188e+01
4.500188e+01
4.500188e+01
4.500188e+01
4.500188e+01
4.500188e+01
4.500188e+01
4.500188e+01
4.500188e+01

4.500188e+01
4.500189e+01
4.500189e+01
4.500189e+01
4.500188e+01
4.500188e+01
4.500188e+01
4.500188e+01
4.500188e+01
4.500188e+01
4.500188e+01
4.500188e+01
4.500188e+01
4.500188e+01
4.500188e+01
4.500188e+01
4.500188e+01
4.500188e+01
4.500188e+01
4.500188e+01
4.500188e+01
4.500188e+01
4.500188e+01
4.500188e+01
4.500188e+01
4.500188e+01
4.500188e+01
4.500188e+01
4.500188e+01
4.500188e+01
4.500188e+01
4.500188e+01
4.500188e+01
4.500188e+01
4.500188e+01
4.500188e+01
4.500188e+01
4.500188e+01
4.500188e+01
4.500188e+01
4.500188e+01
4.500188e+01
4.500188e+01
4.500188e+01
4.500188e+01
4.500188e+01
4.500188e+01
4.500188e+01
4.500188e+01
4.500188e+01
4.500188e+01
4.500188e+01
4.500188e+01
4.500188e+01
4.500188e+01
4.500188e+01
4.500188e+01
4.500188e+01
4.500188e+01
4.500188e+01
4.500188e+01
4.500188e+01
4.500189e+01
4.500189e+01
4.500189e+01
4.500188e+01

4.500188e+01
4.500189e+01
4.500189e+01
4.500189e+01
4.500189e+01
4.500189e+01
4.500189e+01
4.500189e+01
4.500189e+01
4.500189e+01
4.500189e+01
4.500189e+01
4.500189e+01
4.500189e+01
4.500189e+01
4.500189e+01
4.500189e+01
4.500189e+01
4.500189e+01
4.500189e+01
4.500189e+01
4.500189e+01
4.500189e+01
4.500189e+01
4.500189e+01
4.500189e+01
4.500189e+01
4.500189e+01
4.500189e+01
4.500189e+01
4.500189e+01
4.500189e+01
4.500189e+01
4.500189e+01
4.500189e+01
4.500189e+01
4.500189e+01
4.500189e+01
4.500189e+01
4.500189e+01
4.500189e+01
4.500189e+01
4.500189e+01
4.500189e+01
4.500189e+01
4.500189e+01
4.500189e+01
4.500189e+01
4.500189e+01
4.500189e+01
4.500189e+01
4.500189e+01
4.500189e+01
4.500189e+01
4.500189e+01
4.500189e+01
4.500189e+01
4.500189e+01
4.500189e+01
4.500189e+01
4.500189e+01
4.500189e+01
4.500189e+01
4.500189e+01
4.500189e+01
4.500188e+01

4.500189e+01
4.500189e+01
4.500189e+01
4.500189e+01
4.500189e+01
4.500189e+01
4.500189e+01
4.500189e+01
4.500189e+01
4.500189e+01
4.500189e+01
4.500189e+01
4.500189e+01
4.500189e+01
4.500189e+01
4.500189e+01
4.500189e+01
4.500189e+01
4.500189e+01
4.500189e+01
4.500189e+01
4.500189e+01
4.500189e+01
4.500189e+01
4.500189e+01
4.500189e+01
4.500189e+01
4.500189e+01
4.500189e+01
4.500189e+01
4.500189e+01
4.500189e+01
4.500189e+01
4.500189e+01
4.500189e+01
4.500189e+01
4.500189e+01
4.500189e+01
4.500189e+01
4.500189e+01
4.500189e+01
4.500189e+01
4.500189e+01
4.500189e+01
4.500189e+01
4.500189e+01
4.500189e+01
4.500189e+01
4.500189e+01
4.500189e+01
4.500189e+01
4.500189e+01
4.500189e+01
4.500189e+01
4.500189e+01
4.500189e+01
4.500189e+01
4.500189e+01
4.500189e+01
4.500189e+01
4.500189e+01
4.500189e+01
4.500189e+01
4.500189e+01
4.500189e+01
4.500189e+01

4.500189e+01
4.500189e+01
4.500189e+01
4.500189e+01
4.500189e+01
4.500189e+01
4.500190e+01
4.500190e+01
4.500189e+01
4.500189e+01
4.500189e+01
4.500188e+01
4.500188e+01
4.500187e+01
4.500187e+01
4.500187e+01
4.500187e+01
4.500187e+01
4.500187e+01
4.500187e+01
4.500187e+01
4.500187e+01
4.500187e+01
4.500187e+01
4.500187e+01
4.500187e+01
4.500187e+01
4.500187e+01
4.500187e+01
4.500187e+01
4.500187e+01
4.500187e+01
4.500187e+01
4.500187e+01
4.500187e+01
4.500187e+01
4.500187e+01
4.500187e+01
4.500187e+01
4.500187e+01
4.500187e+01
4.500187e+01
4.500187e+01
4.500187e+01
4.500187e+01
4.500187e+01
4.500187e+01
4.500187e+01
4.500187e+01
4.500187e+01
4.500187e+01
4.500187e+01
4.500187e+01
4.500188e+01
4.500188e+01
4.500189e+01
4.500189e+01
4.500189e+01
4.500190e+01
4.500190e+01
4.500189e+01
4.500189e+01
4.500189e+01
4.500189e+01
4.500189e+01
4.500189e+01

4.500189e+01
4.500189e+01
4.500189e+01
4.500189e+01
4.500189e+01
4.500190e+01
4.500191e+01
4.500191e+01
4.500189e+01
4.500187e+01
4.500183e+01
4.500181e+01
4.500178e+01
4.500177e+01
4.500175e+01
4.500174e+01
4.500174e+01
4.500173e+01
4.500173e+01
4.500173e+01
4.500173e+01
4.500173e+01
4.500173e+01
4.500172e+01
4.500172e+01
4.500172e+01
4.500172e+01
4.500172e+01
4.500172e+01
4.500172e+01
4.500172e+01
4.500172e+01
4.500172e+01
4.500172e+01
4.500172e+01
4.500172e+01
4.500172e+01
4.500172e+01
4.500172e+01
4.500172e+01
4.500172e+01
4.500172e+01
4.500172e+01
4.500173e+01
4.500173e+01
4.500173e+01
4.500173e+01
4.500173e+01
4.500173e+01
4.500174e+01
4.500174e+01
4.500175e+01
4.500177e+01
4.500178e+01
4.500181e+01
4.500183e+01
4.500187e+01
4.500189e+01
4.500191e+01
4.500191e+01
4.500190e+01
4.500189e+01
4.500189e+01
4.500189e+01
4.500189e+01
4.500189e+01

4.500189e+01
4.500189e+01
4.500189e+01
4.500189e+01
4.500189e+01
4.500191e+01
4.500193e+01
4.500193e+01
4.500189e+01
4.500181e+01
4.500172e+01
4.500162e+01
4.500154e+01
4.500147e+01
4.500142e+01
4.500139e+01
4.500136e+01
4.500134e+01
4.500133e+01
4.500132e+01
4.500132e+01
4.500131e+01
4.500131e+01
4.500131e+01
4.500131e+01
4.500131e+01
4.500130e+01
4.500130e+01
4.500130e+01
4.500130e+01
4.500130e+01
4.500130e+01
4.500130e+01
4.500130e+01
4.500130e+01
4.500130e+01
4.500130e+01
4.500130e+01
4.500130e+01
4.500130e+01
4.500131e+01
4.500131e+01
4.500131e+01
4.500131e+01
4.500131e+01
4.500132e+01
4.500132e+01
4.500133e+01
4.500134e+01
4.500136e+01
4.500139e+01
4.500142e+01
4.500147e+01
4.500154e+01
4.500162e+01
4.500172e+01
4.500181e+01
4.500189e+01
4.500193e+01
4.500193e+01
4.500191e+01
4.500189e+01
4.500189e+01
4.500189e+01
4.500189e+01
4.500189e+01

4.500189e+01
4.500189e+01
4.500189e+01
4.500189e+01
4.500190e+01
4.500192e+01
4.500196e+01
4.500196e+01
4.500190e+01
4.500176e+01
4.500155e+01
4.500132e+01
4.500110e+01
4.500091e+01
4.500077e+01
4.500066e+01
4.500058e+01
4.500053e+01
4.500049e+01
4.500046e+01
4.500044e+01
4.500043e+01
4.500042e+01
4.500042e+01
4.500041e+01
4.500041e+01
4.500040e+01
4.500040e+01
4.500040e+01
4.500039e+01
4.500039e+01
4.500039e+01
4.500039e+01
4.500039e+01
4.500039e+01
4.500039e+01
4.500039e+01
4.500040e+01
4.500040e+01
4.500040e+01
4.500041e+01
4.500041e+01
4.500042e+01
4.500042e+01
4.500043e+01
4.500044e+01
4.500046e+01
4.500049e+01
4.500053e+01
4.500058e+01
4.500066e+01
4.500077e+01
4.500091e+01
4.500110e+01
4.500132e+01
4.500155e+01
4.500176e+01
4.500190e+01
4.500196e+01
4.500196e+01
4.500192e+01
4.500190e+01
4.500189e+01
4.500189e+01
4.500189e+01
4.500189e+01

4.500189e+01
4.500189e+01
4.500189e+01
4.500189e+01
4.500190e+01
4.500194e+01
4.500199e+01
4.500202e+01
4.500197e+01
4.500177e+01
4.500142e+01
4.500098e+01
4.500051e+01
4.500009e+01
4.499973e+01
4.499946e+01
4.499925e+01
4.499911e+01
4.499900e+01
4.499893e+01
4.499888e+01
4.499885e+01
4.499882e+01
4.499880e+01
4.499879e+01
4.499877e+01
4.499876e+01
4.499875e+01
4.499874e+01
4.499874e+01
4.499873e+01
4.499873e+01
4.499873e+01
4.499873e+01
4.499873e+01
4.499873e+01
4.499874e+01
4.499874e+01
4.499875e+01
4.499876e+01
4.499877e+01
4.499879e+01
4.499880e+01
4.499882e+01
4.499885e+01
4.499888e+01
4.499893e+01
4.499900e+01
4.499911e+01
4.499925e+01
4.499946e+01
4.499973e+01
4.500009e+01
4.500051e+01
4.500098e+01
4.500142e+01
4.500177e+01
4.500197e+01
4.500202e+01
4.500199e+01
4.500194e+01
4.500190e+01
4.500189e+01
4.500189e+01
4.500189e+01
4.500189e+01

4.500189e+01
4.500189e+01
4.500189e+01
4.500189e+01
4.500190e+01
4.500195e+01
4.500203e+01
4.500209e+01
4.500207e+01
4.500187e+01
4.500142e+01
4.500074e+01
4.499994e+01
4.499911e+01
4.499837e+01
4.499776e+01
4.499729e+01
4.499693e+01
4.499668e+01
4.499650e+01
4.499637e+01
4.499628e+01
4.499621e+01
4.499617e+01
4.499613e+01
4.499609e+01
4.499607e+01
4.499604e+01
4.499602e+01
4.499600e+01
4.499599e+01
4.499598e+01
4.499598e+01
4.499598e+01
4.499598e+01
4.499599e+01
4.499600e+01
4.499602e+01
4.499604e+01
4.499607e+01
4.499609e+01
4.499613e+01
4.499617e+01
4.499621e+01
4.499628e+01
4.499637e+01
4.499650e+01
4.499668e+01
4.499693e+01
4.499729e+01
4.499776e+01
4.499837e+01
4.499911e+01
4.499994e+01
4.500074e+01
4.500142e+01
4.500187e+01
4.500207e+01
4.500209e+01
4.500203e+01
4.500195e+01
4.500190e+01
4.500189e+01
4.500189e+01
4.500189e+01
4.500189e+01

4.500189e+01
4.500189e+01
4.500189e+01
4.500189e+01
4.500191e+01
4.500196e+01
4.500206e+01
4.500217e+01
4.500220e+01
4.500205e+01
4.500159e+01
4.500076e+01
4.499960e+01
4.499826e+01
4.499691e+01
4.499571e+01
4.499472e+01
4.499395e+01
4.499337e+01
4.499295e+01
4.499265e+01
4.499243e+01
4.499227e+01
4.499216e+01
4.499207e+01
4.499199e+01
4.499191e+01
4.499185e+01
4.499180e+01
4.499176e+01
4.499173e+01
4.499170e+01
4.499169e+01
4.499169e+01
4.499170e+01
4.499173e+01
4.499176e+01
4.499180e+01
4.499185e+01
4.499191e+01
4.499199e+01
4.499207e+01
4.499216e+01
4.499227e+01
4.499243e+01
4.499265e+01
4.499295e+01
4.499337e+01
4.499395e+01
4.499472e+01
4.499571e+01
4.499691e+01
4.499826e+01
4.499960e+01
4.500076e+01
4.500159e+01
4.500205e+01
4.500220e+01
4.500217e+01
4.500206e+01
4.500196e+01
4.500191e+01
4.500189e+01
4.500189e+01
4.500189e+01
4.500189e+01

4.500189e+01
4.500189e+01
4.500189e+01
4.500189e+01
4.500191e+01
4.500197e+01
4.500208e+01
4.500223e+01
4.500234e+01
4.500229e+01
4.500193e+01
4.500109e+01
4.499971e+01
4.499786e+01
4.499576e+01
4.499367e+01
4.499181e+01
4.499027e+01
4.498906e+01
4.498815e+01
4.498748e+01
4.498699e+01
4.498663e+01
4.498637e+01
4.498616e+01
4.498597e+01
4.498580e+01
4.498566e+01
4.498553e+01
4.498544e+01
4.498536e+01
4.498531e+01
4.498528e+01
4.498528e+01
4.498531e+01
4.498536e+01
4.498544e+01
4.498553e+01
4.498566e+01
4.498580e+01
4.498597e+01
4.498616e+01
4.498637e+01
4.498663e+01
4.498699e+01
4.498748e+01
4.498815e+01
4.498906e+01
4.499027e+01
4.499181e+01
4.499367e+01
4.499576e+01
4.499786e+01
4.499971e+01
4.500109e+01
4.500193e+01
4.500229e+01
4.500234e+01
4.500223e+01
4.500208e+01
4.500197e+01
4.500191e+01
4.500189e+01
4.500189e+01
4.500189e+01
4.500189e+01

4.500189e+01
4.500189e+01
4.500189e+01
4.500189e+01
4.500191e+01
4.500197e+01
4.500210e+01
4.500228e+01
4.500246e+01
4.500253e+01
4.500234e+01
4.500167e+01
4.500031e+01
4.499817e+01
4.499536e+01
4.499221e+01
4.498910e+01
4.498631e+01
4.498398e+01
4.498215e+01
4.498074e+01
4.497970e+01
4.497892e+01
4.497834e+01
4.497788e+01
4.497745e+01
4.497707e+01
4.497674e+01
4.497646e+01
4.497623e+01
4.497606e+01
4.497595e+01
4.497589e+01
4.497589e+01
4.497595e+01
4.497606e+01
4.497623e+01
4.497646e+01
4.497674e+01
4.497707e+01
4.497745e+01
4.497788e+01
4.497834e+01
4.497892e+01
4.497970e+01
4.498074e+01
4.498215e+01
4.498398e+01
4.498631e+01
4.498910e+01
4.499221e+01
4.499536e+01
4.499817e+01
4.500031e+01
4.500167e+01
4.500234e+01
4.500253e+01
4.500246e+01
4.500228e+01
4.500210e+01
4.500197e+01
4.500191e+01
4.500189e+01
4.500189e+01
4.500189e+01
4.500189e+01

4.500189e+01
4.500189e+01
4.500189e+01
4.500189e+01
4.500191e+01
4.500198e+01
4.500211e+01
4.500231e+01
4.500255e+01
4.500274e+01
4.500276e+01
4.500238e+01
4.500130e+01
4.499923e+01
4.499605e+01
4.499195e+01
4.498738e+01
4.498286e+01
4.497879e+01
4.497537e+01
4.497264e+01
4.497052e+01
4.496892e+01
4.496772e+01
4.496672e+01
4.496580e+01
4.496498e+01
4.496425e+01
4.496363e+01
4.496312e+01
4.496274e+01
4.496248e+01
4.496235e+01
4.496235e+01
4.496248e+01
4.496274e+01
4.496312e+01
4.496363e+01
4.496425e+01
4.496498e+01
4.496580e+01
4.496672e+01
4.496772e+01
4.496892e+01
4.497052e+01
4.497264e+01
4.497537e+01
4.497879e+01
4.498286e+01
4.498738e+01
4.499195e+01
4.499605e+01
4.499923e+01
4.500130e+01
4.500238e+01
4.500276e+01
4.500274e+01
4.500255e+01
4.500231e+01
4.500211e+01
4.500198e+01
4.500191e+01
4.500189e+01
4.500189e+01
4.500189e+01
4.500189e+01

4.500189e+01
4.500189e+01
4.500189e+01
4.500189e+01
4.500191e+01
4.500198e+01
4.500212e+01
4.500234e+01
4.500262e+01
4.500291e+01
4.500313e+01
4.500309e+01
4.500247e+01
4.500085e+01
4.499782e+01
4.499326e+01
4.498745e+01
4.498100e+01
4.497462e+01
4.496884e+01
4.496395e+01
4.495999e+01
4.495689e+01
4.495450e+01
4.495248e+01
4.495060e+01
4.494888e+01
4.494734e+01
4.494602e+01
4.494493e+01
4.494409e+01
4.494353e+01
4.494324e+01
4.494324e+01
4.494353e+01
4.494409e+01
4.494493e+01
4.494602e+01
4.494734e+01
4.494888e+01
4.495060e+01
4.495248e+01
4.495450e+01
4.495689e+01
4.495999e+01
4.496395e+01
4.496884e+01
4.497462e+01
4.498100e+01
4.498745e+01
4.499326e+01
4.499782e+01
4.500085e+01
4.500247e+01
4.500309e+01
4.500313e+01
4.500291e+01
4.500262e+01
4.500234e+01
4.500212e+01
4.500198e+01
4.500191e+01
4.500189e+01
4.500189e+01
4.500189e+01
4.500189e+01

4.500189e+01
4.500189e+01
4.500189e+01
4.500189e+01
4.500191e+01
4.500198e+01
4.500213e+01
4.500236e+01
4.500267e+01
4.500304e+01
4.500342e+01
4.500370e+01
4.500361e+01
4.500270e+01
4.500036e+01
4.499608e+01
4.498972e+01
4.498171e+01
4.497288e+01
4.496414e+01
4.495620e+01
4.494941e+01
4.494385e+01
4.493943e+01
4.493560e+01
4.493195e+01
4.492855e+01
4.492546e+01
4.492276e+01
4.492051e+01
4.491877e+01
4.491759e+01
4.491698e+01
4.491698e+01
4.491759e+01
4.491877e+01
4.492051e+01
4.492276e+01
4.492546e+01
4.492855e+01
4.493195e+01
4.493560e+01
4.493943e+01
4.494385e+01
4.494941e+01
4.495620e+01
4.496414e+01
4.497288e+01
4.498171e+01
4.498972e+01
4.499608e+01
4.500036e+01
4.500270e+01
4.500361e+01
4.500370e+01
4.500342e+01
4.500304e+01
4.500267e+01
4.500236e+01
4.500213e+01
4.500198e+01
4.500191e+01
4.500189e+01
4.500189e+01
4.500189e+01
4.500189e+01

4.500189e+01
4.500189e+01
4.500189e+01
4.500189e+01
4.500191e+01
4.500198e+01
4.500213e+01
4.500237e+01
4.500271e+01
4.500314e+01
4.500365e+01
4.500420e+01
4.500461e+01
4.500450e+01
4.500320e+01
4.499991e+01
4.499399e+01
4.498537e+01
4.497466e+01
4.496296e+01
4.495141e+01
4.494087e+01
4.493179e+01
4.492428e+01
4.491756e+01
4.491097e+01
4.490467e+01
4.489882e+01
4.489361e+01
4.488919e+01
4.488573e+01
4.488335e+01
4.488214e+01
4.488214e+01
4.488335e+01
4.488573e+01
4.488919e+01
4.489361e+01
4.489882e+01
4.490467e+01
4.491097e+01
4.491756e+01
4.492428e+01
4.493179e+01
4.494087e+01
4.495141e+01
4.496296e+01
4.497466e+01
4.498537e+01
4.499399e+01
4.499991e+01
4.500320e+01
4.500450e+01
4.500461e+01
4.500420e+01
4.500365e+01
4.500314e+01
4.500271e+01
4.500237e+01
4.500213e+01
4.500198e+01
4.500191e+01
4.500189e+01
4.500189e+01
4.500189e+01
4.500189e+01

4.500189e+01
4.500189e+01
4.500189e+01
4.500189e+01
4.500191e+01
4.500198e+01
4.500213e+01
4.500238e+01
4.500273e+01
4.500320e+01
4.500381e+01
4.500458e+01
4.500542e+01
4.500607e+01
4.500594e+01
4.500411e+01
4.499956e+01
4.499158e+01
4.498024e+01
4.496640e+01
4.495147e+01
4.493682e+01
4.492342e+01
4.491179e+01
4.490099e+01
4.489003e+01
4.487922e+01
4.486890e+01
4.485948e+01
4.485133e+01
4.484484e+01
4.484031e+01
4.483799e+01
4.483799e+01
4.484031e+01
4.484484e+01
4.485133e+01
4.485948e+01
4.486890e+01
4.487922e+01
4.489003e+01
4.490099e+01
4.491179e+01
4.492342e+01
4.493682e+01
4.495147e+01
4.496640e+01
4.498024e+01
4.499158e+01
4.499956e+01
4.500411e+01
4.500594e+01
4.500607e+01
4.500542e+01
4.500458e+01
4.500381e+01
4.500320e+01
4.500273e+01
4.500238e+01
4.500213e+01
4.500198e+01
4.500191e+01
4.500189e+01
4.500189e+01
4.500189e+01
4.500189e+01

4.500189e+01
4.500189e+01
4.500189e+01
4.500189e+01
4.500191e+01
4.500198e+01
4.500214e+01
4.500239e+01
4.500275e+01
4.500325e+01
4.500393e+01
4.500486e+01
4.500604e+01
4.500735e+01
4.500834e+01
4.500814e+01
4.500555e+01
4.499935e+01
4.498889e+01
4.497447e+01
4.495731e+01
4.493908e+01
4.492131e+01
4.490507e+01
4.488929e+01
4.487265e+01
4.485562e+01
4.483883e+01
4.482302e+01
4.480901e+01
4.479762e+01
4.478956e+01
4.478539e+01
4.478539e+01
4.478956e+01
4.479762e+01
4.480901e+01
4.482302e+01
4.483883e+01
4.485562e+01
4.487265e+01
4.488929e+01
4.490507e+01
4.492131e+01
4.493908e+01
4.495731e+01
4.497447e+01
4.498889e+01
4.499935e+01
4.500555e+01
4.500814e+01
4.500834e+01
4.500735e+01
4.500604e+01
4.500486e+01
4.500393e+01
4.500325e+01
4.500275e+01
4.500239e+01
4.500214e+01
4.500198e+01
4.500191e+01
4.500189e+01
4.500189e+01
4.500189e+01
4.500189e+01

4.500189e+01
4.500189e+01
4.500189e+01
4.500189e+01
4.500191e+01
4.500198e+01
4.500214e+01
4.500239e+01
4.500276e+01
4.500328e+01
4.500402e+01
4.500507e+01
4.500651e+01
4.500835e+01
4.501030e+01
4.501167e+01
4.501125e+01
4.500755e+01
4.499929e+01
4.498603e+01
4.496844e+01
4.494810e+01
4.492686e+01
4.490638e+01
4.488546e+01
4.486246e+01
4.483795e+01
4.481286e+01
4.478843e+01
4.476615e+01
4.474761e+01
4.473427e+01
4.472729e+01
4.472729e+01
4.473427e+01
4.474761e+01
4.476615e+01
4.478843e+01
4.481286e+01
4.483795e+01
4.486246e+01
4.488546e+01
4.490638e+01
4.492686e+01
4.494810e+01
4.496844e+01
4.498603e+01
4.499929e+01
4.500755e+01
4.501125e+01
4.501167e+01
4.501030e+01
4.500835e+01
4.500651e+01
4.500507e+01
4.500402e+01
4.500328e+01
4.500276e+01
4.500239e+01
4.500214e+01
4.500198e+01
4.500191e+01
4.500189e+01
4.500189e+01
4.500189e+01
4.500189e+01

4.500189e+01
4.500189e+01
4.500189e+01
4.500189e+01
4.500191e+01
4.500198e+01
4.500214e+01
4.500240e+01
4.500277e+01
4.500331e+01
4.500408e+01
4.500522e+01
4.500686e+01
4.500910e+01
4.501184e+01
4.501458e+01
4.501626e+01
4.501531e+01
4.501007e+01
4.499938e+01
4.498322e+01
4.496270e+01
4.493970e+01
4.491621e+01
4.489097e+01
4.486194e+01
4.482965e+01
4.479522e+01
4.476044e+01
4.472772e+01
4.469979e+01
4.467933e+01
4.466849e+01
4.466849e+01
4.467933e+01
4.469979e+01
4.472772e+01
4.476044e+01
4.479522e+01
4.482965e+01
4.486194e+01
4.489097e+01
4.491621e+01
4.493970e+01
4.496270e+01
4.498322e+01
4.499938e+01
4.501007e+01
4.501531e+01
4.501626e+01
4.501458e+01
4.501184e+01
4.500910e+01
4.500686e+01
4.500522e+01
4.500408e+01
4.500331e+01
4.500277e+01
4.500240e+01
4.500214e+01
4.500198e+01
4.500191e+01
4.500189e+01
4.500189e+01
4.500189e+01
4.500189e+01

4.500189e+01
4.500189e+01
4.500189e+01
4.500189e+01
4.500191e+01
4.500198e+01
4.500214e+01
4.500240e+01
4.500278e+01
4.500332e+01
4.500412e+01
4.500532e+01
4.500711e+01
4.500966e+01
4.501303e+01
4.501690e+01
4.502043e+01
4.502215e+01
4.502020e+01
4.501295e+01
4.499965e+01
4.498081e+01
4.495798e+01
4.493323e+01
4.490524e+01
4.487152e+01
4.483228e+01
4.478864e+01
4.474284e+01
4.469830e+01
4.465925e+01
4.463010e+01
4.461449e+01
4.461449e+01
4.463010e+01
4.465925e+01
4.469830e+01
4.474284e+01
4.478864e+01
4.483228e+01
4.487152e+01
4.490524e+01
4.493323e+01
4.495798e+01
4.498081e+01
4.499965e+01
4.501295e+01
4.502020e+01
4.502215e+01
4.502043e+01
4.501690e+01
4.501303e+01
4.500966e+01
4.500711e+01
4.500532e+01
4.500412e+01
4.500332e+01
4.500278e+01
4.500240e+01
4.500214e+01
4.500198e+01
4.500191e+01
4.500189e+01
4.500189e+01
4.500189e+01
4.500189e+01

4.500189e+01
4.500189e+01
4.500189e+01
4.500189e+01
4.500191e+01
4.500198e+01
4.500214e+01
4.500240e+01
4.500278e+01
4.500334e+01
4.500416e+01
4.500540e+01
4.500729e+01
4.501008e+01
4.501393e+01
4.501870e+01
4.502378e+01
4.502787e+01
4.502912e+01
4.502560e+01
4.501598e+01
4.500014e+01
4.497917e+01
4.495496e+01
4.492608e+01
4.488962e+01
4.484523e+01
4.479370e+01
4.473746e+01
4.468088e+01
4.462993e+01
4.459116e+01
4.457017e+01
4.457017e+01
4.459116e+01
4.462993e+01
4.468088e+01
4.473746e+01
4.479370e+01
4.484523e+01
4.488962e+01
4.492608e+01
4.495496e+01
4.497917e+01
4.500014e+01
4.501598e+01
4.502560e+01
4.502912e+01
4.502787e+01
4.502378e+01
4.501870e+01
4.501393e+01
4.501008e+01
4.500729e+01
4.500540e+01
4.500416e+01
4.500334e+01
4.500278e+01
4.500240e+01
4.500214e+01
4.500198e+01
4.500191e+01
4.500189e+01
4.500189e+01
4.500189e+01
4.500189e+01

4.500189e+01
4.500189e+01
4.500189e+01
4.500189e+01
4.500191e+01
4.500198e+01
4.500214e+01
4.500240e+01
4.500279e+01
4.500335e+01
4.500418e+01
4.500546e+01
4.500745e+01
4.501043e+01
4.501467e+01
4.502023e+01
4.502670e+01
4.503303e+01
4.503748e+01
4.503799e+01
4.503282e+01
4.502122e+01
4.500369e+01
4.498178e+01
4.495395e+01
4.491691e+01
4.486949e+01
4.481172e+01
4.474583e+01
4.467695e+01
4.461303e+01
4.456335e+01
4.453610e+01
4.453610e+01
4.456335e+01
4.461303e+01
4.467695e+01
4.474583e+01
4.481172e+01
4.486949e+01
4.491691e+01
4.495395e+01
4.498178e+01
4.500369e+01
4.502122e+01
4.503282e+01
4.503799e+01
4.503748e+01
4.503303e+01
4.502670e+01
4.502023e+01
4.501467e+01
4.501043e+01
4.500745e+01
4.500546e+01
4.500418e+01
4.500335e+01
4.500279e+01
4.500240e+01
4.500214e+01
4.500198e+01
4.500191e+01
4.500189e+01
4.500189e+01
4.500189e+01
4.500189e+01

4.500189e+01
4.500189e+01
4.500189e+01
4.500189e+01
4.500191e+01
4.500198e+01
4.500214e+01
4.500240e+01
4.500279e+01
4.500336e+01
4.500420e+01
4.500552e+01
4.500758e+01
4.501074e+01
4.501537e+01
4.502167e+01
4.502951e+01
4.503812e+01
4.504601e+01
4.505114e+01
4.505147e+01
4.504568e+01
4.503360e+01
4.501622e+01
4.499198e+01
4.495732e+01
4.490993e+01
4.484860e+01
4.477464e+01
4.469355e+01
4.461535e+01
4.455293e+01
4.451820e+01
4.451820e+01
4.455293e+01
4.461535e+01
4.469355e+01
4.477464e+01
4.484860e+01
4.490993e+01
4.495732e+01
4.499198e+01
4.501622e+01
4.503360e+01
4.504568e+01
4.505147e+01
4.505114e+01
4.504601e+01
4.503812e+01
4.502951e+01
4.502167e+01
4.501537e+01
4.501074e+01
4.500758e+01
4.500552e+01
4.500420e+01
4.500336e+01
4.500279e+01
4.500240e+01
4.500214e+01
4.500198e+01
4.500191e+01
4.500189e+01
4.500189e+01
4.500189e+01
4.500189e+01

4.500189e+01
4.500189e+01
4.500189e+01
4.500189e+01
4.500191e+01
4.500198e+01
4.500214e+01
4.500240e+01
4.500279e+01
4.500336e+01
4.500422e+01
4.500557e+01
4.500770e+01
4.501102e+01
4.501599e+01
4.502299e+01
4.503214e+01
4.504301e+01
4.505446e+01
4.506464e+01
4.507138e+01
4.507292e+01
4.506840e+01
4.505812e+01
4.504069e+01
4.501256e+01
4.497026e+01
4.491084e+01
4.483388e+01
4.474428e+01
4.465393e+01
4.457944e+01
4.453708e+01
4.453708e+01
4.457944e+01
4.465393e+01
4.474428e+01
4.483388e+01
4.491084e+01
4.497026e+01
4.501256e+01
4.504069e+01
4.505812e+01
4.506840e+01
4.507292e+01
4.507138e+01
4.506464e+01
4.505446e+01
4.504301e+01
4.503214e+01
4.502299e+01
4.501599e+01
4.501102e+01
4.500770e+01
4.500557e+01
4.500422e+01
4.500336e+01
4.500279e+01
4.500240e+01
4.500214e+01
4.500198e+01
4.500191e+01
4.500189e+01
4.500189e+01
4.500189e+01
4.500189e+01

4.500189e+01
4.500189e+01
4.500189e+01
4.500189e+01
4.500191e+01
4.500198e+01
4.500214e+01
4.500240e+01
4.500280e+01
4.500337e+01
4.500424e+01
4.500561e+01
4.500781e+01
4.501127e+01
4.501655e+01
4.502418e+01
4.503454e+01
4.504757e+01
4.506255e+01
4.507796e+01
4.509174e+01
4.510182e+01
4.510678e+01
4.510617e+01
4.509905e+01
4.508246e+01
4.505207e+01
4.500321e+01
4.493305e+01
4.484469e+01
4.474957e+01
4.466752e+01
4.461986e+01
4.461986e+01
4.466752e+01
4.474957e+01
4.484469e+01
4.493305e+01
4.500321e+01
4.505207e+01
4.508246e+01
4.509905e+01
4.510617e+01
4.510678e+01
4.510182e+01
4.509174e+01
4.507796e+01
4.506255e+01
4.504757e+01
4.503454e+01
4.502418e+01
4.501655e+01
4.501127e+01
4.500781e+01
4.500561e+01
4.500424e+01
4.500337e+01
4.500280e+01
4.500240e+01
4.500214e+01
4.500198e+01
4.500191e+01
4.500189e+01
4.500189e+01
4.500189e+01
4.500189e+01

4.500189e+01
4.500189e+01
4.500189e+01
4.500189e+01
4.500191e+01
4.500198e+01
4.500214e+01
4.500240e+01
4.500280e+01
4.500337e+01
4.500426e+01
4.500565e+01
4.500790e+01
4.501148e+01
4.501702e+01
4.502520e+01
4.503664e+01
4.505165e+01
4.506995e+01
4.509050e+01
4.511147e+01
4.513077e+01
4.514653e+01
4.515761e+01
4.516387e+01
4.516369e+01
4.515262e+01
4.512492e+01
4.507552e+01
4.500354e+01
4.491861e+01
4.484024e+01
4.479239e+01
4.479239e+01
4.484024e+01
4.491861e+01
4.500354e+01
4.507552e+01
4.512492e+01
4.515262e+01
4.516369e+01
4.516387e+01
4.515761e+01
4.514653e+01
4.513077e+01
4.511147e+01
4.509050e+01
4.506995e+01
4.505165e+01
4.503664e+01
4.502520e+01
4.501702e+01
4.501148e+01
4.500790e+01
4.500565e+01
4.500426e+01
4.500337e+01
4.500280e+01
4.500240e+01
4.500214e+01
4.500198e+01
4.500191e+01
4.500189e+01
4.500189e+01
4.500189e+01
4.500189e+01

4.500189e+01
4.500189e+01
4.500189e+01
4.500189e+01
4.500191e+01
4.500198e+01
4.500214e+01
4.500240e+01
4.500280e+01
4.500338e+01
4.500427e+01
4.500568e+01
4.500797e+01
4.501165e+01
4.501741e+01
4.502605e+01
4.503840e+01
4.505510e+01
4.507636e+01
4.510159e+01
4.512939e+01
4.515777e+01
4.518464e+01
4.520828e+01
4.522965e+01
4.524914e+01
4.526311e+01
4.526597e+01
4.525074e+01
4.521295e+01
4.515557e+01
4.509487e+01
4.505535e+01
4.505535e+01
4.509487e+01
4.515557e+01
4.521295e+01
4.525074e+01
4.526597e+01
4.526311e+01
4.524914e+01
4.522965e+01
4.520828e+01
4.518464e+01
4.515777e+01
4.512939e+01
4.510159e+01
4.507636e+01
4.505510e+01
4.503840e+01
4.502605e+01
4.501741e+01
4.501165e+01
4.500797e+01
4.500568e+01
4.500427e+01
4.500338e+01
4.500280e+01
4.500240e+01
4.500214e+01
4.500198e+01
4.500191e+01
4.500189e+01
4.500189e+01
4.500189e+01
4.500189e+01

4.500189e+01
4.500189e+01
4.500189e+01
4.500189e+01
4.500191e+01
4.500198e+01
4.500214e+01
4.500240e+01
4.500280e+01
4.500338e+01
4.500428e+01
4.500570e+01
4.500802e+01
4.501178e+01
4.501770e+01
4.502670e+01
4.503976e+01
4.505782e+01
4.508146e+01
4.511059e+01
4.514423e+01
4.518062e+01
4.521760e+01
4.525303e+01
4.528911e+01
4.532848e+01
4.536896e+01
4.540608e+01
4.543222e+01
4.543893e+01
4.542291e+01
4.539296e+01
4.536881e+01
4.536881e+01
4.539296e+01
4.542291e+01
4.543893e+01
4.543222e+01
4.540608e+01
4.536896e+01
4.532848e+01
4.528911e+01
4.525303e+01
4.521760e+01
4.518062e+01
4.514423e+01
4.511059e+01
4.508146e+01
4.505782e+01
4.503976e+01
4.502670e+01
4.501770e+01
4.501178e+01
4.500802e+01
4.500570e+01
4.500428e+01
4.500338e+01
4.500280e+01
4.500240e+01
4.500214e+01
4.500198e+01
4.500191e+01
4.500189e+01
4.500189e+01
4.500189e+01
4.500189e+01

4.500189e+01
4.500189e+01
4.500189e+01
4.500189e+01
4.500191e+01
4.500198e+01
4.500214e+01
4.500241e+01
4.500280e+01
4.500338e+01
4.500428e+01
4.500572e+01
4.500806e+01
4.501187e+01
4.501790e+01
4.502713e+01
4.504069e+01
4.505969e+01
4.508502e+01
4.511695e+01
4.515487e+01
4.519724e+01
4.524195e+01
4.528660e+01
4.533443e+01
4.539007e+01
4.545281e+01
4.551949e+01
4.558259e+01
4.563101e+01
4.565516e+01
4.565639e+01
4.564915e+01
4.564915e+01
4.565639e+01
4.565516e+01
4.563101e+01
4.558259e+01
4.551949e+01
4.545281e+01
4.539007e+01
4.533443e+01
4.528660e+01
4.524195e+01
4.519724e+01
4.515487e+01
4.511695e+01
4.508502e+01
4.505969e+01
4.504069e+01
4.502713e+01
4.501790e+01
4.501187e+01
4.500806e+01
4.500572e+01
4.500428e+01
4.500338e+01
4.500280e+01
4.500241e+01
4.500214e+01
4.500198e+01
4.500191e+01
4.500189e+01
4.500189e+01
4.500189e+01
4.500189e+01

4.500189e+01
4.500189e+01
4.500189e+01
4.500189e+01
4.500191e+01
4.500198e+01
4.500214e+01
4.500241e+01
4.500280e+01
4.500339e+01
4.500428e+01
4.500573e+01
4.500808e+01
4.501191e+01
4.501800e+01
4.502736e+01
4.504116e+01
4.506064e+01
4.508684e+01
4.512024e+01
4.516042e+01
4.520600e+01
4.525490e+01
4.530461e+01
4.535899e+01
4.542379e+01
4.549923e+01
4.558294e+01
4.566756e+01
4.574064e+01
4.578925e+01
4.581005e+01
4.581347e+01
4.581347e+01
4.581005e+01
4.578925e+01
4.574064e+01
4.566756e+01
4.558294e+01
4.549923e+01
4.542379e+01
4.535899e+01
4.530461e+01
4.525490e+01
4.520600e+01
4.516042e+01
4.512024e+01
4.508684e+01
4.506064e+01
4.504116e+01
4.502736e+01
4.501800e+01
4.501191e+01
4.500808e+01
4.500573e+01
4.500428e+01
4.500339e+01
4.500280e+01
4.500241e+01
4.500214e+01
4.500198e+01
4.500191e+01
4.500189e+01
4.500189e+01
4.500189e+01
4.500189e+01

4.500189e+01
4.500189e+01
4.500189e+01
4.500189e+01
4.500191e+01
4.500198e+01
4.500214e+01
4.500241e+01
4.500280e+01
4.500339e+01
4.500428e+01
4.500573e+01
4.500808e+01
4.501191e+01
4.501800e+01
4.502736e+01
4.504116e+01
4.506064e+01
4.508684e+01
4.512024e+01
4.516042e+01
4.520600e+01
4.525490e+01
4.530461e+01
4.535899e+01
4.542379e+01
4.549923e+01
4.558294e+01
4.566756e+01
4.574064e+01
4.578925e+01
4.581005e+01
4.581347e+01
4.581347e+01
4.581005e+01
4.578925e+01
4.574064e+01
4.566756e+01
4.558294e+01
4.549923e+01
4.542379e+01
4.535899e+01
4.530461e+01
4.525490e+01
4.520600e+01
4.516042e+01
4.512024e+01
4.508684e+01
4.506064e+01
4.504116e+01
4.502736e+01
4.501800e+01
4.501191e+01
4.500808e+01
4.500573e+01
4.500428e+01
4.500339e+01
4.500280e+01
4.500241e+01
4.500214e+01
4.500198e+01
4.500191e+01
4.500189e+01
4.500189e+01
4.500189e+01
4.500189e+01

4.500189e+01
4.500189e+01
4.500189e+01
4.500189e+01
4.500191e+01
4.500198e+01
4.500214e+01
4.500241e+01
4.500280e+01
4.500338e+01
4.500428e+01
4.500572e+01
4.500806e+01
4.501187e+01
4.501790e+01
4.502713e+01
4.504069e+01
4.505969e+01
4.508502e+01
4.511695e+01
4.515487e+01
4.519724e+01
4.524195e+01
4.528660e+01
4.533443e+01
4.539007e+01
4.545281e+01
4.551949e+01
4.558259e+01
4.563101e+01
4.565516e+01
4.565639e+01
4.564915e+01
4.564915e+01
4.565639e+01
4.565516e+01
4.563101e+01
4.558259e+01
4.551949e+01
4.545281e+01
4.539007e+01
4.533443e+01
4.528660e+01
4.524195e+01
4.519724e+01
4.515487e+01
4.511695e+01
4.508502e+01
4.505969e+01
4.504069e+01
4.502713e+01
4.501790e+01
4.501187e+01
4.500806e+01
4.500572e+01
4.500428e+01
4.500338e+01
4.500280e+01
4.500241e+01
4.500214e+01
4.500198e+01
4.500191e+01
4.500189e+01
4.500189e+01
4.500189e+01
4.500189e+01

4.500189e+01
4.500189e+01
4.500189e+01
4.500189e+01
4.500191e+01
4.500198e+01
4.500214e+01
4.500240e+01
4.500280e+01
4.500338e+01
4.500428e+01
4.500570e+01
4.500802e+01
4.501178e+01
4.501770e+01
4.502670e+01
4.503976e+01
4.505782e+01
4.508146e+01
4.511059e+01
4.514423e+01
4.518062e+01
4.521760e+01
4.525303e+01
4.528911e+01
4.532848e+01
4.536896e+01
4.540608e+01
4.543222e+01
4.543893e+01
4.542291e+01
4.539296e+01
4.536881e+01
4.536881e+01
4.539296e+01
4.542291e+01
4.543893e+01
4.543222e+01
4.540608e+01
4.536896e+01
4.532848e+01
4.528911e+01
4.525303e+01
4.521760e+01
4.518062e+01
4.514423e+01
4.511059e+01
4.508146e+01
4.505782e+01
4.503976e+01
4.502670e+01
4.501770e+01
4.501178e+01
4.500802e+01
4.500570e+01
4.500428e+01
4.500338e+01
4.500280e+01
4.500240e+01
4.500214e+01
4.500198e+01
4.500191e+01
4.500189e+01
4.500189e+01
4.500189e+01
4.500189e+01

4.500189e+01
4.500189e+01
4.500189e+01
4.500189e+01
4.500191e+01
4.500198e+01
4.500214e+01
4.500240e+01
4.500280e+01
4.500338e+01
4.500427e+01
4.500568e+01
4.500797e+01
4.501165e+01
4.501741e+01
4.502605e+01
4.503840e+01
4.505510e+01
4.507636e+01
4.510159e+01
4.512939e+01
4.515777e+01
4.518464e+01
4.520828e+01
4.522965e+01
4.524914e+01
4.526311e+01
4.526597e+01
4.525074e+01
4.521295e+01
4.515557e+01
4.509487e+01
4.505535e+01
4.505535e+01
4.509487e+01
4.515557e+01
4.521295e+01
4.525074e+01
4.526597e+01
4.526311e+01
4.524914e+01
4.522965e+01
4.520828e+01
4.518464e+01
4.515777e+01
4.512939e+01
4.510159e+01
4.507636e+01
4.505510e+01
4.503840e+01
4.502605e+01
4.501741e+01
4.501165e+01
4.500797e+01
4.500568e+01
4.500427e+01
4.500338e+01
4.500280e+01
4.500240e+01
4.500214e+01
4.500198e+01
4.500191e+01
4.500189e+01
4.500189e+01
4.500189e+01
4.500189e+01

4.500189e+01
4.500189e+01
4.500189e+01
4.500189e+01
4.500191e+01
4.500198e+01
4.500214e+01
4.500240e+01
4.500280e+01
4.500337e+01
4.500426e+01
4.500565e+01
4.500790e+01
4.501148e+01
4.501702e+01
4.502520e+01
4.503664e+01
4.505165e+01
4.506995e+01
4.509050e+01
4.511147e+01
4.513077e+01
4.514653e+01
4.515761e+01
4.516387e+01
4.516369e+01
4.515262e+01
4.512492e+01
4.507552e+01
4.500354e+01
4.491861e+01
4.484024e+01
4.479239e+01
4.479239e+01
4.484024e+01
4.491861e+01
4.500354e+01
4.507552e+01
4.512492e+01
4.515262e+01
4.516369e+01
4.516387e+01
4.515761e+01
4.514653e+01
4.513077e+01
4.511147e+01
4.509050e+01
4.506995e+01
4.505165e+01
4.503664e+01
4.502520e+01
4.501702e+01
4.501148e+01
4.500790e+01
4.500565e+01
4.500426e+01
4.500337e+01
4.500280e+01
4.500240e+01
4.500214e+01
4.500198e+01
4.500191e+01
4.500189e+01
4.500189e+01
4.500189e+01
4.500189e+01

4.500189e+01
4.500189e+01
4.500189e+01
4.500189e+01
4.500191e+01
4.500198e+01
4.500214e+01
4.500240e+01
4.500280e+01
4.500337e+01
4.500424e+01
4.500561e+01
4.500781e+01
4.501127e+01
4.501655e+01
4.502418e+01
4.503454e+01
4.504757e+01
4.506255e+01
4.507796e+01
4.509174e+01
4.510182e+01
4.510678e+01
4.510617e+01
4.509905e+01
4.508246e+01
4.505207e+01
4.500321e+01
4.493305e+01
4.484469e+01
4.474957e+01
4.466752e+01
4.461986e+01
4.461986e+01
4.466752e+01
4.474957e+01
4.484469e+01
4.493305e+01
4.500321e+01
4.505207e+01
4.508246e+01
4.509905e+01
4.510617e+01
4.510678e+01
4.510182e+01
4.509174e+01
4.507796e+01
4.506255e+01
4.504757e+01
4.503454e+01
4.502418e+01
4.501655e+01
4.501127e+01
4.500781e+01
4.500561e+01
4.500424e+01
4.500337e+01
4.500280e+01
4.500240e+01
4.500214e+01
4.500198e+01
4.500191e+01
4.500189e+01
4.500189e+01
4.500189e+01
4.500189e+01

4.500189e+01
4.500189e+01
4.500189e+01
4.500189e+01
4.500191e+01
4.500198e+01
4.500214e+01
4.500240e+01
4.500279e+01
4.500336e+01
4.500422e+01
4.500557e+01
4.500770e+01
4.501102e+01
4.501599e+01
4.502299e+01
4.503214e+01
4.504301e+01
4.505446e+01
4.506464e+01
4.507138e+01
4.507292e+01
4.506840e+01
4.505812e+01
4.504069e+01
4.501256e+01
4.497026e+01
4.491084e+01
4.483388e+01
4.474428e+01
4.465393e+01
4.457944e+01
4.453708e+01
4.453708e+01
4.457944e+01
4.465393e+01
4.474428e+01
4.483388e+01
4.491084e+01
4.497026e+01
4.501256e+01
4.504069e+01
4.505812e+01
4.506840e+01
4.507292e+01
4.507138e+01
4.506464e+01
4.505446e+01
4.504301e+01
4.503214e+01
4.502299e+01
4.501599e+01
4.501102e+01
4.500770e+01
4.500557e+01
4.500422e+01
4.500336e+01
4.500279e+01
4.500240e+01
4.500214e+01
4.500198e+01
4.500191e+01
4.500189e+01
4.500189e+01
4.500189e+01
4.500189e+01

4.500189e+01
4.500189e+01
4.500189e+01
4.500189e+01
4.500191e+01
4.500198e+01
4.500214e+01
4.500240e+01
4.500279e+01
4.500336e+01
4.500420e+01
4.500552e+01
4.500758e+01
4.501074e+01
4.501537e+01
4.502167e+01
4.502951e+01
4.503812e+01
4.504601e+01
4.505114e+01
4.505147e+01
4.504568e+01
4.503360e+01
4.501622e+01
4.499198e+01
4.495732e+01
4.490993e+01
4.484860e+01
4.477464e+01
4.469355e+01
4.461535e+01
4.455293e+01
4.451820e+01
4.451820e+01
4.455293e+01
4.461535e+01
4.469355e+01
4.477464e+01
4.484860e+01
4.490993e+01
4.495732e+01
4.499198e+01
4.501622e+01
4.503360e+01
4.504568e+01
4.505147e+01
4.505114e+01
4.504601e+01
4.503812e+01
4.502951e+01
4.502167e+01
4.501537e+01
4.501074e+01
4.500758e+01
4.500552e+01
4.500420e+01
4.500336e+01
4.500279e+01
4.500240e+01
4.500214e+01
4.500198e+01
4.500191e+01
4.500189e+01
4.500189e+01
4.500189e+01
4.500189e+01

4.500189e+01
4.500189e+01
4.500189e+01
4.500189e+01
4.500191e+01
4.500198e+01
4.500214e+01
4.500240e+01
4.500279e+01
4.500335e+01
4.500418e+01
4.500546e+01
4.500745e+01
4.501043e+01
4.501467e+01
4.502023e+01
4.502670e+01
4.503303e+01
4.503748e+01
4.503799e+01
4.503282e+01
4.502122e+01
4.500369e+01
4.498178e+01
4.495395e+01
4.491691e+01
4.486949e+01
4.481172e+01
4.474583e+01
4.467695e+01
4.461303e+01
4.456335e+01
4.453610e+01
4.453610e+01
4.456335e+01
4.461303e+01
4.467695e+01
4.474583e+01
4.481172e+01
4.486949e+01
4.491691e+01
4.495395e+01
4.498178e+01
4.500369e+01
4.502122e+01
4.503282e+01
4.503799e+01
4.503748e+01
4.503303e+01
4.502670e+01
4.502023e+01
4.501467e+01
4.501043e+01
4.500745e+01
4.500546e+01
4.500418e+01
4.500335e+01
4.500279e+01
4.500240e+01
4.500214e+01
4.500198e+01
4.500191e+01
4.500189e+01
4.500189e+01
4.500189e+01
4.500189e+01

4.500189e+01
4.500189e+01
4.500189e+01
4.500189e+01
4.500191e+01
4.500198e+01
4.500214e+01
4.500240e+01
4.500278e+01
4.500334e+01
4.500416e+01
4.500540e+01
4.500729e+01
4.501008e+01
4.501393e+01
4.501870e+01
4.502378e+01
4.502787e+01
4.502912e+01
4.502560e+01
4.501598e+01
4.500014e+01
4.497917e+01
4.495496e+01
4.492608e+01
4.488962e+01
4.484523e+01
4.479370e+01
4.473746e+01
4.468088e+01
4.462993e+01
4.459116e+01
4.457017e+01
4.457017e+01
4.459116e+01
4.462993e+01
4.468088e+01
4.473746e+01
4.479370e+01
4.484523e+01
4.488962e+01
4.492608e+01
4.495496e+01
4.497917e+01
4.500014e+01
4.501598e+01
4.502560e+01
4.502912e+01
4.502787e+01
4.502378e+01
4.501870e+01
4.501393e+01
4.501008e+01
4.500729e+01
4.500540e+01
4.500416e+01
4.500334e+01
4.500278e+01
4.500240e+01
4.500214e+01
4.500198e+01
4.500191e+01
4.500189e+01
4.500189e+01
4.500189e+01
4.500189e+01

4.500189e+01
4.500189e+01
4.500189e+01
4.500189e+01
4.500191e+01
4.500198e+01
4.500214e+01
4.500240e+01
4.500278e+01
4.500332e+01
4.500412e+01
4.500532e+01
4.500711e+01
4.500966e+01
4.501303e+01
4.501690e+01
4.502043e+01
4.502215e+01
4.502020e+01
4.501295e+01
4.499965e+01
4.498081e+01
4.495798e+01
4.493323e+01
4.490524e+01
4.487152e+01
4.483228e+01
4.478864e+01
4.474284e+01
4.469830e+01
4.465925e+01
4.463010e+01
4.461449e+01
4.461449e+01
4.463010e+01
4.465925e+01
4.469830e+01
4.474284e+01
4.478864e+01
4.483228e+01
4.487152e+01
4.490524e+01
4.493323e+01
4.495798e+01
4.498081e+01
4.499965e+01
4.501295e+01
4.502020e+01
4.502215e+01
4.502043e+01
4.501690e+01
4.501303e+01
4.500966e+01
4.500711e+01
4.500532e+01
4.500412e+01
4.500332e+01
4.500278e+01
4.500240e+01
4.500214e+01
4.500198e+01
4.500191e+01
4.500189e+01
4.500189e+01
4.500189e+01
4.500189e+01

4.500189e+01
4.500189e+01
4.500189e+01
4.500189e+01
4.500191e+01
4.500198e+01
4.500214e+01
4.500240e+01
4.500277e+01
4.500331e+01
4.500408e+01
4.500522e+01
4.500686e+01
4.500910e+01
4.501184e+01
4.501458e+01
4.501626e+01
4.501531e+01
4.501007e+01
4.499938e+01
4.498322e+01
4.496270e+01
4.493970e+01
4.491621e+01
4.489097e+01
4.486194e+01
4.482965e+01
4.479522e+01
4.476044e+01
4.472772e+01
4.469979e+01
4.467933e+01
4.466849e+01
4.466849e+01
4.467933e+01
4.469979e+01
4.472772e+01
4.476044e+01
4.479522e+01
4.482965e+01
4.486194e+01
4.489097e+01
4.491621e+01
4.493970e+01
4.496270e+01
4.498322e+01
4.499938e+01
4.501007e+01
4.501531e+01
4.501626e+01
4.501458e+01
4.501184e+01
4.500910e+01
4.500686e+01
4.500522e+01
4.500408e+01
4.500331e+01
4.500277e+01
4.500240e+01
4.500214e+01
4.500198e+01
4.500191e+01
4.500189e+01
4.500189e+01
4.500189e+01
4.500189e+01

4.500189e+01
4.500189e+01
4.500189e+01
4.500189e+01
4.500191e+01
4.500198e+01
4.500214e+01
4.500239e+01
4.500276e+01
4.500328e+01
4.500402e+01
4.500507e+01
4.500651e+01
4.500835e+01
4.501030e+01
4.501167e+01
4.501125e+01
4.500755e+01
4.499929e+01
4.498603e+01
4.496844e+01
4.494810e+01
4.492686e+01
4.490638e+01
4.488546e+01
4.486246e+01
4.483795e+01
4.481286e+01
4.478843e+01
4.476615e+01
4.474761e+01
4.473427e+01
4.472729e+01
4.472729e+01
4.473427e+01
4.474761e+01
4.476615e+01
4.478843e+01
4.481286e+01
4.483795e+01
4.486246e+01
4.488546e+01
4.490638e+01
4.492686e+01
4.494810e+01
4.496844e+01
4.498603e+01
4.499929e+01
4.500755e+01
4.501125e+01
4.501167e+01
4.501030e+01
4.500835e+01
4.500651e+01
4.500507e+01
4.500402e+01
4.500328e+01
4.500276e+01
4.500239e+01
4.500214e+01
4.500198e+01
4.500191e+01
4.500189e+01
4.500189e+01
4.500189e+01
4.500189e+01

4.500189e+01
4.500189e+01
4.500189e+01
4.500189e+01
4.500191e+01
4.500198e+01
4.500214e+01
4.500239e+01
4.500275e+01
4.500325e+01
4.500393e+01
4.500486e+01
4.500604e+01
4.500735e+01
4.500834e+01
4.500814e+01
4.500555e+01
4.499935e+01
4.498889e+01
4.497447e+01
4.495731e+01
4.493908e+01
4.492131e+01
4.490507e+01
4.488929e+01
4.487265e+01
4.485562e+01
4.483883e+01
4.482302e+01
4.480901e+01
4.479762e+01
4.478956e+01
4.478539e+01
4.478539e+01
4.478956e+01
4.479762e+01
4.480901e+01
4.482302e+01
4.483883e+01
4.485562e+01
4.487265e+01
4.488929e+01
4.490507e+01
4.492131e+01
4.493908e+01
4.495731e+01
4.497447e+01
4.498889e+01
4.499935e+01
4.500555e+01
4.500814e+01
4.500834e+01
4.500735e+01
4.500604e+01
4.500486e+01
4.500393e+01
4.500325e+01
4.500275e+01
4.500239e+01
4.500214e+01
4.500198e+01
4.500191e+01
4.500189e+01
4.500189e+01
4.500189e+01
4.500189e+01

4.500189e+01
4.500189e+01
4.500189e+01
4.500189e+01
4.500191e+01
4.500198e+01
4.500213e+01
4.500238e+01
4.500273e+01
4.500320e+01
4.500381e+01
4.500458e+01
4.500542e+01
4.500607e+01
4.500594e+01
4.500411e+01
4.499956e+01
4.499158e+01
4.498024e+01
4.496640e+01
4.495147e+01
4.493682e+01
4.492342e+01
4.491179e+01
4.490099e+01
4.489003e+01
4.487922e+01
4.486890e+01
4.485948e+01
4.485133e+01
4.484484e+01
4.484031e+01
4.483799e+01
4.483799e+01
4.484031e+01
4.484484e+01
4.485133e+01
4.485948e+01
4.486890e+01
4.487922e+01
4.489003e+01
4.490099e+01
4.491179e+01
4.492342e+01
4.493682e+01
4.495147e+01
4.496640e+01
4.498024e+01
4.499158e+01
4.499956e+01
4.500411e+01
4.500594e+01
4.500607e+01
4.500542e+01
4.500458e+01
4.500381e+01
4.500320e+01
4.500273e+01
4.500238e+01
4.500213e+01
4.500198e+01
4.500191e+01
4.500189e+01
4.500189e+01
4.500189e+01
4.500189e+01

4.500189e+01
4.500189e+01
4.500189e+01
4.500189e+01
4.500191e+01
4.500198e+01
4.500213e+01
4.500237e+01
4.500271e+01
4.500314e+01
4.500365e+01
4.500420e+01
4.500461e+01
4.500450e+01
4.500320e+01
4.499991e+01
4.499399e+01
4.498537e+01
4.497466e+01
4.496296e+01
4.495141e+01
4.494087e+01
4.493179e+01
4.492428e+01
4.491756e+01
4.491097e+01
4.490467e+01
4.489882e+01
4.489361e+01
4.488919e+01
4.488573e+01
4.488335e+01
4.488214e+01
4.488214e+01
4.488335e+01
4.488573e+01
4.488919e+01
4.489361e+01
4.489882e+01
4.490467e+01
4.491097e+01
4.491756e+01
4.492428e+01
4.493179e+01
4.494087e+01
4.495141e+01
4.496296e+01
4.497466e+01
4.498537e+01
4.499399e+01
4.499991e+01
4.500320e+01
4.500450e+01
4.500461e+01
4.500420e+01
4.500365e+01
4.500314e+01
4.500271e+01
4.500237e+01
4.500213e+01
4.500198e+01
4.500191e+01
4.500189e+01
4.500189e+01
4.500189e+01
4.500189e+01

4.500189e+01
4.500189e+01
4.500189e+01
4.500189e+01
4.500191e+01
4.500198e+01
4.500213e+01
4.500236e+01
4.500267e+01
4.500304e+01
4.500342e+01
4.500370e+01
4.500361e+01
4.500270e+01
4.500036e+01
4.499608e+01
4.498972e+01
4.498171e+01
4.497288e+01
4.496414e+01
4.495620e+01
4.494941e+01
4.494385e+01
4.493943e+01
4.493560e+01
4.493195e+01
4.492855e+01
4.492546e+01
4.492276e+01
4.492051e+01
4.491877e+01
4.491759e+01
4.491698e+01
4.491698e+01
4.491759e+01
4.491877e+01
4.492051e+01
4.492276e+01
4.492546e+01
4.492855e+01
4.493195e+01
4.493560e+01
4.493943e+01
4.494385e+01
4.494941e+01
4.495620e+01
4.496414e+01
4.497288e+01
4.498171e+01
4.498972e+01
4.499608e+01
4.500036e+01
4.500270e+01
4.500361e+01
4.500370e+01
4.500342e+01
4.500304e+01
4.500267e+01
4.500236e+01
4.500213e+01
4.500198e+01
4.500191e+01
4.500189e+01
4.500189e+01
4.500189e+01
4.500189e+01

4.500189e+01
4.500189e+01
4.500189e+01
4.500189e+01
4.500191e+01
4.500198e+01
4.500212e+01
4.500234e+01
4.500262e+01
4.500291e+01
4.500313e+01
4.500309e+01
4.500247e+01
4.500085e+01
4.499782e+01
4.499326e+01
4.498745e+01
4.498100e+01
4.497462e+01
4.496884e+01
4.496395e+01
4.495999e+01
4.495689e+01
4.495450e+01
4.495248e+01
4.495060e+01
4.494888e+01
4.494734e+01
4.494602e+01
4.494493e+01
4.494409e+01
4.494353e+01
4.494324e+01
4.494324e+01
4.494353e+01
4.494409e+01
4.494493e+01
4.494602e+01
4.494734e+01
4.494888e+01
4.495060e+01
4.495248e+01
4.495450e+01
4.495689e+01
4.495999e+01
4.496395e+01
4.496884e+01
4.497462e+01
4.498100e+01
4.498745e+01
4.499326e+01
4.499782e+01
4.500085e+01
4.500247e+01
4.500309e+01
4.500313e+01
4.500291e+01
4.500262e+01
4.500234e+01
4.500212e+01
4.500198e+01
4.500191e+01
4.500189e+01
4.500189e+01
4.500189e+01
4.500189e+01

4.500189e+01
4.500189e+01
4.500189e+01
4.500189e+01
4.500191e+01
4.500198e+01
4.500211e+01
4.500231e+01
4.500255e+01
4.500274e+01
4.500276e+01
4.500238e+01
4.500130e+01
4.499923e+01
4.499605e+01
4.499195e+01
4.498738e+01
4.498286e+01
4.497879e+01
4.497537e+01
4.497264e+01
4.497052e+01
4.496892e+01
4.496772e+01
4.496672e+01
4.496580e+01
4.496498e+01
4.496425e+01
4.496363e+01
4.496312e+01
4.496274e+01
4.496248e+01
4.496235e+01
4.496235e+01
4.496248e+01
4.496274e+01
4.496312e+01
4.496363e+01
4.496425e+01
4.496498e+01
4.496580e+01
4.496672e+01
4.496772e+01
4.496892e+01
4.497052e+01
4.497264e+01
4.497537e+01
4.497879e+01
4.498286e+01
4.498738e+01
4.499195e+01
4.499605e+01
4.499923e+01
4.500130e+01
4.500238e+01
4.500276e+01
4.500274e+01
4.500255e+01
4.500231e+01
4.500211e+01
4.500198e+01
4.500191e+01
4.500189e+01
4.500189e+01
4.500189e+01
4.500189e+01

4.500189e+01
4.500189e+01
4.500189e+01
4.500189e+01
4.500191e+01
4.500197e+01
4.500210e+01
4.500228e+01
4.500246e+01
4.500253e+01
4.500234e+01
4.500167e+01
4.500031e+01
4.499817e+01
4.499536e+01
4.499221e+01
4.498910e+01
4.498631e+01
4.498398e+01
4.498215e+01
4.498074e+01
4.497970e+01
4.497892e+01
4.497834e+01
4.497788e+01
4.497745e+01
4.497707e+01
4.497674e+01
4.497646e+01
4.497623e+01
4.497606e+01
4.497595e+01
4.497589e+01
4.497589e+01
4.497595e+01
4.497606e+01
4.497623e+01
4.497646e+01
4.497674e+01
4.497707e+01
4.497745e+01
4.497788e+01
4.497834e+01
4.497892e+01
4.497970e+01
4.498074e+01
4.498215e+01
4.498398e+01
4.498631e+01
4.498910e+01
4.499221e+01
4.499536e+01
4.499817e+01
4.500031e+01
4.500167e+01
4.500234e+01
4.500253e+01
4.500246e+01
4.500228e+01
4.500210e+01
4.500197e+01
4.500191e+01
4.500189e+01
4.500189e+01
4.500189e+01
4.500189e+01

4.500189e+01
4.500189e+01
4.500189e+01
4.500189e+01
4.500191e+01
4.500197e+01
4.500208e+01
4.500223e+01
4.500234e+01
4.500229e+01
4.500193e+01
4.500109e+01
4.499971e+01
4.499786e+01
4.499576e+01
4.499367e+01
4.499181e+01
4.499027e+01
4.498906e+01
4.498815e+01
4.498748e+01
4.498699e+01
4.498663e+01
4.498637e+01
4.498616e+01
4.498597e+01
4.498580e+01
4.498566e+01
4.498553e+01
4.498544e+01
4.498536e+01
4.498531e+01
4.498528e+01
4.498528e+01
4.498531e+01
4.498536e+01
4.498544e+01
4.498553e+01
4.498566e+01
4.498580e+01
4.498597e+01
4.498616e+01
4.498637e+01
4.498663e+01
4.498699e+01
4.498748e+01
4.498815e+01
4.498906e+01
4.499027e+01
4.499181e+01
4.499367e+01
4.499576e+01
4.499786e+01
4.499971e+01
4.500109e+01
4.500193e+01
4.500229e+01
4.500234e+01
4.500223e+01
4.500208e+01
4.500197e+01
4.500191e+01
4.500189e+01
4.500189e+01
4.500189e+01
4.500189e+01

4.500189e+01
4.500189e+01
4.500189e+01
4.500189e+01
4.500191e+01
4.500196e+01
4.500206e+01
4.500217e+01
4.500220e+01
4.500205e+01
4.500159e+01
4.500076e+01
4.499960e+01
4.499826e+01
4.499691e+01
4.499571e+01
4.499472e+01
4.499395e+01
4.499337e+01
4.499295e+01
4.499265e+01
4.499243e+01
4.499227e+01
4.499216e+01
4.499207e+01
4.499199e+01
4.499191e+01
4.499185e+01
4.499180e+01
4.499176e+01
4.499173e+01
4.499170e+01
4.499169e+01
4.499169e+01
4.499170e+01
4.499173e+01
4.499176e+01
4.499180e+01
4.499185e+01
4.499191e+01
4.499199e+01
4.499207e+01
4.499216e+01
4.499227e+01
4.499243e+01
4.499265e+01
4.499295e+01
4.499337e+01
4.499395e+01
4.499472e+01
4.499571e+01
4.499691e+01
4.499826e+01
4.499960e+01
4.500076e+01
4.500159e+01
4.500205e+01
4.500220e+01
4.500217e+01
4.500206e+01
4.500196e+01
4.500191e+01
4.500189e+01
4.500189e+01
4.500189e+01
4.500189e+01

4.500189e+01
4.500189e+01
4.500189e+01
4.500189e+01
4.500190e+01
4.500195e+01
4.500203e+01
4.500209e+01
4.500207e+01
4.500187e+01
4.500142e+01
4.500074e+01
4.499994e+01
4.499911e+01
4.499837e+01
4.499776e+01
4.499729e+01
4.499693e+01
4.499668e+01
4.499650e+01
4.499637e+01
4.499628e+01
4.499621e+01
4.499617e+01
4.499613e+01
4.499609e+01
4.499607e+01
4.499604e+01
4.499602e+01
4.499600e+01
4.499599e+01
4.499598e+01
4.499598e+01
4.499598e+01
4.499598e+01
4.499599e+01
4.499600e+01
4.499602e+01
4.499604e+01
4.499607e+01
4.499609e+01
4.499613e+01
4.499617e+01
4.499621e+01
4.499628e+01
4.499637e+01
4.499650e+01
4.499668e+01
4.499693e+01
4.499729e+01
4.499776e+01
4.499837e+01
4.499911e+01
4.499994e+01
4.500074e+01
4.500142e+01
4.500187e+01
4.500207e+01
4.500209e+01
4.500203e+01
4.500195e+01
4.500190e+01
4.500189e+01
4.500189e+01
4.500189e+01
4.500189e+01

4.500189e+01
4.500189e+01
4.500189e+01
4.500189e+01
4.500190e+01
4.500194e+01
4.500199e+01
4.500202e+01
4.500197e+01
4.500177e+01
4.500142e+01
4.500098e+01
4.500051e+01
4.500009e+01
4.499973e+01
4.499946e+01
4.499925e+01
4.499911e+01
4.499900e+01
4.499893e+01
4.499888e+01
4.499885e+01
4.499882e+01
4.499880e+01
4.499879e+01
4.499877e+01
4.499876e+01
4.499875e+01
4.499874e+01
4.499874e+01
4.499873e+01
4.499873e+01
4.499873e+01
4.499873e+01
4.499873e+01
4.499873e+01
4.499874e+01
4.499874e+01
4.499875e+01
4.499876e+01
4.499877e+01
4.499879e+01
4.499880e+01
4.499882e+01
4.499885e+01
4.499888e+01
4.499893e+01
4.499900e+01
4.499911e+01
4.499925e+01
4.499946e+01
4.499973e+01
4.500009e+01
4.500051e+01
4.500098e+01
4.500142e+01
4.500177e+01
4.500197e+01
4.500202e+01
4.500199e+01
4.500194e+01
4.500190e+01
4.500189e+01
4.500189e+01
4.500189e+01
4.500189e+01

4.500189e+01
4.500189e+01
4.500189e+01
4.500189e+01
4.500190e+01
4.500192e+01
4.500196e+01
4.500196e+01
4.500190e+01
4.500176e+01
4.500155e+01
4.500132e+01
4.500110e+01
4.500091e+01
4.500077e+01
4.500066e+01
4.500058e+01
4.500053e+01
4.500049e+01
4.500046e+01
4.500044e+01
4.500043e+01
4.500042e+01
4.500042e+01
4.500041e+01
4.500041e+01
4.500040e+01
4.500040e+01
4.500040e+01
4.500039e+01
4.500039e+01
4.500039e+01
4.500039e+01
4.500039e+01
4.500039e+01
4.500039e+01
4.500039e+01
4.500040e+01
4.500040e+01
4.500040e+01
4.500041e+01
4.500041e+01
4.500042e+01
4.500042e+01
4.500043e+01
4.500044e+01
4.500046e+01
4.500049e+01
4.500053e+01
4.500058e+01
4.500066e+01
4.500077e+01
4.500091e+01
4.500110e+01
4.500132e+01
4.500155e+01
4.500176e+01
4.500190e+01
4.500196e+01
4.500196e+01
4.500192e+01
4.500190e+01
4.500189e+01
4.500189e+01
4.500189e+01
4.500189e+01

4.500189e+01
4.500189e+01
4.500189e+01
4.500189e+01
4.500189e+01
4.500191e+01
4.500193e+01
4.500193e+01
4.500189e+01
4.500181e+01
4.500172e+01
4.500162e+01
4.500154e+01
4.500147e+01
4.500142e+01
4.500139e+01
4.500136e+01
4.500134e+01
4.500133e+01
4.500132e+01
4.500132e+01
4.500131e+01
4.500131e+01
4.500131e+01
4.500131e+01
4.500131e+01
4.500130e+01
4.500130e+01
4.500130e+01
4.500130e+01
4.500130e+01
4.500130e+01
4.500130e+01
4.500130e+01
4.500130e+01
4.500130e+01
4.500130e+01
4.500130e+01
4.500130e+01
4.500130e+01
4.500131e+01
4.500131e+01
4.500131e+01
4.500131e+01
4.500131e+01
4.500132e+01
4.500132e+01
4.500133e+01
4.500134e+01
4.500136e+01
4.500139e+01
4.500142e+01
4.500147e+01
4.500154e+01
4.500162e+01
4.500172e+01
4.500181e+01
4.500189e+01
4.500193e+01
4.500193e+01
4.500191e+01
4.500189e+01
4.500189e+01
4.500189e+01
4.500189e+01
4.500189e+01

4.500189e+01
4.500189e+01
4.500189e+01
4.500189e+01
4.500189e+01
4.500190e+01
4.500191e+01
4.500191e+01
4.500189e+01
4.500187e+01
4.500183e+01
4.500181e+01
4.500178e+01
4.500177e+01
4.500175e+01
4.500174e+01
4.500174e+01
4.500173e+01
4.500173e+01
4.500173e+01
4.500173e+01
4.500173e+01
4.500173e+01
4.500172e+01
4.500172e+01
4.500172e+01
4.500172e+01
4.500172e+01
4.500172e+01
4.500172e+01
4.500172e+01
4.500172e+01
4.500172e+01
4.500172e+01
4.500172e+01
4.500172e+01
4.500172e+01
4.500172e+01
4.500172e+01
4.500172e+01
4.500172e+01
4.500172e+01
4.500172e+01
4.500173e+01
4.500173e+01
4.500173e+01
4.500173e+01
4.500173e+01
4.500173e+01
4.500174e+01
4.500174e+01
4.500175e+01
4.500177e+01
4.500178e+01
4.500181e+01
4.500183e+01
4.500187e+01
4.500189e+01
4.500191e+01
4.500191e+01
4.500190e+01
4.500189e+01
4.500189e+01
4.500189e+01
4.500189e+01
4.500189e+01

4.500189e+01
4.500189e+01
4.500189e+01
4.500189e+01
4.500189e+01
4.500189e+01
4.500190e+01
4.500190e+01
4.500189e+01
4.500189e+01
4.500189e+01
4.500188e+01
4.500188e+01
4.500187e+01
4.500187e+01
4.500187e+01
4.500187e+01
4.500187e+01
4.500187e+01
4.500187e+01
4.500187e+01
4.500187e+01
4.500187e+01
4.500187e+01
4.500187e+01
4.500187e+01
4.500187e+01
4.500187e+01
4.500187e+01
4.500187e+01
4.500187e+01
4.500187e+01
4.500187e+01
4.500187e+01
4.500187e+01
4.500187e+01
4.500187e+01
4.500187e+01
4.500187e+01
4.500187e+01
4.500187e+01
4.500187e+01
4.500187e+01
4.500187e+01
4.500187e+01
4.500187e+01
4.500187e+01
4.500187e+01
4.500187e+01
4.500187e+01
4.500187e+01
4.500187e+01
4.500187e+01
4.500188e+01
4.500188e+01
4.500189e+01
4.500189e+01
4.500189e+01
4.500190e+01
4.500190e+01
4.500189e+01
4.500189e+01
4.500189e+01
4.500189e+01
4.500189e+01
4.500189e+01

4.500189e+01
4.500189e+01
4.500189e+01
4.500189e+01
4.500189e+01
4.500189e+01
4.500189e+01
4.500189e+01
4.500189e+01
4.500189e+01
4.500189e+01
4.500189e+01
4.500189e+01
4.500189e+01
4.500189e+01
4.500189e+01
4.500189e+01
4.500189e+01
4.500189e+01
4.500189e+01
4.500189e+01
4.500189e+01
4.500189e+01
4.500189e+01
4.500189e+01
4.500189e+01
4.500189e+01
4.500189e+01
4.500189e+01
4.500189e+01
4.500189e+01
4.500189e+01
4.500189e+01
4.500189e+01
4.500189e+01
4.500189e+01
4.500189e+01
4.500189e+01
4.500189e+01
4.500189e+01
4.500189e+01
4.500189e+01
4.500189e+01
4.500189e+01
4.500189e+01
4.500189e+01
4.500189e+01
4.500189e+01
4.500189e+01
4.500189e+01
4.500189e+01
4.500189e+01
4.500189e+01
4.500189e+01
4.500189e+01
4.500189e+01
4.500189e+01
4.500189e+01
4.500189e+01
4.500189e+01
4.500189e+01
4.500189e+01
4.500189e+01
4.500189e+01
4.500189e+01
4.500189e+01

4.500188e+01
4.500189e+01
4.500189e+01
4.500189e+01
4.500189e+01
4.500189e+01
4.500189e+01
4.500189e+01
4.500189e+01
4.500189e+01
4.500189e+01
4.500189e+01
4.500189e+01
4.500189e+01
4.500189e+01
4.500189e+01
4.500189e+01
4.500189e+01
4.500189e+01
4.500189e+01
4.500189e+01
4.500189e+01
4.500189e+01
4.500189e+01
4.500189e+01
4.500189e+01
4.500189e+01
4.500189e+01
4.500189e+01
4.500189e+01
4.500189e+01
4.500189e+01
4.500189e+01
4.500189e+01
4.500189e+01
4.500189e+01
4.500189e+01
4.500189e+01
4.500189e+01
4.500189e+01
4.500189e+01
4.500189e+01
4.500189e+01
4.500189e+01
4.500189e+01
4.500189e+01
4.500189e+01
4.500189e+01
4.500189e+01
4.500189e+01
4.500189e+01
4.500189e+01
4.500189e+01
4.500189e+01
4.500189e+01
4.500189e+01
4.500189e+01
4.500189e+01
4.500189e+01
4.500189e+01
4.500189e+01
4.500189e+01
4.500189e+01
4.500189e+01
4.500189e+01
4.500188e+01

4.500188e+01
4.500189e+01
4.500189e+01
4.500189e+01
4.500188e+01
4.500188e+01
4.500188e+01
4.500188e+01
4.500188e+01
4.500188e+01
4.500188e+01
4.500188e+01
4.500188e+01
4.500188e+01
4.500188e+01
4.500188e+01
4.500188e+01
4.500188e+01
4.500188e+01
4.500188e+01
4.500188e+01
4.500188e+01
4.500188e+01
4.500188e+01
4.500188e+01
4.500188e+01
4.500188e+01
4.500188e+01
4.500188e+01
4.500188e+01
4.500188e+01
4.500188e+01
4.500188e+01
4.500188e+01
4.500188e+01
4.500188e+01
4.500188e+01
4.500188e+01
4.500188e+01
4.500188e+01
4.500188e+01
4.500188e+01
4.500188e+01
4.500188e+01
4.500188e+01
4.500188e+01
4.500188e+01
4.500188e+01
4.500188e+01
4.500188e+01
4.500188e+01
4.500188e+01
4.500188e+01
4.500188e+01
4.500188e+01
4.500188e+01
4.500188e+01
4.500188e+01
4.500188e+01
4.500188e+01
4.500188e+01
4.500188e+01
4.500189e+01
4.500189e+01
4.500189e+01
4.500188e+01

4.500188e+01
4.500188e+01
4.500188e+01
4.500188e+01
4.500188e+01
4.500188e+01
4.500188e+01
4.500188e+01
4.500188e+01
4.500188e+01
4.500188e+01
4.500188e+01
4.500188e+01
4.500188e+01
4.500188e+01
4.500188e+01
4.500188e+01
4.500188e+01
4.500188e+01
4.500188e+01
4.500188e+01
4.500188e+01
4.500188e+01
4.500188e+01
4.500188e+01
4.500188e+01
4.500188e+01
4.500188e+01
4.500188e+01
4.500188e+01
4.500188e+01
4.500188e+01
4.500188e+01
4.500188e+01
4.500188e+01
4.500188e+01
4.500188e+01
4.500188e+01
4.500188e+01
4.500188e+01
4.500188e+01
4.500188e+01
4.500188e+01
4.500188e+01
4.500188e+01
4.500188e+01
4.500188e+01
4.500188e+01
4.500188e+01
4.500188e+01
4.500188e+01
4.500188e+01
4.500188e+01
4.500188e+01
4.500188e+01
4.500188e+01
4.500188e+01
4.500188e+01
4.500188e+01
4.500188e+01
4.500188e+01
4.500188e+01
4.500188e+01
4.500188e+01
4.500188e+01
4.500188e+01

4.500188e+01
4.500188e+01
4.500188e+01
4.500188e+01
4.500188e+01
4.500188e+01
4.500188e+01
4.500188e+01
4.500188e+01
4.500188e+01
4.500188e+01
4.500188e+01
4.500188e+01
4.500188e+01
4.500188e+01
4.500188e+01
4.500188e+01
4.500188e+01
4.500188e+01
4.500188e+01
4.500188e+01
4.500188e+01
4.500188e+01
4.500188e+01
4.500188e+01
4.500188e+01
4.500188e+01
4.500188e+01
4.500188e+01
4.500188e+01
4.500188e+01
4.500188e+01
4.500188e+01
4.500188e+01
4.500188e+01
4.500188e+01
4.500188e+01
4.500188e+01
4.500188e+01
4.500188e+01
4.500188e+01
4.500188e+01
4.500188e+01
4.500188e+01
4.500188e+01
4.500188e+01
4.500188e+01
4.500188e+01
4.500188e+01
4.500188e+01
4.500188e+01
4.500188e+01
4.500188e+01
4.500188e+01
4.500188e+01
4.500188e+01
4.500188e+01
4.500188e+01
4.500188e+01
4.500188e+01
4.500188e+01
4.500188e+01
4.500188e+01
4.500188e+01
4.500188e+01
4.500188e+01

