1.000000e+02 
1.000000e+02 
1.000000e+02 
1.000000e+02 
1.000000e+02 
1.000000e+02 
1.000000e+02 
1.000000e+02 
1.000000e+02 
1.000000e+02 
1.000000e+02 
1.000000e+02 
1.000000e+02 
1.000000e+02 
1.000000e+02 
1.000000e+02 
1.000000e+02 
1.000000e+02 
1.000000e+02 
1.000000e+02 
1.000000e+02 
1.000000e+02 
1.000000e+02 
1.000000e+02 
1.000000e+02 
1.000000e+02 
1.000000e+02 
1.000000e+02 
1.000000e+02 
1.000000e+02 
1.000000e+02 
1.000000e+02 
1.000000e+02 
1.000000e+02 
1.000000e+02 
1.000000e+02 
1.000000e+02 
1.000000e+02 
1.000000e+02 
1.000000e+02 
1.000000e+02 
1.000000e+02 
1.000000e+02 
1.000000e+02 
1.000000e+02 
1.000000e+02 
1.000000e+02 
1.000000e+02 
1.000000e+02 
1.000000e+02 
1.000000e+02 
1.000000e+02 
1.000000e+02 
1.000000e+02 
1.000000e+02 
1.000000e+02 
1.000000e+02 
1.000000e+02 
1.000000e+02 
1.000000e+02 
1.000000e+02 
1.000000e+02 
1.000000e+02 
1.000000e+02 
1.000000e+02 
1.000000e+02 

1.000000e+02 
1.000000e+02 
1.000000e+02 
1.000000e+02 
1.000000e+02 
1.000000e+02 
1.000000e+02 
1.000000e+02 
1.000000e+02 
1.000000e+02 
1.000000e+02 
1.000000e+02 
1.000000e+02 
1.000000e+02 
1.000000e+02 
1.000000e+02 
1.000000e+02 
1.000000e+02 
1.000000e+02 
1.000000e+02 
1.000000e+02 
1.000000e+02 
1.000000e+02 
1.000000e+02 
1.000000e+02 
1.000000e+02 
1.000000e+02 
1.000000e+02 
1.000000e+02 
1.000000e+02 
1.000000e+02 
1.000000e+02 
1.000000e+02 
1.000000e+02 
1.000000e+02 
1.000000e+02 
1.000000e+02 
1.000000e+02 
1.000000e+02 
1.000000e+02 
1.000000e+02 
1.000000e+02 
1.000000e+02 
1.000000e+02 
1.000000e+02 
1.000000e+02 
1.000000e+02 
1.000000e+02 
1.000000e+02 
1.000000e+02 
1.000000e+02 
1.000000e+02 
1.000000e+02 
1.000000e+02 
1.000000e+02 
1.000000e+02 
1.000000e+02 
1.000000e+02 
1.000000e+02 
1.000000e+02 
1.000000e+02 
1.000000e+02 
1.000000e+02 
1.000000e+02 
1.000000e+02 
1.000000e+02 

1.000000e+02 
1.000000e+02 
1.000000e+02 
1.000000e+02 
1.000000e+02 
1.000000e+02 
1.000000e+02 
1.000000e+02 
1.000000e+02 
1.000000e+02 
1.000000e+02 
1.000000e+02 
1.000000e+02 
1.000000e+02 
1.000000e+02 
1.000000e+02 
1.000000e+02 
1.000000e+02 
1.000000e+02 
1.000000e+02 
1.000000e+02 
1.000000e+02 
1.000000e+02 
1.000000e+02 
1.000000e+02 
1.000000e+02 
1.000000e+02 
1.000000e+02 
1.000000e+02 
1.000000e+02 
1.000000e+02 
1.000000e+02 
1.000000e+02 
1.000000e+02 
1.000000e+02 
1.000000e+02 
1.000000e+02 
1.000000e+02 
1.000000e+02 
1.000000e+02 
1.000000e+02 
1.000000e+02 
1.000000e+02 
1.000000e+02 
1.000000e+02 
1.000000e+02 
1.000000e+02 
1.000000e+02 
1.000000e+02 
1.000000e+02 
1.000000e+02 
1.000000e+02 
1.000000e+02 
1.000000e+02 
1.000000e+02 
1.000000e+02 
1.000000e+02 
1.000000e+02 
1.000000e+02 
1.000000e+02 
1.000000e+02 
1.000000e+02 
1.000000e+02 
1.000000e+02 
1.000000e+02 
1.000000e+02 

1.000000e+02 
1.000000e+02 
1.000000e+02 
1.000000e+02 
1.000000e+02 
1.000000e+02 
1.000000e+02 
1.000000e+02 
1.000000e+02 
1.000000e+02 
1.000000e+02 
1.000000e+02 
1.000000e+02 
1.000000e+02 
1.000000e+02 
1.000000e+02 
1.000000e+02 
1.000000e+02 
1.000000e+02 
1.000000e+02 
1.000000e+02 
1.000000e+02 
1.000000e+02 
1.000000e+02 
1.000000e+02 
1.000000e+02 
1.000000e+02 
1.000000e+02 
1.000000e+02 
1.000000e+02 
1.000000e+02 
1.000000e+02 
1.000000e+02 
1.000000e+02 
1.000000e+02 
1.000000e+02 
1.000000e+02 
1.000000e+02 
1.000000e+02 
1.000000e+02 
1.000000e+02 
1.000000e+02 
1.000000e+02 
1.000000e+02 
1.000000e+02 
1.000000e+02 
1.000000e+02 
1.000000e+02 
1.000000e+02 
1.000000e+02 
1.000000e+02 
1.000000e+02 
1.000000e+02 
1.000000e+02 
1.000000e+02 
1.000000e+02 
1.000000e+02 
1.000000e+02 
1.000000e+02 
1.000000e+02 
1.000000e+02 
1.000000e+02 
1.000000e+02 
1.000000e+02 
1.000000e+02 
1.000000e+02 

1.000000e+02 
1.000000e+02 
1.000000e+02 
1.000000e+02 
1.000000e+02 
1.000000e+02 
1.000000e+02 
1.000000e+02 
9.999999e+01 
9.999998e+01 
9.999998e+01 
9.999997e+01 
9.999997e+01 
9.999997e+01 
9.999996e+01 
9.999996e+01 
9.999996e+01 
9.999996e+01 
9.999996e+01 
9.999996e+01 
9.999996e+01 
9.999996e+01 
9.999996e+01 
9.999996e+01 
9.999996e+01 
9.999996e+01 
9.999996e+01 
9.999996e+01 
9.999996e+01 
9.999996e+01 
9.999996e+01 
9.999996e+01 
9.999996e+01 
9.999996e+01 
9.999996e+01 
9.999996e+01 
9.999996e+01 
9.999996e+01 
9.999996e+01 
9.999996e+01 
9.999996e+01 
9.999996e+01 
9.999996e+01 
9.999996e+01 
9.999996e+01 
9.999996e+01 
9.999996e+01 
9.999996e+01 
9.999996e+01 
9.999996e+01 
9.999996e+01 
9.999996e+01 
9.999997e+01 
9.999997e+01 
9.999997e+01 
9.999998e+01 
9.999998e+01 
9.999999e+01 
1.000000e+02 
1.000000e+02 
1.000000e+02 
1.000000e+02 
1.000000e+02 
1.000000e+02 
1.000000e+02 
1.000000e+02 

1.000000e+02 
1.000000e+02 
1.000000e+02 
1.000000e+02 
1.000000e+02 
1.000000e+02 
1.000000e+02 
9.999997e+01 
9.999994e+01 
9.999991e+01 
9.999988e+01 
9.999985e+01 
9.999984e+01 
9.999983e+01 
9.999982e+01 
9.999981e+01 
9.999981e+01 
9.999981e+01 
9.999980e+01 
9.999980e+01 
9.999980e+01 
9.999980e+01 
9.999980e+01 
9.999980e+01 
9.999980e+01 
9.999980e+01 
9.999980e+01 
9.999980e+01 
9.999980e+01 
9.999980e+01 
9.999980e+01 
9.999980e+01 
9.999980e+01 
9.999980e+01 
9.999980e+01 
9.999980e+01 
9.999980e+01 
9.999980e+01 
9.999980e+01 
9.999980e+01 
9.999980e+01 
9.999980e+01 
9.999980e+01 
9.999980e+01 
9.999980e+01 
9.999980e+01 
9.999980e+01 
9.999980e+01 
9.999981e+01 
9.999981e+01 
9.999981e+01 
9.999982e+01 
9.999983e+01 
9.999984e+01 
9.999985e+01 
9.999988e+01 
9.999991e+01 
9.999994e+01 
9.999997e+01 
1.000000e+02 
1.000000e+02 
1.000000e+02 
1.000000e+02 
1.000000e+02 
1.000000e+02 
1.000000e+02 

1.000000e+02 
1.000000e+02 
1.000000e+02 
1.000000e+02 
1.000000e+02 
1.000000e+02 
9.999998e+01 
9.999992e+01 
9.999984e+01 
9.999977e+01 
9.999970e+01 
9.999966e+01 
9.999963e+01 
9.999961e+01 
9.999960e+01 
9.999959e+01 
9.999958e+01 
9.999958e+01 
9.999957e+01 
9.999957e+01 
9.999957e+01 
9.999957e+01 
9.999957e+01 
9.999957e+01 
9.999957e+01 
9.999957e+01 
9.999957e+01 
9.999957e+01 
9.999957e+01 
9.999957e+01 
9.999957e+01 
9.999957e+01 
9.999957e+01 
9.999957e+01 
9.999957e+01 
9.999957e+01 
9.999957e+01 
9.999957e+01 
9.999957e+01 
9.999957e+01 
9.999957e+01 
9.999957e+01 
9.999957e+01 
9.999957e+01 
9.999957e+01 
9.999957e+01 
9.999957e+01 
9.999957e+01 
9.999958e+01 
9.999958e+01 
9.999959e+01 
9.999960e+01 
9.999961e+01 
9.999963e+01 
9.999966e+01 
9.999970e+01 
9.999977e+01 
9.999984e+01 
9.999992e+01 
9.999998e+01 
1.000000e+02 
1.000000e+02 
1.000000e+02 
1.000000e+02 
1.000000e+02 
1.000000e+02 

1.000000e+02 
1.000000e+02 
1.000000e+02 
1.000000e+02 
1.000000e+02 
1.000000e+02 
9.999996e+01 
9.999984e+01 
9.999971e+01 
9.999960e+01 
9.999955e+01 
9.999954e+01 
9.999955e+01 
9.999957e+01 
9.999959e+01 
9.999961e+01 
9.999962e+01 
9.999963e+01 
9.999964e+01 
9.999964e+01 
9.999965e+01 
9.999965e+01 
9.999965e+01 
9.999965e+01 
9.999965e+01 
9.999965e+01 
9.999965e+01 
9.999965e+01 
9.999965e+01 
9.999966e+01 
9.999966e+01 
9.999966e+01 
9.999966e+01 
9.999966e+01 
9.999966e+01 
9.999966e+01 
9.999966e+01 
9.999965e+01 
9.999965e+01 
9.999965e+01 
9.999965e+01 
9.999965e+01 
9.999965e+01 
9.999965e+01 
9.999965e+01 
9.999965e+01 
9.999964e+01 
9.999964e+01 
9.999963e+01 
9.999962e+01 
9.999961e+01 
9.999959e+01 
9.999957e+01 
9.999955e+01 
9.999954e+01 
9.999955e+01 
9.999960e+01 
9.999971e+01 
9.999984e+01 
9.999996e+01 
1.000000e+02 
1.000000e+02 
1.000000e+02 
1.000000e+02 
1.000000e+02 
1.000000e+02 

1.000000e+02 
1.000000e+02 
1.000000e+02 
1.000000e+02 
1.000000e+02 
1.000000e+02 
9.999993e+01 
9.999974e+01 
9.999953e+01 
9.999941e+01 
9.999947e+01 
9.999967e+01 
9.999995e+01 
1.000002e+02 
1.000005e+02 
1.000006e+02 
1.000008e+02 
1.000009e+02 
1.000009e+02 
1.000010e+02 
1.000010e+02 
1.000011e+02 
1.000011e+02 
1.000011e+02 
1.000011e+02 
1.000011e+02 
1.000011e+02 
1.000011e+02 
1.000011e+02 
1.000011e+02 
1.000011e+02 
1.000011e+02 
1.000011e+02 
1.000011e+02 
1.000011e+02 
1.000011e+02 
1.000011e+02 
1.000011e+02 
1.000011e+02 
1.000011e+02 
1.000011e+02 
1.000011e+02 
1.000011e+02 
1.000011e+02 
1.000011e+02 
1.000010e+02 
1.000010e+02 
1.000009e+02 
1.000009e+02 
1.000008e+02 
1.000006e+02 
1.000005e+02 
1.000002e+02 
9.999995e+01 
9.999967e+01 
9.999947e+01 
9.999941e+01 
9.999953e+01 
9.999974e+01 
9.999993e+01 
1.000000e+02 
1.000000e+02 
1.000000e+02 
1.000000e+02 
1.000000e+02 
1.000000e+02 

1.000000e+02 
1.000000e+02 
1.000000e+02 
1.000000e+02 
1.000000e+02 
1.000000e+02 
9.999990e+01 
9.999960e+01 
9.999926e+01 
9.999910e+01 
9.999936e+01 
1.000001e+02 
1.000011e+02 
1.000021e+02 
1.000031e+02 
1.000039e+02 
1.000045e+02 
1.000050e+02 
1.000053e+02 
1.000055e+02 
1.000057e+02 
1.000058e+02 
1.000059e+02 
1.000060e+02 
1.000060e+02 
1.000061e+02 
1.000061e+02 
1.000061e+02 
1.000062e+02 
1.000062e+02 
1.000062e+02 
1.000062e+02 
1.000062e+02 
1.000062e+02 
1.000062e+02 
1.000062e+02 
1.000062e+02 
1.000062e+02 
1.000061e+02 
1.000061e+02 
1.000061e+02 
1.000060e+02 
1.000060e+02 
1.000059e+02 
1.000058e+02 
1.000057e+02 
1.000055e+02 
1.000053e+02 
1.000050e+02 
1.000045e+02 
1.000039e+02 
1.000031e+02 
1.000021e+02 
1.000011e+02 
1.000001e+02 
9.999936e+01 
9.999910e+01 
9.999926e+01 
9.999960e+01 
9.999990e+01 
1.000000e+02 
1.000000e+02 
1.000000e+02 
1.000000e+02 
1.000000e+02 
1.000000e+02 

1.000000e+02 
1.000000e+02 
1.000000e+02 
1.000000e+02 
1.000000e+02 
1.000000e+02 
9.999987e+01 
9.999945e+01 
9.999889e+01 
9.999853e+01 
9.999888e+01 
1.000003e+02 
1.000026e+02 
1.000055e+02 
1.000084e+02 
1.000109e+02 
1.000130e+02 
1.000146e+02 
1.000157e+02 
1.000166e+02 
1.000172e+02 
1.000176e+02 
1.000179e+02 
1.000181e+02 
1.000183e+02 
1.000184e+02 
1.000186e+02 
1.000187e+02 
1.000188e+02 
1.000189e+02 
1.000190e+02 
1.000190e+02 
1.000190e+02 
1.000190e+02 
1.000190e+02 
1.000190e+02 
1.000189e+02 
1.000188e+02 
1.000187e+02 
1.000186e+02 
1.000184e+02 
1.000183e+02 
1.000181e+02 
1.000179e+02 
1.000176e+02 
1.000172e+02 
1.000166e+02 
1.000157e+02 
1.000146e+02 
1.000130e+02 
1.000109e+02 
1.000084e+02 
1.000055e+02 
1.000026e+02 
1.000003e+02 
9.999888e+01 
9.999853e+01 
9.999889e+01 
9.999945e+01 
9.999987e+01 
1.000000e+02 
1.000000e+02 
1.000000e+02 
1.000000e+02 
1.000000e+02 
1.000000e+02 

1.000000e+02 
1.000000e+02 
1.000000e+02 
1.000000e+02 
1.000001e+02 
1.000000e+02 
9.999984e+01 
9.999930e+01 
9.999844e+01 
9.999766e+01 
9.999771e+01 
9.999949e+01 
1.000035e+02 
1.000093e+02 
1.000159e+02 
1.000225e+02 
1.000282e+02 
1.000328e+02 
1.000363e+02 
1.000390e+02 
1.000409e+02 
1.000423e+02 
1.000433e+02 
1.000440e+02 
1.000446e+02 
1.000451e+02 
1.000456e+02 
1.000460e+02 
1.000463e+02 
1.000466e+02 
1.000468e+02 
1.000469e+02 
1.000470e+02 
1.000470e+02 
1.000469e+02 
1.000468e+02 
1.000466e+02 
1.000463e+02 
1.000460e+02 
1.000456e+02 
1.000451e+02 
1.000446e+02 
1.000440e+02 
1.000433e+02 
1.000423e+02 
1.000409e+02 
1.000390e+02 
1.000363e+02 
1.000328e+02 
1.000282e+02 
1.000225e+02 
1.000159e+02 
1.000093e+02 
1.000035e+02 
9.999949e+01 
9.999771e+01 
9.999766e+01 
9.999844e+01 
9.999930e+01 
9.999984e+01 
1.000000e+02 
1.000001e+02 
1.000000e+02 
1.000000e+02 
1.000000e+02 
1.000000e+02 

1.000000e+02 
1.000000e+02 
1.000000e+02 
1.000000e+02 
1.000001e+02 
1.000000e+02 
9.999981e+01 
9.999916e+01 
9.999800e+01 
9.999660e+01 
9.999582e+01 
9.999712e+01 
1.000020e+02 
1.000111e+02 
1.000236e+02 
1.000375e+02 
1.000509e+02 
1.000626e+02 
1.000720e+02 
1.000793e+02 
1.000848e+02 
1.000888e+02 
1.000917e+02 
1.000939e+02 
1.000957e+02 
1.000973e+02 
1.000987e+02 
1.000999e+02 
1.001009e+02 
1.001018e+02 
1.001024e+02 
1.001028e+02 
1.001030e+02 
1.001030e+02 
1.001028e+02 
1.001024e+02 
1.001018e+02 
1.001009e+02 
1.000999e+02 
1.000987e+02 
1.000973e+02 
1.000957e+02 
1.000939e+02 
1.000917e+02 
1.000888e+02 
1.000848e+02 
1.000793e+02 
1.000720e+02 
1.000626e+02 
1.000509e+02 
1.000375e+02 
1.000236e+02 
1.000111e+02 
1.000020e+02 
9.999712e+01 
9.999582e+01 
9.999660e+01 
9.999800e+01 
9.999916e+01 
9.999981e+01 
1.000000e+02 
1.000001e+02 
1.000000e+02 
1.000000e+02 
1.000000e+02 
1.000000e+02 

1.000000e+02 
1.000000e+02 
1.000000e+02 
1.000000e+02 
1.000001e+02 
1.000000e+02 
9.999979e+01 
9.999905e+01 
9.999761e+01 
9.999553e+01 
9.999348e+01 
9.999317e+01 
9.999724e+01 
1.000082e+02 
1.000268e+02 
1.000512e+02 
1.000780e+02 
1.001036e+02 
1.001260e+02 
1.001442e+02 
1.001584e+02 
1.001692e+02 
1.001773e+02 
1.001833e+02 
1.001882e+02 
1.001927e+02 
1.001967e+02 
1.002002e+02 
1.002032e+02 
1.002057e+02 
1.002075e+02 
1.002087e+02 
1.002094e+02 
1.002094e+02 
1.002087e+02 
1.002075e+02 
1.002057e+02 
1.002032e+02 
1.002002e+02 
1.001967e+02 
1.001927e+02 
1.001882e+02 
1.001833e+02 
1.001773e+02 
1.001692e+02 
1.001584e+02 
1.001442e+02 
1.001260e+02 
1.001036e+02 
1.000780e+02 
1.000512e+02 
1.000268e+02 
1.000082e+02 
9.999724e+01 
9.999317e+01 
9.999348e+01 
9.999553e+01 
9.999761e+01 
9.999905e+01 
9.999979e+01 
1.000000e+02 
1.000001e+02 
1.000000e+02 
1.000000e+02 
1.000000e+02 
1.000000e+02 

1.000000e+02 
1.000000e+02 
1.000000e+02 
1.000000e+02 
1.000001e+02 
1.000000e+02 
9.999978e+01 
9.999897e+01 
9.999730e+01 
9.999457e+01 
9.999108e+01 
9.998828e+01 
9.998931e+01 
9.999875e+01 
1.000206e+02 
1.000557e+02 
1.001005e+02 
1.001490e+02 
1.001954e+02 
1.002361e+02 
1.002695e+02 
1.002959e+02 
1.003162e+02 
1.003316e+02 
1.003444e+02 
1.003563e+02 
1.003671e+02 
1.003766e+02 
1.003848e+02 
1.003914e+02 
1.003965e+02 
1.004000e+02 
1.004017e+02 
1.004017e+02 
1.004000e+02 
1.003965e+02 
1.003914e+02 
1.003848e+02 
1.003766e+02 
1.003671e+02 
1.003563e+02 
1.003444e+02 
1.003316e+02 
1.003162e+02 
1.002959e+02 
1.002695e+02 
1.002361e+02 
1.001954e+02 
1.001490e+02 
1.001005e+02 
1.000557e+02 
1.000206e+02 
9.999875e+01 
9.998931e+01 
9.998828e+01 
9.999108e+01 
9.999457e+01 
9.999730e+01 
9.999897e+01 
9.999978e+01 
1.000000e+02 
1.000001e+02 
1.000000e+02 
1.000000e+02 
1.000000e+02 
1.000000e+02 

1.000000e+02 
1.000000e+02 
1.000000e+02 
1.000000e+02 
1.000001e+02 
1.000000e+02 
9.999977e+01 
9.999891e+01 
9.999706e+01 
9.999379e+01 
9.998895e+01 
9.998328e+01 
9.997958e+01 
9.998349e+01 
1.000026e+02 
1.000430e+02 
1.001050e+02 
1.001825e+02 
1.002658e+02 
1.003454e+02 
1.004156e+02 
1.004739e+02 
1.005205e+02 
1.005569e+02 
1.005879e+02 
1.006171e+02 
1.006440e+02 
1.006682e+02 
1.006891e+02 
1.007064e+02 
1.007197e+02 
1.007287e+02 
1.007333e+02 
1.007333e+02 
1.007287e+02 
1.007197e+02 
1.007064e+02 
1.006891e+02 
1.006682e+02 
1.006440e+02 
1.006171e+02 
1.005879e+02 
1.005569e+02 
1.005205e+02 
1.004739e+02 
1.004156e+02 
1.003454e+02 
1.002658e+02 
1.001825e+02 
1.001050e+02 
1.000430e+02 
1.000026e+02 
9.998349e+01 
9.997958e+01 
9.998328e+01 
9.998895e+01 
9.999379e+01 
9.999706e+01 
9.999891e+01 
9.999977e+01 
1.000000e+02 
1.000001e+02 
1.000000e+02 
1.000000e+02 
1.000000e+02 
1.000000e+02 

1.000000e+02 
1.000000e+02 
1.000000e+02 
1.000000e+02 
1.000001e+02 
1.000000e+02 
9.999976e+01 
9.999887e+01 
9.999688e+01 
9.999320e+01 
9.998721e+01 
9.997881e+01 
9.996971e+01 
9.996505e+01 
9.997451e+01 
1.000100e+02 
1.000799e+02 
1.001834e+02 
1.003103e+02 
1.004454e+02 
1.005746e+02 
1.006892e+02 
1.007854e+02 
1.008634e+02 
1.009318e+02 
1.009979e+02 
1.010602e+02 
1.011173e+02 
1.011675e+02 
1.012096e+02 
1.012423e+02 
1.012647e+02 
1.012761e+02 
1.012761e+02 
1.012647e+02 
1.012423e+02 
1.012096e+02 
1.011675e+02 
1.011173e+02 
1.010602e+02 
1.009979e+02 
1.009318e+02 
1.008634e+02 
1.007854e+02 
1.006892e+02 
1.005746e+02 
1.004454e+02 
1.003103e+02 
1.001834e+02 
1.000799e+02 
1.000100e+02 
9.997451e+01 
9.996505e+01 
9.996971e+01 
9.997881e+01 
9.998721e+01 
9.999320e+01 
9.999688e+01 
9.999887e+01 
9.999976e+01 
1.000000e+02 
1.000001e+02 
1.000000e+02 
1.000000e+02 
1.000000e+02 
1.000000e+02 

1.000000e+02 
1.000000e+02 
1.000000e+02 
1.000000e+02 
1.000001e+02 
1.000000e+02 
9.999976e+01 
9.999884e+01 
9.999676e+01 
9.999277e+01 
9.998587e+01 
9.997515e+01 
9.996085e+01 
9.994641e+01 
9.994111e+01 
9.996057e+01 
1.000221e+02 
1.001360e+02 
1.002992e+02 
1.004952e+02 
1.007018e+02 
1.008994e+02 
1.010756e+02 
1.012253e+02 
1.013616e+02 
1.014976e+02 
1.016296e+02 
1.017535e+02 
1.018652e+02 
1.019606e+02 
1.020359e+02 
1.020880e+02 
1.021146e+02 
1.021146e+02 
1.020880e+02 
1.020359e+02 
1.019606e+02 
1.018652e+02 
1.017535e+02 
1.016296e+02 
1.014976e+02 
1.013616e+02 
1.012253e+02 
1.010756e+02 
1.008994e+02 
1.007018e+02 
1.004952e+02 
1.002992e+02 
1.001360e+02 
1.000221e+02 
9.996057e+01 
9.994111e+01 
9.994641e+01 
9.996085e+01 
9.997515e+01 
9.998587e+01 
9.999277e+01 
9.999676e+01 
9.999884e+01 
9.999976e+01 
1.000000e+02 
1.000001e+02 
1.000000e+02 
1.000000e+02 
1.000000e+02 
1.000000e+02 

1.000000e+02 
1.000000e+02 
1.000000e+02 
1.000000e+02 
1.000001e+02 
1.000000e+02 
9.999976e+01 
9.999882e+01 
9.999667e+01 
9.999246e+01 
9.998488e+01 
9.997231e+01 
9.995354e+01 
9.992963e+01 
9.990745e+01 
9.990276e+01 
9.993899e+01 
1.000392e+02 
1.002144e+02 
1.004565e+02 
1.007409e+02 
1.010376e+02 
1.013212e+02 
1.015753e+02 
1.018179e+02 
1.020694e+02 
1.023226e+02 
1.025683e+02 
1.027964e+02 
1.029960e+02 
1.031567e+02 
1.032695e+02 
1.033277e+02 
1.033277e+02 
1.032695e+02 
1.031567e+02 
1.029960e+02 
1.027964e+02 
1.025683e+02 
1.023226e+02 
1.020694e+02 
1.018179e+02 
1.015753e+02 
1.013212e+02 
1.010376e+02 
1.007409e+02 
1.004565e+02 
1.002144e+02 
1.000392e+02 
9.993899e+01 
9.990276e+01 
9.990745e+01 
9.992963e+01 
9.995354e+01 
9.997231e+01 
9.998488e+01 
9.999246e+01 
9.999667e+01 
9.999882e+01 
9.999976e+01 
1.000000e+02 
1.000001e+02 
1.000000e+02 
1.000000e+02 
1.000000e+02 
1.000000e+02 

1.000000e+02 
1.000000e+02 
1.000000e+02 
1.000000e+02 
1.000001e+02 
1.000000e+02 
9.999975e+01 
9.999880e+01 
9.999661e+01 
9.999224e+01 
9.998416e+01 
9.997019e+01 
9.994782e+01 
9.991568e+01 
9.987710e+01 
9.984486e+01 
9.984378e+01 
9.990623e+01 
1.000597e+02 
1.003129e+02 
1.006496e+02 
1.010360e+02 
1.014346e+02 
1.018143e+02 
1.021964e+02 
1.026111e+02 
1.030469e+02 
1.034871e+02 
1.039106e+02 
1.042927e+02 
1.046080e+02 
1.048334e+02 
1.049509e+02 
1.049509e+02 
1.048334e+02 
1.046080e+02 
1.042927e+02 
1.039106e+02 
1.034871e+02 
1.030469e+02 
1.026111e+02 
1.021964e+02 
1.018143e+02 
1.014346e+02 
1.010360e+02 
1.006496e+02 
1.003129e+02 
1.000597e+02 
9.990623e+01 
9.984378e+01 
9.984486e+01 
9.987710e+01 
9.991568e+01 
9.994782e+01 
9.997019e+01 
9.998416e+01 
9.999224e+01 
9.999661e+01 
9.999880e+01 
9.999975e+01 
1.000000e+02 
1.000001e+02 
1.000000e+02 
1.000000e+02 
1.000000e+02 
1.000000e+02 

1.000000e+02 
1.000000e+02 
1.000000e+02 
1.000000e+02 
1.000001e+02 
1.000000e+02 
9.999975e+01 
9.999880e+01 
9.999657e+01 
9.999208e+01 
9.998364e+01 
9.996863e+01 
9.994350e+01 
9.990467e+01 
9.985170e+01 
9.979259e+01 
9.974923e+01 
9.975750e+01 
9.985787e+01 
1.000785e+02 
1.004208e+02 
1.008583e+02 
1.013486e+02 
1.018473e+02 
1.023792e+02 
1.029866e+02 
1.036567e+02 
1.043654e+02 
1.050759e+02 
1.057405e+02 
1.063053e+02 
1.067178e+02 
1.069359e+02 
1.069359e+02 
1.067178e+02 
1.063053e+02 
1.057405e+02 
1.050759e+02 
1.043654e+02 
1.036567e+02 
1.029866e+02 
1.023792e+02 
1.018473e+02 
1.013486e+02 
1.008583e+02 
1.004208e+02 
1.000785e+02 
9.985787e+01 
9.975750e+01 
9.974923e+01 
9.979259e+01 
9.985170e+01 
9.990467e+01 
9.994350e+01 
9.996863e+01 
9.998364e+01 
9.999208e+01 
9.999657e+01 
9.999880e+01 
9.999975e+01 
1.000000e+02 
1.000001e+02 
1.000000e+02 
1.000000e+02 
1.000000e+02 
1.000000e+02 

1.000000e+02 
1.000000e+02 
1.000000e+02 
1.000000e+02 
1.000001e+02 
1.000000e+02 
9.999975e+01 
9.999879e+01 
9.999654e+01 
9.999197e+01 
9.998327e+01 
9.996750e+01 
9.994029e+01 
9.989625e+01 
9.983143e+01 
9.974854e+01 
9.966383e+01 
9.961128e+01 
9.963786e+01 
9.978808e+01 
1.000843e+02 
1.005165e+02 
1.010477e+02 
1.016272e+02 
1.022847e+02 
1.030774e+02 
1.039995e+02 
1.050246e+02 
1.061007e+02 
1.071487e+02 
1.080694e+02 
1.087587e+02 
1.091286e+02 
1.091286e+02 
1.087587e+02 
1.080694e+02 
1.071487e+02 
1.061007e+02 
1.050246e+02 
1.039995e+02 
1.030774e+02 
1.022847e+02 
1.016272e+02 
1.010477e+02 
1.005165e+02 
1.000843e+02 
9.978808e+01 
9.963786e+01 
9.961128e+01 
9.966383e+01 
9.974854e+01 
9.983143e+01 
9.989625e+01 
9.994029e+01 
9.996750e+01 
9.998327e+01 
9.999197e+01 
9.999654e+01 
9.999879e+01 
9.999975e+01 
1.000000e+02 
1.000001e+02 
1.000000e+02 
1.000000e+02 
1.000000e+02 
1.000000e+02 

1.000000e+02 
1.000000e+02 
1.000000e+02 
1.000000e+02 
1.000001e+02 
1.000000e+02 
9.999975e+01 
9.999878e+01 
9.999652e+01 
9.999189e+01 
9.998301e+01 
9.996668e+01 
9.993793e+01 
9.988991e+01 
9.981571e+01 
9.971297e+01 
9.959131e+01 
9.947918e+01 
9.942395e+01 
9.948023e+01 
9.968895e+01 
1.000602e+02 
1.005704e+02 
1.011721e+02 
1.019007e+02 
1.028310e+02 
1.039746e+02 
1.053150e+02 
1.067925e+02 
1.082951e+02 
1.096633e+02 
1.107151e+02 
1.112890e+02 
1.112890e+02 
1.107151e+02 
1.096633e+02 
1.082951e+02 
1.067925e+02 
1.053150e+02 
1.039746e+02 
1.028310e+02 
1.019007e+02 
1.011721e+02 
1.005704e+02 
1.000602e+02 
9.968895e+01 
9.948023e+01 
9.942395e+01 
9.947918e+01 
9.959131e+01 
9.971297e+01 
9.981571e+01 
9.988991e+01 
9.993793e+01 
9.996668e+01 
9.998301e+01 
9.999189e+01 
9.999652e+01 
9.999878e+01 
9.999975e+01 
1.000000e+02 
1.000001e+02 
1.000000e+02 
1.000000e+02 
1.000000e+02 
1.000000e+02 

1.000000e+02 
1.000000e+02 
1.000000e+02 
1.000000e+02 
1.000001e+02 
1.000000e+02 
9.999975e+01 
9.999878e+01 
9.999650e+01 
9.999183e+01 
9.998282e+01 
9.996609e+01 
9.993620e+01 
9.988517e+01 
9.980371e+01 
9.968502e+01 
9.953217e+01 
9.936646e+01 
9.923133e+01 
9.918532e+01 
9.928261e+01 
9.955202e+01 
9.998714e+01 
1.005504e+02 
1.012832e+02 
1.022766e+02 
1.035694e+02 
1.051690e+02 
1.070230e+02 
1.089942e+02 
1.108563e+02 
1.123277e+02 
1.131441e+02 
1.131441e+02 
1.123277e+02 
1.108563e+02 
1.089942e+02 
1.070230e+02 
1.051690e+02 
1.035694e+02 
1.022766e+02 
1.012832e+02 
1.005504e+02 
9.998714e+01 
9.955202e+01 
9.928261e+01 
9.918532e+01 
9.923133e+01 
9.936646e+01 
9.953217e+01 
9.968502e+01 
9.980371e+01 
9.988517e+01 
9.993620e+01 
9.996609e+01 
9.998282e+01 
9.999183e+01 
9.999650e+01 
9.999878e+01 
9.999975e+01 
1.000000e+02 
1.000001e+02 
1.000000e+02 
1.000000e+02 
1.000000e+02 
1.000000e+02 

1.000000e+02 
1.000000e+02 
1.000000e+02 
1.000000e+02 
1.000001e+02 
1.000000e+02 
9.999975e+01 
9.999878e+01 
9.999649e+01 
9.999179e+01 
9.998267e+01 
9.996560e+01 
9.993478e+01 
9.988127e+01 
9.979367e+01 
9.966110e+01 
9.948007e+01 
9.926355e+01 
9.904792e+01 
9.889065e+01 
9.885420e+01 
9.898363e+01 
9.929120e+01 
9.975439e+01 
1.004185e+02 
1.013875e+02 
1.027350e+02 
1.045079e+02 
1.066828e+02 
1.091143e+02 
1.115080e+02 
1.134581e+02 
1.145605e+02 
1.145605e+02 
1.134581e+02 
1.115080e+02 
1.091143e+02 
1.066828e+02 
1.045079e+02 
1.027350e+02 
1.013875e+02 
1.004185e+02 
9.975439e+01 
9.929120e+01 
9.898363e+01 
9.885420e+01 
9.889065e+01 
9.904792e+01 
9.926355e+01 
9.948007e+01 
9.966110e+01 
9.979367e+01 
9.988127e+01 
9.993478e+01 
9.996560e+01 
9.998267e+01 
9.999179e+01 
9.999649e+01 
9.999878e+01 
9.999975e+01 
1.000000e+02 
1.000001e+02 
1.000000e+02 
1.000000e+02 
1.000000e+02 
1.000000e+02 

1.000000e+02 
1.000000e+02 
1.000000e+02 
1.000000e+02 
1.000001e+02 
1.000000e+02 
9.999975e+01 
9.999878e+01 
9.999648e+01 
9.999175e+01 
9.998253e+01 
9.996517e+01 
9.993350e+01 
9.987770e+01 
9.978434e+01 
9.963846e+01 
9.942959e+01 
9.916083e+01 
9.885823e+01 
9.857332e+01 
9.837181e+01 
9.831212e+01 
9.842601e+01 
9.871060e+01 
9.921002e+01 
1.000328e+02 
1.012917e+02 
1.030888e+02 
1.054578e+02 
1.082757e+02 
1.111948e+02 
1.136615e+02 
1.150853e+02 
1.150853e+02 
1.136615e+02 
1.111948e+02 
1.082757e+02 
1.054578e+02 
1.030888e+02 
1.012917e+02 
1.000328e+02 
9.921002e+01 
9.871060e+01 
9.842601e+01 
9.831212e+01 
9.837181e+01 
9.857332e+01 
9.885823e+01 
9.916083e+01 
9.942959e+01 
9.963846e+01 
9.978434e+01 
9.987770e+01 
9.993350e+01 
9.996517e+01 
9.998253e+01 
9.999175e+01 
9.999648e+01 
9.999878e+01 
9.999975e+01 
1.000000e+02 
1.000001e+02 
1.000000e+02 
1.000000e+02 
1.000000e+02 
1.000000e+02 

1.000000e+02 
1.000000e+02 
1.000000e+02 
1.000000e+02 
1.000001e+02 
1.000000e+02 
9.999975e+01 
9.999877e+01 
9.999647e+01 
9.999171e+01 
9.998241e+01 
9.996479e+01 
9.993236e+01 
9.987449e+01 
9.977585e+01 
9.961754e+01 
9.938190e+01 
9.906114e+01 
9.866820e+01 
9.824373e+01 
9.785067e+01 
9.755580e+01 
9.740859e+01 
9.742822e+01 
9.764819e+01 
9.816415e+01 
9.911885e+01 
1.006714e+02 
1.029316e+02 
1.058360e+02 
1.090139e+02 
1.118083e+02 
1.134678e+02 
1.134678e+02 
1.118083e+02 
1.090139e+02 
1.058360e+02 
1.029316e+02 
1.006714e+02 
9.911885e+01 
9.816415e+01 
9.764819e+01 
9.742822e+01 
9.740859e+01 
9.755580e+01 
9.785067e+01 
9.824373e+01 
9.866820e+01 
9.906114e+01 
9.938190e+01 
9.961754e+01 
9.977585e+01 
9.987449e+01 
9.993236e+01 
9.996479e+01 
9.998241e+01 
9.999171e+01 
9.999647e+01 
9.999877e+01 
9.999975e+01 
1.000000e+02 
1.000001e+02 
1.000000e+02 
1.000000e+02 
1.000000e+02 
1.000000e+02 

1.000000e+02 
1.000000e+02 
1.000000e+02 
1.000000e+02 
1.000001e+02 
1.000000e+02 
9.999975e+01 
9.999877e+01 
9.999646e+01 
9.999168e+01 
9.998230e+01 
9.996445e+01 
9.993136e+01 
9.987167e+01 
9.976832e+01 
9.959871e+01 
9.933819e+01 
9.896760e+01 
9.848481e+01 
9.791543e+01 
9.731353e+01 
9.674812e+01 
9.628235e+01 
9.595742e+01 
9.578375e+01 
9.581948e+01 
9.621323e+01 
9.715752e+01 
9.883079e+01 
1.012480e+02 
1.041323e+02 
1.068107e+02 
1.084349e+02 
1.084349e+02 
1.068107e+02 
1.041323e+02 
1.012480e+02 
9.883079e+01 
9.715752e+01 
9.621323e+01 
9.581948e+01 
9.578375e+01 
9.595742e+01 
9.628235e+01 
9.674812e+01 
9.731353e+01 
9.791543e+01 
9.848481e+01 
9.896760e+01 
9.933819e+01 
9.959871e+01 
9.976832e+01 
9.987167e+01 
9.993136e+01 
9.996445e+01 
9.998230e+01 
9.999168e+01 
9.999646e+01 
9.999877e+01 
9.999975e+01 
1.000000e+02 
1.000001e+02 
1.000000e+02 
1.000000e+02 
1.000000e+02 
1.000000e+02 

1.000000e+02 
1.000000e+02 
1.000000e+02 
1.000000e+02 
1.000001e+02 
1.000000e+02 
9.999975e+01 
9.999877e+01 
9.999646e+01 
9.999166e+01 
9.998221e+01 
9.996417e+01 
9.993052e+01 
9.986928e+01 
9.976187e+01 
9.958237e+01 
9.929962e+01 
9.888338e+01 
9.831568e+01 
9.760437e+01 
9.678973e+01 
9.593700e+01 
9.511810e+01 
9.439419e+01 
9.374109e+01 
9.315583e+01 
9.276163e+01 
9.274757e+01 
9.332326e+01 
9.462906e+01 
9.648984e+01 
9.840142e+01 
9.964628e+01 
9.964628e+01 
9.840142e+01 
9.648984e+01 
9.462906e+01 
9.332326e+01 
9.274757e+01 
9.276163e+01 
9.315583e+01 
9.374109e+01 
9.439419e+01 
9.511810e+01 
9.593700e+01 
9.678973e+01 
9.760437e+01 
9.831568e+01 
9.888338e+01 
9.929962e+01 
9.958237e+01 
9.976187e+01 
9.986928e+01 
9.993052e+01 
9.996417e+01 
9.998221e+01 
9.999166e+01 
9.999646e+01 
9.999877e+01 
9.999975e+01 
1.000000e+02 
1.000001e+02 
1.000000e+02 
1.000000e+02 
1.000000e+02 
1.000000e+02 

1.000000e+02 
1.000000e+02 
1.000000e+02 
1.000000e+02 
1.000001e+02 
1.000000e+02 
9.999975e+01 
9.999877e+01 
9.999645e+01 
9.999164e+01 
9.998214e+01 
9.996395e+01 
9.992984e+01 
9.986733e+01 
9.975659e+01 
9.956886e+01 
9.926729e+01 
9.881159e+01 
9.816859e+01 
9.732773e+01 
9.631285e+01 
9.518103e+01 
9.400844e+01 
9.287324e+01 
9.171051e+01 
9.044326e+01 
8.914989e+01 
8.798423e+01 
8.718371e+01 
8.696265e+01 
8.739090e+01 
8.817904e+01 
8.878372e+01 
8.878372e+01 
8.817904e+01 
8.739090e+01 
8.696265e+01 
8.718371e+01 
8.798423e+01 
8.914989e+01 
9.044326e+01 
9.171051e+01 
9.287324e+01 
9.400844e+01 
9.518103e+01 
9.631285e+01 
9.732773e+01 
9.816859e+01 
9.881159e+01 
9.926729e+01 
9.956886e+01 
9.975659e+01 
9.986733e+01 
9.992984e+01 
9.996395e+01 
9.998214e+01 
9.999164e+01 
9.999645e+01 
9.999877e+01 
9.999975e+01 
1.000000e+02 
1.000001e+02 
1.000000e+02 
1.000000e+02 
1.000000e+02 
1.000000e+02 

1.000000e+02 
1.000000e+02 
1.000000e+02 
1.000000e+02 
1.000001e+02 
1.000000e+02 
9.999975e+01 
9.999877e+01 
9.999645e+01 
9.999162e+01 
9.998209e+01 
9.996378e+01 
9.992932e+01 
9.986585e+01 
9.975255e+01 
9.955845e+01 
9.924214e+01 
9.875499e+01 
9.805081e+01 
9.710234e+01 
9.591719e+01 
9.454262e+01 
9.305592e+01 
9.154883e+01 
8.991758e+01 
8.801472e+01 
8.587384e+01 
8.361723e+01 
8.149637e+01 
7.983473e+01 
7.885508e+01 
7.851070e+01 
7.850163e+01 
7.850163e+01 
7.851070e+01 
7.885508e+01 
7.983473e+01 
8.149637e+01 
8.361723e+01 
8.587384e+01 
8.801472e+01 
8.991758e+01 
9.154883e+01 
9.305592e+01 
9.454262e+01 
9.591719e+01 
9.710234e+01 
9.805081e+01 
9.875499e+01 
9.924214e+01 
9.955845e+01 
9.975255e+01 
9.986585e+01 
9.992932e+01 
9.996378e+01 
9.998209e+01 
9.999162e+01 
9.999645e+01 
9.999877e+01 
9.999975e+01 
1.000000e+02 
1.000001e+02 
1.000000e+02 
1.000000e+02 
1.000000e+02 
1.000000e+02 

1.000000e+02 
1.000000e+02 
1.000000e+02 
1.000000e+02 
1.000001e+02 
1.000000e+02 
9.999975e+01 
9.999877e+01 
9.999644e+01 
9.999161e+01 
9.998205e+01 
9.996366e+01 
9.992898e+01 
9.986485e+01 
9.974983e+01 
9.955138e+01 
9.922492e+01 
9.871588e+01 
9.796852e+01 
9.694288e+01 
9.563365e+01 
9.407946e+01 
9.235725e+01 
9.056853e+01 
8.857984e+01 
8.619092e+01 
8.340569e+01 
8.033294e+01 
7.724739e+01 
7.454950e+01 
7.260112e+01 
7.150153e+01 
7.106798e+01 
7.106798e+01 
7.150153e+01 
7.260112e+01 
7.454950e+01 
7.724739e+01 
8.033294e+01 
8.340569e+01 
8.619092e+01 
8.857984e+01 
9.056853e+01 
9.235725e+01 
9.407946e+01 
9.563365e+01 
9.694288e+01 
9.796852e+01 
9.871588e+01 
9.922492e+01 
9.955138e+01 
9.974983e+01 
9.986485e+01 
9.992898e+01 
9.996366e+01 
9.998205e+01 
9.999161e+01 
9.999644e+01 
9.999877e+01 
9.999975e+01 
1.000000e+02 
1.000001e+02 
1.000000e+02 
1.000000e+02 
1.000000e+02 
1.000000e+02 

1.000000e+02 
1.000000e+02 
1.000000e+02 
1.000000e+02 
1.000001e+02 
1.000000e+02 
9.999975e+01 
9.999877e+01 
9.999644e+01 
9.999161e+01 
9.998204e+01 
9.996361e+01 
9.992881e+01 
9.986435e+01 
9.974845e+01 
9.954780e+01 
9.921618e+01 
9.869591e+01 
9.792619e+01 
9.686024e+01 
9.548558e+01 
9.383584e+01 
9.198747e+01 
9.004714e+01 
8.786558e+01 
8.521500e+01 
8.208639e+01 
7.858779e+01 
7.501418e+01 
7.180963e+01 
6.939355e+01 
6.793239e+01 
6.730392e+01 
6.730392e+01 
6.793239e+01 
6.939355e+01 
7.180963e+01 
7.501418e+01 
7.858779e+01 
8.208639e+01 
8.521500e+01 
8.786558e+01 
9.004714e+01 
9.198747e+01 
9.383584e+01 
9.548558e+01 
9.686024e+01 
9.792619e+01 
9.869591e+01 
9.921618e+01 
9.954780e+01 
9.974845e+01 
9.986435e+01 
9.992881e+01 
9.996361e+01 
9.998204e+01 
9.999161e+01 
9.999644e+01 
9.999877e+01 
9.999975e+01 
1.000000e+02 
1.000001e+02 
1.000000e+02 
1.000000e+02 
1.000000e+02 
1.000000e+02 

1.000000e+02 
1.000000e+02 
1.000000e+02 
1.000000e+02 
1.000001e+02 
1.000000e+02 
9.999975e+01 
9.999877e+01 
9.999644e+01 
9.999161e+01 
9.998204e+01 
9.996361e+01 
9.992881e+01 
9.986435e+01 
9.974845e+01 
9.954780e+01 
9.921618e+01 
9.869591e+01 
9.792619e+01 
9.686024e+01 
9.548558e+01 
9.383584e+01 
9.198747e+01 
9.004714e+01 
8.786558e+01 
8.521500e+01 
8.208639e+01 
7.858779e+01 
7.501418e+01 
7.180963e+01 
6.939355e+01 
6.793239e+01 
6.730392e+01 
6.730392e+01 
6.793239e+01 
6.939355e+01 
7.180963e+01 
7.501418e+01 
7.858779e+01 
8.208639e+01 
8.521500e+01 
8.786558e+01 
9.004714e+01 
9.198747e+01 
9.383584e+01 
9.548558e+01 
9.686024e+01 
9.792619e+01 
9.869591e+01 
9.921618e+01 
9.954780e+01 
9.974845e+01 
9.986435e+01 
9.992881e+01 
9.996361e+01 
9.998204e+01 
9.999161e+01 
9.999644e+01 
9.999877e+01 
9.999975e+01 
1.000000e+02 
1.000001e+02 
1.000000e+02 
1.000000e+02 
1.000000e+02 
1.000000e+02 

1.000000e+02 
1.000000e+02 
1.000000e+02 
1.000000e+02 
1.000001e+02 
1.000000e+02 
9.999975e+01 
9.999877e+01 
9.999644e+01 
9.999161e+01 
9.998205e+01 
9.996366e+01 
9.992898e+01 
9.986485e+01 
9.974983e+01 
9.955138e+01 
9.922492e+01 
9.871588e+01 
9.796852e+01 
9.694288e+01 
9.563365e+01 
9.407946e+01 
9.235725e+01 
9.056853e+01 
8.857984e+01 
8.619092e+01 
8.340569e+01 
8.033294e+01 
7.724739e+01 
7.454950e+01 
7.260112e+01 
7.150153e+01 
7.106798e+01 
7.106798e+01 
7.150153e+01 
7.260112e+01 
7.454950e+01 
7.724739e+01 
8.033294e+01 
8.340569e+01 
8.619092e+01 
8.857984e+01 
9.056853e+01 
9.235725e+01 
9.407946e+01 
9.563365e+01 
9.694288e+01 
9.796852e+01 
9.871588e+01 
9.922492e+01 
9.955138e+01 
9.974983e+01 
9.986485e+01 
9.992898e+01 
9.996366e+01 
9.998205e+01 
9.999161e+01 
9.999644e+01 
9.999877e+01 
9.999975e+01 
1.000000e+02 
1.000001e+02 
1.000000e+02 
1.000000e+02 
1.000000e+02 
1.000000e+02 

1.000000e+02 
1.000000e+02 
1.000000e+02 
1.000000e+02 
1.000001e+02 
1.000000e+02 
9.999975e+01 
9.999877e+01 
9.999645e+01 
9.999162e+01 
9.998209e+01 
9.996378e+01 
9.992932e+01 
9.986585e+01 
9.975255e+01 
9.955845e+01 
9.924214e+01 
9.875499e+01 
9.805081e+01 
9.710234e+01 
9.591719e+01 
9.454262e+01 
9.305592e+01 
9.154883e+01 
8.991758e+01 
8.801472e+01 
8.587384e+01 
8.361723e+01 
8.149637e+01 
7.983473e+01 
7.885508e+01 
7.851070e+01 
7.850163e+01 
7.850163e+01 
7.851070e+01 
7.885508e+01 
7.983473e+01 
8.149637e+01 
8.361723e+01 
8.587384e+01 
8.801472e+01 
8.991758e+01 
9.154883e+01 
9.305592e+01 
9.454262e+01 
9.591719e+01 
9.710234e+01 
9.805081e+01 
9.875499e+01 
9.924214e+01 
9.955845e+01 
9.975255e+01 
9.986585e+01 
9.992932e+01 
9.996378e+01 
9.998209e+01 
9.999162e+01 
9.999645e+01 
9.999877e+01 
9.999975e+01 
1.000000e+02 
1.000001e+02 
1.000000e+02 
1.000000e+02 
1.000000e+02 
1.000000e+02 

1.000000e+02 
1.000000e+02 
1.000000e+02 
1.000000e+02 
1.000001e+02 
1.000000e+02 
9.999975e+01 
9.999877e+01 
9.999645e+01 
9.999164e+01 
9.998214e+01 
9.996395e+01 
9.992984e+01 
9.986733e+01 
9.975659e+01 
9.956886e+01 
9.926729e+01 
9.881159e+01 
9.816859e+01 
9.732773e+01 
9.631285e+01 
9.518103e+01 
9.400844e+01 
9.287324e+01 
9.171051e+01 
9.044326e+01 
8.914989e+01 
8.798423e+01 
8.718371e+01 
8.696265e+01 
8.739090e+01 
8.817904e+01 
8.878372e+01 
8.878372e+01 
8.817904e+01 
8.739090e+01 
8.696265e+01 
8.718371e+01 
8.798423e+01 
8.914989e+01 
9.044326e+01 
9.171051e+01 
9.287324e+01 
9.400844e+01 
9.518103e+01 
9.631285e+01 
9.732773e+01 
9.816859e+01 
9.881159e+01 
9.926729e+01 
9.956886e+01 
9.975659e+01 
9.986733e+01 
9.992984e+01 
9.996395e+01 
9.998214e+01 
9.999164e+01 
9.999645e+01 
9.999877e+01 
9.999975e+01 
1.000000e+02 
1.000001e+02 
1.000000e+02 
1.000000e+02 
1.000000e+02 
1.000000e+02 

1.000000e+02 
1.000000e+02 
1.000000e+02 
1.000000e+02 
1.000001e+02 
1.000000e+02 
9.999975e+01 
9.999877e+01 
9.999646e+01 
9.999166e+01 
9.998221e+01 
9.996417e+01 
9.993052e+01 
9.986928e+01 
9.976187e+01 
9.958237e+01 
9.929962e+01 
9.888338e+01 
9.831568e+01 
9.760437e+01 
9.678973e+01 
9.593700e+01 
9.511810e+01 
9.439419e+01 
9.374109e+01 
9.315583e+01 
9.276163e+01 
9.274757e+01 
9.332326e+01 
9.462906e+01 
9.648984e+01 
9.840142e+01 
9.964628e+01 
9.964628e+01 
9.840142e+01 
9.648984e+01 
9.462906e+01 
9.332326e+01 
9.274757e+01 
9.276163e+01 
9.315583e+01 
9.374109e+01 
9.439419e+01 
9.511810e+01 
9.593700e+01 
9.678973e+01 
9.760437e+01 
9.831568e+01 
9.888338e+01 
9.929962e+01 
9.958237e+01 
9.976187e+01 
9.986928e+01 
9.993052e+01 
9.996417e+01 
9.998221e+01 
9.999166e+01 
9.999646e+01 
9.999877e+01 
9.999975e+01 
1.000000e+02 
1.000001e+02 
1.000000e+02 
1.000000e+02 
1.000000e+02 
1.000000e+02 

1.000000e+02 
1.000000e+02 
1.000000e+02 
1.000000e+02 
1.000001e+02 
1.000000e+02 
9.999975e+01 
9.999877e+01 
9.999646e+01 
9.999168e+01 
9.998230e+01 
9.996445e+01 
9.993136e+01 
9.987167e+01 
9.976832e+01 
9.959871e+01 
9.933819e+01 
9.896760e+01 
9.848481e+01 
9.791543e+01 
9.731353e+01 
9.674812e+01 
9.628235e+01 
9.595742e+01 
9.578375e+01 
9.581948e+01 
9.621323e+01 
9.715752e+01 
9.883079e+01 
1.012480e+02 
1.041323e+02 
1.068107e+02 
1.084349e+02 
1.084349e+02 
1.068107e+02 
1.041323e+02 
1.012480e+02 
9.883079e+01 
9.715752e+01 
9.621323e+01 
9.581948e+01 
9.578375e+01 
9.595742e+01 
9.628235e+01 
9.674812e+01 
9.731353e+01 
9.791543e+01 
9.848481e+01 
9.896760e+01 
9.933819e+01 
9.959871e+01 
9.976832e+01 
9.987167e+01 
9.993136e+01 
9.996445e+01 
9.998230e+01 
9.999168e+01 
9.999646e+01 
9.999877e+01 
9.999975e+01 
1.000000e+02 
1.000001e+02 
1.000000e+02 
1.000000e+02 
1.000000e+02 
1.000000e+02 

1.000000e+02 
1.000000e+02 
1.000000e+02 
1.000000e+02 
1.000001e+02 
1.000000e+02 
9.999975e+01 
9.999877e+01 
9.999647e+01 
9.999171e+01 
9.998241e+01 
9.996479e+01 
9.993236e+01 
9.987449e+01 
9.977585e+01 
9.961754e+01 
9.938190e+01 
9.906114e+01 
9.866820e+01 
9.824373e+01 
9.785067e+01 
9.755580e+01 
9.740859e+01 
9.742822e+01 
9.764819e+01 
9.816415e+01 
9.911885e+01 
1.006714e+02 
1.029316e+02 
1.058360e+02 
1.090139e+02 
1.118083e+02 
1.134678e+02 
1.134678e+02 
1.118083e+02 
1.090139e+02 
1.058360e+02 
1.029316e+02 
1.006714e+02 
9.911885e+01 
9.816415e+01 
9.764819e+01 
9.742822e+01 
9.740859e+01 
9.755580e+01 
9.785067e+01 
9.824373e+01 
9.866820e+01 
9.906114e+01 
9.938190e+01 
9.961754e+01 
9.977585e+01 
9.987449e+01 
9.993236e+01 
9.996479e+01 
9.998241e+01 
9.999171e+01 
9.999647e+01 
9.999877e+01 
9.999975e+01 
1.000000e+02 
1.000001e+02 
1.000000e+02 
1.000000e+02 
1.000000e+02 
1.000000e+02 

1.000000e+02 
1.000000e+02 
1.000000e+02 
1.000000e+02 
1.000001e+02 
1.000000e+02 
9.999975e+01 
9.999878e+01 
9.999648e+01 
9.999175e+01 
9.998253e+01 
9.996517e+01 
9.993350e+01 
9.987770e+01 
9.978434e+01 
9.963846e+01 
9.942959e+01 
9.916083e+01 
9.885823e+01 
9.857332e+01 
9.837181e+01 
9.831212e+01 
9.842601e+01 
9.871060e+01 
9.921002e+01 
1.000328e+02 
1.012917e+02 
1.030888e+02 
1.054578e+02 
1.082757e+02 
1.111948e+02 
1.136615e+02 
1.150853e+02 
1.150853e+02 
1.136615e+02 
1.111948e+02 
1.082757e+02 
1.054578e+02 
1.030888e+02 
1.012917e+02 
1.000328e+02 
9.921002e+01 
9.871060e+01 
9.842601e+01 
9.831212e+01 
9.837181e+01 
9.857332e+01 
9.885823e+01 
9.916083e+01 
9.942959e+01 
9.963846e+01 
9.978434e+01 
9.987770e+01 
9.993350e+01 
9.996517e+01 
9.998253e+01 
9.999175e+01 
9.999648e+01 
9.999878e+01 
9.999975e+01 
1.000000e+02 
1.000001e+02 
1.000000e+02 
1.000000e+02 
1.000000e+02 
1.000000e+02 

1.000000e+02 
1.000000e+02 
1.000000e+02 
1.000000e+02 
1.000001e+02 
1.000000e+02 
9.999975e+01 
9.999878e+01 
9.999649e+01 
9.999179e+01 
9.998267e+01 
9.996560e+01 
9.993478e+01 
9.988127e+01 
9.979367e+01 
9.966110e+01 
9.948007e+01 
9.926355e+01 
9.904792e+01 
9.889065e+01 
9.885420e+01 
9.898363e+01 
9.929120e+01 
9.975439e+01 
1.004185e+02 
1.013875e+02 
1.027350e+02 
1.045079e+02 
1.066828e+02 
1.091143e+02 
1.115080e+02 
1.134581e+02 
1.145605e+02 
1.145605e+02 
1.134581e+02 
1.115080e+02 
1.091143e+02 
1.066828e+02 
1.045079e+02 
1.027350e+02 
1.013875e+02 
1.004185e+02 
9.975439e+01 
9.929120e+01 
9.898363e+01 
9.885420e+01 
9.889065e+01 
9.904792e+01 
9.926355e+01 
9.948007e+01 
9.966110e+01 
9.979367e+01 
9.988127e+01 
9.993478e+01 
9.996560e+01 
9.998267e+01 
9.999179e+01 
9.999649e+01 
9.999878e+01 
9.999975e+01 
1.000000e+02 
1.000001e+02 
1.000000e+02 
1.000000e+02 
1.000000e+02 
1.000000e+02 

1.000000e+02 
1.000000e+02 
1.000000e+02 
1.000000e+02 
1.000001e+02 
1.000000e+02 
9.999975e+01 
9.999878e+01 
9.999650e+01 
9.999183e+01 
9.998282e+01 
9.996609e+01 
9.993620e+01 
9.988517e+01 
9.980371e+01 
9.968502e+01 
9.953217e+01 
9.936646e+01 
9.923133e+01 
9.918532e+01 
9.928261e+01 
9.955202e+01 
9.998714e+01 
1.005504e+02 
1.012832e+02 
1.022766e+02 
1.035694e+02 
1.051690e+02 
1.070230e+02 
1.089942e+02 
1.108563e+02 
1.123277e+02 
1.131441e+02 
1.131441e+02 
1.123277e+02 
1.108563e+02 
1.089942e+02 
1.070230e+02 
1.051690e+02 
1.035694e+02 
1.022766e+02 
1.012832e+02 
1.005504e+02 
9.998714e+01 
9.955202e+01 
9.928261e+01 
9.918532e+01 
9.923133e+01 
9.936646e+01 
9.953217e+01 
9.968502e+01 
9.980371e+01 
9.988517e+01 
9.993620e+01 
9.996609e+01 
9.998282e+01 
9.999183e+01 
9.999650e+01 
9.999878e+01 
9.999975e+01 
1.000000e+02 
1.000001e+02 
1.000000e+02 
1.000000e+02 
1.000000e+02 
1.000000e+02 

1.000000e+02 
1.000000e+02 
1.000000e+02 
1.000000e+02 
1.000001e+02 
1.000000e+02 
9.999975e+01 
9.999878e+01 
9.999652e+01 
9.999189e+01 
9.998301e+01 
9.996668e+01 
9.993793e+01 
9.988991e+01 
9.981571e+01 
9.971297e+01 
9.959131e+01 
9.947918e+01 
9.942395e+01 
9.948023e+01 
9.968895e+01 
1.000602e+02 
1.005704e+02 
1.011721e+02 
1.019007e+02 
1.028310e+02 
1.039746e+02 
1.053150e+02 
1.067925e+02 
1.082951e+02 
1.096633e+02 
1.107151e+02 
1.112890e+02 
1.112890e+02 
1.107151e+02 
1.096633e+02 
1.082951e+02 
1.067925e+02 
1.053150e+02 
1.039746e+02 
1.028310e+02 
1.019007e+02 
1.011721e+02 
1.005704e+02 
1.000602e+02 
9.968895e+01 
9.948023e+01 
9.942395e+01 
9.947918e+01 
9.959131e+01 
9.971297e+01 
9.981571e+01 
9.988991e+01 
9.993793e+01 
9.996668e+01 
9.998301e+01 
9.999189e+01 
9.999652e+01 
9.999878e+01 
9.999975e+01 
1.000000e+02 
1.000001e+02 
1.000000e+02 
1.000000e+02 
1.000000e+02 
1.000000e+02 

1.000000e+02 
1.000000e+02 
1.000000e+02 
1.000000e+02 
1.000001e+02 
1.000000e+02 
9.999975e+01 
9.999879e+01 
9.999654e+01 
9.999197e+01 
9.998327e+01 
9.996750e+01 
9.994029e+01 
9.989625e+01 
9.983143e+01 
9.974854e+01 
9.966383e+01 
9.961128e+01 
9.963786e+01 
9.978808e+01 
1.000843e+02 
1.005165e+02 
1.010477e+02 
1.016272e+02 
1.022847e+02 
1.030774e+02 
1.039995e+02 
1.050246e+02 
1.061007e+02 
1.071487e+02 
1.080694e+02 
1.087587e+02 
1.091286e+02 
1.091286e+02 
1.087587e+02 
1.080694e+02 
1.071487e+02 
1.061007e+02 
1.050246e+02 
1.039995e+02 
1.030774e+02 
1.022847e+02 
1.016272e+02 
1.010477e+02 
1.005165e+02 
1.000843e+02 
9.978808e+01 
9.963786e+01 
9.961128e+01 
9.966383e+01 
9.974854e+01 
9.983143e+01 
9.989625e+01 
9.994029e+01 
9.996750e+01 
9.998327e+01 
9.999197e+01 
9.999654e+01 
9.999879e+01 
9.999975e+01 
1.000000e+02 
1.000001e+02 
1.000000e+02 
1.000000e+02 
1.000000e+02 
1.000000e+02 

1.000000e+02 
1.000000e+02 
1.000000e+02 
1.000000e+02 
1.000001e+02 
1.000000e+02 
9.999975e+01 
9.999880e+01 
9.999657e+01 
9.999208e+01 
9.998364e+01 
9.996863e+01 
9.994350e+01 
9.990467e+01 
9.985170e+01 
9.979259e+01 
9.974923e+01 
9.975750e+01 
9.985787e+01 
1.000785e+02 
1.004208e+02 
1.008583e+02 
1.013486e+02 
1.018473e+02 
1.023792e+02 
1.029866e+02 
1.036567e+02 
1.043654e+02 
1.050759e+02 
1.057405e+02 
1.063053e+02 
1.067178e+02 
1.069359e+02 
1.069359e+02 
1.067178e+02 
1.063053e+02 
1.057405e+02 
1.050759e+02 
1.043654e+02 
1.036567e+02 
1.029866e+02 
1.023792e+02 
1.018473e+02 
1.013486e+02 
1.008583e+02 
1.004208e+02 
1.000785e+02 
9.985787e+01 
9.975750e+01 
9.974923e+01 
9.979259e+01 
9.985170e+01 
9.990467e+01 
9.994350e+01 
9.996863e+01 
9.998364e+01 
9.999208e+01 
9.999657e+01 
9.999880e+01 
9.999975e+01 
1.000000e+02 
1.000001e+02 
1.000000e+02 
1.000000e+02 
1.000000e+02 
1.000000e+02 

1.000000e+02 
1.000000e+02 
1.000000e+02 
1.000000e+02 
1.000001e+02 
1.000000e+02 
9.999975e+01 
9.999880e+01 
9.999661e+01 
9.999224e+01 
9.998416e+01 
9.997019e+01 
9.994782e+01 
9.991568e+01 
9.987710e+01 
9.984486e+01 
9.984378e+01 
9.990623e+01 
1.000597e+02 
1.003129e+02 
1.006496e+02 
1.010360e+02 
1.014346e+02 
1.018143e+02 
1.021964e+02 
1.026111e+02 
1.030469e+02 
1.034871e+02 
1.039106e+02 
1.042927e+02 
1.046080e+02 
1.048334e+02 
1.049509e+02 
1.049509e+02 
1.048334e+02 
1.046080e+02 
1.042927e+02 
1.039106e+02 
1.034871e+02 
1.030469e+02 
1.026111e+02 
1.021964e+02 
1.018143e+02 
1.014346e+02 
1.010360e+02 
1.006496e+02 
1.003129e+02 
1.000597e+02 
9.990623e+01 
9.984378e+01 
9.984486e+01 
9.987710e+01 
9.991568e+01 
9.994782e+01 
9.997019e+01 
9.998416e+01 
9.999224e+01 
9.999661e+01 
9.999880e+01 
9.999975e+01 
1.000000e+02 
1.000001e+02 
1.000000e+02 
1.000000e+02 
1.000000e+02 
1.000000e+02 

1.000000e+02 
1.000000e+02 
1.000000e+02 
1.000000e+02 
1.000001e+02 
1.000000e+02 
9.999976e+01 
9.999882e+01 
9.999667e+01 
9.999246e+01 
9.998488e+01 
9.997231e+01 
9.995354e+01 
9.992963e+01 
9.990745e+01 
9.990276e+01 
9.993899e+01 
1.000392e+02 
1.002144e+02 
1.004565e+02 
1.007409e+02 
1.010376e+02 
1.013212e+02 
1.015753e+02 
1.018179e+02 
1.020694e+02 
1.023226e+02 
1.025683e+02 
1.027964e+02 
1.029960e+02 
1.031567e+02 
1.032695e+02 
1.033277e+02 
1.033277e+02 
1.032695e+02 
1.031567e+02 
1.029960e+02 
1.027964e+02 
1.025683e+02 
1.023226e+02 
1.020694e+02 
1.018179e+02 
1.015753e+02 
1.013212e+02 
1.010376e+02 
1.007409e+02 
1.004565e+02 
1.002144e+02 
1.000392e+02 
9.993899e+01 
9.990276e+01 
9.990745e+01 
9.992963e+01 
9.995354e+01 
9.997231e+01 
9.998488e+01 
9.999246e+01 
9.999667e+01 
9.999882e+01 
9.999976e+01 
1.000000e+02 
1.000001e+02 
1.000000e+02 
1.000000e+02 
1.000000e+02 
1.000000e+02 

1.000000e+02 
1.000000e+02 
1.000000e+02 
1.000000e+02 
1.000001e+02 
1.000000e+02 
9.999976e+01 
9.999884e+01 
9.999676e+01 
9.999277e+01 
9.998587e+01 
9.997515e+01 
9.996085e+01 
9.994641e+01 
9.994111e+01 
9.996057e+01 
1.000221e+02 
1.001360e+02 
1.002992e+02 
1.004952e+02 
1.007018e+02 
1.008994e+02 
1.010756e+02 
1.012253e+02 
1.013616e+02 
1.014976e+02 
1.016296e+02 
1.017535e+02 
1.018652e+02 
1.019606e+02 
1.020359e+02 
1.020880e+02 
1.021146e+02 
1.021146e+02 
1.020880e+02 
1.020359e+02 
1.019606e+02 
1.018652e+02 
1.017535e+02 
1.016296e+02 
1.014976e+02 
1.013616e+02 
1.012253e+02 
1.010756e+02 
1.008994e+02 
1.007018e+02 
1.004952e+02 
1.002992e+02 
1.001360e+02 
1.000221e+02 
9.996057e+01 
9.994111e+01 
9.994641e+01 
9.996085e+01 
9.997515e+01 
9.998587e+01 
9.999277e+01 
9.999676e+01 
9.999884e+01 
9.999976e+01 
1.000000e+02 
1.000001e+02 
1.000000e+02 
1.000000e+02 
1.000000e+02 
1.000000e+02 

1.000000e+02 
1.000000e+02 
1.000000e+02 
1.000000e+02 
1.000001e+02 
1.000000e+02 
9.999976e+01 
9.999887e+01 
9.999688e+01 
9.999320e+01 
9.998721e+01 
9.997881e+01 
9.996971e+01 
9.996505e+01 
9.997451e+01 
1.000100e+02 
1.000799e+02 
1.001834e+02 
1.003103e+02 
1.004454e+02 
1.005746e+02 
1.006892e+02 
1.007854e+02 
1.008634e+02 
1.009318e+02 
1.009979e+02 
1.010602e+02 
1.011173e+02 
1.011675e+02 
1.012096e+02 
1.012423e+02 
1.012647e+02 
1.012761e+02 
1.012761e+02 
1.012647e+02 
1.012423e+02 
1.012096e+02 
1.011675e+02 
1.011173e+02 
1.010602e+02 
1.009979e+02 
1.009318e+02 
1.008634e+02 
1.007854e+02 
1.006892e+02 
1.005746e+02 
1.004454e+02 
1.003103e+02 
1.001834e+02 
1.000799e+02 
1.000100e+02 
9.997451e+01 
9.996505e+01 
9.996971e+01 
9.997881e+01 
9.998721e+01 
9.999320e+01 
9.999688e+01 
9.999887e+01 
9.999976e+01 
1.000000e+02 
1.000001e+02 
1.000000e+02 
1.000000e+02 
1.000000e+02 
1.000000e+02 

1.000000e+02 
1.000000e+02 
1.000000e+02 
1.000000e+02 
1.000001e+02 
1.000000e+02 
9.999977e+01 
9.999891e+01 
9.999706e+01 
9.999379e+01 
9.998895e+01 
9.998328e+01 
9.997958e+01 
9.998349e+01 
1.000026e+02 
1.000430e+02 
1.001050e+02 
1.001825e+02 
1.002658e+02 
1.003454e+02 
1.004156e+02 
1.004739e+02 
1.005205e+02 
1.005569e+02 
1.005879e+02 
1.006171e+02 
1.006440e+02 
1.006682e+02 
1.006891e+02 
1.007064e+02 
1.007197e+02 
1.007287e+02 
1.007333e+02 
1.007333e+02 
1.007287e+02 
1.007197e+02 
1.007064e+02 
1.006891e+02 
1.006682e+02 
1.006440e+02 
1.006171e+02 
1.005879e+02 
1.005569e+02 
1.005205e+02 
1.004739e+02 
1.004156e+02 
1.003454e+02 
1.002658e+02 
1.001825e+02 
1.001050e+02 
1.000430e+02 
1.000026e+02 
9.998349e+01 
9.997958e+01 
9.998328e+01 
9.998895e+01 
9.999379e+01 
9.999706e+01 
9.999891e+01 
9.999977e+01 
1.000000e+02 
1.000001e+02 
1.000000e+02 
1.000000e+02 
1.000000e+02 
1.000000e+02 

1.000000e+02 
1.000000e+02 
1.000000e+02 
1.000000e+02 
1.000001e+02 
1.000000e+02 
9.999978e+01 
9.999897e+01 
9.999730e+01 
9.999457e+01 
9.999108e+01 
9.998828e+01 
9.998931e+01 
9.999875e+01 
1.000206e+02 
1.000557e+02 
1.001005e+02 
1.001490e+02 
1.001954e+02 
1.002361e+02 
1.002695e+02 
1.002959e+02 
1.003162e+02 
1.003316e+02 
1.003444e+02 
1.003563e+02 
1.003671e+02 
1.003766e+02 
1.003848e+02 
1.003914e+02 
1.003965e+02 
1.004000e+02 
1.004017e+02 
1.004017e+02 
1.004000e+02 
1.003965e+02 
1.003914e+02 
1.003848e+02 
1.003766e+02 
1.003671e+02 
1.003563e+02 
1.003444e+02 
1.003316e+02 
1.003162e+02 
1.002959e+02 
1.002695e+02 
1.002361e+02 
1.001954e+02 
1.001490e+02 
1.001005e+02 
1.000557e+02 
1.000206e+02 
9.999875e+01 
9.998931e+01 
9.998828e+01 
9.999108e+01 
9.999457e+01 
9.999730e+01 
9.999897e+01 
9.999978e+01 
1.000000e+02 
1.000001e+02 
1.000000e+02 
1.000000e+02 
1.000000e+02 
1.000000e+02 

1.000000e+02 
1.000000e+02 
1.000000e+02 
1.000000e+02 
1.000001e+02 
1.000000e+02 
9.999979e+01 
9.999905e+01 
9.999761e+01 
9.999553e+01 
9.999348e+01 
9.999317e+01 
9.999724e+01 
1.000082e+02 
1.000268e+02 
1.000512e+02 
1.000780e+02 
1.001036e+02 
1.001260e+02 
1.001442e+02 
1.001584e+02 
1.001692e+02 
1.001773e+02 
1.001833e+02 
1.001882e+02 
1.001927e+02 
1.001967e+02 
1.002002e+02 
1.002032e+02 
1.002057e+02 
1.002075e+02 
1.002087e+02 
1.002094e+02 
1.002094e+02 
1.002087e+02 
1.002075e+02 
1.002057e+02 
1.002032e+02 
1.002002e+02 
1.001967e+02 
1.001927e+02 
1.001882e+02 
1.001833e+02 
1.001773e+02 
1.001692e+02 
1.001584e+02 
1.001442e+02 
1.001260e+02 
1.001036e+02 
1.000780e+02 
1.000512e+02 
1.000268e+02 
1.000082e+02 
9.999724e+01 
9.999317e+01 
9.999348e+01 
9.999553e+01 
9.999761e+01 
9.999905e+01 
9.999979e+01 
1.000000e+02 
1.000001e+02 
1.000000e+02 
1.000000e+02 
1.000000e+02 
1.000000e+02 

1.000000e+02 
1.000000e+02 
1.000000e+02 
1.000000e+02 
1.000001e+02 
1.000000e+02 
9.999981e+01 
9.999916e+01 
9.999800e+01 
9.999660e+01 
9.999582e+01 
9.999712e+01 
1.000020e+02 
1.000111e+02 
1.000236e+02 
1.000375e+02 
1.000509e+02 
1.000626e+02 
1.000720e+02 
1.000793e+02 
1.000848e+02 
1.000888e+02 
1.000917e+02 
1.000939e+02 
1.000957e+02 
1.000973e+02 
1.000987e+02 
1.000999e+02 
1.001009e+02 
1.001018e+02 
1.001024e+02 
1.001028e+02 
1.001030e+02 
1.001030e+02 
1.001028e+02 
1.001024e+02 
1.001018e+02 
1.001009e+02 
1.000999e+02 
1.000987e+02 
1.000973e+02 
1.000957e+02 
1.000939e+02 
1.000917e+02 
1.000888e+02 
1.000848e+02 
1.000793e+02 
1.000720e+02 
1.000626e+02 
1.000509e+02 
1.000375e+02 
1.000236e+02 
1.000111e+02 
1.000020e+02 
9.999712e+01 
9.999582e+01 
9.999660e+01 
9.999800e+01 
9.999916e+01 
9.999981e+01 
1.000000e+02 
1.000001e+02 
1.000000e+02 
1.000000e+02 
1.000000e+02 
1.000000e+02 

1.000000e+02 
1.000000e+02 
1.000000e+02 
1.000000e+02 
1.000001e+02 
1.000000e+02 
9.999984e+01 
9.999930e+01 
9.999844e+01 
9.999766e+01 
9.999771e+01 
9.999949e+01 
1.000035e+02 
1.000093e+02 
1.000159e+02 
1.000225e+02 
1.000282e+02 
1.000328e+02 
1.000363e+02 
1.000390e+02 
1.000409e+02 
1.000423e+02 
1.000433e+02 
1.000440e+02 
1.000446e+02 
1.000451e+02 
1.000456e+02 
1.000460e+02 
1.000463e+02 
1.000466e+02 
1.000468e+02 
1.000469e+02 
1.000470e+02 
1.000470e+02 
1.000469e+02 
1.000468e+02 
1.000466e+02 
1.000463e+02 
1.000460e+02 
1.000456e+02 
1.000451e+02 
1.000446e+02 
1.000440e+02 
1.000433e+02 
1.000423e+02 
1.000409e+02 
1.000390e+02 
1.000363e+02 
1.000328e+02 
1.000282e+02 
1.000225e+02 
1.000159e+02 
1.000093e+02 
1.000035e+02 
9.999949e+01 
9.999771e+01 
9.999766e+01 
9.999844e+01 
9.999930e+01 
9.999984e+01 
1.000000e+02 
1.000001e+02 
1.000000e+02 
1.000000e+02 
1.000000e+02 
1.000000e+02 

1.000000e+02 
1.000000e+02 
1.000000e+02 
1.000000e+02 
1.000000e+02 
1.000000e+02 
9.999987e+01 
9.999945e+01 
9.999889e+01 
9.999853e+01 
9.999888e+01 
1.000003e+02 
1.000026e+02 
1.000055e+02 
1.000084e+02 
1.000109e+02 
1.000130e+02 
1.000146e+02 
1.000157e+02 
1.000166e+02 
1.000172e+02 
1.000176e+02 
1.000179e+02 
1.000181e+02 
1.000183e+02 
1.000184e+02 
1.000186e+02 
1.000187e+02 
1.000188e+02 
1.000189e+02 
1.000190e+02 
1.000190e+02 
1.000190e+02 
1.000190e+02 
1.000190e+02 
1.000190e+02 
1.000189e+02 
1.000188e+02 
1.000187e+02 
1.000186e+02 
1.000184e+02 
1.000183e+02 
1.000181e+02 
1.000179e+02 
1.000176e+02 
1.000172e+02 
1.000166e+02 
1.000157e+02 
1.000146e+02 
1.000130e+02 
1.000109e+02 
1.000084e+02 
1.000055e+02 
1.000026e+02 
1.000003e+02 
9.999888e+01 
9.999853e+01 
9.999889e+01 
9.999945e+01 
9.999987e+01 
1.000000e+02 
1.000000e+02 
1.000000e+02 
1.000000e+02 
1.000000e+02 
1.000000e+02 

1.000000e+02 
1.000000e+02 
1.000000e+02 
1.000000e+02 
1.000000e+02 
1.000000e+02 
9.999990e+01 
9.999960e+01 
9.999926e+01 
9.999910e+01 
9.999936e+01 
1.000001e+02 
1.000011e+02 
1.000021e+02 
1.000031e+02 
1.000039e+02 
1.000045e+02 
1.000050e+02 
1.000053e+02 
1.000055e+02 
1.000057e+02 
1.000058e+02 
1.000059e+02 
1.000060e+02 
1.000060e+02 
1.000061e+02 
1.000061e+02 
1.000061e+02 
1.000062e+02 
1.000062e+02 
1.000062e+02 
1.000062e+02 
1.000062e+02 
1.000062e+02 
1.000062e+02 
1.000062e+02 
1.000062e+02 
1.000062e+02 
1.000061e+02 
1.000061e+02 
1.000061e+02 
1.000060e+02 
1.000060e+02 
1.000059e+02 
1.000058e+02 
1.000057e+02 
1.000055e+02 
1.000053e+02 
1.000050e+02 
1.000045e+02 
1.000039e+02 
1.000031e+02 
1.000021e+02 
1.000011e+02 
1.000001e+02 
9.999936e+01 
9.999910e+01 
9.999926e+01 
9.999960e+01 
9.999990e+01 
1.000000e+02 
1.000000e+02 
1.000000e+02 
1.000000e+02 
1.000000e+02 
1.000000e+02 

1.000000e+02 
1.000000e+02 
1.000000e+02 
1.000000e+02 
1.000000e+02 
1.000000e+02 
9.999993e+01 
9.999974e+01 
9.999953e+01 
9.999941e+01 
9.999947e+01 
9.999967e+01 
9.999995e+01 
1.000002e+02 
1.000005e+02 
1.000006e+02 
1.000008e+02 
1.000009e+02 
1.000009e+02 
1.000010e+02 
1.000010e+02 
1.000011e+02 
1.000011e+02 
1.000011e+02 
1.000011e+02 
1.000011e+02 
1.000011e+02 
1.000011e+02 
1.000011e+02 
1.000011e+02 
1.000011e+02 
1.000011e+02 
1.000011e+02 
1.000011e+02 
1.000011e+02 
1.000011e+02 
1.000011e+02 
1.000011e+02 
1.000011e+02 
1.000011e+02 
1.000011e+02 
1.000011e+02 
1.000011e+02 
1.000011e+02 
1.000011e+02 
1.000010e+02 
1.000010e+02 
1.000009e+02 
1.000009e+02 
1.000008e+02 
1.000006e+02 
1.000005e+02 
1.000002e+02 
9.999995e+01 
9.999967e+01 
9.999947e+01 
9.999941e+01 
9.999953e+01 
9.999974e+01 
9.999993e+01 
1.000000e+02 
1.000000e+02 
1.000000e+02 
1.000000e+02 
1.000000e+02 
1.000000e+02 

1.000000e+02 
1.000000e+02 
1.000000e+02 
1.000000e+02 
1.000000e+02 
1.000000e+02 
9.999996e+01 
9.999984e+01 
9.999971e+01 
9.999960e+01 
9.999955e+01 
9.999954e+01 
9.999955e+01 
9.999957e+01 
9.999959e+01 
9.999961e+01 
9.999962e+01 
9.999963e+01 
9.999964e+01 
9.999964e+01 
9.999965e+01 
9.999965e+01 
9.999965e+01 
9.999965e+01 
9.999965e+01 
9.999965e+01 
9.999965e+01 
9.999965e+01 
9.999965e+01 
9.999966e+01 
9.999966e+01 
9.999966e+01 
9.999966e+01 
9.999966e+01 
9.999966e+01 
9.999966e+01 
9.999966e+01 
9.999965e+01 
9.999965e+01 
9.999965e+01 
9.999965e+01 
9.999965e+01 
9.999965e+01 
9.999965e+01 
9.999965e+01 
9.999965e+01 
9.999964e+01 
9.999964e+01 
9.999963e+01 
9.999962e+01 
9.999961e+01 
9.999959e+01 
9.999957e+01 
9.999955e+01 
9.999954e+01 
9.999955e+01 
9.999960e+01 
9.999971e+01 
9.999984e+01 
9.999996e+01 
1.000000e+02 
1.000000e+02 
1.000000e+02 
1.000000e+02 
1.000000e+02 
1.000000e+02 

1.000000e+02 
1.000000e+02 
1.000000e+02 
1.000000e+02 
1.000000e+02 
1.000000e+02 
9.999998e+01 
9.999992e+01 
9.999984e+01 
9.999977e+01 
9.999970e+01 
9.999966e+01 
9.999963e+01 
9.999961e+01 
9.999960e+01 
9.999959e+01 
9.999958e+01 
9.999958e+01 
9.999957e+01 
9.999957e+01 
9.999957e+01 
9.999957e+01 
9.999957e+01 
9.999957e+01 
9.999957e+01 
9.999957e+01 
9.999957e+01 
9.999957e+01 
9.999957e+01 
9.999957e+01 
9.999957e+01 
9.999957e+01 
9.999957e+01 
9.999957e+01 
9.999957e+01 
9.999957e+01 
9.999957e+01 
9.999957e+01 
9.999957e+01 
9.999957e+01 
9.999957e+01 
9.999957e+01 
9.999957e+01 
9.999957e+01 
9.999957e+01 
9.999957e+01 
9.999957e+01 
9.999957e+01 
9.999958e+01 
9.999958e+01 
9.999959e+01 
9.999960e+01 
9.999961e+01 
9.999963e+01 
9.999966e+01 
9.999970e+01 
9.999977e+01 
9.999984e+01 
9.999992e+01 
9.999998e+01 
1.000000e+02 
1.000000e+02 
1.000000e+02 
1.000000e+02 
1.000000e+02 
1.000000e+02 

1.000000e+02 
1.000000e+02 
1.000000e+02 
1.000000e+02 
1.000000e+02 
1.000000e+02 
1.000000e+02 
9.999997e+01 
9.999994e+01 
9.999991e+01 
9.999988e+01 
9.999985e+01 
9.999984e+01 
9.999983e+01 
9.999982e+01 
9.999981e+01 
9.999981e+01 
9.999981e+01 
9.999980e+01 
9.999980e+01 
9.999980e+01 
9.999980e+01 
9.999980e+01 
9.999980e+01 
9.999980e+01 
9.999980e+01 
9.999980e+01 
9.999980e+01 
9.999980e+01 
9.999980e+01 
9.999980e+01 
9.999980e+01 
9.999980e+01 
9.999980e+01 
9.999980e+01 
9.999980e+01 
9.999980e+01 
9.999980e+01 
9.999980e+01 
9.999980e+01 
9.999980e+01 
9.999980e+01 
9.999980e+01 
9.999980e+01 
9.999980e+01 
9.999980e+01 
9.999980e+01 
9.999980e+01 
9.999981e+01 
9.999981e+01 
9.999981e+01 
9.999982e+01 
9.999983e+01 
9.999984e+01 
9.999985e+01 
9.999988e+01 
9.999991e+01 
9.999994e+01 
9.999997e+01 
1.000000e+02 
1.000000e+02 
1.000000e+02 
1.000000e+02 
1.000000e+02 
1.000000e+02 
1.000000e+02 

1.000000e+02 
1.000000e+02 
1.000000e+02 
1.000000e+02 
1.000000e+02 
1.000000e+02 
1.000000e+02 
1.000000e+02 
9.999999e+01 
9.999998e+01 
9.999998e+01 
9.999997e+01 
9.999997e+01 
9.999997e+01 
9.999996e+01 
9.999996e+01 
9.999996e+01 
9.999996e+01 
9.999996e+01 
9.999996e+01 
9.999996e+01 
9.999996e+01 
9.999996e+01 
9.999996e+01 
9.999996e+01 
9.999996e+01 
9.999996e+01 
9.999996e+01 
9.999996e+01 
9.999996e+01 
9.999996e+01 
9.999996e+01 
9.999996e+01 
9.999996e+01 
9.999996e+01 
9.999996e+01 
9.999996e+01 
9.999996e+01 
9.999996e+01 
9.999996e+01 
9.999996e+01 
9.999996e+01 
9.999996e+01 
9.999996e+01 
9.999996e+01 
9.999996e+01 
9.999996e+01 
9.999996e+01 
9.999996e+01 
9.999996e+01 
9.999996e+01 
9.999996e+01 
9.999997e+01 
9.999997e+01 
9.999997e+01 
9.999998e+01 
9.999998e+01 
9.999999e+01 
1.000000e+02 
1.000000e+02 
1.000000e+02 
1.000000e+02 
1.000000e+02 
1.000000e+02 
1.000000e+02 
1.000000e+02 

1.000000e+02 
1.000000e+02 
1.000000e+02 
1.000000e+02 
1.000000e+02 
1.000000e+02 
1.000000e+02 
1.000000e+02 
1.000000e+02 
1.000000e+02 
1.000000e+02 
1.000000e+02 
1.000000e+02 
1.000000e+02 
1.000000e+02 
1.000000e+02 
1.000000e+02 
1.000000e+02 
1.000000e+02 
1.000000e+02 
1.000000e+02 
1.000000e+02 
1.000000e+02 
1.000000e+02 
1.000000e+02 
1.000000e+02 
1.000000e+02 
1.000000e+02 
1.000000e+02 
1.000000e+02 
1.000000e+02 
1.000000e+02 
1.000000e+02 
1.000000e+02 
1.000000e+02 
1.000000e+02 
1.000000e+02 
1.000000e+02 
1.000000e+02 
1.000000e+02 
1.000000e+02 
1.000000e+02 
1.000000e+02 
1.000000e+02 
1.000000e+02 
1.000000e+02 
1.000000e+02 
1.000000e+02 
1.000000e+02 
1.000000e+02 
1.000000e+02 
1.000000e+02 
1.000000e+02 
1.000000e+02 
1.000000e+02 
1.000000e+02 
1.000000e+02 
1.000000e+02 
1.000000e+02 
1.000000e+02 
1.000000e+02 
1.000000e+02 
1.000000e+02 
1.000000e+02 
1.000000e+02 
1.000000e+02 

1.000000e+02 
1.000000e+02 
1.000000e+02 
1.000000e+02 
1.000000e+02 
1.000000e+02 
1.000000e+02 
1.000000e+02 
1.000000e+02 
1.000000e+02 
1.000000e+02 
1.000000e+02 
1.000000e+02 
1.000000e+02 
1.000000e+02 
1.000000e+02 
1.000000e+02 
1.000000e+02 
1.000000e+02 
1.000000e+02 
1.000000e+02 
1.000000e+02 
1.000000e+02 
1.000000e+02 
1.000000e+02 
1.000000e+02 
1.000000e+02 
1.000000e+02 
1.000000e+02 
1.000000e+02 
1.000000e+02 
1.000000e+02 
1.000000e+02 
1.000000e+02 
1.000000e+02 
1.000000e+02 
1.000000e+02 
1.000000e+02 
1.000000e+02 
1.000000e+02 
1.000000e+02 
1.000000e+02 
1.000000e+02 
1.000000e+02 
1.000000e+02 
1.000000e+02 
1.000000e+02 
1.000000e+02 
1.000000e+02 
1.000000e+02 
1.000000e+02 
1.000000e+02 
1.000000e+02 
1.000000e+02 
1.000000e+02 
1.000000e+02 
1.000000e+02 
1.000000e+02 
1.000000e+02 
1.000000e+02 
1.000000e+02 
1.000000e+02 
1.000000e+02 
1.000000e+02 
1.000000e+02 
1.000000e+02 

1.000000e+02 
1.000000e+02 
1.000000e+02 
1.000000e+02 
1.000000e+02 
1.000000e+02 
1.000000e+02 
1.000000e+02 
1.000000e+02 
1.000000e+02 
1.000000e+02 
1.000000e+02 
1.000000e+02 
1.000000e+02 
1.000000e+02 
1.000000e+02 
1.000000e+02 
1.000000e+02 
1.000000e+02 
1.000000e+02 
1.000000e+02 
1.000000e+02 
1.000000e+02 
1.000000e+02 
1.000000e+02 
1.000000e+02 
1.000000e+02 
1.000000e+02 
1.000000e+02 
1.000000e+02 
1.000000e+02 
1.000000e+02 
1.000000e+02 
1.000000e+02 
1.000000e+02 
1.000000e+02 
1.000000e+02 
1.000000e+02 
1.000000e+02 
1.000000e+02 
1.000000e+02 
1.000000e+02 
1.000000e+02 
1.000000e+02 
1.000000e+02 
1.000000e+02 
1.000000e+02 
1.000000e+02 
1.000000e+02 
1.000000e+02 
1.000000e+02 
1.000000e+02 
1.000000e+02 
1.000000e+02 
1.000000e+02 
1.000000e+02 
1.000000e+02 
1.000000e+02 
1.000000e+02 
1.000000e+02 
1.000000e+02 
1.000000e+02 
1.000000e+02 
1.000000e+02 
1.000000e+02 
1.000000e+02 

1.000000e+02 
1.000000e+02 
1.000000e+02 
1.000000e+02 
1.000000e+02 
1.000000e+02 
1.000000e+02 
1.000000e+02 
1.000000e+02 
1.000000e+02 
1.000000e+02 
1.000000e+02 
1.000000e+02 
1.000000e+02 
1.000000e+02 
1.000000e+02 
1.000000e+02 
1.000000e+02 
1.000000e+02 
1.000000e+02 
1.000000e+02 
1.000000e+02 
1.000000e+02 
1.000000e+02 
1.000000e+02 
1.000000e+02 
1.000000e+02 
1.000000e+02 
1.000000e+02 
1.000000e+02 
1.000000e+02 
1.000000e+02 
1.000000e+02 
1.000000e+02 
1.000000e+02 
1.000000e+02 
1.000000e+02 
1.000000e+02 
1.000000e+02 
1.000000e+02 
1.000000e+02 
1.000000e+02 
1.000000e+02 
1.000000e+02 
1.000000e+02 
1.000000e+02 
1.000000e+02 
1.000000e+02 
1.000000e+02 
1.000000e+02 
1.000000e+02 
1.000000e+02 
1.000000e+02 
1.000000e+02 
1.000000e+02 
1.000000e+02 
1.000000e+02 
1.000000e+02 
1.000000e+02 
1.000000e+02 
1.000000e+02 
1.000000e+02 
1.000000e+02 
1.000000e+02 
1.000000e+02 
1.000000e+02 

