1.000000e+02 
1.000000e+02 
1.000000e+02 
1.000000e+02 
1.000000e+02 
1.000000e+02 
1.000000e+02 
1.000000e+02 
1.000000e+02 
1.000000e+02 
1.000000e+02 
1.000000e+02 
1.000000e+02 
1.000000e+02 
1.000000e+02 
1.000000e+02 
1.000000e+02 
1.000000e+02 
1.000000e+02 
1.000000e+02 
1.000000e+02 
1.000000e+02 
1.000000e+02 
1.000000e+02 
1.000000e+02 
1.000000e+02 
1.000000e+02 
1.000000e+02 
1.000000e+02 
1.000000e+02 
1.000000e+02 
1.000000e+02 
1.000000e+02 
1.000000e+02 
1.000000e+02 
1.000000e+02 
1.000000e+02 
1.000000e+02 
1.000000e+02 
1.000000e+02 
1.000000e+02 
1.000000e+02 
1.000000e+02 
1.000000e+02 
1.000000e+02 
1.000000e+02 
1.000000e+02 
1.000000e+02 
1.000000e+02 
1.000000e+02 
1.000000e+02 
1.000000e+02 
1.000000e+02 
1.000000e+02 
1.000000e+02 
1.000000e+02 
1.000000e+02 
1.000000e+02 
1.000000e+02 
1.000000e+02 
1.000000e+02 
1.000000e+02 
1.000000e+02 
1.000000e+02 
1.000000e+02 
1.000000e+02 

1.000000e+02 
1.000000e+02 
1.000000e+02 
1.000000e+02 
1.000000e+02 
1.000000e+02 
1.000000e+02 
1.000000e+02 
1.000000e+02 
1.000000e+02 
1.000000e+02 
1.000000e+02 
1.000000e+02 
1.000000e+02 
1.000000e+02 
1.000000e+02 
1.000000e+02 
1.000000e+02 
1.000000e+02 
1.000000e+02 
1.000000e+02 
1.000000e+02 
1.000000e+02 
1.000000e+02 
1.000000e+02 
1.000000e+02 
1.000000e+02 
1.000000e+02 
1.000000e+02 
1.000000e+02 
1.000000e+02 
1.000000e+02 
1.000000e+02 
1.000000e+02 
1.000000e+02 
1.000000e+02 
1.000000e+02 
1.000000e+02 
1.000000e+02 
1.000000e+02 
1.000000e+02 
1.000000e+02 
1.000000e+02 
1.000000e+02 
1.000000e+02 
1.000000e+02 
1.000000e+02 
1.000000e+02 
1.000000e+02 
1.000000e+02 
1.000000e+02 
1.000000e+02 
1.000000e+02 
1.000000e+02 
1.000000e+02 
1.000000e+02 
1.000000e+02 
1.000000e+02 
1.000000e+02 
1.000000e+02 
1.000000e+02 
1.000000e+02 
1.000000e+02 
1.000000e+02 
1.000000e+02 
1.000000e+02 

1.000000e+02 
1.000000e+02 
1.000000e+02 
1.000000e+02 
1.000000e+02 
1.000000e+02 
1.000000e+02 
1.000000e+02 
1.000000e+02 
1.000000e+02 
1.000000e+02 
1.000000e+02 
1.000000e+02 
1.000000e+02 
1.000000e+02 
1.000000e+02 
1.000000e+02 
1.000000e+02 
1.000000e+02 
1.000000e+02 
1.000000e+02 
1.000000e+02 
1.000000e+02 
1.000000e+02 
1.000000e+02 
1.000000e+02 
1.000000e+02 
1.000000e+02 
1.000000e+02 
1.000000e+02 
1.000000e+02 
1.000000e+02 
1.000000e+02 
1.000000e+02 
1.000000e+02 
1.000000e+02 
1.000000e+02 
1.000000e+02 
1.000000e+02 
1.000000e+02 
1.000000e+02 
1.000000e+02 
1.000000e+02 
1.000000e+02 
1.000000e+02 
1.000000e+02 
1.000000e+02 
1.000000e+02 
1.000000e+02 
1.000000e+02 
1.000000e+02 
1.000000e+02 
1.000000e+02 
1.000000e+02 
1.000000e+02 
1.000000e+02 
1.000000e+02 
1.000000e+02 
1.000000e+02 
1.000000e+02 
1.000000e+02 
1.000000e+02 
1.000000e+02 
1.000000e+02 
1.000000e+02 
1.000000e+02 

1.000000e+02 
1.000000e+02 
1.000000e+02 
1.000000e+02 
1.000000e+02 
1.000000e+02 
1.000000e+02 
1.000000e+02 
1.000000e+02 
1.000000e+02 
1.000000e+02 
1.000000e+02 
1.000000e+02 
1.000000e+02 
1.000000e+02 
1.000000e+02 
1.000000e+02 
1.000000e+02 
1.000000e+02 
1.000000e+02 
1.000000e+02 
1.000000e+02 
1.000000e+02 
1.000000e+02 
1.000000e+02 
1.000000e+02 
1.000000e+02 
1.000000e+02 
1.000000e+02 
1.000000e+02 
1.000000e+02 
1.000000e+02 
1.000000e+02 
1.000000e+02 
1.000000e+02 
1.000000e+02 
1.000000e+02 
1.000000e+02 
1.000000e+02 
1.000000e+02 
1.000000e+02 
1.000000e+02 
1.000000e+02 
1.000000e+02 
1.000000e+02 
1.000000e+02 
1.000000e+02 
1.000000e+02 
1.000000e+02 
1.000000e+02 
1.000000e+02 
1.000000e+02 
1.000000e+02 
1.000000e+02 
1.000000e+02 
1.000000e+02 
1.000000e+02 
1.000000e+02 
1.000000e+02 
1.000000e+02 
1.000000e+02 
1.000000e+02 
1.000000e+02 
1.000000e+02 
1.000000e+02 
1.000000e+02 

1.000000e+02 
1.000000e+02 
1.000000e+02 
1.000000e+02 
1.000000e+02 
1.000000e+02 
1.000000e+02 
1.000000e+02 
1.000000e+02 
1.000000e+02 
1.000000e+02 
1.000000e+02 
1.000000e+02 
1.000000e+02 
1.000000e+02 
1.000000e+02 
1.000000e+02 
1.000000e+02 
1.000000e+02 
1.000000e+02 
1.000000e+02 
1.000000e+02 
1.000000e+02 
1.000000e+02 
1.000000e+02 
1.000000e+02 
1.000000e+02 
1.000000e+02 
1.000000e+02 
1.000000e+02 
1.000000e+02 
1.000000e+02 
1.000000e+02 
1.000000e+02 
1.000000e+02 
1.000000e+02 
1.000000e+02 
1.000000e+02 
1.000000e+02 
1.000000e+02 
1.000000e+02 
1.000000e+02 
1.000000e+02 
1.000000e+02 
1.000000e+02 
1.000000e+02 
1.000000e+02 
1.000000e+02 
1.000000e+02 
1.000000e+02 
1.000000e+02 
1.000000e+02 
1.000000e+02 
1.000000e+02 
1.000000e+02 
1.000000e+02 
1.000000e+02 
1.000000e+02 
1.000000e+02 
1.000000e+02 
1.000000e+02 
1.000000e+02 
1.000000e+02 
1.000000e+02 
1.000000e+02 
1.000000e+02 

1.000000e+02 
1.000000e+02 
1.000000e+02 
1.000000e+02 
1.000000e+02 
1.000000e+02 
1.000000e+02 
1.000000e+02 
9.999999e+01 
9.999999e+01 
9.999998e+01 
9.999998e+01 
9.999997e+01 
9.999997e+01 
9.999997e+01 
9.999997e+01 
9.999997e+01 
9.999997e+01 
9.999997e+01 
9.999997e+01 
9.999997e+01 
9.999997e+01 
9.999997e+01 
9.999997e+01 
9.999997e+01 
9.999997e+01 
9.999997e+01 
9.999997e+01 
9.999997e+01 
9.999997e+01 
9.999997e+01 
9.999997e+01 
9.999997e+01 
9.999997e+01 
9.999997e+01 
9.999997e+01 
9.999997e+01 
9.999997e+01 
9.999997e+01 
9.999997e+01 
9.999997e+01 
9.999997e+01 
9.999997e+01 
9.999997e+01 
9.999997e+01 
9.999997e+01 
9.999997e+01 
9.999997e+01 
9.999997e+01 
9.999997e+01 
9.999997e+01 
9.999997e+01 
9.999997e+01 
9.999997e+01 
9.999998e+01 
9.999998e+01 
9.999999e+01 
9.999999e+01 
1.000000e+02 
1.000000e+02 
1.000000e+02 
1.000000e+02 
1.000000e+02 
1.000000e+02 
1.000000e+02 
1.000000e+02 

1.000000e+02 
1.000000e+02 
1.000000e+02 
1.000000e+02 
1.000000e+02 
1.000000e+02 
1.000000e+02 
9.999999e+01 
9.999997e+01 
9.999995e+01 
9.999994e+01 
9.999992e+01 
9.999991e+01 
9.999991e+01 
9.999990e+01 
9.999990e+01 
9.999990e+01 
9.999990e+01 
9.999990e+01 
9.999990e+01 
9.999989e+01 
9.999989e+01 
9.999989e+01 
9.999989e+01 
9.999989e+01 
9.999989e+01 
9.999989e+01 
9.999989e+01 
9.999989e+01 
9.999989e+01 
9.999989e+01 
9.999989e+01 
9.999989e+01 
9.999989e+01 
9.999989e+01 
9.999989e+01 
9.999989e+01 
9.999989e+01 
9.999989e+01 
9.999989e+01 
9.999989e+01 
9.999989e+01 
9.999989e+01 
9.999989e+01 
9.999989e+01 
9.999990e+01 
9.999990e+01 
9.999990e+01 
9.999990e+01 
9.999990e+01 
9.999990e+01 
9.999990e+01 
9.999991e+01 
9.999992e+01 
9.999993e+01 
9.999994e+01 
9.999996e+01 
9.999997e+01 
9.999999e+01 
1.000000e+02 
1.000000e+02 
1.000000e+02 
1.000000e+02 
1.000000e+02 
1.000000e+02 
1.000000e+02 

1.000000e+02 
1.000000e+02 
1.000000e+02 
1.000000e+02 
1.000000e+02 
1.000000e+02 
1.000000e+02 
9.999997e+01 
9.999994e+01 
9.999990e+01 
9.999988e+01 
9.999986e+01 
9.999985e+01 
9.999985e+01 
9.999985e+01 
9.999985e+01 
9.999985e+01 
9.999985e+01 
9.999985e+01 
9.999985e+01 
9.999985e+01 
9.999985e+01 
9.999985e+01 
9.999985e+01 
9.999985e+01 
9.999985e+01 
9.999985e+01 
9.999985e+01 
9.999985e+01 
9.999985e+01 
9.999985e+01 
9.999985e+01 
9.999985e+01 
9.999985e+01 
9.999985e+01 
9.999985e+01 
9.999985e+01 
9.999985e+01 
9.999985e+01 
9.999985e+01 
9.999985e+01 
9.999985e+01 
9.999985e+01 
9.999985e+01 
9.999985e+01 
9.999985e+01 
9.999985e+01 
9.999985e+01 
9.999985e+01 
9.999985e+01 
9.999985e+01 
9.999985e+01 
9.999985e+01 
9.999986e+01 
9.999987e+01 
9.999988e+01 
9.999991e+01 
9.999994e+01 
9.999998e+01 
1.000000e+02 
1.000000e+02 
1.000000e+02 
1.000000e+02 
1.000000e+02 
1.000000e+02 
1.000000e+02 

1.000000e+02 
1.000000e+02 
1.000000e+02 
1.000000e+02 
1.000000e+02 
1.000000e+02 
9.999999e+01 
9.999995e+01 
9.999989e+01 
9.999985e+01 
9.999983e+01 
9.999984e+01 
9.999988e+01 
9.999991e+01 
9.999995e+01 
9.999998e+01 
1.000000e+02 
1.000000e+02 
1.000000e+02 
1.000000e+02 
1.000000e+02 
1.000000e+02 
1.000000e+02 
1.000001e+02 
1.000001e+02 
1.000001e+02 
1.000001e+02 
1.000001e+02 
1.000001e+02 
1.000001e+02 
1.000001e+02 
1.000001e+02 
1.000001e+02 
1.000001e+02 
1.000001e+02 
1.000001e+02 
1.000001e+02 
1.000001e+02 
1.000001e+02 
1.000001e+02 
1.000001e+02 
1.000001e+02 
1.000001e+02 
1.000000e+02 
1.000000e+02 
1.000000e+02 
1.000000e+02 
1.000000e+02 
1.000000e+02 
1.000000e+02 
9.999998e+01 
9.999995e+01 
9.999991e+01 
9.999988e+01 
9.999984e+01 
9.999983e+01 
9.999985e+01 
9.999990e+01 
9.999995e+01 
1.000000e+02 
1.000000e+02 
1.000000e+02 
1.000000e+02 
1.000000e+02 
1.000000e+02 
1.000000e+02 

1.000000e+02 
1.000000e+02 
1.000000e+02 
1.000000e+02 
1.000000e+02 
1.000000e+02 
9.999999e+01 
9.999993e+01 
9.999983e+01 
9.999977e+01 
9.999978e+01 
9.999989e+01 
1.000001e+02 
1.000003e+02 
1.000004e+02 
1.000006e+02 
1.000007e+02 
1.000008e+02 
1.000009e+02 
1.000009e+02 
1.000010e+02 
1.000010e+02 
1.000010e+02 
1.000010e+02 
1.000010e+02 
1.000010e+02 
1.000010e+02 
1.000010e+02 
1.000010e+02 
1.000010e+02 
1.000011e+02 
1.000011e+02 
1.000011e+02 
1.000011e+02 
1.000011e+02 
1.000011e+02 
1.000010e+02 
1.000010e+02 
1.000010e+02 
1.000010e+02 
1.000010e+02 
1.000010e+02 
1.000010e+02 
1.000010e+02 
1.000010e+02 
1.000010e+02 
1.000009e+02 
1.000009e+02 
1.000008e+02 
1.000007e+02 
1.000006e+02 
1.000004e+02 
1.000003e+02 
1.000001e+02 
9.999988e+01 
9.999977e+01 
9.999976e+01 
9.999983e+01 
9.999993e+01 
9.999999e+01 
1.000000e+02 
1.000000e+02 
1.000000e+02 
1.000000e+02 
1.000000e+02 
1.000000e+02 

1.000000e+02 
1.000000e+02 
1.000000e+02 
1.000000e+02 
1.000000e+02 
1.000000e+02 
9.999999e+01 
9.999990e+01 
9.999976e+01 
9.999964e+01 
9.999967e+01 
9.999992e+01 
1.000004e+02 
1.000010e+02 
1.000016e+02 
1.000021e+02 
1.000026e+02 
1.000029e+02 
1.000031e+02 
1.000033e+02 
1.000035e+02 
1.000036e+02 
1.000036e+02 
1.000037e+02 
1.000037e+02 
1.000037e+02 
1.000038e+02 
1.000038e+02 
1.000038e+02 
1.000038e+02 
1.000038e+02 
1.000039e+02 
1.000039e+02 
1.000039e+02 
1.000039e+02 
1.000038e+02 
1.000038e+02 
1.000038e+02 
1.000038e+02 
1.000038e+02 
1.000037e+02 
1.000037e+02 
1.000037e+02 
1.000036e+02 
1.000035e+02 
1.000035e+02 
1.000033e+02 
1.000031e+02 
1.000029e+02 
1.000025e+02 
1.000021e+02 
1.000016e+02 
1.000009e+02 
1.000004e+02 
9.999989e+01 
9.999964e+01 
9.999962e+01 
9.999975e+01 
9.999990e+01 
9.999999e+01 
1.000000e+02 
1.000000e+02 
1.000000e+02 
1.000000e+02 
1.000000e+02 
1.000000e+02 

1.000000e+02 
1.000000e+02 
1.000000e+02 
1.000000e+02 
1.000000e+02 
1.000000e+02 
9.999998e+01 
9.999987e+01 
9.999967e+01 
9.999947e+01 
9.999943e+01 
9.999978e+01 
1.000006e+02 
1.000019e+02 
1.000034e+02 
1.000048e+02 
1.000061e+02 
1.000071e+02 
1.000079e+02 
1.000085e+02 
1.000090e+02 
1.000093e+02 
1.000095e+02 
1.000097e+02 
1.000098e+02 
1.000099e+02 
1.000100e+02 
1.000101e+02 
1.000102e+02 
1.000102e+02 
1.000103e+02 
1.000103e+02 
1.000103e+02 
1.000103e+02 
1.000103e+02 
1.000103e+02 
1.000102e+02 
1.000102e+02 
1.000101e+02 
1.000100e+02 
1.000099e+02 
1.000098e+02 
1.000097e+02 
1.000095e+02 
1.000093e+02 
1.000089e+02 
1.000085e+02 
1.000079e+02 
1.000071e+02 
1.000061e+02 
1.000048e+02 
1.000033e+02 
1.000018e+02 
1.000006e+02 
9.999971e+01 
9.999938e+01 
9.999943e+01 
9.999965e+01 
9.999986e+01 
9.999998e+01 
1.000000e+02 
1.000000e+02 
1.000000e+02 
1.000000e+02 
1.000000e+02 
1.000000e+02 

1.000000e+02 
1.000000e+02 
1.000000e+02 
1.000000e+02 
1.000000e+02 
1.000000e+02 
9.999998e+01 
9.999985e+01 
9.999959e+01 
9.999925e+01 
9.999905e+01 
9.999932e+01 
1.000004e+02 
1.000025e+02 
1.000054e+02 
1.000086e+02 
1.000117e+02 
1.000144e+02 
1.000166e+02 
1.000183e+02 
1.000195e+02 
1.000205e+02 
1.000212e+02 
1.000217e+02 
1.000221e+02 
1.000224e+02 
1.000228e+02 
1.000231e+02 
1.000233e+02 
1.000235e+02 
1.000236e+02 
1.000237e+02 
1.000238e+02 
1.000238e+02 
1.000237e+02 
1.000236e+02 
1.000235e+02 
1.000233e+02 
1.000230e+02 
1.000228e+02 
1.000224e+02 
1.000221e+02 
1.000216e+02 
1.000211e+02 
1.000204e+02 
1.000195e+02 
1.000182e+02 
1.000165e+02 
1.000143e+02 
1.000116e+02 
1.000085e+02 
1.000053e+02 
1.000024e+02 
1.000003e+02 
9.999921e+01 
9.999896e+01 
9.999920e+01 
9.999956e+01 
9.999984e+01 
9.999998e+01 
1.000000e+02 
1.000000e+02 
1.000000e+02 
1.000000e+02 
1.000000e+02 
1.000000e+02 

1.000000e+02 
1.000000e+02 
1.000000e+02 
1.000000e+02 
1.000000e+02 
1.000000e+02 
9.999998e+01 
9.999983e+01 
9.999951e+01 
9.999904e+01 
9.999858e+01 
9.999853e+01 
9.999954e+01 
1.000022e+02 
1.000066e+02 
1.000124e+02 
1.000188e+02 
1.000249e+02 
1.000302e+02 
1.000345e+02 
1.000379e+02 
1.000404e+02 
1.000423e+02 
1.000438e+02 
1.000449e+02 
1.000460e+02 
1.000469e+02 
1.000478e+02 
1.000485e+02 
1.000491e+02 
1.000495e+02 
1.000498e+02 
1.000499e+02 
1.000499e+02 
1.000498e+02 
1.000495e+02 
1.000490e+02 
1.000485e+02 
1.000478e+02 
1.000469e+02 
1.000460e+02 
1.000449e+02 
1.000437e+02 
1.000423e+02 
1.000404e+02 
1.000378e+02 
1.000344e+02 
1.000301e+02 
1.000248e+02 
1.000186e+02 
1.000123e+02 
1.000064e+02 
1.000020e+02 
9.999933e+01 
9.999836e+01 
9.999845e+01 
9.999896e+01 
9.999947e+01 
9.999981e+01 
9.999998e+01 
1.000000e+02 
1.000000e+02 
1.000000e+02 
1.000000e+02 
1.000000e+02 
1.000000e+02 

1.000000e+02 
1.000000e+02 
1.000000e+02 
1.000000e+02 
1.000000e+02 
1.000000e+02 
9.999997e+01 
9.999981e+01 
9.999945e+01 
9.999885e+01 
9.999809e+01 
9.999754e+01 
9.999796e+01 
1.000004e+02 
1.000059e+02 
1.000146e+02 
1.000255e+02 
1.000373e+02 
1.000485e+02 
1.000584e+02 
1.000665e+02 
1.000728e+02 
1.000777e+02 
1.000815e+02 
1.000846e+02 
1.000874e+02 
1.000900e+02 
1.000923e+02 
1.000943e+02 
1.000959e+02 
1.000971e+02 
1.000979e+02 
1.000983e+02 
1.000983e+02 
1.000979e+02 
1.000971e+02 
1.000958e+02 
1.000942e+02 
1.000923e+02 
1.000899e+02 
1.000873e+02 
1.000845e+02 
1.000814e+02 
1.000776e+02 
1.000727e+02 
1.000663e+02 
1.000582e+02 
1.000483e+02 
1.000370e+02 
1.000252e+02 
1.000142e+02 
1.000056e+02 
1.000001e+02 
9.999766e+01 
9.999730e+01 
9.999792e+01 
9.999875e+01 
9.999940e+01 
9.999980e+01 
9.999997e+01 
1.000000e+02 
1.000000e+02 
1.000000e+02 
1.000000e+02 
1.000000e+02 
1.000000e+02 

1.000000e+02 
1.000000e+02 
1.000000e+02 
1.000000e+02 
1.000000e+02 
1.000000e+02 
9.999997e+01 
9.999980e+01 
9.999940e+01 
9.999869e+01 
9.999765e+01 
9.999650e+01 
9.999596e+01 
9.999740e+01 
1.000026e+02 
1.000131e+02 
1.000287e+02 
1.000481e+02 
1.000687e+02 
1.000884e+02 
1.001057e+02 
1.001201e+02 
1.001315e+02 
1.001405e+02 
1.001481e+02 
1.001553e+02 
1.001619e+02 
1.001678e+02 
1.001729e+02 
1.001772e+02 
1.001804e+02 
1.001826e+02 
1.001837e+02 
1.001837e+02 
1.001826e+02 
1.001803e+02 
1.001771e+02 
1.001728e+02 
1.001676e+02 
1.001617e+02 
1.001550e+02 
1.001478e+02 
1.001402e+02 
1.001312e+02 
1.001197e+02 
1.001053e+02 
1.000880e+02 
1.000683e+02 
1.000476e+02 
1.000282e+02 
1.000125e+02 
1.000021e+02 
9.999690e+01 
9.999555e+01 
9.999620e+01 
9.999745e+01 
9.999857e+01 
9.999935e+01 
9.999979e+01 
9.999997e+01 
1.000000e+02 
1.000000e+02 
1.000000e+02 
1.000000e+02 
1.000000e+02 
1.000000e+02 

1.000000e+02 
1.000000e+02 
1.000000e+02 
1.000000e+02 
1.000000e+02 
1.000000e+02 
9.999997e+01 
9.999980e+01 
9.999937e+01 
9.999857e+01 
9.999729e+01 
9.999557e+01 
9.999389e+01 
9.999359e+01 
9.999703e+01 
1.000071e+02 
1.000256e+02 
1.000524e+02 
1.000848e+02 
1.001190e+02 
1.001515e+02 
1.001803e+02 
1.002045e+02 
1.002240e+02 
1.002411e+02 
1.002576e+02 
1.002732e+02 
1.002874e+02 
1.003000e+02 
1.003104e+02 
1.003186e+02 
1.003241e+02 
1.003269e+02 
1.003269e+02 
1.003240e+02 
1.003183e+02 
1.003101e+02 
1.002996e+02 
1.002869e+02 
1.002726e+02 
1.002570e+02 
1.002404e+02 
1.002232e+02 
1.002037e+02 
1.001795e+02 
1.001506e+02 
1.001180e+02 
1.000837e+02 
1.000514e+02 
1.000246e+02 
1.000061e+02 
9.999620e+01 
9.999290e+01 
9.999337e+01 
9.999520e+01 
9.999705e+01 
9.999844e+01 
9.999931e+01 
9.999978e+01 
9.999997e+01 
1.000000e+02 
1.000000e+02 
1.000000e+02 
1.000000e+02 
1.000000e+02 
1.000000e+02 

1.000000e+02 
1.000000e+02 
1.000000e+02 
1.000000e+02 
1.000000e+02 
1.000000e+02 
9.999997e+01 
9.999979e+01 
9.999935e+01 
9.999848e+01 
9.999701e+01 
9.999479e+01 
9.999202e+01 
9.998965e+01 
9.999010e+01 
9.999720e+01 
1.000151e+02 
1.000462e+02 
1.000894e+02 
1.001406e+02 
1.001940e+02 
1.002449e+02 
1.002901e+02 
1.003284e+02 
1.003632e+02 
1.003979e+02 
1.004315e+02 
1.004630e+02 
1.004914e+02 
1.005155e+02 
1.005346e+02 
1.005477e+02 
1.005543e+02 
1.005542e+02 
1.005472e+02 
1.005338e+02 
1.005145e+02 
1.004901e+02 
1.004615e+02 
1.004298e+02 
1.003961e+02 
1.003613e+02 
1.003264e+02 
1.002880e+02 
1.002428e+02 
1.001919e+02 
1.001385e+02 
1.000875e+02 
1.000444e+02 
1.000135e+02 
9.999581e+01 
9.998896e+01 
9.998878e+01 
9.999139e+01 
9.999437e+01 
9.999675e+01 
9.999834e+01 
9.999928e+01 
9.999977e+01 
9.999997e+01 
1.000000e+02 
1.000000e+02 
1.000000e+02 
1.000000e+02 
1.000000e+02 
1.000000e+02 

1.000000e+02 
1.000000e+02 
1.000000e+02 
1.000000e+02 
1.000000e+02 
1.000000e+02 
9.999997e+01 
9.999979e+01 
9.999933e+01 
9.999842e+01 
9.999680e+01 
9.999419e+01 
9.999045e+01 
9.998606e+01 
9.998294e+01 
9.998517e+01 
9.999854e+01 
1.000286e+02 
1.000778e+02 
1.001436e+02 
1.002197e+02 
1.002983e+02 
1.003729e+02 
1.004395e+02 
1.005029e+02 
1.005685e+02 
1.006343e+02 
1.006981e+02 
1.007572e+02 
1.008088e+02 
1.008501e+02 
1.008790e+02 
1.008937e+02 
1.008932e+02 
1.008777e+02 
1.008480e+02 
1.008059e+02 
1.007537e+02 
1.006942e+02 
1.006301e+02 
1.005640e+02 
1.004983e+02 
1.004349e+02 
1.003683e+02 
1.002938e+02 
1.002155e+02 
1.001398e+02 
1.000744e+02 
1.000257e+02 
9.999619e+01 
9.998330e+01 
9.998152e+01 
9.998502e+01 
9.998973e+01 
9.999373e+01 
9.999652e+01 
9.999827e+01 
9.999926e+01 
9.999977e+01 
9.999997e+01 
1.000000e+02 
1.000000e+02 
1.000000e+02 
1.000000e+02 
1.000000e+02 
1.000000e+02 

1.000000e+02 
1.000000e+02 
1.000000e+02 
1.000000e+02 
1.000000e+02 
1.000000e+02 
9.999997e+01 
9.999978e+01 
9.999932e+01 
9.999838e+01 
9.999665e+01 
9.999374e+01 
9.998921e+01 
9.998303e+01 
9.997639e+01 
9.997282e+01 
9.997873e+01 
1.000022e+02 
1.000497e+02 
1.001229e+02 
1.002171e+02 
1.003233e+02 
1.004316e+02 
1.005340e+02 
1.006365e+02 
1.007473e+02 
1.008634e+02 
1.009802e+02 
1.010922e+02 
1.011928e+02 
1.012755e+02 
1.013341e+02 
1.013641e+02 
1.013629e+02 
1.013307e+02 
1.012700e+02 
1.011856e+02 
1.010837e+02 
1.009708e+02 
1.008536e+02 
1.007374e+02 
1.006267e+02 
1.005245e+02 
1.004227e+02 
1.003151e+02 
1.002099e+02 
1.001167e+02 
1.000446e+02 
9.999809e+01 
9.997558e+01 
9.997047e+01 
9.997469e+01 
9.998185e+01 
9.998842e+01 
9.999324e+01 
9.999636e+01 
9.999822e+01 
9.999925e+01 
9.999976e+01 
9.999997e+01 
1.000000e+02 
1.000000e+02 
1.000000e+02 
1.000000e+02 
1.000000e+02 
1.000000e+02 

1.000000e+02 
1.000000e+02 
1.000000e+02 
1.000000e+02 
1.000000e+02 
1.000000e+02 
9.999997e+01 
9.999978e+01 
9.999931e+01 
9.999834e+01 
9.999654e+01 
9.999340e+01 
9.998827e+01 
9.998062e+01 
9.997083e+01 
9.996148e+01 
9.995854e+01 
9.997127e+01 
1.000097e+02 
1.000803e+02 
1.001825e+02 
1.003088e+02 
1.004474e+02 
1.005867e+02 
1.007338e+02 
1.009008e+02 
1.010839e+02 
1.012764e+02 
1.014685e+02 
1.016472e+02 
1.017980e+02 
1.019070e+02 
1.019632e+02 
1.019604e+02 
1.018989e+02 
1.017853e+02 
1.016310e+02 
1.014500e+02 
1.012569e+02 
1.010641e+02 
1.008816e+02 
1.007157e+02 
1.005698e+02 
1.004322e+02 
1.002954e+02 
1.001713e+02 
1.000712e+02 
1.000026e+02 
9.996590e+01 
9.995461e+01 
9.995868e+01 
9.996889e+01 
9.997931e+01 
9.998742e+01 
9.999287e+01 
9.999624e+01 
9.999818e+01 
9.999924e+01 
9.999976e+01 
9.999997e+01 
1.000000e+02 
1.000000e+02 
1.000000e+02 
1.000000e+02 
1.000000e+02 
1.000000e+02 

1.000000e+02 
1.000000e+02 
1.000000e+02 
1.000000e+02 
1.000000e+02 
1.000000e+02 
9.999997e+01 
9.999978e+01 
9.999931e+01 
9.999832e+01 
9.999647e+01 
9.999316e+01 
9.998757e+01 
9.997876e+01 
9.996635e+01 
9.995179e+01 
9.993996e+01 
9.994004e+01 
9.996407e+01 
1.000229e+02 
1.001210e+02 
1.002547e+02 
1.004129e+02 
1.005820e+02 
1.007707e+02 
1.009958e+02 
1.012551e+02 
1.015409e+02 
1.018385e+02 
1.021261e+02 
1.023764e+02 
1.025613e+02 
1.026573e+02 
1.026514e+02 
1.025443e+02 
1.023504e+02 
1.020938e+02 
1.018030e+02 
1.015046e+02 
1.012200e+02 
1.009632e+02 
1.007411e+02 
1.005554e+02 
1.003898e+02 
1.002351e+02 
1.001053e+02 
1.000107e+02 
9.995495e+01 
9.993344e+01 
9.993532e+01 
9.994860e+01 
9.996421e+01 
9.997735e+01 
9.998667e+01 
9.999261e+01 
9.999615e+01 
9.999816e+01 
9.999923e+01 
9.999976e+01 
9.999997e+01 
1.000000e+02 
1.000000e+02 
1.000000e+02 
1.000000e+02 
1.000000e+02 
1.000000e+02 

1.000000e+02 
1.000000e+02 
1.000000e+02 
1.000000e+02 
1.000000e+02 
1.000000e+02 
9.999997e+01 
9.999978e+01 
9.999930e+01 
9.999831e+01 
9.999641e+01 
9.999298e+01 
9.998704e+01 
9.997735e+01 
9.996284e+01 
9.994387e+01 
9.992395e+01 
9.991127e+01 
9.991842e+01 
9.995914e+01 
1.000428e+02 
1.001703e+02 
1.003339e+02 
1.005194e+02 
1.007384e+02 
1.010129e+02 
1.013451e+02 
1.017294e+02 
1.021481e+02 
1.025689e+02 
1.029474e+02 
1.032333e+02 
1.033831e+02 
1.033719e+02 
1.032016e+02 
1.028998e+02 
1.025117e+02 
1.020872e+02 
1.016697e+02 
1.012897e+02 
1.009632e+02 
1.006949e+02 
1.004817e+02 
1.003019e+02 
1.001443e+02 
1.000225e+02 
9.994390e+01 
9.990741e+01 
9.990355e+01 
9.991868e+01 
9.994036e+01 
9.996054e+01 
9.997586e+01 
9.998611e+01 
9.999241e+01 
9.999609e+01 
9.999814e+01 
9.999923e+01 
9.999976e+01 
9.999997e+01 
1.000000e+02 
1.000000e+02 
1.000000e+02 
1.000000e+02 
1.000000e+02 
1.000000e+02 

1.000000e+02 
1.000000e+02 
1.000000e+02 
1.000000e+02 
1.000000e+02 
1.000000e+02 
9.999997e+01 
9.999978e+01 
9.999930e+01 
9.999830e+01 
9.999637e+01 
9.999285e+01 
9.998666e+01 
9.997628e+01 
9.996014e+01 
9.993760e+01 
9.991074e+01 
9.988634e+01 
9.987647e+01 
9.989627e+01 
9.995874e+01 
1.000695e+02 
1.002245e+02 
1.004118e+02 
1.006451e+02 
1.009521e+02 
1.013420e+02 
1.018150e+02 
1.023538e+02 
1.029176e+02 
1.034413e+02 
1.038461e+02 
1.040600e+02 
1.040410e+02 
1.037929e+02 
1.033632e+02 
1.028263e+02 
1.022601e+02 
1.017265e+02 
1.012628e+02 
1.008834e+02 
1.005867e+02 
1.003625e+02 
1.001837e+02 
1.000371e+02 
9.993409e+01 
9.987826e+01 
9.986377e+01 
9.987766e+01 
9.990495e+01 
9.993380e+01 
9.995770e+01 
9.997473e+01 
9.998569e+01 
9.999227e+01 
9.999604e+01 
9.999812e+01 
9.999922e+01 
9.999976e+01 
9.999997e+01 
1.000000e+02 
1.000000e+02 
1.000000e+02 
1.000000e+02 
1.000000e+02 
1.000000e+02 

1.000000e+02 
1.000000e+02 
1.000000e+02 
1.000000e+02 
1.000000e+02 
1.000000e+02 
9.999997e+01 
9.999978e+01 
9.999930e+01 
9.999829e+01 
9.999634e+01 
9.999274e+01 
9.998634e+01 
9.997540e+01 
9.995786e+01 
9.993217e+01 
9.989897e+01 
9.986328e+01 
9.983584e+01 
9.983202e+01 
9.986727e+01 
9.995137e+01 
1.000849e+02 
1.002589e+02 
1.004894e+02 
1.008090e+02 
1.012365e+02 
1.017819e+02 
1.024340e+02 
1.031466e+02 
1.038324e+02 
1.043756e+02 
1.046649e+02 
1.046343e+02 
1.042907e+02 
1.037105e+02 
1.030087e+02 
1.022975e+02 
1.016578e+02 
1.011292e+02 
1.007189e+02 
1.004148e+02 
1.001974e+02 
1.000350e+02 
9.991256e+01 
9.983833e+01 
9.981130e+01 
9.982153e+01 
9.985369e+01 
9.989270e+01 
9.992813e+01 
9.995530e+01 
9.997379e+01 
9.998535e+01 
9.999215e+01 
9.999600e+01 
9.999811e+01 
9.999922e+01 
9.999976e+01 
9.999997e+01 
1.000000e+02 
1.000000e+02 
1.000000e+02 
1.000000e+02 
1.000000e+02 
1.000000e+02 

1.000000e+02 
1.000000e+02 
1.000000e+02 
1.000000e+02 
1.000000e+02 
1.000000e+02 
9.999997e+01 
9.999978e+01 
9.999929e+01 
9.999828e+01 
9.999631e+01 
9.999265e+01 
9.998605e+01 
9.997459e+01 
9.995573e+01 
9.992698e+01 
9.988744e+01 
9.983995e+01 
9.979314e+01 
9.976142e+01 
9.976153e+01 
9.980687e+01 
9.990280e+01 
1.000450e+02 
1.002503e+02 
1.005550e+02 
1.009891e+02 
1.015773e+02 
1.023211e+02 
1.031757e+02 
1.040324e+02 
1.047297e+02 
1.051031e+02 
1.050543e+02 
1.045962e+02 
1.038457e+02 
1.029717e+02 
1.021271e+02 
1.014075e+02 
1.008475e+02 
1.004396e+02 
1.001570e+02 
9.996952e+01 
9.984272e+01 
9.976099e+01 
9.972794e+01 
9.973781e+01 
9.977714e+01 
9.982943e+01 
9.988067e+01 
9.992270e+01 
9.995305e+01 
9.997292e+01 
9.998503e+01 
9.999204e+01 
9.999597e+01 
9.999810e+01 
9.999922e+01 
9.999976e+01 
9.999997e+01 
1.000000e+02 
1.000000e+02 
1.000000e+02 
1.000000e+02 
1.000000e+02 
1.000000e+02 

1.000000e+02 
1.000000e+02 
1.000000e+02 
1.000000e+02 
1.000000e+02 
1.000000e+02 
9.999997e+01 
9.999978e+01 
9.999929e+01 
9.999827e+01 
9.999628e+01 
9.999256e+01 
9.998579e+01 
9.997385e+01 
9.995376e+01 
9.992213e+01 
9.987640e+01 
9.981697e+01 
9.974962e+01 
9.968657e+01 
9.964438e+01 
9.963890e+01 
9.967995e+01 
9.976842e+01 
9.992005e+01 
1.001707e+02 
1.005601e+02 
1.011286e+02 
1.018962e+02 
1.028269e+02 
1.037955e+02 
1.046006e+02 
1.050313e+02 
1.049582e+02 
1.044026e+02 
1.035244e+02 
1.025392e+02 
1.016319e+02 
1.009054e+02 
1.003796e+02 
1.000273e+02 
9.980645e+01 
9.967797e+01 
9.960896e+01 
9.958549e+01 
9.960588e+01 
9.965994e+01 
9.973187e+01 
9.980550e+01 
9.986914e+01 
9.991760e+01 
9.995096e+01 
9.997213e+01 
9.998475e+01 
9.999194e+01 
9.999594e+01 
9.999809e+01 
9.999922e+01 
9.999976e+01 
9.999997e+01 
1.000000e+02 
1.000000e+02 
1.000000e+02 
1.000000e+02 
1.000000e+02 
1.000000e+02 

1.000000e+02 
1.000000e+02 
1.000000e+02 
1.000000e+02 
1.000000e+02 
1.000000e+02 
9.999997e+01 
9.999978e+01 
9.999929e+01 
9.999826e+01 
9.999626e+01 
9.999249e+01 
9.998556e+01 
9.997319e+01 
9.995200e+01 
9.991770e+01 
9.986612e+01 
9.979503e+01 
9.970679e+01 
9.961032e+01 
9.952043e+01 
9.945385e+01 
9.942395e+01 
9.943691e+01 
9.950411e+01 
9.965476e+01 
9.993242e+01 
1.003880e+02 
1.010579e+02 
1.019189e+02 
1.028538e+02 
1.036481e+02 
1.040631e+02 
1.039631e+02 
1.033789e+02 
1.024907e+02 
1.015415e+02 
1.007192e+02 
1.001091e+02 
9.971192e+01 
9.948265e+01 
9.936963e+01 
9.933105e+01 
9.934174e+01 
9.939270e+01 
9.947689e+01 
9.958061e+01 
9.968728e+01 
9.978261e+01 
9.985837e+01 
9.991294e+01 
9.994908e+01 
9.997142e+01 
9.998449e+01 
9.999186e+01 
9.999591e+01 
9.999809e+01 
9.999921e+01 
9.999976e+01 
9.999997e+01 
1.000000e+02 
1.000000e+02 
1.000000e+02 
1.000000e+02 
1.000000e+02 
1.000000e+02 

1.000000e+02 
1.000000e+02 
1.000000e+02 
1.000000e+02 
1.000000e+02 
1.000000e+02 
9.999997e+01 
9.999978e+01 
9.999929e+01 
9.999826e+01 
9.999624e+01 
9.999242e+01 
9.998537e+01 
9.997262e+01 
9.995045e+01 
9.991378e+01 
9.985686e+01 
9.977484e+01 
9.966634e+01 
9.953615e+01 
9.939595e+01 
9.926172e+01 
9.914906e+01 
9.906899e+01 
9.902517e+01 
9.903318e+01 
9.913181e+01 
9.937221e+01 
9.979718e+01 
1.004057e+02 
1.011000e+02 
1.016944e+02 
1.019914e+02 
1.018691e+02 
1.013662e+02 
1.006588e+02 
9.995016e+01 
9.939290e+01 
9.904285e+01 
9.887420e+01 
9.883382e+01 
9.887053e+01 
9.894805e+01 
9.905575e+01 
9.919287e+01 
9.934740e+01 
9.950339e+01 
9.964509e+01 
9.976148e+01 
9.984864e+01 
9.990878e+01 
9.994743e+01 
9.997080e+01 
9.998427e+01 
9.999178e+01 
9.999588e+01 
9.999808e+01 
9.999921e+01 
9.999975e+01 
9.999997e+01 
1.000000e+02 
1.000000e+02 
1.000000e+02 
1.000000e+02 
1.000000e+02 
1.000000e+02 

1.000000e+02 
1.000000e+02 
1.000000e+02 
1.000000e+02 
1.000000e+02 
1.000000e+02 
9.999997e+01 
9.999978e+01 
9.999929e+01 
9.999826e+01 
9.999622e+01 
9.999237e+01 
9.998520e+01 
9.997215e+01 
9.994916e+01 
9.991045e+01 
9.984887e+01 
9.975710e+01 
9.963003e+01 
9.946791e+01 
9.927837e+01 
9.907532e+01 
9.887529e+01 
9.869338e+01 
9.852309e+01 
9.836125e+01 
9.823488e+01 
9.818501e+01 
9.825602e+01 
9.846247e+01 
9.875861e+01 
9.902815e+01 
9.912939e+01 
9.899370e+01 
9.866390e+01 
9.826791e+01 
9.795421e+01 
9.780355e+01 
9.781585e+01 
9.794605e+01 
9.813785e+01 
9.835005e+01 
9.855837e+01 
9.877149e+01 
9.899912e+01 
9.922501e+01 
9.943222e+01 
9.960711e+01 
9.974285e+01 
9.984020e+01 
9.990523e+01 
9.994603e+01 
9.997028e+01 
9.998409e+01 
9.999172e+01 
9.999586e+01 
9.999807e+01 
9.999921e+01 
9.999975e+01 
9.999997e+01 
1.000000e+02 
1.000000e+02 
1.000000e+02 
1.000000e+02 
1.000000e+02 
1.000000e+02 

1.000000e+02 
1.000000e+02 
1.000000e+02 
1.000000e+02 
1.000000e+02 
1.000000e+02 
9.999997e+01 
9.999978e+01 
9.999929e+01 
9.999825e+01 
9.999621e+01 
9.999233e+01 
9.998507e+01 
9.997177e+01 
9.994812e+01 
9.990777e+01 
9.984238e+01 
9.974247e+01 
9.959954e+01 
9.940949e+01 
9.917559e+01 
9.890896e+01 
9.862608e+01 
9.834527e+01 
9.804919e+01 
9.771463e+01 
9.735429e+01 
9.699662e+01 
9.668389e+01 
9.645405e+01 
9.631011e+01 
9.621069e+01 
9.610297e+01 
9.596312e+01 
9.583304e+01 
9.579710e+01 
9.591741e+01 
9.620106e+01 
9.659906e+01 
9.704098e+01 
9.747119e+01 
9.786021e+01 
9.819777e+01 
9.851281e+01 
9.882604e+01 
9.911779e+01 
9.937108e+01 
9.957507e+01 
9.972738e+01 
9.983328e+01 
9.990234e+01 
9.994489e+01 
9.996985e+01 
9.998394e+01 
9.999167e+01 
9.999585e+01 
9.999807e+01 
9.999921e+01 
9.999975e+01 
9.999997e+01 
1.000000e+02 
1.000000e+02 
1.000000e+02 
1.000000e+02 
1.000000e+02 
1.000000e+02 

1.000000e+02 
1.000000e+02 
1.000000e+02 
1.000000e+02 
1.000000e+02 
1.000000e+02 
9.999997e+01 
9.999978e+01 
9.999929e+01 
9.999825e+01 
9.999620e+01 
9.999230e+01 
9.998498e+01 
9.997150e+01 
9.994737e+01 
9.990580e+01 
9.983756e+01 
9.973149e+01 
9.957636e+01 
9.936441e+01 
9.909503e+01 
9.877654e+01 
9.842482e+01 
9.806052e+01 
9.765677e+01 
9.717275e+01 
9.660882e+01 
9.598387e+01 
9.534096e+01 
9.473884e+01 
9.422873e+01 
9.383420e+01 
9.355937e+01 
9.341892e+01 
9.345363e+01 
9.370750e+01 
9.418762e+01 
9.483935e+01 
9.556636e+01 
9.627694e+01 
9.691333e+01 
9.745467e+01 
9.790252e+01 
9.830346e+01 
9.868781e+01 
9.903336e+01 
9.932360e+01 
9.955051e+01 
9.971565e+01 
9.982807e+01 
9.990017e+01 
9.994404e+01 
9.996954e+01 
9.998383e+01 
9.999163e+01 
9.999584e+01 
9.999806e+01 
9.999921e+01 
9.999975e+01 
9.999997e+01 
1.000000e+02 
1.000000e+02 
1.000000e+02 
1.000000e+02 
1.000000e+02 
1.000000e+02 

1.000000e+02 
1.000000e+02 
1.000000e+02 
1.000000e+02 
1.000000e+02 
1.000000e+02 
9.999997e+01 
9.999978e+01 
9.999929e+01 
9.999825e+01 
9.999620e+01 
9.999228e+01 
9.998493e+01 
9.997134e+01 
9.994690e+01 
9.990458e+01 
9.983456e+01 
9.972458e+01 
9.956164e+01 
9.933546e+01 
9.904270e+01 
9.868951e+01 
9.829109e+01 
9.786947e+01 
9.739093e+01 
9.680215e+01 
9.609468e+01 
9.528118e+01 
9.440655e+01 
9.354525e+01 
9.278016e+01 
9.217827e+01 
9.178724e+01 
9.164665e+01 
9.179590e+01 
9.225335e+01 
9.298390e+01 
9.389149e+01 
9.484920e+01 
9.574910e+01 
9.653074e+01 
9.717882e+01 
9.770335e+01 
9.816340e+01 
9.859615e+01 
9.897788e+01 
9.929266e+01 
9.953461e+01 
9.970809e+01 
9.982472e+01 
9.989878e+01 
9.994350e+01 
9.996933e+01 
9.998375e+01 
9.999161e+01 
9.999583e+01 
9.999806e+01 
9.999921e+01 
9.999975e+01 
9.999997e+01 
1.000000e+02 
1.000000e+02 
1.000000e+02 
1.000000e+02 
1.000000e+02 
1.000000e+02 

1.000000e+02 
1.000000e+02 
1.000000e+02 
1.000000e+02 
1.000000e+02 
1.000000e+02 
9.999997e+01 
9.999978e+01 
9.999929e+01 
9.999825e+01 
9.999620e+01 
9.999228e+01 
9.998491e+01 
9.997128e+01 
9.994674e+01 
9.990413e+01 
9.983344e+01 
9.972200e+01 
9.955608e+01 
9.932438e+01 
9.902238e+01 
9.865519e+01 
9.823752e+01 
9.779173e+01 
9.728082e+01 
9.664529e+01 
9.587118e+01 
9.496570e+01 
9.397126e+01 
9.296768e+01 
9.205492e+01 
9.132796e+01 
9.086430e+01 
9.072257e+01 
9.094196e+01 
9.152171e+01 
9.239763e+01 
9.344637e+01 
9.452395e+01 
9.551669e+01 
9.636617e+01 
9.706226e+01 
9.762029e+01 
9.810558e+01 
9.855863e+01 
9.895530e+01 
9.928009e+01 
9.952813e+01 
9.970498e+01 
9.982332e+01 
9.989818e+01 
9.994325e+01 
9.996924e+01 
9.998372e+01 
9.999159e+01 
9.999582e+01 
9.999806e+01 
9.999921e+01 
9.999975e+01 
9.999997e+01 
1.000000e+02 
1.000000e+02 
1.000000e+02 
1.000000e+02 
1.000000e+02 
1.000000e+02 

1.000000e+02 
1.000000e+02 
1.000000e+02 
1.000000e+02 
1.000000e+02 
1.000000e+02 
9.999997e+01 
9.999978e+01 
9.999929e+01 
9.999825e+01 
9.999620e+01 
9.999228e+01 
9.998493e+01 
9.997133e+01 
9.994687e+01 
9.990446e+01 
9.983425e+01 
9.972381e+01 
9.955986e+01 
9.933164e+01 
9.903512e+01 
9.867567e+01 
9.826779e+01 
9.783314e+01 
9.733533e+01 
9.671551e+01 
9.595779e+01 
9.506432e+01 
9.406970e+01 
9.304723e+01 
9.209884e+01 
9.133124e+01 
9.083900e+01 
9.069578e+01 
9.094140e+01 
9.156067e+01 
9.247230e+01 
9.354067e+01 
9.461913e+01 
9.560039e+01 
9.643384e+01 
9.711447e+01 
9.765961e+01 
9.813399e+01 
9.857753e+01 
9.896677e+01 
9.928640e+01 
9.953126e+01 
9.970638e+01 
9.982388e+01 
9.989838e+01 
9.994331e+01 
9.996925e+01 
9.998372e+01 
9.999159e+01 
9.999582e+01 
9.999806e+01 
9.999921e+01 
9.999975e+01 
9.999997e+01 
1.000000e+02 
1.000000e+02 
1.000000e+02 
1.000000e+02 
1.000000e+02 
1.000000e+02 

1.000000e+02 
1.000000e+02 
1.000000e+02 
1.000000e+02 
1.000000e+02 
1.000000e+02 
9.999997e+01 
9.999978e+01 
9.999929e+01 
9.999825e+01 
9.999621e+01 
9.999230e+01 
9.998498e+01 
9.997149e+01 
9.994729e+01 
9.990557e+01 
9.983693e+01 
9.972989e+01 
9.957265e+01 
9.935641e+01 
9.907915e+01 
9.874757e+01 
9.837617e+01 
9.798503e+01 
9.754203e+01 
9.699579e+01 
9.633320e+01 
9.555484e+01 
9.468689e+01 
9.378832e+01 
9.294206e+01 
9.224269e+01 
9.178516e+01 
9.164207e+01 
9.185354e+01 
9.240650e+01 
9.321840e+01 
9.416410e+01 
9.511583e+01 
9.598090e+01 
9.671790e+01 
9.732371e+01 
9.781306e+01 
9.824315e+01 
9.864961e+01 
9.901061e+01 
9.931083e+01 
9.954371e+01 
9.971219e+01 
9.982638e+01 
9.989937e+01 
9.994368e+01 
9.996938e+01 
9.998376e+01 
9.999160e+01 
9.999583e+01 
9.999806e+01 
9.999921e+01 
9.999975e+01 
9.999997e+01 
1.000000e+02 
1.000000e+02 
1.000000e+02 
1.000000e+02 
1.000000e+02 
1.000000e+02 

1.000000e+02 
1.000000e+02 
1.000000e+02 
1.000000e+02 
1.000000e+02 
1.000000e+02 
9.999997e+01 
9.999978e+01 
9.999929e+01 
9.999826e+01 
9.999622e+01 
9.999233e+01 
9.998507e+01 
9.997175e+01 
9.994801e+01 
9.990741e+01 
9.984138e+01 
9.973994e+01 
9.959363e+01 
9.939669e+01 
9.915016e+01 
9.886267e+01 
9.854871e+01 
9.822596e+01 
9.786946e+01 
9.744082e+01 
9.693469e+01 
9.635594e+01 
9.572683e+01 
9.508592e+01 
9.448756e+01 
9.398847e+01 
9.364111e+01 
9.350232e+01 
9.361257e+01 
9.397237e+01 
9.453967e+01 
9.522717e+01 
9.593646e+01 
9.659751e+01 
9.717398e+01 
9.765895e+01 
9.805937e+01 
9.841917e+01 
9.876668e+01 
9.908252e+01 
9.935137e+01 
9.956465e+01 
9.972212e+01 
9.983072e+01 
9.990113e+01 
9.994434e+01 
9.996961e+01 
9.998383e+01 
9.999163e+01 
9.999583e+01 
9.999806e+01 
9.999921e+01 
9.999975e+01 
9.999997e+01 
1.000000e+02 
1.000000e+02 
1.000000e+02 
1.000000e+02 
1.000000e+02 
1.000000e+02 

1.000000e+02 
1.000000e+02 
1.000000e+02 
1.000000e+02 
1.000000e+02 
1.000000e+02 
9.999997e+01 
9.999978e+01 
9.999929e+01 
9.999826e+01 
9.999623e+01 
9.999238e+01 
9.998520e+01 
9.997211e+01 
9.994899e+01 
9.990994e+01 
9.984747e+01 
9.975351e+01 
9.962157e+01 
9.944956e+01 
9.924196e+01 
9.900932e+01 
9.876569e+01 
9.852568e+01 
9.827283e+01 
9.798448e+01 
9.766545e+01 
9.732887e+01 
9.699493e+01 
9.668724e+01 
9.641655e+01 
9.618408e+01 
9.599700e+01 
9.587124e+01 
9.584307e+01 
9.594914e+01 
9.619136e+01 
9.653979e+01 
9.694451e+01 
9.735411e+01 
9.773611e+01 
9.807533e+01 
9.836816e+01 
9.864223e+01 
9.891699e+01 
9.917624e+01 
9.940509e+01 
9.959286e+01 
9.973571e+01 
9.983675e+01 
9.990361e+01 
9.994529e+01 
9.996995e+01 
9.998395e+01 
9.999166e+01 
9.999584e+01 
9.999807e+01 
9.999921e+01 
9.999975e+01 
9.999997e+01 
1.000000e+02 
1.000000e+02 
1.000000e+02 
1.000000e+02 
1.000000e+02 
1.000000e+02 

1.000000e+02 
1.000000e+02 
1.000000e+02 
1.000000e+02 
1.000000e+02 
1.000000e+02 
9.999997e+01 
9.999978e+01 
9.999929e+01 
9.999827e+01 
9.999625e+01 
9.999243e+01 
9.998536e+01 
9.997257e+01 
9.995024e+01 
9.991311e+01 
9.985499e+01 
9.977003e+01 
9.965497e+01 
9.951152e+01 
9.934731e+01 
9.917423e+01 
9.900508e+01 
9.885071e+01 
9.870284e+01 
9.855360e+01 
9.841621e+01 
9.830955e+01 
9.825272e+01 
9.825083e+01 
9.828541e+01 
9.831136e+01 
9.827895e+01 
9.817413e+01 
9.802643e+01 
9.789317e+01 
9.783071e+01 
9.786167e+01 
9.797407e+01 
9.813997e+01 
9.833002e+01 
9.852273e+01 
9.870540e+01 
9.888990e+01 
9.908703e+01 
9.928445e+01 
9.946843e+01 
9.962682e+01 
9.975239e+01 
9.984428e+01 
9.990675e+01 
9.994651e+01 
9.997039e+01 
9.998410e+01 
9.999171e+01 
9.999586e+01 
9.999807e+01 
9.999921e+01 
9.999975e+01 
9.999997e+01 
1.000000e+02 
1.000000e+02 
1.000000e+02 
1.000000e+02 
1.000000e+02 
1.000000e+02 

1.000000e+02 
1.000000e+02 
1.000000e+02 
1.000000e+02 
1.000000e+02 
1.000000e+02 
9.999997e+01 
9.999978e+01 
9.999930e+01 
9.999827e+01 
9.999627e+01 
9.999250e+01 
9.998556e+01 
9.997313e+01 
9.995173e+01 
9.991685e+01 
9.986372e+01 
9.978885e+01 
9.969220e+01 
9.957887e+01 
9.945889e+01 
9.934439e+01 
9.924595e+01 
9.917019e+01 
9.911520e+01 
9.908423e+01 
9.909391e+01 
9.916304e+01 
9.930456e+01 
9.951107e+01 
9.974124e+01 
9.992622e+01 
9.999688e+01 
9.991754e+01 
9.970909e+01 
9.943776e+01 
9.917918e+01 
9.898793e+01 
9.888398e+01 
9.885835e+01 
9.888949e+01 
9.895547e+01 
9.903931e+01 
9.914071e+01 
9.926348e+01 
9.939965e+01 
9.953762e+01 
9.966485e+01 
9.977150e+01 
9.985308e+01 
9.991049e+01 
9.994798e+01 
9.997093e+01 
9.998429e+01 
9.999177e+01 
9.999588e+01 
9.999807e+01 
9.999921e+01 
9.999975e+01 
9.999997e+01 
1.000000e+02 
1.000000e+02 
1.000000e+02 
1.000000e+02 
1.000000e+02 
1.000000e+02 

1.000000e+02 
1.000000e+02 
1.000000e+02 
1.000000e+02 
1.000000e+02 
1.000000e+02 
9.999997e+01 
9.999978e+01 
9.999930e+01 
9.999828e+01 
9.999629e+01 
9.999257e+01 
9.998579e+01 
9.997377e+01 
9.995343e+01 
9.992107e+01 
9.987341e+01 
9.980929e+01 
9.973158e+01 
9.964808e+01 
9.957005e+01 
9.950865e+01 
9.947136e+01 
9.946041e+01 
9.947795e+01 
9.953367e+01 
9.964265e+01 
9.981846e+01 
1.000650e+02 
1.003650e+02 
1.006724e+02 
1.009175e+02 
1.010307e+02 
1.009749e+02 
1.007631e+02 
1.004524e+02 
1.001175e+02 
9.982071e+01 
9.959568e+01 
9.944869e+01 
9.936900e+01 
9.933986e+01 
9.934512e+01 
9.937702e+01 
9.943480e+01 
9.951498e+01 
9.960904e+01 
9.970526e+01 
9.979235e+01 
9.986291e+01 
9.991474e+01 
9.994968e+01 
9.997156e+01 
9.998451e+01 
9.999185e+01 
9.999590e+01 
9.999808e+01 
9.999921e+01 
9.999975e+01 
9.999997e+01 
1.000000e+02 
1.000000e+02 
1.000000e+02 
1.000000e+02 
1.000000e+02 
1.000000e+02 

1.000000e+02 
1.000000e+02 
1.000000e+02 
1.000000e+02 
1.000000e+02 
1.000000e+02 
9.999997e+01 
9.999978e+01 
9.999930e+01 
9.999829e+01 
9.999632e+01 
9.999266e+01 
9.998604e+01 
9.997449e+01 
9.995532e+01 
9.992570e+01 
9.988382e+01 
9.983068e+01 
9.977157e+01 
9.971605e+01 
9.967540e+01 
9.965870e+01 
9.966984e+01 
9.970698e+01 
9.977425e+01 
9.988387e+01 
1.000466e+02 
1.002691e+02 
1.005472e+02 
1.008590e+02 
1.011612e+02 
1.013963e+02 
1.015101e+02 
1.014726e+02 
1.012912e+02 
1.010077e+02 
1.006806e+02 
1.003646e+02 
1.000964e+02 
9.989114e+01 
9.974796e+01 
9.965738e+01 
9.960732e+01 
9.958668e+01 
9.959226e+01 
9.962483e+01 
9.967949e+01 
9.974646e+01 
9.981425e+01 
9.987349e+01 
9.991941e+01 
9.995157e+01 
9.997228e+01 
9.998476e+01 
9.999193e+01 
9.999592e+01 
9.999809e+01 
9.999921e+01 
9.999976e+01 
9.999997e+01 
1.000000e+02 
1.000000e+02 
1.000000e+02 
1.000000e+02 
1.000000e+02 
1.000000e+02 

1.000000e+02 
1.000000e+02 
1.000000e+02 
1.000000e+02 
1.000000e+02 
1.000000e+02 
9.999997e+01 
9.999978e+01 
9.999930e+01 
9.999830e+01 
9.999635e+01 
9.999276e+01 
9.998633e+01 
9.997528e+01 
9.995738e+01 
9.993064e+01 
9.989467e+01 
9.985237e+01 
9.981081e+01 
9.978031e+01 
9.977109e+01 
9.978941e+01 
9.983556e+01 
9.990441e+01 
1.000007e+02 
1.001368e+02 
1.003186e+02 
1.005471e+02 
1.008135e+02 
1.010958e+02 
1.013582e+02 
1.015578e+02 
1.016556e+02 
1.016306e+02 
1.014866e+02 
1.012521e+02 
1.009687e+02 
1.006791e+02 
1.004155e+02 
1.001962e+02 
1.000265e+02 
9.990342e+01 
9.981957e+01 
9.976328e+01 
9.973039e+01 
9.972517e+01 
9.974639e+01 
9.978705e+01 
9.983654e+01 
9.988458e+01 
9.992442e+01 
9.995365e+01 
9.997307e+01 
9.998504e+01 
9.999202e+01 
9.999595e+01 
9.999810e+01 
9.999922e+01 
9.999976e+01 
9.999997e+01 
1.000000e+02 
1.000000e+02 
1.000000e+02 
1.000000e+02 
1.000000e+02 
1.000000e+02 

1.000000e+02 
1.000000e+02 
1.000000e+02 
1.000000e+02 
1.000000e+02 
1.000000e+02 
9.999997e+01 
9.999978e+01 
9.999931e+01 
9.999831e+01 
9.999639e+01 
9.999288e+01 
9.998668e+01 
9.997625e+01 
9.995986e+01 
9.993646e+01 
9.990712e+01 
9.987641e+01 
9.985262e+01 
9.984582e+01 
9.986408e+01 
9.991020e+01 
9.998099e+01 
1.000689e+02 
1.001786e+02 
1.003212e+02 
1.004986e+02 
1.007078e+02 
1.009386e+02 
1.011718e+02 
1.013811e+02 
1.015368e+02 
1.016134e+02 
1.015971e+02 
1.014902e+02 
1.013102e+02 
1.010847e+02 
1.008433e+02 
1.006114e+02 
1.004059e+02 
1.002351e+02 
1.001004e+02 
9.999900e+01 
9.992001e+01 
9.985914e+01 
9.982332e+01 
9.981495e+01 
9.983047e+01 
9.986134e+01 
9.989734e+01 
9.993035e+01 
9.995615e+01 
9.997405e+01 
9.998539e+01 
9.999214e+01 
9.999599e+01 
9.999811e+01 
9.999922e+01 
9.999976e+01 
9.999997e+01 
1.000000e+02 
1.000000e+02 
1.000000e+02 
1.000000e+02 
1.000000e+02 
1.000000e+02 

1.000000e+02 
1.000000e+02 
1.000000e+02 
1.000000e+02 
1.000000e+02 
1.000000e+02 
9.999997e+01 
9.999978e+01 
9.999931e+01 
9.999832e+01 
9.999644e+01 
9.999304e+01 
9.998717e+01 
9.997756e+01 
9.996313e+01 
9.994393e+01 
9.992254e+01 
9.990493e+01 
9.989979e+01 
9.991567e+01 
9.995732e+01 
1.000236e+02 
1.001084e+02 
1.002029e+02 
1.003116e+02 
1.004436e+02 
1.005980e+02 
1.007698e+02 
1.009499e+02 
1.011241e+02 
1.012751e+02 
1.013850e+02 
1.014390e+02 
1.014292e+02 
1.013567e+02 
1.012312e+02 
1.010686e+02 
1.008873e+02 
1.007042e+02 
1.005326e+02 
1.003808e+02 
1.002527e+02 
1.001487e+02 
1.000597e+02 
9.998157e+01 
9.992264e+01 
9.988854e+01 
9.987972e+01 
9.989089e+01 
9.991320e+01 
9.993799e+01 
9.995947e+01 
9.997537e+01 
9.998588e+01 
9.999231e+01 
9.999604e+01 
9.999812e+01 
9.999922e+01 
9.999976e+01 
9.999997e+01 
1.000000e+02 
1.000000e+02 
1.000000e+02 
1.000000e+02 
1.000000e+02 
1.000000e+02 

1.000000e+02 
1.000000e+02 
1.000000e+02 
1.000000e+02 
1.000000e+02 
1.000000e+02 
9.999997e+01 
9.999979e+01 
9.999932e+01 
9.999835e+01 
9.999652e+01 
9.999327e+01 
9.998783e+01 
9.997931e+01 
9.996738e+01 
9.995327e+01 
9.994088e+01 
9.993694e+01 
9.994923e+01 
9.998344e+01 
1.000403e+02 
1.001153e+02 
1.002007e+02 
1.002884e+02 
1.003824e+02 
1.004902e+02 
1.006093e+02 
1.007351e+02 
1.008609e+02 
1.009779e+02 
1.010761e+02 
1.011460e+02 
1.011801e+02 
1.011746e+02 
1.011299e+02 
1.010507e+02 
1.009450e+02 
1.008228e+02 
1.006937e+02 
1.005665e+02 
1.004476e+02 
1.003411e+02 
1.002491e+02 
1.001643e+02 
1.000827e+02 
1.000123e+02 
9.996069e+01 
9.993173e+01 
9.992424e+01 
9.993217e+01 
9.994758e+01 
9.996381e+01 
9.997714e+01 
9.998654e+01 
9.999254e+01 
9.999612e+01 
9.999814e+01 
9.999923e+01 
9.999976e+01 
9.999997e+01 
1.000000e+02 
1.000000e+02 
1.000000e+02 
1.000000e+02 
1.000000e+02 
1.000000e+02 

1.000000e+02 
1.000000e+02 
1.000000e+02 
1.000000e+02 
1.000000e+02 
1.000000e+02 
9.999997e+01 
9.999979e+01 
9.999932e+01 
9.999838e+01 
9.999662e+01 
9.999359e+01 
9.998872e+01 
9.998161e+01 
9.997274e+01 
9.996445e+01 
9.996144e+01 
9.997004e+01 
9.999577e+01 
1.000406e+02 
1.001016e+02 
1.001725e+02 
1.002462e+02 
1.003167e+02 
1.003878e+02 
1.004650e+02 
1.005462e+02 
1.006281e+02 
1.007065e+02 
1.007769e+02 
1.008343e+02 
1.008744e+02 
1.008938e+02 
1.008909e+02 
1.008658e+02 
1.008205e+02 
1.007587e+02 
1.006848e+02 
1.006037e+02 
1.005203e+02 
1.004383e+02 
1.003610e+02 
1.002903e+02 
1.002209e+02 
1.001489e+02 
1.000805e+02 
1.000226e+02 
9.998124e+01 
9.995902e+01 
9.995356e+01 
9.995912e+01 
9.996932e+01 
9.997949e+01 
9.998745e+01 
9.999286e+01 
9.999622e+01 
9.999818e+01 
9.999924e+01 
9.999976e+01 
9.999997e+01 
1.000000e+02 
1.000000e+02 
1.000000e+02 
1.000000e+02 
1.000000e+02 
1.000000e+02 

1.000000e+02 
1.000000e+02 
1.000000e+02 
1.000000e+02 
1.000000e+02 
1.000000e+02 
9.999997e+01 
9.999979e+01 
9.999934e+01 
9.999842e+01 
9.999677e+01 
9.999403e+01 
9.998991e+01 
9.998455e+01 
9.997920e+01 
9.997694e+01 
9.998241e+01 
1.000003e+02 
1.000328e+02 
1.000787e+02 
1.001331e+02 
1.001901e+02 
1.002448e+02 
1.002939e+02 
1.003408e+02 
1.003895e+02 
1.004383e+02 
1.004857e+02 
1.005295e+02 
1.005675e+02 
1.005978e+02 
1.006186e+02 
1.006286e+02 
1.006271e+02 
1.006142e+02 
1.005907e+02 
1.005579e+02 
1.005178e+02 
1.004723e+02 
1.004236e+02 
1.003738e+02 
1.003247e+02 
1.002776e+02 
1.002286e+02 
1.001743e+02 
1.001183e+02 
1.000654e+02 
1.000215e+02 
9.999119e+01 
9.997559e+01 
9.997213e+01 
9.997599e+01 
9.998250e+01 
9.998867e+01 
9.999330e+01 
9.999637e+01 
9.999822e+01 
9.999925e+01 
9.999976e+01 
9.999997e+01 
1.000000e+02 
1.000000e+02 
1.000000e+02 
1.000000e+02 
1.000000e+02 
1.000000e+02 

1.000000e+02 
1.000000e+02 
1.000000e+02 
1.000000e+02 
1.000000e+02 
1.000000e+02 
9.999997e+01 
9.999979e+01 
9.999935e+01 
9.999849e+01 
9.999697e+01 
9.999462e+01 
9.999144e+01 
9.998809e+01 
9.998641e+01 
9.998955e+01 
1.000010e+02 
1.000230e+02 
1.000550e+02 
1.000937e+02 
1.001346e+02 
1.001739e+02 
1.002089e+02 
1.002387e+02 
1.002658e+02 
1.002928e+02 
1.003190e+02 
1.003435e+02 
1.003655e+02 
1.003841e+02 
1.003987e+02 
1.004085e+02 
1.004132e+02 
1.004124e+02 
1.004063e+02 
1.003951e+02 
1.003793e+02 
1.003594e+02 
1.003364e+02 
1.003110e+02 
1.002842e+02 
1.002566e+02 
1.002292e+02 
1.001992e+02 
1.001640e+02 
1.001250e+02 
1.000845e+02 
1.000468e+02 
1.000160e+02 
9.999544e+01 
9.998538e+01 
9.998350e+01 
9.998617e+01 
9.999024e+01 
9.999391e+01 
9.999658e+01 
9.999828e+01 
9.999927e+01 
9.999977e+01 
9.999997e+01 
1.000000e+02 
1.000000e+02 
1.000000e+02 
1.000000e+02 
1.000000e+02 
1.000000e+02 

1.000000e+02 
1.000000e+02 
1.000000e+02 
1.000000e+02 
1.000000e+02 
1.000000e+02 
9.999997e+01 
9.999980e+01 
9.999938e+01 
9.999857e+01 
9.999725e+01 
9.999538e+01 
9.999330e+01 
9.999206e+01 
9.999362e+01 
1.000005e+02 
1.000143e+02 
1.000351e+02 
1.000607e+02 
1.000881e+02 
1.001144e+02 
1.001376e+02 
1.001572e+02 
1.001730e+02 
1.001869e+02 
1.002002e+02 
1.002128e+02 
1.002243e+02 
1.002343e+02 
1.002427e+02 
1.002491e+02 
1.002534e+02 
1.002554e+02 
1.002550e+02 
1.002523e+02 
1.002473e+02 
1.002403e+02 
1.002313e+02 
1.002207e+02 
1.002087e+02 
1.001957e+02 
1.001819e+02 
1.001677e+02 
1.001517e+02 
1.001319e+02 
1.001085e+02 
1.000823e+02 
1.000552e+02 
1.000301e+02 
1.000100e+02 
9.999706e+01 
9.999111e+01 
9.999032e+01 
9.999217e+01 
9.999469e+01 
9.999686e+01 
9.999837e+01 
9.999929e+01 
9.999977e+01 
9.999997e+01 
1.000000e+02 
1.000000e+02 
1.000000e+02 
1.000000e+02 
1.000000e+02 
1.000000e+02 

1.000000e+02 
1.000000e+02 
1.000000e+02 
1.000000e+02 
1.000000e+02 
1.000000e+02 
9.999998e+01 
9.999981e+01 
9.999941e+01 
9.999869e+01 
9.999761e+01 
9.999631e+01 
9.999538e+01 
9.999599e+01 
9.999973e+01 
1.000079e+02 
1.000205e+02 
1.000364e+02 
1.000536e+02 
1.000700e+02 
1.000844e+02 
1.000964e+02 
1.001060e+02 
1.001135e+02 
1.001198e+02 
1.001258e+02 
1.001313e+02 
1.001362e+02 
1.001404e+02 
1.001439e+02 
1.001465e+02 
1.001482e+02 
1.001490e+02 
1.001488e+02 
1.001477e+02 
1.001456e+02 
1.001427e+02 
1.001389e+02 
1.001344e+02 
1.001292e+02 
1.001235e+02 
1.001173e+02 
1.001107e+02 
1.001030e+02 
1.000933e+02 
1.000811e+02 
1.000665e+02 
1.000501e+02 
1.000331e+02 
1.000175e+02 
1.000053e+02 
9.999768e+01 
9.999449e+01 
9.999436e+01 
9.999567e+01 
9.999723e+01 
9.999850e+01 
9.999933e+01 
9.999978e+01 
9.999997e+01 
1.000000e+02 
1.000000e+02 
1.000000e+02 
1.000000e+02 
1.000000e+02 
1.000000e+02 

1.000000e+02 
1.000000e+02 
1.000000e+02 
1.000000e+02 
1.000000e+02 
1.000000e+02 
9.999998e+01 
9.999982e+01 
9.999946e+01 
9.999885e+01 
9.999805e+01 
9.999735e+01 
9.999744e+01 
9.999926e+01 
1.000037e+02 
1.000109e+02 
1.000202e+02 
1.000302e+02 
1.000398e+02 
1.000483e+02 
1.000552e+02 
1.000607e+02 
1.000649e+02 
1.000681e+02 
1.000707e+02 
1.000731e+02 
1.000753e+02 
1.000773e+02 
1.000789e+02 
1.000802e+02 
1.000812e+02 
1.000819e+02 
1.000821e+02 
1.000821e+02 
1.000816e+02 
1.000808e+02 
1.000797e+02 
1.000782e+02 
1.000764e+02 
1.000743e+02 
1.000720e+02 
1.000694e+02 
1.000666e+02 
1.000633e+02 
1.000590e+02 
1.000534e+02 
1.000464e+02 
1.000378e+02 
1.000282e+02 
1.000182e+02 
1.000091e+02 
1.000021e+02 
9.999805e+01 
9.999656e+01 
9.999677e+01 
9.999770e+01 
9.999867e+01 
9.999938e+01 
9.999979e+01 
9.999997e+01 
1.000000e+02 
1.000000e+02 
1.000000e+02 
1.000000e+02 
1.000000e+02 
1.000000e+02 

1.000000e+02 
1.000000e+02 
1.000000e+02 
1.000000e+02 
1.000000e+02 
1.000000e+02 
9.999998e+01 
9.999983e+01 
9.999952e+01 
9.999904e+01 
9.999854e+01 
9.999838e+01 
9.999911e+01 
1.000013e+02 
1.000051e+02 
1.000101e+02 
1.000157e+02 
1.000210e+02 
1.000256e+02 
1.000294e+02 
1.000324e+02 
1.000346e+02 
1.000363e+02 
1.000375e+02 
1.000385e+02 
1.000394e+02 
1.000402e+02 
1.000409e+02 
1.000415e+02 
1.000420e+02 
1.000423e+02 
1.000426e+02 
1.000427e+02 
1.000426e+02 
1.000424e+02 
1.000421e+02 
1.000417e+02 
1.000412e+02 
1.000405e+02 
1.000397e+02 
1.000388e+02 
1.000379e+02 
1.000368e+02 
1.000355e+02 
1.000337e+02 
1.000314e+02 
1.000284e+02 
1.000245e+02 
1.000198e+02 
1.000145e+02 
1.000090e+02 
1.000040e+02 
1.000004e+02 
9.999841e+01 
9.999788e+01 
9.999823e+01 
9.999887e+01 
9.999944e+01 
9.999981e+01 
9.999998e+01 
1.000000e+02 
1.000000e+02 
1.000000e+02 
1.000000e+02 
1.000000e+02 
1.000000e+02 

1.000000e+02 
1.000000e+02 
1.000000e+02 
1.000000e+02 
1.000000e+02 
1.000000e+02 
9.999998e+01 
9.999985e+01 
9.999960e+01 
9.999926e+01 
9.999903e+01 
9.999920e+01 
1.000001e+02 
1.000019e+02 
1.000045e+02 
1.000073e+02 
1.000101e+02 
1.000125e+02 
1.000144e+02 
1.000159e+02 
1.000170e+02 
1.000178e+02 
1.000184e+02 
1.000189e+02 
1.000192e+02 
1.000195e+02 
1.000198e+02 
1.000201e+02 
1.000203e+02 
1.000204e+02 
1.000205e+02 
1.000206e+02 
1.000206e+02 
1.000206e+02 
1.000206e+02 
1.000204e+02 
1.000203e+02 
1.000201e+02 
1.000199e+02 
1.000196e+02 
1.000193e+02 
1.000189e+02 
1.000185e+02 
1.000181e+02 
1.000174e+02 
1.000166e+02 
1.000154e+02 
1.000138e+02 
1.000118e+02 
1.000094e+02 
1.000066e+02 
1.000038e+02 
1.000013e+02 
9.999961e+01 
9.999882e+01 
9.999877e+01 
9.999911e+01 
9.999953e+01 
9.999983e+01 
9.999998e+01 
1.000000e+02 
1.000000e+02 
1.000000e+02 
1.000000e+02 
1.000000e+02 
1.000000e+02 

1.000000e+02 
1.000000e+02 
1.000000e+02 
1.000000e+02 
1.000000e+02 
1.000000e+02 
9.999999e+01 
9.999988e+01 
9.999969e+01 
9.999948e+01 
9.999942e+01 
9.999971e+01 
1.000004e+02 
1.000016e+02 
1.000029e+02 
1.000042e+02 
1.000054e+02 
1.000063e+02 
1.000070e+02 
1.000075e+02 
1.000079e+02 
1.000082e+02 
1.000084e+02 
1.000085e+02 
1.000086e+02 
1.000087e+02 
1.000088e+02 
1.000089e+02 
1.000089e+02 
1.000090e+02 
1.000090e+02 
1.000090e+02 
1.000091e+02 
1.000090e+02 
1.000090e+02 
1.000090e+02 
1.000089e+02 
1.000089e+02 
1.000088e+02 
1.000087e+02 
1.000086e+02 
1.000085e+02 
1.000083e+02 
1.000082e+02 
1.000080e+02 
1.000077e+02 
1.000073e+02 
1.000067e+02 
1.000060e+02 
1.000050e+02 
1.000038e+02 
1.000025e+02 
1.000012e+02 
1.000001e+02 
9.999943e+01 
9.999922e+01 
9.999936e+01 
9.999963e+01 
9.999986e+01 
9.999998e+01 
1.000000e+02 
1.000000e+02 
1.000000e+02 
1.000000e+02 
1.000000e+02 
1.000000e+02 

1.000000e+02 
1.000000e+02 
1.000000e+02 
1.000000e+02 
1.000000e+02 
1.000000e+02 
9.999999e+01 
9.999991e+01 
9.999977e+01 
9.999966e+01 
9.999967e+01 
9.999989e+01 
1.000003e+02 
1.000008e+02 
1.000014e+02 
1.000019e+02 
1.000023e+02 
1.000026e+02 
1.000028e+02 
1.000029e+02 
1.000031e+02 
1.000031e+02 
1.000032e+02 
1.000032e+02 
1.000033e+02 
1.000033e+02 
1.000033e+02 
1.000033e+02 
1.000034e+02 
1.000034e+02 
1.000034e+02 
1.000034e+02 
1.000034e+02 
1.000034e+02 
1.000034e+02 
1.000034e+02 
1.000033e+02 
1.000033e+02 
1.000033e+02 
1.000033e+02 
1.000032e+02 
1.000032e+02 
1.000032e+02 
1.000031e+02 
1.000030e+02 
1.000030e+02 
1.000028e+02 
1.000027e+02 
1.000024e+02 
1.000021e+02 
1.000017e+02 
1.000012e+02 
1.000006e+02 
1.000001e+02 
9.999972e+01 
9.999954e+01 
9.999957e+01 
9.999973e+01 
9.999989e+01 
9.999999e+01 
1.000000e+02 
1.000000e+02 
1.000000e+02 
1.000000e+02 
1.000000e+02 
1.000000e+02 

1.000000e+02 
1.000000e+02 
1.000000e+02 
1.000000e+02 
1.000000e+02 
1.000000e+02 
9.999999e+01 
9.999993e+01 
9.999985e+01 
9.999978e+01 
9.999979e+01 
9.999988e+01 
1.000000e+02 
1.000002e+02 
1.000004e+02 
1.000005e+02 
1.000006e+02 
1.000007e+02 
1.000008e+02 
1.000008e+02 
1.000008e+02 
1.000008e+02 
1.000009e+02 
1.000009e+02 
1.000009e+02 
1.000009e+02 
1.000009e+02 
1.000009e+02 
1.000009e+02 
1.000009e+02 
1.000009e+02 
1.000009e+02 
1.000009e+02 
1.000009e+02 
1.000009e+02 
1.000009e+02 
1.000009e+02 
1.000009e+02 
1.000009e+02 
1.000009e+02 
1.000009e+02 
1.000009e+02 
1.000008e+02 
1.000008e+02 
1.000008e+02 
1.000008e+02 
1.000008e+02 
1.000007e+02 
1.000006e+02 
1.000006e+02 
1.000004e+02 
1.000003e+02 
1.000001e+02 
9.999994e+01 
9.999979e+01 
9.999972e+01 
9.999973e+01 
9.999982e+01 
9.999992e+01 
9.999999e+01 
1.000000e+02 
1.000000e+02 
1.000000e+02 
1.000000e+02 
1.000000e+02 
1.000000e+02 

1.000000e+02 
1.000000e+02 
1.000000e+02 
1.000000e+02 
1.000000e+02 
1.000000e+02 
1.000000e+02 
9.999996e+01 
9.999991e+01 
9.999986e+01 
9.999984e+01 
9.999985e+01 
9.999988e+01 
9.999991e+01 
9.999994e+01 
9.999997e+01 
9.999999e+01 
1.000000e+02 
1.000000e+02 
1.000000e+02 
1.000000e+02 
1.000000e+02 
1.000000e+02 
1.000000e+02 
1.000000e+02 
1.000000e+02 
1.000000e+02 
1.000000e+02 
1.000000e+02 
1.000000e+02 
1.000000e+02 
1.000000e+02 
1.000000e+02 
1.000000e+02 
1.000000e+02 
1.000000e+02 
1.000000e+02 
1.000000e+02 
1.000000e+02 
1.000000e+02 
1.000000e+02 
1.000000e+02 
1.000000e+02 
1.000000e+02 
1.000000e+02 
1.000000e+02 
9.999999e+01 
9.999999e+01 
9.999997e+01 
9.999996e+01 
9.999994e+01 
9.999991e+01 
9.999988e+01 
9.999984e+01 
9.999981e+01 
9.999981e+01 
9.999984e+01 
9.999989e+01 
9.999995e+01 
1.000000e+02 
1.000000e+02 
1.000000e+02 
1.000000e+02 
1.000000e+02 
1.000000e+02 
1.000000e+02 

1.000000e+02 
1.000000e+02 
1.000000e+02 
1.000000e+02 
1.000000e+02 
1.000000e+02 
1.000000e+02 
9.999998e+01 
9.999995e+01 
9.999991e+01 
9.999989e+01 
9.999987e+01 
9.999987e+01 
9.999986e+01 
9.999986e+01 
9.999985e+01 
9.999985e+01 
9.999985e+01 
9.999985e+01 
9.999985e+01 
9.999985e+01 
9.999985e+01 
9.999985e+01 
9.999985e+01 
9.999985e+01 
9.999985e+01 
9.999985e+01 
9.999985e+01 
9.999985e+01 
9.999985e+01 
9.999985e+01 
9.999985e+01 
9.999985e+01 
9.999985e+01 
9.999985e+01 
9.999985e+01 
9.999985e+01 
9.999985e+01 
9.999985e+01 
9.999985e+01 
9.999985e+01 
9.999985e+01 
9.999985e+01 
9.999985e+01 
9.999985e+01 
9.999985e+01 
9.999985e+01 
9.999985e+01 
9.999985e+01 
9.999985e+01 
9.999985e+01 
9.999985e+01 
9.999985e+01 
9.999985e+01 
9.999986e+01 
9.999988e+01 
9.999991e+01 
9.999994e+01 
9.999998e+01 
1.000000e+02 
1.000000e+02 
1.000000e+02 
1.000000e+02 
1.000000e+02 
1.000000e+02 
1.000000e+02 

1.000000e+02 
1.000000e+02 
1.000000e+02 
1.000000e+02 
1.000000e+02 
1.000000e+02 
1.000000e+02 
9.999999e+01 
9.999998e+01 
9.999996e+01 
9.999994e+01 
9.999993e+01 
9.999992e+01 
9.999991e+01 
9.999991e+01 
9.999991e+01 
9.999990e+01 
9.999990e+01 
9.999990e+01 
9.999990e+01 
9.999990e+01 
9.999990e+01 
9.999990e+01 
9.999990e+01 
9.999990e+01 
9.999990e+01 
9.999990e+01 
9.999990e+01 
9.999990e+01 
9.999990e+01 
9.999990e+01 
9.999990e+01 
9.999990e+01 
9.999990e+01 
9.999990e+01 
9.999990e+01 
9.999990e+01 
9.999990e+01 
9.999990e+01 
9.999990e+01 
9.999990e+01 
9.999990e+01 
9.999990e+01 
9.999990e+01 
9.999990e+01 
9.999990e+01 
9.999990e+01 
9.999990e+01 
9.999990e+01 
9.999990e+01 
9.999991e+01 
9.999991e+01 
9.999991e+01 
9.999992e+01 
9.999993e+01 
9.999994e+01 
9.999996e+01 
9.999998e+01 
9.999999e+01 
1.000000e+02 
1.000000e+02 
1.000000e+02 
1.000000e+02 
1.000000e+02 
1.000000e+02 
1.000000e+02 

1.000000e+02 
1.000000e+02 
1.000000e+02 
1.000000e+02 
1.000000e+02 
1.000000e+02 
1.000000e+02 
1.000000e+02 
9.999999e+01 
9.999999e+01 
9.999998e+01 
9.999998e+01 
9.999998e+01 
9.999997e+01 
9.999997e+01 
9.999997e+01 
9.999997e+01 
9.999997e+01 
9.999997e+01 
9.999997e+01 
9.999997e+01 
9.999997e+01 
9.999997e+01 
9.999997e+01 
9.999997e+01 
9.999997e+01 
9.999997e+01 
9.999997e+01 
9.999997e+01 
9.999997e+01 
9.999997e+01 
9.999997e+01 
9.999997e+01 
9.999997e+01 
9.999997e+01 
9.999997e+01 
9.999997e+01 
9.999997e+01 
9.999997e+01 
9.999997e+01 
9.999997e+01 
9.999997e+01 
9.999997e+01 
9.999997e+01 
9.999997e+01 
9.999997e+01 
9.999997e+01 
9.999997e+01 
9.999997e+01 
9.999997e+01 
9.999997e+01 
9.999997e+01 
9.999997e+01 
9.999998e+01 
9.999998e+01 
9.999998e+01 
9.999999e+01 
9.999999e+01 
1.000000e+02 
1.000000e+02 
1.000000e+02 
1.000000e+02 
1.000000e+02 
1.000000e+02 
1.000000e+02 
1.000000e+02 

1.000000e+02 
1.000000e+02 
1.000000e+02 
1.000000e+02 
1.000000e+02 
1.000000e+02 
1.000000e+02 
1.000000e+02 
1.000000e+02 
1.000000e+02 
1.000000e+02 
1.000000e+02 
1.000000e+02 
1.000000e+02 
1.000000e+02 
1.000000e+02 
1.000000e+02 
1.000000e+02 
1.000000e+02 
1.000000e+02 
1.000000e+02 
1.000000e+02 
1.000000e+02 
1.000000e+02 
1.000000e+02 
1.000000e+02 
1.000000e+02 
1.000000e+02 
1.000000e+02 
1.000000e+02 
1.000000e+02 
1.000000e+02 
1.000000e+02 
1.000000e+02 
1.000000e+02 
1.000000e+02 
1.000000e+02 
1.000000e+02 
1.000000e+02 
1.000000e+02 
1.000000e+02 
1.000000e+02 
1.000000e+02 
1.000000e+02 
1.000000e+02 
1.000000e+02 
1.000000e+02 
1.000000e+02 
1.000000e+02 
1.000000e+02 
1.000000e+02 
1.000000e+02 
1.000000e+02 
1.000000e+02 
1.000000e+02 
1.000000e+02 
1.000000e+02 
1.000000e+02 
1.000000e+02 
1.000000e+02 
1.000000e+02 
1.000000e+02 
1.000000e+02 
1.000000e+02 
1.000000e+02 
1.000000e+02 

1.000000e+02 
1.000000e+02 
1.000000e+02 
1.000000e+02 
1.000000e+02 
1.000000e+02 
1.000000e+02 
1.000000e+02 
1.000000e+02 
1.000000e+02 
1.000000e+02 
1.000000e+02 
1.000000e+02 
1.000000e+02 
1.000000e+02 
1.000000e+02 
1.000000e+02 
1.000000e+02 
1.000000e+02 
1.000000e+02 
1.000000e+02 
1.000000e+02 
1.000000e+02 
1.000000e+02 
1.000000e+02 
1.000000e+02 
1.000000e+02 
1.000000e+02 
1.000000e+02 
1.000000e+02 
1.000000e+02 
1.000000e+02 
1.000000e+02 
1.000000e+02 
1.000000e+02 
1.000000e+02 
1.000000e+02 
1.000000e+02 
1.000000e+02 
1.000000e+02 
1.000000e+02 
1.000000e+02 
1.000000e+02 
1.000000e+02 
1.000000e+02 
1.000000e+02 
1.000000e+02 
1.000000e+02 
1.000000e+02 
1.000000e+02 
1.000000e+02 
1.000000e+02 
1.000000e+02 
1.000000e+02 
1.000000e+02 
1.000000e+02 
1.000000e+02 
1.000000e+02 
1.000000e+02 
1.000000e+02 
1.000000e+02 
1.000000e+02 
1.000000e+02 
1.000000e+02 
1.000000e+02 
1.000000e+02 

1.000000e+02 
1.000000e+02 
1.000000e+02 
1.000000e+02 
1.000000e+02 
1.000000e+02 
1.000000e+02 
1.000000e+02 
1.000000e+02 
1.000000e+02 
1.000000e+02 
1.000000e+02 
1.000000e+02 
1.000000e+02 
1.000000e+02 
1.000000e+02 
1.000000e+02 
1.000000e+02 
1.000000e+02 
1.000000e+02 
1.000000e+02 
1.000000e+02 
1.000000e+02 
1.000000e+02 
1.000000e+02 
1.000000e+02 
1.000000e+02 
1.000000e+02 
1.000000e+02 
1.000000e+02 
1.000000e+02 
1.000000e+02 
1.000000e+02 
1.000000e+02 
1.000000e+02 
1.000000e+02 
1.000000e+02 
1.000000e+02 
1.000000e+02 
1.000000e+02 
1.000000e+02 
1.000000e+02 
1.000000e+02 
1.000000e+02 
1.000000e+02 
1.000000e+02 
1.000000e+02 
1.000000e+02 
1.000000e+02 
1.000000e+02 
1.000000e+02 
1.000000e+02 
1.000000e+02 
1.000000e+02 
1.000000e+02 
1.000000e+02 
1.000000e+02 
1.000000e+02 
1.000000e+02 
1.000000e+02 
1.000000e+02 
1.000000e+02 
1.000000e+02 
1.000000e+02 
1.000000e+02 
1.000000e+02 

1.000000e+02 
1.000000e+02 
1.000000e+02 
1.000000e+02 
1.000000e+02 
1.000000e+02 
1.000000e+02 
1.000000e+02 
1.000000e+02 
1.000000e+02 
1.000000e+02 
1.000000e+02 
1.000000e+02 
1.000000e+02 
1.000000e+02 
1.000000e+02 
1.000000e+02 
1.000000e+02 
1.000000e+02 
1.000000e+02 
1.000000e+02 
1.000000e+02 
1.000000e+02 
1.000000e+02 
1.000000e+02 
1.000000e+02 
1.000000e+02 
1.000000e+02 
1.000000e+02 
1.000000e+02 
1.000000e+02 
1.000000e+02 
1.000000e+02 
1.000000e+02 
1.000000e+02 
1.000000e+02 
1.000000e+02 
1.000000e+02 
1.000000e+02 
1.000000e+02 
1.000000e+02 
1.000000e+02 
1.000000e+02 
1.000000e+02 
1.000000e+02 
1.000000e+02 
1.000000e+02 
1.000000e+02 
1.000000e+02 
1.000000e+02 
1.000000e+02 
1.000000e+02 
1.000000e+02 
1.000000e+02 
1.000000e+02 
1.000000e+02 
1.000000e+02 
1.000000e+02 
1.000000e+02 
1.000000e+02 
1.000000e+02 
1.000000e+02 
1.000000e+02 
1.000000e+02 
1.000000e+02 
1.000000e+02 

1.000000e+02 
1.000000e+02 
1.000000e+02 
1.000000e+02 
1.000000e+02 
1.000000e+02 
1.000000e+02 
1.000000e+02 
1.000000e+02 
1.000000e+02 
1.000000e+02 
1.000000e+02 
1.000000e+02 
1.000000e+02 
1.000000e+02 
1.000000e+02 
1.000000e+02 
1.000000e+02 
1.000000e+02 
1.000000e+02 
1.000000e+02 
1.000000e+02 
1.000000e+02 
1.000000e+02 
1.000000e+02 
1.000000e+02 
1.000000e+02 
1.000000e+02 
1.000000e+02 
1.000000e+02 
1.000000e+02 
1.000000e+02 
1.000000e+02 
1.000000e+02 
1.000000e+02 
1.000000e+02 
1.000000e+02 
1.000000e+02 
1.000000e+02 
1.000000e+02 
1.000000e+02 
1.000000e+02 
1.000000e+02 
1.000000e+02 
1.000000e+02 
1.000000e+02 
1.000000e+02 
1.000000e+02 
1.000000e+02 
1.000000e+02 
1.000000e+02 
1.000000e+02 
1.000000e+02 
1.000000e+02 
1.000000e+02 
1.000000e+02 
1.000000e+02 
1.000000e+02 
1.000000e+02 
1.000000e+02 
1.000000e+02 
1.000000e+02 
1.000000e+02 
1.000000e+02 
1.000000e+02 
1.000000e+02 

