1.000000e+02 
1.000000e+02 
1.000000e+02 
1.000000e+02 
1.000000e+02 
1.000000e+02 
1.000000e+02 
1.000000e+02 
1.000000e+02 
1.000000e+02 
1.000000e+02 
1.000000e+02 
1.000000e+02 
1.000000e+02 
1.000000e+02 
1.000000e+02 
1.000000e+02 
1.000000e+02 
1.000000e+02 
1.000000e+02 
1.000000e+02 
1.000000e+02 
1.000000e+02 
1.000000e+02 
1.000000e+02 
1.000000e+02 
1.000000e+02 
1.000000e+02 
1.000000e+02 
1.000000e+02 
1.000000e+02 
1.000000e+02 
1.000000e+02 
1.000000e+02 
1.000000e+02 
1.000000e+02 
1.000000e+02 
1.000000e+02 
1.000000e+02 
1.000000e+02 
1.000000e+02 
1.000000e+02 
1.000000e+02 
1.000000e+02 
1.000000e+02 
1.000000e+02 
1.000000e+02 
1.000000e+02 
1.000000e+02 
1.000000e+02 
1.000000e+02 
1.000000e+02 
1.000000e+02 
1.000000e+02 
1.000000e+02 
1.000000e+02 
1.000000e+02 
1.000000e+02 
1.000000e+02 
1.000000e+02 
1.000000e+02 
1.000000e+02 
1.000000e+02 
1.000000e+02 
1.000000e+02 
1.000000e+02 

1.000000e+02 
1.000000e+02 
1.000000e+02 
1.000000e+02 
1.000000e+02 
1.000000e+02 
1.000000e+02 
1.000000e+02 
1.000000e+02 
1.000000e+02 
1.000000e+02 
1.000000e+02 
1.000000e+02 
1.000000e+02 
1.000000e+02 
1.000000e+02 
1.000000e+02 
1.000000e+02 
1.000000e+02 
1.000000e+02 
1.000000e+02 
1.000000e+02 
1.000000e+02 
1.000000e+02 
1.000000e+02 
1.000000e+02 
1.000000e+02 
1.000000e+02 
1.000000e+02 
1.000000e+02 
1.000000e+02 
1.000000e+02 
1.000000e+02 
1.000000e+02 
1.000000e+02 
1.000000e+02 
1.000000e+02 
1.000000e+02 
1.000000e+02 
1.000000e+02 
1.000000e+02 
1.000000e+02 
1.000000e+02 
1.000000e+02 
1.000000e+02 
1.000000e+02 
1.000000e+02 
1.000000e+02 
1.000000e+02 
1.000000e+02 
1.000000e+02 
1.000000e+02 
1.000000e+02 
1.000000e+02 
1.000000e+02 
1.000000e+02 
1.000000e+02 
1.000000e+02 
1.000000e+02 
1.000000e+02 
1.000000e+02 
1.000000e+02 
1.000000e+02 
1.000000e+02 
1.000000e+02 
1.000000e+02 

1.000000e+02 
1.000000e+02 
1.000000e+02 
1.000000e+02 
1.000000e+02 
1.000000e+02 
1.000000e+02 
1.000000e+02 
1.000000e+02 
1.000000e+02 
1.000000e+02 
1.000000e+02 
1.000000e+02 
1.000000e+02 
1.000000e+02 
1.000000e+02 
1.000000e+02 
1.000000e+02 
1.000000e+02 
1.000000e+02 
1.000000e+02 
1.000000e+02 
1.000000e+02 
1.000000e+02 
1.000000e+02 
1.000000e+02 
1.000000e+02 
1.000000e+02 
1.000000e+02 
1.000000e+02 
1.000000e+02 
1.000000e+02 
1.000000e+02 
1.000000e+02 
1.000000e+02 
1.000000e+02 
1.000000e+02 
1.000000e+02 
1.000000e+02 
1.000000e+02 
1.000000e+02 
1.000000e+02 
1.000000e+02 
1.000000e+02 
1.000000e+02 
1.000000e+02 
1.000000e+02 
1.000000e+02 
1.000000e+02 
1.000000e+02 
1.000000e+02 
1.000000e+02 
1.000000e+02 
1.000000e+02 
1.000000e+02 
1.000000e+02 
1.000000e+02 
1.000000e+02 
1.000000e+02 
1.000000e+02 
1.000000e+02 
1.000000e+02 
1.000000e+02 
1.000000e+02 
1.000000e+02 
1.000000e+02 

1.000000e+02 
1.000000e+02 
1.000000e+02 
1.000000e+02 
1.000000e+02 
1.000000e+02 
1.000000e+02 
1.000000e+02 
1.000000e+02 
1.000000e+02 
1.000000e+02 
1.000000e+02 
1.000000e+02 
1.000000e+02 
1.000000e+02 
1.000000e+02 
1.000000e+02 
1.000000e+02 
1.000000e+02 
1.000000e+02 
1.000000e+02 
1.000000e+02 
1.000000e+02 
1.000000e+02 
1.000000e+02 
1.000000e+02 
1.000000e+02 
1.000000e+02 
1.000000e+02 
1.000000e+02 
1.000000e+02 
1.000000e+02 
1.000000e+02 
1.000000e+02 
1.000000e+02 
1.000000e+02 
1.000000e+02 
1.000000e+02 
1.000000e+02 
1.000000e+02 
1.000000e+02 
1.000000e+02 
1.000000e+02 
1.000000e+02 
1.000000e+02 
1.000000e+02 
1.000000e+02 
1.000000e+02 
1.000000e+02 
1.000000e+02 
1.000000e+02 
1.000000e+02 
1.000000e+02 
1.000000e+02 
1.000000e+02 
1.000000e+02 
1.000000e+02 
1.000000e+02 
1.000000e+02 
1.000000e+02 
1.000000e+02 
1.000000e+02 
1.000000e+02 
1.000000e+02 
1.000000e+02 
1.000000e+02 

1.000000e+02 
1.000000e+02 
1.000000e+02 
1.000000e+02 
1.000000e+02 
1.000000e+02 
1.000000e+02 
1.000000e+02 
1.000000e+02 
1.000000e+02 
1.000000e+02 
1.000000e+02 
1.000000e+02 
1.000000e+02 
1.000000e+02 
1.000000e+02 
1.000000e+02 
1.000000e+02 
1.000000e+02 
1.000000e+02 
1.000000e+02 
1.000000e+02 
1.000000e+02 
1.000000e+02 
1.000000e+02 
1.000000e+02 
1.000000e+02 
1.000000e+02 
1.000000e+02 
1.000000e+02 
1.000000e+02 
1.000000e+02 
1.000000e+02 
1.000000e+02 
1.000000e+02 
1.000000e+02 
1.000000e+02 
1.000000e+02 
1.000000e+02 
1.000000e+02 
1.000000e+02 
1.000000e+02 
1.000000e+02 
1.000000e+02 
1.000000e+02 
1.000000e+02 
1.000000e+02 
1.000000e+02 
1.000000e+02 
1.000000e+02 
1.000000e+02 
1.000000e+02 
1.000000e+02 
1.000000e+02 
1.000000e+02 
1.000000e+02 
1.000000e+02 
1.000000e+02 
1.000000e+02 
1.000000e+02 
1.000000e+02 
1.000000e+02 
1.000000e+02 
1.000000e+02 
1.000000e+02 
1.000000e+02 

1.000000e+02 
1.000000e+02 
1.000000e+02 
1.000000e+02 
1.000000e+02 
1.000000e+02 
1.000000e+02 
1.000000e+02 
1.000000e+02 
9.999999e+01 
9.999999e+01 
9.999998e+01 
9.999998e+01 
9.999998e+01 
9.999998e+01 
9.999998e+01 
9.999998e+01 
9.999998e+01 
9.999998e+01 
9.999998e+01 
9.999998e+01 
9.999998e+01 
9.999998e+01 
9.999998e+01 
9.999998e+01 
9.999998e+01 
9.999998e+01 
9.999998e+01 
9.999998e+01 
9.999998e+01 
9.999998e+01 
9.999998e+01 
9.999998e+01 
9.999998e+01 
9.999998e+01 
9.999998e+01 
9.999998e+01 
9.999998e+01 
9.999998e+01 
9.999998e+01 
9.999998e+01 
9.999998e+01 
9.999998e+01 
9.999998e+01 
9.999998e+01 
9.999998e+01 
9.999998e+01 
9.999998e+01 
9.999998e+01 
9.999998e+01 
9.999998e+01 
9.999998e+01 
9.999998e+01 
9.999998e+01 
9.999999e+01 
9.999999e+01 
9.999999e+01 
1.000000e+02 
1.000000e+02 
1.000000e+02 
1.000000e+02 
1.000000e+02 
1.000000e+02 
1.000000e+02 
1.000000e+02 
1.000000e+02 

1.000000e+02 
1.000000e+02 
1.000000e+02 
1.000000e+02 
1.000000e+02 
1.000000e+02 
1.000000e+02 
9.999999e+01 
9.999998e+01 
9.999996e+01 
9.999995e+01 
9.999994e+01 
9.999993e+01 
9.999992e+01 
9.999991e+01 
9.999991e+01 
9.999991e+01 
9.999991e+01 
9.999990e+01 
9.999990e+01 
9.999990e+01 
9.999990e+01 
9.999990e+01 
9.999990e+01 
9.999990e+01 
9.999990e+01 
9.999990e+01 
9.999990e+01 
9.999990e+01 
9.999990e+01 
9.999990e+01 
9.999990e+01 
9.999990e+01 
9.999990e+01 
9.999990e+01 
9.999990e+01 
9.999990e+01 
9.999990e+01 
9.999990e+01 
9.999990e+01 
9.999990e+01 
9.999990e+01 
9.999990e+01 
9.999990e+01 
9.999990e+01 
9.999990e+01 
9.999990e+01 
9.999990e+01 
9.999991e+01 
9.999991e+01 
9.999991e+01 
9.999991e+01 
9.999992e+01 
9.999993e+01 
9.999994e+01 
9.999995e+01 
9.999997e+01 
9.999998e+01 
1.000000e+02 
1.000000e+02 
1.000000e+02 
1.000000e+02 
1.000000e+02 
1.000000e+02 
1.000000e+02 
1.000000e+02 

1.000000e+02 
1.000000e+02 
1.000000e+02 
1.000000e+02 
1.000000e+02 
1.000000e+02 
1.000000e+02 
9.999998e+01 
9.999995e+01 
9.999992e+01 
9.999988e+01 
9.999986e+01 
9.999984e+01 
9.999983e+01 
9.999982e+01 
9.999981e+01 
9.999981e+01 
9.999981e+01 
9.999981e+01 
9.999981e+01 
9.999980e+01 
9.999980e+01 
9.999980e+01 
9.999980e+01 
9.999980e+01 
9.999980e+01 
9.999980e+01 
9.999980e+01 
9.999980e+01 
9.999980e+01 
9.999980e+01 
9.999980e+01 
9.999980e+01 
9.999980e+01 
9.999980e+01 
9.999980e+01 
9.999980e+01 
9.999980e+01 
9.999980e+01 
9.999980e+01 
9.999980e+01 
9.999980e+01 
9.999980e+01 
9.999980e+01 
9.999981e+01 
9.999981e+01 
9.999981e+01 
9.999981e+01 
9.999981e+01 
9.999981e+01 
9.999982e+01 
9.999982e+01 
9.999983e+01 
9.999984e+01 
9.999986e+01 
9.999989e+01 
9.999992e+01 
9.999996e+01 
9.999999e+01 
1.000000e+02 
1.000000e+02 
1.000000e+02 
1.000000e+02 
1.000000e+02 
1.000000e+02 
1.000000e+02 

1.000000e+02 
1.000000e+02 
1.000000e+02 
1.000000e+02 
1.000000e+02 
1.000000e+02 
1.000000e+02 
9.999997e+01 
9.999991e+01 
9.999985e+01 
9.999981e+01 
9.999979e+01 
9.999979e+01 
9.999981e+01 
9.999982e+01 
9.999983e+01 
9.999984e+01 
9.999985e+01 
9.999986e+01 
9.999986e+01 
9.999987e+01 
9.999987e+01 
9.999987e+01 
9.999987e+01 
9.999987e+01 
9.999987e+01 
9.999987e+01 
9.999987e+01 
9.999987e+01 
9.999987e+01 
9.999987e+01 
9.999988e+01 
9.999988e+01 
9.999988e+01 
9.999988e+01 
9.999988e+01 
9.999987e+01 
9.999987e+01 
9.999987e+01 
9.999987e+01 
9.999987e+01 
9.999987e+01 
9.999987e+01 
9.999987e+01 
9.999987e+01 
9.999987e+01 
9.999986e+01 
9.999986e+01 
9.999985e+01 
9.999985e+01 
9.999983e+01 
9.999982e+01 
9.999981e+01 
9.999980e+01 
9.999979e+01 
9.999981e+01 
9.999986e+01 
9.999992e+01 
9.999997e+01 
1.000000e+02 
1.000000e+02 
1.000000e+02 
1.000000e+02 
1.000000e+02 
1.000000e+02 
1.000000e+02 

1.000000e+02 
1.000000e+02 
1.000000e+02 
1.000000e+02 
1.000000e+02 
1.000000e+02 
1.000000e+02 
9.999995e+01 
9.999986e+01 
9.999977e+01 
9.999973e+01 
9.999977e+01 
9.999988e+01 
1.000000e+02 
1.000001e+02 
1.000003e+02 
1.000004e+02 
1.000004e+02 
1.000005e+02 
1.000005e+02 
1.000005e+02 
1.000006e+02 
1.000006e+02 
1.000006e+02 
1.000006e+02 
1.000006e+02 
1.000006e+02 
1.000006e+02 
1.000006e+02 
1.000006e+02 
1.000006e+02 
1.000006e+02 
1.000006e+02 
1.000006e+02 
1.000006e+02 
1.000006e+02 
1.000006e+02 
1.000006e+02 
1.000006e+02 
1.000006e+02 
1.000006e+02 
1.000006e+02 
1.000006e+02 
1.000006e+02 
1.000006e+02 
1.000005e+02 
1.000005e+02 
1.000005e+02 
1.000004e+02 
1.000004e+02 
1.000003e+02 
1.000001e+02 
1.000000e+02 
9.999987e+01 
9.999977e+01 
9.999973e+01 
9.999977e+01 
9.999986e+01 
9.999996e+01 
1.000000e+02 
1.000000e+02 
1.000000e+02 
1.000000e+02 
1.000000e+02 
1.000000e+02 
1.000000e+02 

1.000000e+02 
1.000000e+02 
1.000000e+02 
1.000000e+02 
1.000000e+02 
1.000000e+02 
1.000000e+02 
9.999993e+01 
9.999980e+01 
9.999965e+01 
9.999960e+01 
9.999975e+01 
1.000001e+02 
1.000006e+02 
1.000011e+02 
1.000015e+02 
1.000019e+02 
1.000022e+02 
1.000024e+02 
1.000026e+02 
1.000027e+02 
1.000028e+02 
1.000028e+02 
1.000029e+02 
1.000029e+02 
1.000029e+02 
1.000029e+02 
1.000030e+02 
1.000030e+02 
1.000030e+02 
1.000030e+02 
1.000030e+02 
1.000030e+02 
1.000030e+02 
1.000030e+02 
1.000030e+02 
1.000030e+02 
1.000030e+02 
1.000030e+02 
1.000029e+02 
1.000029e+02 
1.000029e+02 
1.000028e+02 
1.000028e+02 
1.000027e+02 
1.000027e+02 
1.000026e+02 
1.000024e+02 
1.000022e+02 
1.000019e+02 
1.000015e+02 
1.000010e+02 
1.000005e+02 
1.000001e+02 
9.999972e+01 
9.999958e+01 
9.999964e+01 
9.999979e+01 
9.999994e+01 
1.000000e+02 
1.000000e+02 
1.000000e+02 
1.000000e+02 
1.000000e+02 
1.000000e+02 
1.000000e+02 

1.000000e+02 
1.000000e+02 
1.000000e+02 
1.000000e+02 
1.000000e+02 
1.000000e+02 
1.000000e+02 
9.999991e+01 
9.999972e+01 
9.999949e+01 
9.999937e+01 
9.999958e+01 
1.000003e+02 
1.000013e+02 
1.000026e+02 
1.000039e+02 
1.000051e+02 
1.000060e+02 
1.000068e+02 
1.000073e+02 
1.000077e+02 
1.000080e+02 
1.000082e+02 
1.000083e+02 
1.000084e+02 
1.000086e+02 
1.000086e+02 
1.000087e+02 
1.000088e+02 
1.000089e+02 
1.000089e+02 
1.000089e+02 
1.000089e+02 
1.000089e+02 
1.000089e+02 
1.000089e+02 
1.000089e+02 
1.000088e+02 
1.000087e+02 
1.000086e+02 
1.000085e+02 
1.000084e+02 
1.000083e+02 
1.000082e+02 
1.000080e+02 
1.000077e+02 
1.000073e+02 
1.000067e+02 
1.000060e+02 
1.000051e+02 
1.000039e+02 
1.000026e+02 
1.000013e+02 
1.000002e+02 
9.999952e+01 
9.999933e+01 
9.999946e+01 
9.999971e+01 
9.999991e+01 
1.000000e+02 
1.000000e+02 
1.000000e+02 
1.000000e+02 
1.000000e+02 
1.000000e+02 
1.000000e+02 

1.000000e+02 
1.000000e+02 
1.000000e+02 
1.000000e+02 
1.000000e+02 
1.000000e+02 
1.000000e+02 
9.999990e+01 
9.999965e+01 
9.999930e+01 
9.999902e+01 
9.999915e+01 
1.000000e+02 
1.000019e+02 
1.000045e+02 
1.000074e+02 
1.000103e+02 
1.000128e+02 
1.000149e+02 
1.000165e+02 
1.000176e+02 
1.000185e+02 
1.000192e+02 
1.000196e+02 
1.000200e+02 
1.000204e+02 
1.000207e+02 
1.000209e+02 
1.000212e+02 
1.000214e+02 
1.000215e+02 
1.000216e+02 
1.000216e+02 
1.000216e+02 
1.000216e+02 
1.000215e+02 
1.000213e+02 
1.000212e+02 
1.000209e+02 
1.000207e+02 
1.000203e+02 
1.000200e+02 
1.000196e+02 
1.000191e+02 
1.000185e+02 
1.000176e+02 
1.000164e+02 
1.000148e+02 
1.000128e+02 
1.000102e+02 
1.000073e+02 
1.000044e+02 
1.000017e+02 
9.999992e+01 
9.999904e+01 
9.999894e+01 
9.999925e+01 
9.999963e+01 
9.999990e+01 
1.000000e+02 
1.000000e+02 
1.000000e+02 
1.000000e+02 
1.000000e+02 
1.000000e+02 
1.000000e+02 

1.000000e+02 
1.000000e+02 
1.000000e+02 
1.000000e+02 
1.000000e+02 
1.000000e+02 
1.000000e+02 
9.999989e+01 
9.999959e+01 
9.999911e+01 
9.999858e+01 
9.999841e+01 
9.999919e+01 
1.000015e+02 
1.000056e+02 
1.000111e+02 
1.000171e+02 
1.000229e+02 
1.000279e+02 
1.000320e+02 
1.000352e+02 
1.000377e+02 
1.000395e+02 
1.000409e+02 
1.000420e+02 
1.000430e+02 
1.000439e+02 
1.000447e+02 
1.000454e+02 
1.000460e+02 
1.000464e+02 
1.000466e+02 
1.000468e+02 
1.000468e+02 
1.000466e+02 
1.000464e+02 
1.000459e+02 
1.000454e+02 
1.000447e+02 
1.000439e+02 
1.000430e+02 
1.000419e+02 
1.000408e+02 
1.000395e+02 
1.000376e+02 
1.000352e+02 
1.000319e+02 
1.000278e+02 
1.000227e+02 
1.000169e+02 
1.000109e+02 
1.000054e+02 
1.000013e+02 
9.999898e+01 
9.999823e+01 
9.999846e+01 
9.999904e+01 
9.999956e+01 
9.999988e+01 
1.000000e+02 
1.000000e+02 
1.000000e+02 
1.000000e+02 
1.000000e+02 
1.000000e+02 
1.000000e+02 

1.000000e+02 
1.000000e+02 
1.000000e+02 
1.000000e+02 
1.000000e+02 
1.000000e+02 
1.000000e+02 
9.999988e+01 
9.999954e+01 
9.999894e+01 
9.999814e+01 
9.999748e+01 
9.999771e+01 
9.999990e+01 
1.000050e+02 
1.000132e+02 
1.000236e+02 
1.000349e+02 
1.000457e+02 
1.000552e+02 
1.000630e+02 
1.000692e+02 
1.000739e+02 
1.000775e+02 
1.000805e+02 
1.000833e+02 
1.000858e+02 
1.000880e+02 
1.000899e+02 
1.000915e+02 
1.000926e+02 
1.000934e+02 
1.000938e+02 
1.000938e+02 
1.000934e+02 
1.000926e+02 
1.000914e+02 
1.000898e+02 
1.000879e+02 
1.000857e+02 
1.000832e+02 
1.000804e+02 
1.000774e+02 
1.000738e+02 
1.000690e+02 
1.000628e+02 
1.000550e+02 
1.000455e+02 
1.000346e+02 
1.000232e+02 
1.000128e+02 
1.000046e+02 
9.999952e+01 
9.999739e+01 
9.999723e+01 
9.999798e+01 
9.999885e+01 
9.999951e+01 
9.999987e+01 
1.000000e+02 
1.000000e+02 
1.000000e+02 
1.000000e+02 
1.000000e+02 
1.000000e+02 
1.000000e+02 

1.000000e+02 
1.000000e+02 
1.000000e+02 
1.000000e+02 
1.000000e+02 
1.000000e+02 
1.000000e+02 
9.999987e+01 
9.999951e+01 
9.999880e+01 
9.999774e+01 
9.999651e+01 
9.999582e+01 
9.999701e+01 
1.000019e+02 
1.000118e+02 
1.000268e+02 
1.000455e+02 
1.000655e+02 
1.000846e+02 
1.001014e+02 
1.001154e+02 
1.001265e+02 
1.001352e+02 
1.001426e+02 
1.001496e+02 
1.001561e+02 
1.001618e+02 
1.001668e+02 
1.001710e+02 
1.001741e+02 
1.001763e+02 
1.001773e+02 
1.001773e+02 
1.001762e+02 
1.001740e+02 
1.001708e+02 
1.001667e+02 
1.001616e+02 
1.001558e+02 
1.001494e+02 
1.001424e+02 
1.001349e+02 
1.001262e+02 
1.001150e+02 
1.001010e+02 
1.000841e+02 
1.000649e+02 
1.000449e+02 
1.000262e+02 
1.000111e+02 
1.000012e+02 
9.999646e+01 
9.999539e+01 
9.999620e+01 
9.999754e+01 
9.999870e+01 
9.999946e+01 
9.999986e+01 
1.000000e+02 
1.000000e+02 
1.000000e+02 
1.000000e+02 
1.000000e+02 
1.000000e+02 
1.000000e+02 

1.000000e+02 
1.000000e+02 
1.000000e+02 
1.000000e+02 
1.000000e+02 
1.000000e+02 
1.000000e+02 
9.999986e+01 
9.999948e+01 
9.999870e+01 
9.999741e+01 
9.999564e+01 
9.999387e+01 
9.999338e+01 
9.999649e+01 
1.000060e+02 
1.000239e+02 
1.000499e+02 
1.000813e+02 
1.001147e+02 
1.001465e+02 
1.001746e+02 
1.001982e+02 
1.002173e+02 
1.002340e+02 
1.002502e+02 
1.002654e+02 
1.002794e+02 
1.002916e+02 
1.003019e+02 
1.003099e+02 
1.003153e+02 
1.003180e+02 
1.003180e+02 
1.003151e+02 
1.003096e+02 
1.003015e+02 
1.002912e+02 
1.002788e+02 
1.002648e+02 
1.002495e+02 
1.002333e+02 
1.002165e+02 
1.001973e+02 
1.001736e+02 
1.001454e+02 
1.001136e+02 
1.000802e+02 
1.000487e+02 
1.000228e+02 
1.000050e+02 
9.999559e+01 
9.999264e+01 
9.999332e+01 
9.999527e+01 
9.999718e+01 
9.999858e+01 
9.999943e+01 
9.999985e+01 
1.000000e+02 
1.000000e+02 
1.000000e+02 
1.000000e+02 
1.000000e+02 
1.000000e+02 
1.000000e+02 

1.000000e+02 
1.000000e+02 
1.000000e+02 
1.000000e+02 
1.000000e+02 
1.000000e+02 
1.000000e+02 
9.999986e+01 
9.999946e+01 
9.999862e+01 
9.999716e+01 
9.999492e+01 
9.999209e+01 
9.998962e+01 
9.998983e+01 
9.999653e+01 
1.000138e+02 
1.000440e+02 
1.000862e+02 
1.001362e+02 
1.001885e+02 
1.002383e+02 
1.002826e+02 
1.003202e+02 
1.003543e+02 
1.003884e+02 
1.004213e+02 
1.004523e+02 
1.004801e+02 
1.005039e+02 
1.005226e+02 
1.005355e+02 
1.005420e+02 
1.005418e+02 
1.005350e+02 
1.005218e+02 
1.005028e+02 
1.004788e+02 
1.004508e+02 
1.004196e+02 
1.003865e+02 
1.003523e+02 
1.003181e+02 
1.002804e+02 
1.002361e+02 
1.001862e+02 
1.001339e+02 
1.000840e+02 
1.000420e+02 
1.000120e+02 
9.999503e+01 
9.998862e+01 
9.998869e+01 
9.999143e+01 
9.999449e+01 
9.999690e+01 
9.999849e+01 
9.999941e+01 
9.999985e+01 
1.000000e+02 
1.000000e+02 
1.000000e+02 
1.000000e+02 
1.000000e+02 
1.000000e+02 
1.000000e+02 

1.000000e+02 
1.000000e+02 
1.000000e+02 
1.000000e+02 
1.000000e+02 
1.000000e+02 
1.000000e+02 
9.999986e+01 
9.999945e+01 
9.999857e+01 
9.999697e+01 
9.999436e+01 
9.999061e+01 
9.998618e+01 
9.998295e+01 
9.998490e+01 
9.999775e+01 
1.000270e+02 
1.000750e+02 
1.001395e+02 
1.002141e+02 
1.002912e+02 
1.003645e+02 
1.004300e+02 
1.004923e+02 
1.005568e+02 
1.006216e+02 
1.006844e+02 
1.007425e+02 
1.007932e+02 
1.008339e+02 
1.008623e+02 
1.008768e+02 
1.008763e+02 
1.008610e+02 
1.008318e+02 
1.007903e+02 
1.007389e+02 
1.006803e+02 
1.006172e+02 
1.005522e+02 
1.004876e+02 
1.004252e+02 
1.003598e+02 
1.002866e+02 
1.002097e+02 
1.001355e+02 
1.000714e+02 
1.000239e+02 
9.999522e+01 
9.998289e+01 
9.998142e+01 
9.998508e+01 
9.998986e+01 
9.999388e+01 
9.999669e+01 
9.999843e+01 
9.999939e+01 
9.999985e+01 
1.000000e+02 
1.000000e+02 
1.000000e+02 
1.000000e+02 
1.000000e+02 
1.000000e+02 
1.000000e+02 

1.000000e+02 
1.000000e+02 
1.000000e+02 
1.000000e+02 
1.000000e+02 
1.000000e+02 
1.000000e+02 
9.999986e+01 
9.999944e+01 
9.999853e+01 
9.999683e+01 
9.999393e+01 
9.998943e+01 
9.998328e+01 
9.997662e+01 
9.997294e+01 
9.997850e+01 
1.000013e+02 
1.000477e+02 
1.001195e+02 
1.002119e+02 
1.003163e+02 
1.004228e+02 
1.005236e+02 
1.006245e+02 
1.007337e+02 
1.008480e+02 
1.009631e+02 
1.010734e+02 
1.011727e+02 
1.012542e+02 
1.013120e+02 
1.013415e+02 
1.013403e+02 
1.013085e+02 
1.012486e+02 
1.011654e+02 
1.010649e+02 
1.009536e+02 
1.008381e+02 
1.007236e+02 
1.006146e+02 
1.005139e+02 
1.004137e+02 
1.003078e+02 
1.002044e+02 
1.001130e+02 
1.000423e+02 
9.999694e+01 
9.997515e+01 
9.997043e+01 
9.997481e+01 
9.998203e+01 
9.998861e+01 
9.999342e+01 
9.999654e+01 
9.999839e+01 
9.999938e+01 
9.999984e+01 
1.000000e+02 
1.000000e+02 
1.000000e+02 
1.000000e+02 
1.000000e+02 
1.000000e+02 
1.000000e+02 

1.000000e+02 
1.000000e+02 
1.000000e+02 
1.000000e+02 
1.000000e+02 
1.000000e+02 
1.000000e+02 
9.999986e+01 
9.999943e+01 
9.999850e+01 
9.999673e+01 
9.999362e+01 
9.998854e+01 
9.998097e+01 
9.997126e+01 
9.996193e+01 
9.995884e+01 
9.997110e+01 
1.000086e+02 
1.000778e+02 
1.001783e+02 
1.003024e+02 
1.004389e+02 
1.005761e+02 
1.007211e+02 
1.008857e+02 
1.010663e+02 
1.012562e+02 
1.014457e+02 
1.016220e+02 
1.017708e+02 
1.018784e+02 
1.019338e+02 
1.019310e+02 
1.018703e+02 
1.017581e+02 
1.016057e+02 
1.014271e+02 
1.012365e+02 
1.010464e+02 
1.008664e+02 
1.007028e+02 
1.005590e+02 
1.004234e+02 
1.002888e+02 
1.001667e+02 
1.000684e+02 
1.000012e+02 
9.996546e+01 
9.995468e+01 
9.995896e+01 
9.996920e+01 
9.997959e+01 
9.998765e+01 
9.999308e+01 
9.999643e+01 
9.999835e+01 
9.999937e+01 
9.999984e+01 
1.000000e+02 
1.000000e+02 
1.000000e+02 
1.000000e+02 
1.000000e+02 
1.000000e+02 
1.000000e+02 

1.000000e+02 
1.000000e+02 
1.000000e+02 
1.000000e+02 
1.000000e+02 
1.000000e+02 
1.000000e+02 
9.999986e+01 
9.999943e+01 
9.999848e+01 
9.999666e+01 
9.999339e+01 
9.998787e+01 
9.997918e+01 
9.996693e+01 
9.995252e+01 
9.994072e+01 
9.994057e+01 
9.996395e+01 
1.000216e+02 
1.001180e+02 
1.002495e+02 
1.004054e+02 
1.005720e+02 
1.007581e+02 
1.009801e+02 
1.012360e+02 
1.015181e+02 
1.018119e+02 
1.020959e+02 
1.023431e+02 
1.025257e+02 
1.026205e+02 
1.026146e+02 
1.025087e+02 
1.023171e+02 
1.020636e+02 
1.017764e+02 
1.014818e+02 
1.012008e+02 
1.009473e+02 
1.007282e+02 
1.005451e+02 
1.003819e+02 
1.002296e+02 
1.001019e+02 
1.000090e+02 
9.995449e+01 
9.993367e+01 
9.993583e+01 
9.994914e+01 
9.996466e+01 
9.997770e+01 
9.998693e+01 
9.999283e+01 
9.999635e+01 
9.999833e+01 
9.999937e+01 
9.999984e+01 
1.000000e+02 
1.000000e+02 
1.000000e+02 
1.000000e+02 
1.000000e+02 
1.000000e+02 
1.000000e+02 

1.000000e+02 
1.000000e+02 
1.000000e+02 
1.000000e+02 
1.000000e+02 
1.000000e+02 
1.000000e+02 
9.999986e+01 
9.999942e+01 
9.999847e+01 
9.999661e+01 
9.999323e+01 
9.998738e+01 
9.997783e+01 
9.996354e+01 
9.994482e+01 
9.992510e+01 
9.991242e+01 
9.991921e+01 
9.995902e+01 
1.000412e+02 
1.001667e+02 
1.003277e+02 
1.005107e+02 
1.007267e+02 
1.009975e+02 
1.013255e+02 
1.017050e+02 
1.021185e+02 
1.025344e+02 
1.029083e+02 
1.031909e+02 
1.033388e+02 
1.033277e+02 
1.031593e+02 
1.028609e+02 
1.024773e+02 
1.020578e+02 
1.016454e+02 
1.012700e+02 
1.009477e+02 
1.006829e+02 
1.004726e+02 
1.002954e+02 
1.001402e+02 
1.000204e+02 
9.994336e+01 
9.990782e+01 
9.990438e+01 
9.991958e+01 
9.994111e+01 
9.996110e+01 
9.997626e+01 
9.998640e+01 
9.999264e+01 
9.999629e+01 
9.999831e+01 
9.999936e+01 
9.999984e+01 
1.000000e+02 
1.000000e+02 
1.000000e+02 
1.000000e+02 
1.000000e+02 
1.000000e+02 
1.000000e+02 

1.000000e+02 
1.000000e+02 
1.000000e+02 
1.000000e+02 
1.000000e+02 
1.000000e+02 
1.000000e+02 
9.999986e+01 
9.999942e+01 
9.999846e+01 
9.999657e+01 
9.999310e+01 
9.998701e+01 
9.997681e+01 
9.996093e+01 
9.993872e+01 
9.991220e+01 
9.988802e+01 
9.987805e+01 
9.989726e+01 
9.995851e+01 
1.000674e+02 
1.002201e+02 
1.004047e+02 
1.006349e+02 
1.009378e+02 
1.013229e+02 
1.017901e+02 
1.023225e+02 
1.028798e+02 
1.033974e+02 
1.037976e+02 
1.040090e+02 
1.039902e+02 
1.037447e+02 
1.033198e+02 
1.027889e+02 
1.022292e+02 
1.017018e+02 
1.012437e+02 
1.008690e+02 
1.005762e+02 
1.003551e+02 
1.001789e+02 
1.000346e+02 
9.993339e+01 
9.987878e+01 
9.986494e+01 
9.987899e+01 
9.990614e+01 
9.993473e+01 
9.995835e+01 
9.997517e+01 
9.998600e+01 
9.999251e+01 
9.999625e+01 
9.999830e+01 
9.999936e+01 
9.999984e+01 
1.000000e+02 
1.000000e+02 
1.000000e+02 
1.000000e+02 
1.000000e+02 
1.000000e+02 
1.000000e+02 

1.000000e+02 
1.000000e+02 
1.000000e+02 
1.000000e+02 
1.000000e+02 
1.000000e+02 
1.000000e+02 
9.999986e+01 
9.999942e+01 
9.999845e+01 
9.999654e+01 
9.999301e+01 
9.998671e+01 
9.997596e+01 
9.995872e+01 
9.993344e+01 
9.990071e+01 
9.986543e+01 
9.983817e+01 
9.983409e+01 
9.986849e+01 
9.995109e+01 
1.000825e+02 
1.002540e+02 
1.004813e+02 
1.007967e+02 
1.012189e+02 
1.017578e+02 
1.024023e+02 
1.031067e+02 
1.037848e+02 
1.043219e+02 
1.046079e+02 
1.045776e+02 
1.042376e+02 
1.036637e+02 
1.029695e+02 
1.022663e+02 
1.016339e+02 
1.011117e+02 
1.007066e+02 
1.004065e+02 
1.001921e+02 
1.000321e+02 
9.991176e+01 
9.983903e+01 
9.981287e+01 
9.982342e+01 
9.985547e+01 
9.989415e+01 
9.992919e+01 
9.995602e+01 
9.997427e+01 
9.998567e+01 
9.999240e+01 
9.999621e+01 
9.999829e+01 
9.999936e+01 
9.999984e+01 
1.000000e+02 
1.000000e+02 
1.000000e+02 
1.000000e+02 
1.000000e+02 
1.000000e+02 
1.000000e+02 

1.000000e+02 
1.000000e+02 
1.000000e+02 
1.000000e+02 
1.000000e+02 
1.000000e+02 
1.000000e+02 
9.999985e+01 
9.999942e+01 
9.999844e+01 
9.999652e+01 
9.999292e+01 
9.998644e+01 
9.997518e+01 
9.995665e+01 
9.992839e+01 
9.988944e+01 
9.984256e+01 
9.979623e+01 
9.976465e+01 
9.976436e+01 
9.980866e+01 
9.990291e+01 
1.000429e+02 
1.002453e+02 
1.005459e+02 
1.009745e+02 
1.015555e+02 
1.022908e+02 
1.031356e+02 
1.039828e+02 
1.046725e+02 
1.050417e+02 
1.049932e+02 
1.045398e+02 
1.037973e+02 
1.029328e+02 
1.020975e+02 
1.013862e+02 
1.008331e+02 
1.004304e+02 
1.001517e+02 
9.996699e+01 
9.984230e+01 
9.976221e+01 
9.973020e+01 
9.974049e+01 
9.977976e+01 
9.983166e+01 
9.988238e+01 
9.992390e+01 
9.995383e+01 
9.997343e+01 
9.998537e+01 
9.999230e+01 
9.999618e+01 
9.999828e+01 
9.999935e+01 
9.999984e+01 
1.000000e+02 
1.000000e+02 
1.000000e+02 
1.000000e+02 
1.000000e+02 
1.000000e+02 
1.000000e+02 

1.000000e+02 
1.000000e+02 
1.000000e+02 
1.000000e+02 
1.000000e+02 
1.000000e+02 
1.000000e+02 
9.999985e+01 
9.999942e+01 
9.999844e+01 
9.999649e+01 
9.999284e+01 
9.998619e+01 
9.997447e+01 
9.995475e+01 
9.992366e+01 
9.987865e+01 
9.982004e+01 
9.975347e+01 
9.969098e+01 
9.964893e+01 
9.964299e+01 
9.968297e+01 
9.976979e+01 
9.991900e+01 
1.001661e+02 
1.005503e+02 
1.011116e+02 
1.018701e+02 
1.027900e+02 
1.037477e+02 
1.045437e+02 
1.049695e+02 
1.048968e+02 
1.043470e+02 
1.034782e+02 
1.025038e+02 
1.016069e+02 
1.008890e+02 
1.003700e+02 
1.000225e+02 
9.980504e+01 
9.967884e+01 
9.961139e+01 
9.958895e+01 
9.960980e+01 
9.966377e+01 
9.973523e+01 
9.980816e+01 
9.987108e+01 
9.991892e+01 
9.995181e+01 
9.997266e+01 
9.998510e+01 
9.999220e+01 
9.999615e+01 
9.999827e+01 
9.999935e+01 
9.999984e+01 
1.000000e+02 
1.000000e+02 
1.000000e+02 
1.000000e+02 
1.000000e+02 
1.000000e+02 
1.000000e+02 

1.000000e+02 
1.000000e+02 
1.000000e+02 
1.000000e+02 
1.000000e+02 
1.000000e+02 
1.000000e+02 
9.999985e+01 
9.999941e+01 
9.999843e+01 
9.999647e+01 
9.999277e+01 
9.998597e+01 
9.997384e+01 
9.995304e+01 
9.991935e+01 
9.986859e+01 
9.979852e+01 
9.971137e+01 
9.961591e+01 
9.952674e+01 
9.946041e+01 
9.943019e+01 
9.944226e+01 
9.950785e+01 
9.965576e+01 
9.992913e+01 
1.003783e+02 
1.010395e+02 
1.018899e+02 
1.028134e+02 
1.035981e+02 
1.040079e+02 
1.039085e+02 
1.033305e+02 
1.024524e+02 
1.015143e+02 
1.007022e+02 
1.001001e+02 
9.970878e+01 
9.948344e+01 
9.937292e+01 
9.933580e+01 
9.934730e+01 
9.939856e+01 
9.948253e+01 
9.958559e+01 
9.969134e+01 
9.978568e+01 
9.986053e+01 
9.991436e+01 
9.994998e+01 
9.997198e+01 
9.998486e+01 
9.999212e+01 
9.999612e+01 
9.999827e+01 
9.999935e+01 
9.999984e+01 
1.000000e+02 
1.000000e+02 
1.000000e+02 
1.000000e+02 
1.000000e+02 
1.000000e+02 
1.000000e+02 

1.000000e+02 
1.000000e+02 
1.000000e+02 
1.000000e+02 
1.000000e+02 
1.000000e+02 
1.000000e+02 
9.999985e+01 
9.999941e+01 
9.999843e+01 
9.999645e+01 
9.999271e+01 
9.998578e+01 
9.997329e+01 
9.995155e+01 
9.991553e+01 
9.985953e+01 
9.977871e+01 
9.967160e+01 
9.954286e+01 
9.940398e+01 
9.927076e+01 
9.915865e+01 
9.907862e+01 
9.903423e+01 
9.904076e+01 
9.913657e+01 
9.937225e+01 
9.979019e+01 
1.003895e+02 
1.010736e+02 
1.016591e+02 
1.019513e+02 
1.018296e+02 
1.013326e+02 
1.006345e+02 
9.993572e+01 
9.938706e+01 
9.904341e+01 
9.887896e+01 
9.884105e+01 
9.887901e+01 
9.895698e+01 
9.906459e+01 
9.920115e+01 
9.935471e+01 
9.950946e+01 
9.964981e+01 
9.976492e+01 
9.985099e+01 
9.991031e+01 
9.994837e+01 
9.997138e+01 
9.998465e+01 
9.999205e+01 
9.999610e+01 
9.999826e+01 
9.999935e+01 
9.999984e+01 
1.000000e+02 
1.000000e+02 
1.000000e+02 
1.000000e+02 
1.000000e+02 
1.000000e+02 
1.000000e+02 

1.000000e+02 
1.000000e+02 
1.000000e+02 
1.000000e+02 
1.000000e+02 
1.000000e+02 
1.000000e+02 
9.999985e+01 
9.999941e+01 
9.999842e+01 
9.999644e+01 
9.999266e+01 
9.998563e+01 
9.997284e+01 
9.995029e+01 
9.991228e+01 
9.985172e+01 
9.976129e+01 
9.963587e+01 
9.947563e+01 
9.928799e+01 
9.908670e+01 
9.888813e+01 
9.870725e+01 
9.853755e+01 
9.837574e+01 
9.824842e+01 
9.819607e+01 
9.826261e+01 
9.846253e+01 
9.875092e+01 
9.901339e+01 
9.911061e+01 
9.897544e+01 
9.865045e+01 
9.826178e+01 
9.795556e+01 
9.781091e+01 
9.782712e+01 
9.795934e+01 
9.815180e+01 
9.836380e+01 
9.857143e+01 
9.878349e+01 
9.900968e+01 
9.923386e+01 
9.943926e+01 
9.961240e+01 
9.974660e+01 
9.984272e+01 
9.990683e+01 
9.994701e+01 
9.997087e+01 
9.998447e+01 
9.999199e+01 
9.999608e+01 
9.999825e+01 
9.999935e+01 
9.999984e+01 
1.000000e+02 
1.000000e+02 
1.000000e+02 
1.000000e+02 
1.000000e+02 
1.000000e+02 
1.000000e+02 

1.000000e+02 
1.000000e+02 
1.000000e+02 
1.000000e+02 
1.000000e+02 
1.000000e+02 
1.000000e+02 
9.999985e+01 
9.999941e+01 
9.999842e+01 
9.999643e+01 
9.999262e+01 
9.998551e+01 
9.997248e+01 
9.994929e+01 
9.990967e+01 
9.984536e+01 
9.974692e+01 
9.960587e+01 
9.941804e+01 
9.918656e+01 
9.892238e+01 
9.864179e+01 
9.836296e+01 
9.806863e+01 
9.773560e+01 
9.737623e+01 
9.701850e+01 
9.670413e+01 
9.647078e+01 
9.632194e+01 
9.621767e+01 
9.610700e+01 
9.596745e+01 
9.584075e+01 
9.580977e+01 
9.593475e+01 
9.622150e+01 
9.662074e+01 
9.706239e+01 
9.749141e+01 
9.787879e+01 
9.821455e+01 
9.852760e+01 
9.883858e+01 
9.912796e+01 
9.937893e+01 
9.958083e+01 
9.973139e+01 
9.983593e+01 
9.990400e+01 
9.994590e+01 
9.997046e+01 
9.998433e+01 
9.999195e+01 
9.999607e+01 
9.999825e+01 
9.999935e+01 
9.999984e+01 
1.000000e+02 
1.000000e+02 
1.000000e+02 
1.000000e+02 
1.000000e+02 
1.000000e+02 
1.000000e+02 

1.000000e+02 
1.000000e+02 
1.000000e+02 
1.000000e+02 
1.000000e+02 
1.000000e+02 
1.000000e+02 
9.999985e+01 
9.999941e+01 
9.999842e+01 
9.999642e+01 
9.999259e+01 
9.998542e+01 
9.997221e+01 
9.994856e+01 
9.990775e+01 
9.984064e+01 
9.973613e+01 
9.958305e+01 
9.937358e+01 
9.910703e+01 
9.879152e+01 
9.844277e+01 
9.808124e+01 
9.768020e+01 
9.719899e+01 
9.663769e+01 
9.601475e+01 
9.537265e+01 
9.476965e+01 
9.425710e+01 
9.385957e+01 
9.358271e+01 
9.344236e+01 
9.347920e+01 
9.373603e+01 
9.421839e+01 
9.487074e+01 
9.559668e+01 
9.630504e+01 
9.693866e+01 
9.747713e+01 
9.792225e+01 
9.832044e+01 
9.870188e+01 
9.904452e+01 
9.933206e+01 
9.955661e+01 
9.971984e+01 
9.983081e+01 
9.990189e+01 
9.994508e+01 
9.997016e+01 
9.998422e+01 
9.999191e+01 
9.999606e+01 
9.999825e+01 
9.999935e+01 
9.999984e+01 
1.000000e+02 
1.000000e+02 
1.000000e+02 
1.000000e+02 
1.000000e+02 
1.000000e+02 
1.000000e+02 

1.000000e+02 
1.000000e+02 
1.000000e+02 
1.000000e+02 
1.000000e+02 
1.000000e+02 
1.000000e+02 
9.999985e+01 
9.999941e+01 
9.999842e+01 
9.999642e+01 
9.999258e+01 
9.998537e+01 
9.997206e+01 
9.994811e+01 
9.990655e+01 
9.983769e+01 
9.972934e+01 
9.956854e+01 
9.934501e+01 
9.905532e+01 
9.870546e+01 
9.831045e+01 
9.789210e+01 
9.741692e+01 
9.683181e+01 
9.612811e+01 
9.531807e+01 
9.444594e+01 
9.358561e+01 
9.281984e+01 
9.221632e+01 
9.182397e+01 
9.168334e+01 
9.183383e+01 
9.229278e+01 
9.302385e+01 
9.393029e+01 
9.488532e+01 
9.578162e+01 
9.655941e+01 
9.720378e+01 
9.772496e+01 
9.818176e+01 
9.861117e+01 
9.898966e+01 
9.930149e+01 
9.954092e+01 
9.971239e+01 
9.982752e+01 
9.990052e+01 
9.994454e+01 
9.996996e+01 
9.998415e+01 
9.999189e+01 
9.999605e+01 
9.999824e+01 
9.999935e+01 
9.999984e+01 
1.000000e+02 
1.000000e+02 
1.000000e+02 
1.000000e+02 
1.000000e+02 
1.000000e+02 
1.000000e+02 

1.000000e+02 
1.000000e+02 
1.000000e+02 
1.000000e+02 
1.000000e+02 
1.000000e+02 
1.000000e+02 
9.999985e+01 
9.999941e+01 
9.999842e+01 
9.999642e+01 
9.999257e+01 
9.998535e+01 
9.997200e+01 
9.994794e+01 
9.990612e+01 
9.983659e+01 
9.972679e+01 
9.956303e+01 
9.933403e+01 
9.903517e+01 
9.867143e+01 
9.825732e+01 
9.781499e+01 
9.730767e+01 
9.667615e+01 
9.590629e+01 
9.500491e+01 
9.401382e+01 
9.301222e+01 
9.209984e+01 
9.137217e+01 
9.090771e+01 
9.076594e+01 
9.098602e+01 
9.156636e+01 
9.244175e+01 
9.348834e+01 
9.456240e+01 
9.555091e+01 
9.639606e+01 
9.708809e+01 
9.764253e+01 
9.812438e+01 
9.857394e+01 
9.896725e+01 
9.928901e+01 
9.953449e+01 
9.970930e+01 
9.982613e+01 
9.989992e+01 
9.994430e+01 
9.996986e+01 
9.998411e+01 
9.999187e+01 
9.999605e+01 
9.999824e+01 
9.999934e+01 
9.999984e+01 
1.000000e+02 
1.000000e+02 
1.000000e+02 
1.000000e+02 
1.000000e+02 
1.000000e+02 
1.000000e+02 

1.000000e+02 
1.000000e+02 
1.000000e+02 
1.000000e+02 
1.000000e+02 
1.000000e+02 
1.000000e+02 
9.999985e+01 
9.999941e+01 
9.999842e+01 
9.999642e+01 
9.999258e+01 
9.998537e+01 
9.997205e+01 
9.994807e+01 
9.990644e+01 
9.983737e+01 
9.972855e+01 
9.956671e+01 
9.934111e+01 
9.904764e+01 
9.869151e+01 
9.828703e+01 
9.785568e+01 
9.736128e+01 
9.674527e+01 
9.599157e+01 
9.510203e+01 
9.411070e+01 
9.309034e+01 
9.214267e+01 
9.137481e+01 
9.088214e+01 
9.073897e+01 
9.098509e+01 
9.160459e+01 
9.251534e+01 
9.358137e+01 
9.465631e+01 
9.563344e+01 
9.646273e+01 
9.713949e+01 
9.768119e+01 
9.815228e+01 
9.859247e+01 
9.897847e+01 
9.929516e+01 
9.953753e+01 
9.971065e+01 
9.982666e+01 
9.990011e+01 
9.994436e+01 
9.996988e+01 
9.998411e+01 
9.999187e+01 
9.999604e+01 
9.999824e+01 
9.999934e+01 
9.999984e+01 
1.000000e+02 
1.000000e+02 
1.000000e+02 
1.000000e+02 
1.000000e+02 
1.000000e+02 
1.000000e+02 

1.000000e+02 
1.000000e+02 
1.000000e+02 
1.000000e+02 
1.000000e+02 
1.000000e+02 
1.000000e+02 
9.999986e+01 
9.999941e+01 
9.999842e+01 
9.999643e+01 
9.999260e+01 
9.998542e+01 
9.997220e+01 
9.994848e+01 
9.990750e+01 
9.983998e+01 
9.973449e+01 
9.957925e+01 
9.936545e+01 
9.909098e+01 
9.876236e+01 
9.839394e+01 
9.800563e+01 
9.756549e+01 
9.702234e+01 
9.636293e+01 
9.558754e+01 
9.472192e+01 
9.382466e+01 
9.297861e+01 
9.227879e+01 
9.182089e+01 
9.167804e+01 
9.189023e+01 
9.244373e+01 
9.325525e+01 
9.419932e+01 
9.514836e+01 
9.601016e+01 
9.674377e+01 
9.734636e+01 
9.783279e+01 
9.826004e+01 
9.866354e+01 
9.902164e+01 
9.931917e+01 
9.954973e+01 
9.971634e+01 
9.982909e+01 
9.990107e+01 
9.994471e+01 
9.997000e+01 
9.998415e+01 
9.999188e+01 
9.999605e+01 
9.999824e+01 
9.999934e+01 
9.999984e+01 
1.000000e+02 
1.000000e+02 
1.000000e+02 
1.000000e+02 
1.000000e+02 
1.000000e+02 
1.000000e+02 

1.000000e+02 
1.000000e+02 
1.000000e+02 
1.000000e+02 
1.000000e+02 
1.000000e+02 
1.000000e+02 
9.999986e+01 
9.999941e+01 
9.999842e+01 
9.999643e+01 
9.999263e+01 
9.998551e+01 
9.997245e+01 
9.994917e+01 
9.990929e+01 
9.984433e+01 
9.974433e+01 
9.959984e+01 
9.940507e+01 
9.916092e+01 
9.887588e+01 
9.856426e+01 
9.824364e+01 
9.788916e+01 
9.746255e+01 
9.695829e+01 
9.638096e+01 
9.575249e+01 
9.511124e+01 
9.451173e+01 
9.401129e+01 
9.366323e+01 
9.352485e+01 
9.363647e+01 
9.399786e+01 
9.456614e+01 
9.525353e+01 
9.596169e+01 
9.662092e+01 
9.719524e+01 
9.767800e+01 
9.807630e+01 
9.843393e+01 
9.877908e+01 
9.909252e+01 
9.935908e+01 
9.957030e+01 
9.972606e+01 
9.983333e+01 
9.990278e+01 
9.994535e+01 
9.997022e+01 
9.998422e+01 
9.999190e+01 
9.999605e+01 
9.999824e+01 
9.999935e+01 
9.999984e+01 
1.000000e+02 
1.000000e+02 
1.000000e+02 
1.000000e+02 
1.000000e+02 
1.000000e+02 
1.000000e+02 

1.000000e+02 
1.000000e+02 
1.000000e+02 
1.000000e+02 
1.000000e+02 
1.000000e+02 
1.000000e+02 
9.999986e+01 
9.999942e+01 
9.999843e+01 
9.999645e+01 
9.999267e+01 
9.998563e+01 
9.997280e+01 
9.995012e+01 
9.991176e+01 
9.985027e+01 
9.975762e+01 
9.962728e+01 
9.945709e+01 
9.925137e+01 
9.902055e+01 
9.877851e+01 
9.853978e+01 
9.828799e+01 
9.800044e+01 
9.768176e+01 
9.734479e+01 
9.700949e+01 
9.669946e+01 
9.642587e+01 
9.619080e+01 
9.600240e+01 
9.587718e+01 
9.585117e+01 
9.596018e+01 
9.620513e+01 
9.655543e+01 
9.696095e+01 
9.737047e+01 
9.775179e+01 
9.808998e+01 
9.838163e+01 
9.865434e+01 
9.892748e+01 
9.918495e+01 
9.941197e+01 
9.959802e+01 
9.973938e+01 
9.983922e+01 
9.990519e+01 
9.994627e+01 
9.997055e+01 
9.998433e+01 
9.999194e+01 
9.999606e+01 
9.999825e+01 
9.999935e+01 
9.999984e+01 
1.000000e+02 
1.000000e+02 
1.000000e+02 
1.000000e+02 
1.000000e+02 
1.000000e+02 
1.000000e+02 

1.000000e+02 
1.000000e+02 
1.000000e+02 
1.000000e+02 
1.000000e+02 
1.000000e+02 
1.000000e+02 
9.999986e+01 
9.999942e+01 
9.999843e+01 
9.999646e+01 
9.999272e+01 
9.998578e+01 
9.997324e+01 
9.995133e+01 
9.991484e+01 
9.985761e+01 
9.977380e+01 
9.966008e+01 
9.951805e+01 
9.935519e+01 
9.918323e+01 
9.901489e+01 
9.886096e+01 
9.871318e+01 
9.856355e+01 
9.842508e+01 
9.831640e+01 
9.825645e+01 
9.825050e+01 
9.828068e+01 
9.830291e+01 
9.826861e+01 
9.816433e+01 
9.801939e+01 
9.789020e+01 
9.783202e+01 
9.786660e+01 
9.798158e+01 
9.814905e+01 
9.833983e+01 
9.853269e+01 
9.871512e+01 
9.889909e+01 
9.909537e+01 
9.929167e+01 
9.947435e+01 
9.963140e+01 
9.975573e+01 
9.984658e+01 
9.990825e+01 
9.994744e+01 
9.997097e+01 
9.998448e+01 
9.999198e+01 
9.999608e+01 
9.999825e+01 
9.999935e+01 
9.999984e+01 
1.000000e+02 
1.000000e+02 
1.000000e+02 
1.000000e+02 
1.000000e+02 
1.000000e+02 
1.000000e+02 

1.000000e+02 
1.000000e+02 
1.000000e+02 
1.000000e+02 
1.000000e+02 
1.000000e+02 
1.000000e+02 
9.999986e+01 
9.999942e+01 
9.999844e+01 
9.999648e+01 
9.999278e+01 
9.998597e+01 
9.997377e+01 
9.995276e+01 
9.991847e+01 
9.986614e+01 
9.979224e+01 
9.969664e+01 
9.958432e+01 
9.946514e+01 
9.935109e+01 
9.925272e+01 
9.917663e+01 
9.912089e+01 
9.908856e+01 
9.909605e+01 
9.916199e+01 
9.929927e+01 
9.950074e+01 
9.972578e+01 
9.990657e+01 
9.997507e+01 
9.989617e+01 
9.969061e+01 
9.942380e+01 
9.917027e+01 
9.898373e+01 
9.888358e+01 
9.886075e+01 
9.889375e+01 
9.896087e+01 
9.904532e+01 
9.914693e+01 
9.926958e+01 
9.940528e+01 
9.954249e+01 
9.966879e+01 
9.977447e+01 
9.985518e+01 
9.991189e+01 
9.994887e+01 
9.997149e+01 
9.998465e+01 
9.999204e+01 
9.999609e+01 
9.999826e+01 
9.999935e+01 
9.999984e+01 
1.000000e+02 
1.000000e+02 
1.000000e+02 
1.000000e+02 
1.000000e+02 
1.000000e+02 
1.000000e+02 

1.000000e+02 
1.000000e+02 
1.000000e+02 
1.000000e+02 
1.000000e+02 
1.000000e+02 
1.000000e+02 
9.999986e+01 
9.999942e+01 
9.999845e+01 
9.999650e+01 
9.999285e+01 
9.998618e+01 
9.997439e+01 
9.995441e+01 
9.992258e+01 
9.987560e+01 
9.981226e+01 
9.973531e+01 
9.965241e+01 
9.957466e+01 
9.951311e+01 
9.947525e+01 
9.946337e+01 
9.947952e+01 
9.953318e+01 
9.963930e+01 
9.981132e+01 
1.000532e+02 
1.003480e+02 
1.006503e+02 
1.008913e+02 
1.010025e+02 
1.009470e+02 
1.007378e+02 
1.004314e+02 
1.001016e+02 
9.980974e+01 
9.958907e+01 
9.944555e+01 
9.936847e+01 
9.934118e+01 
9.934769e+01 
9.938043e+01 
9.943871e+01 
9.951901e+01 
9.961283e+01 
9.970852e+01 
9.979492e+01 
9.986479e+01 
9.991602e+01 
9.995051e+01 
9.997210e+01 
9.998486e+01 
9.999211e+01 
9.999611e+01 
9.999826e+01 
9.999935e+01 
9.999984e+01 
1.000000e+02 
1.000000e+02 
1.000000e+02 
1.000000e+02 
1.000000e+02 
1.000000e+02 
1.000000e+02 

1.000000e+02 
1.000000e+02 
1.000000e+02 
1.000000e+02 
1.000000e+02 
1.000000e+02 
1.000000e+02 
9.999986e+01 
9.999942e+01 
9.999845e+01 
9.999653e+01 
9.999293e+01 
9.998643e+01 
9.997508e+01 
9.995624e+01 
9.992708e+01 
9.988576e+01 
9.983321e+01 
9.977458e+01 
9.971927e+01 
9.967843e+01 
9.966108e+01 
9.967116e+01 
9.970692e+01 
9.977239e+01 
9.987958e+01 
1.000392e+02 
1.002577e+02 
1.005313e+02 
1.008382e+02 
1.011359e+02 
1.013675e+02 
1.014794e+02 
1.014421e+02 
1.012629e+02 
1.009831e+02 
1.006606e+02 
1.003493e+02 
1.000854e+02 
9.988383e+01 
9.974360e+01 
9.965530e+01 
9.960691e+01 
9.958756e+01 
9.959415e+01 
9.962734e+01 
9.968220e+01 
9.974902e+01 
9.981639e+01 
9.987514e+01 
9.992057e+01 
9.995235e+01 
9.997278e+01 
9.998510e+01 
9.999219e+01 
9.999614e+01 
9.999827e+01 
9.999935e+01 
9.999984e+01 
1.000000e+02 
1.000000e+02 
1.000000e+02 
1.000000e+02 
1.000000e+02 
1.000000e+02 
1.000000e+02 

1.000000e+02 
1.000000e+02 
1.000000e+02 
1.000000e+02 
1.000000e+02 
1.000000e+02 
1.000000e+02 
9.999986e+01 
9.999942e+01 
9.999846e+01 
9.999656e+01 
9.999302e+01 
9.998670e+01 
9.997584e+01 
9.995823e+01 
9.993188e+01 
9.989636e+01 
9.985445e+01 
9.981310e+01 
9.978246e+01 
9.977266e+01 
9.978994e+01 
9.983469e+01 
9.990187e+01 
9.999616e+01 
1.001297e+02 
1.003084e+02 
1.005331e+02 
1.007954e+02 
1.010735e+02 
1.013321e+02 
1.015287e+02 
1.016251e+02 
1.016001e+02 
1.014579e+02 
1.012264e+02 
1.009469e+02 
1.006613e+02 
1.004017e+02 
1.001860e+02 
1.000193e+02 
9.989866e+01 
9.981672e+01 
9.976201e+01 
9.973047e+01 
9.972626e+01 
9.974807e+01 
9.978890e+01 
9.983825e+01 
9.988598e+01 
9.992545e+01 
9.995435e+01 
9.997354e+01 
9.998537e+01 
9.999228e+01 
9.999617e+01 
9.999828e+01 
9.999935e+01 
9.999984e+01 
1.000000e+02 
1.000000e+02 
1.000000e+02 
1.000000e+02 
1.000000e+02 
1.000000e+02 
1.000000e+02 

1.000000e+02 
1.000000e+02 
1.000000e+02 
1.000000e+02 
1.000000e+02 
1.000000e+02 
1.000000e+02 
9.999986e+01 
9.999943e+01 
9.999847e+01 
9.999659e+01 
9.999314e+01 
9.998704e+01 
9.997677e+01 
9.996063e+01 
9.993754e+01 
9.990851e+01 
9.987799e+01 
9.985413e+01 
9.984686e+01 
9.986420e+01 
9.990898e+01 
9.997814e+01 
1.000642e+02 
1.001719e+02 
1.003120e+02 
1.004865e+02 
1.006924e+02 
1.009196e+02 
1.011494e+02 
1.013556e+02 
1.015090e+02 
1.015844e+02 
1.015682e+02 
1.014626e+02 
1.012849e+02 
1.010625e+02 
1.008246e+02 
1.005961e+02 
1.003937e+02 
1.002258e+02 
1.000935e+02 
9.999405e+01 
9.991680e+01 
9.985752e+01 
9.982300e+01 
9.981555e+01 
9.983158e+01 
9.986257e+01 
9.989845e+01 
9.993122e+01 
9.995678e+01 
9.997448e+01 
9.998570e+01 
9.999239e+01 
9.999620e+01 
9.999828e+01 
9.999935e+01 
9.999984e+01 
1.000000e+02 
1.000000e+02 
1.000000e+02 
1.000000e+02 
1.000000e+02 
1.000000e+02 
1.000000e+02 

1.000000e+02 
1.000000e+02 
1.000000e+02 
1.000000e+02 
1.000000e+02 
1.000000e+02 
1.000000e+02 
9.999986e+01 
9.999943e+01 
9.999849e+01 
9.999664e+01 
9.999329e+01 
9.998750e+01 
9.997803e+01 
9.996379e+01 
9.994480e+01 
9.992355e+01 
9.990590e+01 
9.990039e+01 
9.991549e+01 
9.995593e+01 
1.000207e+02 
1.001038e+02 
1.001965e+02 
1.003032e+02 
1.004330e+02 
1.005848e+02 
1.007539e+02 
1.009312e+02 
1.011028e+02 
1.012516e+02 
1.013598e+02 
1.014129e+02 
1.014031e+02 
1.013315e+02 
1.012077e+02 
1.010474e+02 
1.008687e+02 
1.006883e+02 
1.005193e+02 
1.003700e+02 
1.002440e+02 
1.001420e+02 
1.000547e+02 
9.997828e+01 
9.992087e+01 
9.988797e+01 
9.987995e+01 
9.989153e+01 
9.991395e+01 
9.993866e+01 
9.996000e+01 
9.997575e+01 
9.998617e+01 
9.999254e+01 
9.999625e+01 
9.999830e+01 
9.999936e+01 
9.999984e+01 
1.000000e+02 
1.000000e+02 
1.000000e+02 
1.000000e+02 
1.000000e+02 
1.000000e+02 
1.000000e+02 

1.000000e+02 
1.000000e+02 
1.000000e+02 
1.000000e+02 
1.000000e+02 
1.000000e+02 
1.000000e+02 
9.999986e+01 
9.999944e+01 
9.999851e+01 
9.999671e+01 
9.999351e+01 
9.998812e+01 
9.997971e+01 
9.996789e+01 
9.995387e+01 
9.994145e+01 
9.993721e+01 
9.994886e+01 
9.998203e+01 
1.000375e+02 
1.001109e+02 
1.001946e+02 
1.002807e+02 
1.003731e+02 
1.004790e+02 
1.005961e+02 
1.007199e+02 
1.008437e+02 
1.009588e+02 
1.010554e+02 
1.011242e+02 
1.011578e+02 
1.011523e+02 
1.011082e+02 
1.010301e+02 
1.009259e+02 
1.008055e+02 
1.006784e+02 
1.005532e+02 
1.004362e+02 
1.003316e+02 
1.002412e+02 
1.001579e+02 
1.000779e+02 
1.000092e+02 
9.995893e+01 
9.993102e+01 
9.992422e+01 
9.993249e+01 
9.994799e+01 
9.996420e+01 
9.997746e+01 
9.998680e+01 
9.999276e+01 
9.999632e+01 
9.999832e+01 
9.999936e+01 
9.999984e+01 
1.000000e+02 
1.000000e+02 
1.000000e+02 
1.000000e+02 
1.000000e+02 
1.000000e+02 
1.000000e+02 

1.000000e+02 
1.000000e+02 
1.000000e+02 
1.000000e+02 
1.000000e+02 
1.000000e+02 
1.000000e+02 
9.999986e+01 
9.999944e+01 
9.999853e+01 
9.999681e+01 
9.999381e+01 
9.998898e+01 
9.998191e+01 
9.997308e+01 
9.996472e+01 
9.996147e+01 
9.996955e+01 
9.999441e+01 
1.000380e+02 
1.000977e+02 
1.001671e+02 
1.002393e+02 
1.003085e+02 
1.003783e+02 
1.004541e+02 
1.005339e+02 
1.006144e+02 
1.006915e+02 
1.007607e+02 
1.008172e+02 
1.008566e+02 
1.008756e+02 
1.008727e+02 
1.008479e+02 
1.008033e+02 
1.007424e+02 
1.006697e+02 
1.005899e+02 
1.005078e+02 
1.004272e+02 
1.003513e+02 
1.002819e+02 
1.002138e+02 
1.001432e+02 
1.000763e+02 
1.000197e+02 
9.997961e+01 
9.995827e+01 
9.995337e+01 
9.995923e+01 
9.996953e+01 
9.997971e+01 
9.998766e+01 
9.999306e+01 
9.999641e+01 
9.999835e+01 
9.999937e+01 
9.999984e+01 
1.000000e+02 
1.000000e+02 
1.000000e+02 
1.000000e+02 
1.000000e+02 
1.000000e+02 
1.000000e+02 

1.000000e+02 
1.000000e+02 
1.000000e+02 
1.000000e+02 
1.000000e+02 
1.000000e+02 
1.000000e+02 
9.999986e+01 
9.999945e+01 
9.999857e+01 
9.999694e+01 
9.999422e+01 
9.999011e+01 
9.998473e+01 
9.997931e+01 
9.997684e+01 
9.998188e+01 
9.999903e+01 
1.000306e+02 
1.000753e+02 
1.001285e+02 
1.001843e+02 
1.002379e+02 
1.002860e+02 
1.003320e+02 
1.003796e+02 
1.004276e+02 
1.004741e+02 
1.005170e+02 
1.005544e+02 
1.005842e+02 
1.006046e+02 
1.006143e+02 
1.006128e+02 
1.006001e+02 
1.005770e+02 
1.005447e+02 
1.005052e+02 
1.004605e+02 
1.004127e+02 
1.003639e+02 
1.003156e+02 
1.002694e+02 
1.002214e+02 
1.001683e+02 
1.001134e+02 
1.000618e+02 
1.000191e+02 
9.998974e+01 
9.997487e+01 
9.997187e+01 
9.997598e+01 
9.998261e+01 
9.998882e+01 
9.999348e+01 
9.999655e+01 
9.999839e+01 
9.999938e+01 
9.999984e+01 
1.000000e+02 
1.000000e+02 
1.000000e+02 
1.000000e+02 
1.000000e+02 
1.000000e+02 
1.000000e+02 

1.000000e+02 
1.000000e+02 
1.000000e+02 
1.000000e+02 
1.000000e+02 
1.000000e+02 
1.000000e+02 
9.999987e+01 
9.999947e+01 
9.999863e+01 
9.999713e+01 
9.999477e+01 
9.999156e+01 
9.998812e+01 
9.998626e+01 
9.998905e+01 
9.999997e+01 
1.000212e+02 
1.000522e+02 
1.000899e+02 
1.001298e+02 
1.001682e+02 
1.002024e+02 
1.002315e+02 
1.002581e+02 
1.002845e+02 
1.003101e+02 
1.003341e+02 
1.003556e+02 
1.003739e+02 
1.003882e+02 
1.003978e+02 
1.004023e+02 
1.004016e+02 
1.003955e+02 
1.003845e+02 
1.003690e+02 
1.003495e+02 
1.003269e+02 
1.003021e+02 
1.002757e+02 
1.002488e+02 
1.002219e+02 
1.001925e+02 
1.001582e+02 
1.001200e+02 
1.000806e+02 
1.000438e+02 
1.000140e+02 
9.999422e+01 
9.998475e+01 
9.998325e+01 
9.998614e+01 
9.999032e+01 
9.999405e+01 
9.999674e+01 
9.999844e+01 
9.999939e+01 
9.999985e+01 
1.000000e+02 
1.000000e+02 
1.000000e+02 
1.000000e+02 
1.000000e+02 
1.000000e+02 
1.000000e+02 

1.000000e+02 
1.000000e+02 
1.000000e+02 
1.000000e+02 
1.000000e+02 
1.000000e+02 
1.000000e+02 
9.999987e+01 
9.999949e+01 
9.999871e+01 
9.999738e+01 
9.999548e+01 
9.999332e+01 
9.999191e+01 
9.999319e+01 
9.999959e+01 
1.000128e+02 
1.000329e+02 
1.000577e+02 
1.000843e+02 
1.001098e+02 
1.001325e+02 
1.001515e+02 
1.001670e+02 
1.001805e+02 
1.001935e+02 
1.002058e+02 
1.002170e+02 
1.002268e+02 
1.002350e+02 
1.002412e+02 
1.002454e+02 
1.002473e+02 
1.002469e+02 
1.002443e+02 
1.002394e+02 
1.002325e+02 
1.002237e+02 
1.002133e+02 
1.002016e+02 
1.001889e+02 
1.001755e+02 
1.001616e+02 
1.001459e+02 
1.001266e+02 
1.001038e+02 
1.000784e+02 
1.000520e+02 
1.000277e+02 
1.000084e+02 
9.999608e+01 
9.999060e+01 
9.999012e+01 
9.999216e+01 
9.999479e+01 
9.999700e+01 
9.999852e+01 
9.999942e+01 
9.999985e+01 
1.000000e+02 
1.000000e+02 
1.000000e+02 
1.000000e+02 
1.000000e+02 
1.000000e+02 
1.000000e+02 

1.000000e+02 
1.000000e+02 
1.000000e+02 
1.000000e+02 
1.000000e+02 
1.000000e+02 
1.000000e+02 
9.999988e+01 
9.999952e+01 
9.999881e+01 
9.999771e+01 
9.999635e+01 
9.999529e+01 
9.999567e+01 
9.999905e+01 
1.000067e+02 
1.000188e+02 
1.000341e+02 
1.000506e+02 
1.000665e+02 
1.000805e+02 
1.000921e+02 
1.001014e+02 
1.001087e+02 
1.001148e+02 
1.001206e+02 
1.001260e+02 
1.001307e+02 
1.001348e+02 
1.001382e+02 
1.001407e+02 
1.001424e+02 
1.001431e+02 
1.001429e+02 
1.001418e+02 
1.001398e+02 
1.001369e+02 
1.001333e+02 
1.001289e+02 
1.001238e+02 
1.001182e+02 
1.001122e+02 
1.001058e+02 
1.000984e+02 
1.000889e+02 
1.000771e+02 
1.000629e+02 
1.000470e+02 
1.000307e+02 
1.000157e+02 
1.000041e+02 
9.999695e+01 
9.999413e+01 
9.999425e+01 
9.999570e+01 
9.999735e+01 
9.999863e+01 
9.999945e+01 
9.999986e+01 
1.000000e+02 
1.000000e+02 
1.000000e+02 
1.000000e+02 
1.000000e+02 
1.000000e+02 
1.000000e+02 

1.000000e+02 
1.000000e+02 
1.000000e+02 
1.000000e+02 
1.000000e+02 
1.000000e+02 
1.000000e+02 
9.999988e+01 
9.999956e+01 
9.999895e+01 
9.999811e+01 
9.999732e+01 
9.999723e+01 
9.999878e+01 
1.000028e+02 
1.000096e+02 
1.000184e+02 
1.000280e+02 
1.000372e+02 
1.000453e+02 
1.000520e+02 
1.000573e+02 
1.000613e+02 
1.000644e+02 
1.000669e+02 
1.000693e+02 
1.000714e+02 
1.000732e+02 
1.000748e+02 
1.000761e+02 
1.000770e+02 
1.000777e+02 
1.000779e+02 
1.000778e+02 
1.000774e+02 
1.000766e+02 
1.000755e+02 
1.000741e+02 
1.000723e+02 
1.000703e+02 
1.000681e+02 
1.000656e+02 
1.000629e+02 
1.000597e+02 
1.000556e+02 
1.000502e+02 
1.000434e+02 
1.000352e+02 
1.000259e+02 
1.000164e+02 
1.000077e+02 
1.000013e+02 
9.999754e+01 
9.999634e+01 
9.999674e+01 
9.999778e+01 
9.999878e+01 
9.999949e+01 
9.999987e+01 
1.000000e+02 
1.000000e+02 
1.000000e+02 
1.000000e+02 
1.000000e+02 
1.000000e+02 
1.000000e+02 

1.000000e+02 
1.000000e+02 
1.000000e+02 
1.000000e+02 
1.000000e+02 
1.000000e+02 
1.000000e+02 
9.999989e+01 
9.999961e+01 
9.999912e+01 
9.999857e+01 
9.999828e+01 
9.999881e+01 
1.000007e+02 
1.000042e+02 
1.000089e+02 
1.000141e+02 
1.000191e+02 
1.000235e+02 
1.000271e+02 
1.000299e+02 
1.000320e+02 
1.000336e+02 
1.000348e+02 
1.000357e+02 
1.000366e+02 
1.000374e+02 
1.000380e+02 
1.000386e+02 
1.000391e+02 
1.000394e+02 
1.000396e+02 
1.000397e+02 
1.000396e+02 
1.000395e+02 
1.000392e+02 
1.000388e+02 
1.000383e+02 
1.000376e+02 
1.000369e+02 
1.000360e+02 
1.000351e+02 
1.000341e+02 
1.000328e+02 
1.000311e+02 
1.000289e+02 
1.000261e+02 
1.000224e+02 
1.000179e+02 
1.000128e+02 
1.000077e+02 
1.000031e+02 
9.999980e+01 
9.999811e+01 
9.999779e+01 
9.999827e+01 
9.999897e+01 
9.999954e+01 
9.999988e+01 
1.000000e+02 
1.000000e+02 
1.000000e+02 
1.000000e+02 
1.000000e+02 
1.000000e+02 
1.000000e+02 

1.000000e+02 
1.000000e+02 
1.000000e+02 
1.000000e+02 
1.000000e+02 
1.000000e+02 
1.000000e+02 
9.999991e+01 
9.999967e+01 
9.999932e+01 
9.999901e+01 
9.999905e+01 
9.999978e+01 
1.000014e+02 
1.000036e+02 
1.000062e+02 
1.000088e+02 
1.000110e+02 
1.000128e+02 
1.000142e+02 
1.000152e+02 
1.000160e+02 
1.000166e+02 
1.000170e+02 
1.000173e+02 
1.000176e+02 
1.000179e+02 
1.000181e+02 
1.000183e+02 
1.000184e+02 
1.000185e+02 
1.000186e+02 
1.000186e+02 
1.000186e+02 
1.000185e+02 
1.000184e+02 
1.000183e+02 
1.000181e+02 
1.000179e+02 
1.000176e+02 
1.000173e+02 
1.000170e+02 
1.000166e+02 
1.000162e+02 
1.000156e+02 
1.000148e+02 
1.000137e+02 
1.000122e+02 
1.000104e+02 
1.000081e+02 
1.000055e+02 
1.000029e+02 
1.000007e+02 
9.999927e+01 
9.999868e+01 
9.999877e+01 
9.999918e+01 
9.999961e+01 
9.999989e+01 
1.000000e+02 
1.000000e+02 
1.000000e+02 
1.000000e+02 
1.000000e+02 
1.000000e+02 
1.000000e+02 

1.000000e+02 
1.000000e+02 
1.000000e+02 
1.000000e+02 
1.000000e+02 
1.000000e+02 
1.000000e+02 
9.999992e+01 
9.999974e+01 
9.999951e+01 
9.999938e+01 
9.999954e+01 
1.000001e+02 
1.000011e+02 
1.000022e+02 
1.000034e+02 
1.000044e+02 
1.000052e+02 
1.000059e+02 
1.000064e+02 
1.000067e+02 
1.000069e+02 
1.000071e+02 
1.000072e+02 
1.000073e+02 
1.000074e+02 
1.000075e+02 
1.000076e+02 
1.000076e+02 
1.000077e+02 
1.000077e+02 
1.000077e+02 
1.000077e+02 
1.000077e+02 
1.000077e+02 
1.000077e+02 
1.000076e+02 
1.000076e+02 
1.000075e+02 
1.000074e+02 
1.000073e+02 
1.000072e+02 
1.000071e+02 
1.000069e+02 
1.000067e+02 
1.000065e+02 
1.000061e+02 
1.000056e+02 
1.000049e+02 
1.000041e+02 
1.000030e+02 
1.000018e+02 
1.000007e+02 
9.999978e+01 
9.999927e+01 
9.999919e+01 
9.999940e+01 
9.999970e+01 
9.999991e+01 
1.000000e+02 
1.000000e+02 
1.000000e+02 
1.000000e+02 
1.000000e+02 
1.000000e+02 
1.000000e+02 

1.000000e+02 
1.000000e+02 
1.000000e+02 
1.000000e+02 
1.000000e+02 
1.000000e+02 
1.000000e+02 
9.999994e+01 
9.999981e+01 
9.999967e+01 
9.999962e+01 
9.999974e+01 
1.000000e+02 
1.000005e+02 
1.000009e+02 
1.000013e+02 
1.000016e+02 
1.000019e+02 
1.000021e+02 
1.000022e+02 
1.000023e+02 
1.000024e+02 
1.000024e+02 
1.000025e+02 
1.000025e+02 
1.000025e+02 
1.000025e+02 
1.000026e+02 
1.000026e+02 
1.000026e+02 
1.000026e+02 
1.000026e+02 
1.000026e+02 
1.000026e+02 
1.000026e+02 
1.000026e+02 
1.000026e+02 
1.000025e+02 
1.000025e+02 
1.000025e+02 
1.000025e+02 
1.000024e+02 
1.000024e+02 
1.000024e+02 
1.000023e+02 
1.000022e+02 
1.000021e+02 
1.000020e+02 
1.000018e+02 
1.000015e+02 
1.000011e+02 
1.000007e+02 
1.000003e+02 
9.999985e+01 
9.999958e+01 
9.999950e+01 
9.999960e+01 
9.999978e+01 
9.999993e+01 
1.000000e+02 
1.000000e+02 
1.000000e+02 
1.000000e+02 
1.000000e+02 
1.000000e+02 
1.000000e+02 

1.000000e+02 
1.000000e+02 
1.000000e+02 
1.000000e+02 
1.000000e+02 
1.000000e+02 
1.000000e+02 
9.999996e+01 
9.999988e+01 
9.999979e+01 
9.999975e+01 
9.999978e+01 
9.999987e+01 
9.999999e+01 
1.000001e+02 
1.000002e+02 
1.000003e+02 
1.000003e+02 
1.000004e+02 
1.000004e+02 
1.000004e+02 
1.000005e+02 
1.000005e+02 
1.000005e+02 
1.000005e+02 
1.000005e+02 
1.000005e+02 
1.000005e+02 
1.000005e+02 
1.000005e+02 
1.000005e+02 
1.000005e+02 
1.000005e+02 
1.000005e+02 
1.000005e+02 
1.000005e+02 
1.000005e+02 
1.000005e+02 
1.000005e+02 
1.000005e+02 
1.000005e+02 
1.000005e+02 
1.000004e+02 
1.000004e+02 
1.000004e+02 
1.000004e+02 
1.000004e+02 
1.000003e+02 
1.000003e+02 
1.000002e+02 
1.000001e+02 
1.000000e+02 
9.999990e+01 
9.999979e+01 
9.999970e+01 
9.999969e+01 
9.999975e+01 
9.999986e+01 
9.999996e+01 
1.000000e+02 
1.000000e+02 
1.000000e+02 
1.000000e+02 
1.000000e+02 
1.000000e+02 
1.000000e+02 

1.000000e+02 
1.000000e+02 
1.000000e+02 
1.000000e+02 
1.000000e+02 
1.000000e+02 
1.000000e+02 
9.999998e+01 
9.999992e+01 
9.999987e+01 
9.999983e+01 
9.999981e+01 
9.999981e+01 
9.999982e+01 
9.999983e+01 
9.999984e+01 
9.999984e+01 
9.999985e+01 
9.999985e+01 
9.999985e+01 
9.999986e+01 
9.999986e+01 
9.999986e+01 
9.999986e+01 
9.999986e+01 
9.999986e+01 
9.999986e+01 
9.999986e+01 
9.999986e+01 
9.999986e+01 
9.999986e+01 
9.999986e+01 
9.999986e+01 
9.999986e+01 
9.999986e+01 
9.999986e+01 
9.999986e+01 
9.999985e+01 
9.999985e+01 
9.999985e+01 
9.999985e+01 
9.999985e+01 
9.999985e+01 
9.999985e+01 
9.999985e+01 
9.999984e+01 
9.999984e+01 
9.999983e+01 
9.999983e+01 
9.999982e+01 
9.999981e+01 
9.999980e+01 
9.999978e+01 
9.999977e+01 
9.999978e+01 
9.999980e+01 
9.999985e+01 
9.999992e+01 
9.999998e+01 
1.000000e+02 
1.000000e+02 
1.000000e+02 
1.000000e+02 
1.000000e+02 
1.000000e+02 
1.000000e+02 

1.000000e+02 
1.000000e+02 
1.000000e+02 
1.000000e+02 
1.000000e+02 
1.000000e+02 
1.000000e+02 
9.999999e+01 
9.999996e+01 
9.999993e+01 
9.999989e+01 
9.999987e+01 
9.999985e+01 
9.999984e+01 
9.999983e+01 
9.999983e+01 
9.999982e+01 
9.999982e+01 
9.999982e+01 
9.999982e+01 
9.999981e+01 
9.999981e+01 
9.999981e+01 
9.999981e+01 
9.999981e+01 
9.999981e+01 
9.999981e+01 
9.999981e+01 
9.999981e+01 
9.999981e+01 
9.999981e+01 
9.999981e+01 
9.999981e+01 
9.999981e+01 
9.999981e+01 
9.999981e+01 
9.999981e+01 
9.999981e+01 
9.999981e+01 
9.999981e+01 
9.999981e+01 
9.999981e+01 
9.999981e+01 
9.999981e+01 
9.999981e+01 
9.999981e+01 
9.999981e+01 
9.999981e+01 
9.999981e+01 
9.999982e+01 
9.999982e+01 
9.999982e+01 
9.999983e+01 
9.999984e+01 
9.999986e+01 
9.999989e+01 
9.999992e+01 
9.999996e+01 
9.999999e+01 
1.000000e+02 
1.000000e+02 
1.000000e+02 
1.000000e+02 
1.000000e+02 
1.000000e+02 
1.000000e+02 

1.000000e+02 
1.000000e+02 
1.000000e+02 
1.000000e+02 
1.000000e+02 
1.000000e+02 
1.000000e+02 
1.000000e+02 
9.999998e+01 
9.999997e+01 
9.999995e+01 
9.999994e+01 
9.999993e+01 
9.999992e+01 
9.999992e+01 
9.999992e+01 
9.999991e+01 
9.999991e+01 
9.999991e+01 
9.999991e+01 
9.999991e+01 
9.999991e+01 
9.999991e+01 
9.999991e+01 
9.999991e+01 
9.999991e+01 
9.999991e+01 
9.999991e+01 
9.999991e+01 
9.999991e+01 
9.999991e+01 
9.999991e+01 
9.999991e+01 
9.999991e+01 
9.999991e+01 
9.999991e+01 
9.999991e+01 
9.999991e+01 
9.999991e+01 
9.999991e+01 
9.999991e+01 
9.999991e+01 
9.999991e+01 
9.999991e+01 
9.999991e+01 
9.999991e+01 
9.999991e+01 
9.999991e+01 
9.999991e+01 
9.999991e+01 
9.999992e+01 
9.999992e+01 
9.999992e+01 
9.999993e+01 
9.999994e+01 
9.999995e+01 
9.999997e+01 
9.999999e+01 
1.000000e+02 
1.000000e+02 
1.000000e+02 
1.000000e+02 
1.000000e+02 
1.000000e+02 
1.000000e+02 
1.000000e+02 

1.000000e+02 
1.000000e+02 
1.000000e+02 
1.000000e+02 
1.000000e+02 
1.000000e+02 
1.000000e+02 
1.000000e+02 
1.000000e+02 
9.999999e+01 
9.999999e+01 
9.999999e+01 
9.999998e+01 
9.999998e+01 
9.999998e+01 
9.999998e+01 
9.999998e+01 
9.999998e+01 
9.999998e+01 
9.999998e+01 
9.999998e+01 
9.999998e+01 
9.999998e+01 
9.999998e+01 
9.999998e+01 
9.999998e+01 
9.999998e+01 
9.999998e+01 
9.999998e+01 
9.999998e+01 
9.999998e+01 
9.999998e+01 
9.999998e+01 
9.999998e+01 
9.999998e+01 
9.999998e+01 
9.999998e+01 
9.999998e+01 
9.999998e+01 
9.999998e+01 
9.999998e+01 
9.999998e+01 
9.999998e+01 
9.999998e+01 
9.999998e+01 
9.999998e+01 
9.999998e+01 
9.999998e+01 
9.999998e+01 
9.999998e+01 
9.999998e+01 
9.999998e+01 
9.999998e+01 
9.999998e+01 
9.999999e+01 
9.999999e+01 
9.999999e+01 
1.000000e+02 
1.000000e+02 
1.000000e+02 
1.000000e+02 
1.000000e+02 
1.000000e+02 
1.000000e+02 
1.000000e+02 
1.000000e+02 

1.000000e+02 
1.000000e+02 
1.000000e+02 
1.000000e+02 
1.000000e+02 
1.000000e+02 
1.000000e+02 
1.000000e+02 
1.000000e+02 
1.000000e+02 
1.000000e+02 
1.000000e+02 
1.000000e+02 
1.000000e+02 
1.000000e+02 
1.000000e+02 
1.000000e+02 
1.000000e+02 
1.000000e+02 
1.000000e+02 
1.000000e+02 
1.000000e+02 
1.000000e+02 
1.000000e+02 
1.000000e+02 
1.000000e+02 
1.000000e+02 
1.000000e+02 
1.000000e+02 
1.000000e+02 
1.000000e+02 
1.000000e+02 
1.000000e+02 
1.000000e+02 
1.000000e+02 
1.000000e+02 
1.000000e+02 
1.000000e+02 
1.000000e+02 
1.000000e+02 
1.000000e+02 
1.000000e+02 
1.000000e+02 
1.000000e+02 
1.000000e+02 
1.000000e+02 
1.000000e+02 
1.000000e+02 
1.000000e+02 
1.000000e+02 
1.000000e+02 
1.000000e+02 
1.000000e+02 
1.000000e+02 
1.000000e+02 
1.000000e+02 
1.000000e+02 
1.000000e+02 
1.000000e+02 
1.000000e+02 
1.000000e+02 
1.000000e+02 
1.000000e+02 
1.000000e+02 
1.000000e+02 
1.000000e+02 

1.000000e+02 
1.000000e+02 
1.000000e+02 
1.000000e+02 
1.000000e+02 
1.000000e+02 
1.000000e+02 
1.000000e+02 
1.000000e+02 
1.000000e+02 
1.000000e+02 
1.000000e+02 
1.000000e+02 
1.000000e+02 
1.000000e+02 
1.000000e+02 
1.000000e+02 
1.000000e+02 
1.000000e+02 
1.000000e+02 
1.000000e+02 
1.000000e+02 
1.000000e+02 
1.000000e+02 
1.000000e+02 
1.000000e+02 
1.000000e+02 
1.000000e+02 
1.000000e+02 
1.000000e+02 
1.000000e+02 
1.000000e+02 
1.000000e+02 
1.000000e+02 
1.000000e+02 
1.000000e+02 
1.000000e+02 
1.000000e+02 
1.000000e+02 
1.000000e+02 
1.000000e+02 
1.000000e+02 
1.000000e+02 
1.000000e+02 
1.000000e+02 
1.000000e+02 
1.000000e+02 
1.000000e+02 
1.000000e+02 
1.000000e+02 
1.000000e+02 
1.000000e+02 
1.000000e+02 
1.000000e+02 
1.000000e+02 
1.000000e+02 
1.000000e+02 
1.000000e+02 
1.000000e+02 
1.000000e+02 
1.000000e+02 
1.000000e+02 
1.000000e+02 
1.000000e+02 
1.000000e+02 
1.000000e+02 

1.000000e+02 
1.000000e+02 
1.000000e+02 
1.000000e+02 
1.000000e+02 
1.000000e+02 
1.000000e+02 
1.000000e+02 
1.000000e+02 
1.000000e+02 
1.000000e+02 
1.000000e+02 
1.000000e+02 
1.000000e+02 
1.000000e+02 
1.000000e+02 
1.000000e+02 
1.000000e+02 
1.000000e+02 
1.000000e+02 
1.000000e+02 
1.000000e+02 
1.000000e+02 
1.000000e+02 
1.000000e+02 
1.000000e+02 
1.000000e+02 
1.000000e+02 
1.000000e+02 
1.000000e+02 
1.000000e+02 
1.000000e+02 
1.000000e+02 
1.000000e+02 
1.000000e+02 
1.000000e+02 
1.000000e+02 
1.000000e+02 
1.000000e+02 
1.000000e+02 
1.000000e+02 
1.000000e+02 
1.000000e+02 
1.000000e+02 
1.000000e+02 
1.000000e+02 
1.000000e+02 
1.000000e+02 
1.000000e+02 
1.000000e+02 
1.000000e+02 
1.000000e+02 
1.000000e+02 
1.000000e+02 
1.000000e+02 
1.000000e+02 
1.000000e+02 
1.000000e+02 
1.000000e+02 
1.000000e+02 
1.000000e+02 
1.000000e+02 
1.000000e+02 
1.000000e+02 
1.000000e+02 
1.000000e+02 

1.000000e+02 
1.000000e+02 
1.000000e+02 
1.000000e+02 
1.000000e+02 
1.000000e+02 
1.000000e+02 
1.000000e+02 
1.000000e+02 
1.000000e+02 
1.000000e+02 
1.000000e+02 
1.000000e+02 
1.000000e+02 
1.000000e+02 
1.000000e+02 
1.000000e+02 
1.000000e+02 
1.000000e+02 
1.000000e+02 
1.000000e+02 
1.000000e+02 
1.000000e+02 
1.000000e+02 
1.000000e+02 
1.000000e+02 
1.000000e+02 
1.000000e+02 
1.000000e+02 
1.000000e+02 
1.000000e+02 
1.000000e+02 
1.000000e+02 
1.000000e+02 
1.000000e+02 
1.000000e+02 
1.000000e+02 
1.000000e+02 
1.000000e+02 
1.000000e+02 
1.000000e+02 
1.000000e+02 
1.000000e+02 
1.000000e+02 
1.000000e+02 
1.000000e+02 
1.000000e+02 
1.000000e+02 
1.000000e+02 
1.000000e+02 
1.000000e+02 
1.000000e+02 
1.000000e+02 
1.000000e+02 
1.000000e+02 
1.000000e+02 
1.000000e+02 
1.000000e+02 
1.000000e+02 
1.000000e+02 
1.000000e+02 
1.000000e+02 
1.000000e+02 
1.000000e+02 
1.000000e+02 
1.000000e+02 

1.000000e+02 
1.000000e+02 
1.000000e+02 
1.000000e+02 
1.000000e+02 
1.000000e+02 
1.000000e+02 
1.000000e+02 
1.000000e+02 
1.000000e+02 
1.000000e+02 
1.000000e+02 
1.000000e+02 
1.000000e+02 
1.000000e+02 
1.000000e+02 
1.000000e+02 
1.000000e+02 
1.000000e+02 
1.000000e+02 
1.000000e+02 
1.000000e+02 
1.000000e+02 
1.000000e+02 
1.000000e+02 
1.000000e+02 
1.000000e+02 
1.000000e+02 
1.000000e+02 
1.000000e+02 
1.000000e+02 
1.000000e+02 
1.000000e+02 
1.000000e+02 
1.000000e+02 
1.000000e+02 
1.000000e+02 
1.000000e+02 
1.000000e+02 
1.000000e+02 
1.000000e+02 
1.000000e+02 
1.000000e+02 
1.000000e+02 
1.000000e+02 
1.000000e+02 
1.000000e+02 
1.000000e+02 
1.000000e+02 
1.000000e+02 
1.000000e+02 
1.000000e+02 
1.000000e+02 
1.000000e+02 
1.000000e+02 
1.000000e+02 
1.000000e+02 
1.000000e+02 
1.000000e+02 
1.000000e+02 
1.000000e+02 
1.000000e+02 
1.000000e+02 
1.000000e+02 
1.000000e+02 
1.000000e+02 

