1.000000e+02 
1.000000e+02 
1.000000e+02 
1.000000e+02 
1.000000e+02 
1.000000e+02 
1.000000e+02 
1.000000e+02 
1.000000e+02 
1.000000e+02 
1.000000e+02 
1.000000e+02 
1.000000e+02 
1.000000e+02 
1.000000e+02 
1.000000e+02 
1.000000e+02 
1.000000e+02 
1.000000e+02 
1.000000e+02 
1.000000e+02 
1.000000e+02 
1.000000e+02 
1.000000e+02 
1.000000e+02 
1.000000e+02 
1.000000e+02 
1.000000e+02 
1.000000e+02 
1.000000e+02 
1.000000e+02 
1.000000e+02 
1.000000e+02 
1.000000e+02 
1.000000e+02 
1.000000e+02 
1.000000e+02 
1.000000e+02 
1.000000e+02 
1.000000e+02 
1.000000e+02 
1.000000e+02 
1.000000e+02 
1.000000e+02 
1.000000e+02 
1.000000e+02 
1.000000e+02 
1.000000e+02 
1.000000e+02 
1.000000e+02 
1.000000e+02 
1.000000e+02 
1.000000e+02 
1.000000e+02 
1.000000e+02 
1.000000e+02 
1.000000e+02 
1.000000e+02 
1.000000e+02 
1.000000e+02 
1.000000e+02 
1.000000e+02 
1.000000e+02 
1.000000e+02 
1.000000e+02 
1.000000e+02 

1.000000e+02 
1.000000e+02 
1.000000e+02 
1.000000e+02 
1.000000e+02 
1.000000e+02 
1.000000e+02 
1.000000e+02 
1.000000e+02 
1.000000e+02 
1.000000e+02 
1.000000e+02 
1.000000e+02 
1.000000e+02 
1.000000e+02 
1.000000e+02 
1.000000e+02 
1.000000e+02 
1.000000e+02 
1.000000e+02 
1.000000e+02 
1.000000e+02 
1.000000e+02 
1.000000e+02 
1.000000e+02 
1.000000e+02 
1.000000e+02 
1.000000e+02 
1.000000e+02 
1.000000e+02 
1.000000e+02 
1.000000e+02 
1.000000e+02 
1.000000e+02 
1.000000e+02 
1.000000e+02 
1.000000e+02 
1.000000e+02 
1.000000e+02 
1.000000e+02 
1.000000e+02 
1.000000e+02 
1.000000e+02 
1.000000e+02 
1.000000e+02 
1.000000e+02 
1.000000e+02 
1.000000e+02 
1.000000e+02 
1.000000e+02 
1.000000e+02 
1.000000e+02 
1.000000e+02 
1.000000e+02 
1.000000e+02 
1.000000e+02 
1.000000e+02 
1.000000e+02 
1.000000e+02 
1.000000e+02 
1.000000e+02 
1.000000e+02 
1.000000e+02 
1.000000e+02 
1.000000e+02 
1.000000e+02 

1.000000e+02 
1.000000e+02 
1.000000e+02 
1.000000e+02 
1.000000e+02 
1.000000e+02 
1.000000e+02 
1.000000e+02 
1.000000e+02 
1.000000e+02 
1.000000e+02 
1.000000e+02 
1.000000e+02 
1.000000e+02 
1.000000e+02 
1.000000e+02 
1.000000e+02 
1.000000e+02 
1.000000e+02 
1.000000e+02 
1.000000e+02 
1.000000e+02 
1.000000e+02 
1.000000e+02 
1.000000e+02 
1.000000e+02 
1.000000e+02 
1.000000e+02 
1.000000e+02 
1.000000e+02 
1.000000e+02 
1.000000e+02 
1.000000e+02 
1.000000e+02 
1.000000e+02 
1.000000e+02 
1.000000e+02 
1.000000e+02 
1.000000e+02 
1.000000e+02 
1.000000e+02 
1.000000e+02 
1.000000e+02 
1.000000e+02 
1.000000e+02 
1.000000e+02 
1.000000e+02 
1.000000e+02 
1.000000e+02 
1.000000e+02 
1.000000e+02 
1.000000e+02 
1.000000e+02 
1.000000e+02 
1.000000e+02 
1.000000e+02 
1.000000e+02 
1.000000e+02 
1.000000e+02 
1.000000e+02 
1.000000e+02 
1.000000e+02 
1.000000e+02 
1.000000e+02 
1.000000e+02 
1.000000e+02 

1.000000e+02 
1.000000e+02 
1.000000e+02 
1.000000e+02 
1.000000e+02 
1.000000e+02 
1.000000e+02 
1.000000e+02 
1.000000e+02 
1.000000e+02 
1.000000e+02 
1.000000e+02 
1.000000e+02 
1.000000e+02 
1.000000e+02 
1.000000e+02 
1.000000e+02 
1.000000e+02 
1.000000e+02 
1.000000e+02 
1.000000e+02 
1.000000e+02 
1.000000e+02 
1.000000e+02 
1.000000e+02 
1.000000e+02 
1.000000e+02 
1.000000e+02 
1.000000e+02 
1.000000e+02 
1.000000e+02 
1.000000e+02 
1.000000e+02 
1.000000e+02 
1.000000e+02 
1.000000e+02 
1.000000e+02 
1.000000e+02 
1.000000e+02 
1.000000e+02 
1.000000e+02 
1.000000e+02 
1.000000e+02 
1.000000e+02 
1.000000e+02 
1.000000e+02 
1.000000e+02 
1.000000e+02 
1.000000e+02 
1.000000e+02 
1.000000e+02 
1.000000e+02 
1.000000e+02 
1.000000e+02 
1.000000e+02 
1.000000e+02 
1.000000e+02 
1.000000e+02 
1.000000e+02 
1.000000e+02 
1.000000e+02 
1.000000e+02 
1.000000e+02 
1.000000e+02 
1.000000e+02 
1.000000e+02 

1.000000e+02 
1.000000e+02 
1.000000e+02 
1.000000e+02 
1.000000e+02 
1.000000e+02 
1.000000e+02 
1.000000e+02 
1.000000e+02 
1.000000e+02 
1.000000e+02 
1.000000e+02 
1.000000e+02 
1.000000e+02 
1.000000e+02 
1.000000e+02 
1.000000e+02 
1.000000e+02 
1.000000e+02 
1.000000e+02 
1.000000e+02 
1.000000e+02 
1.000000e+02 
1.000000e+02 
1.000000e+02 
1.000000e+02 
1.000000e+02 
1.000000e+02 
1.000000e+02 
1.000000e+02 
1.000000e+02 
1.000000e+02 
1.000000e+02 
1.000000e+02 
1.000000e+02 
1.000000e+02 
1.000000e+02 
1.000000e+02 
1.000000e+02 
1.000000e+02 
1.000000e+02 
1.000000e+02 
1.000000e+02 
1.000000e+02 
1.000000e+02 
1.000000e+02 
1.000000e+02 
1.000000e+02 
1.000000e+02 
1.000000e+02 
1.000000e+02 
1.000000e+02 
1.000000e+02 
1.000000e+02 
1.000000e+02 
1.000000e+02 
1.000000e+02 
1.000000e+02 
1.000000e+02 
1.000000e+02 
1.000000e+02 
1.000000e+02 
1.000000e+02 
1.000000e+02 
1.000000e+02 
1.000000e+02 

1.000000e+02 
1.000000e+02 
1.000000e+02 
1.000000e+02 
1.000000e+02 
1.000000e+02 
1.000000e+02 
1.000000e+02 
1.000000e+02 
1.000000e+02 
9.999999e+01 
9.999999e+01 
9.999999e+01 
9.999999e+01 
9.999999e+01 
9.999999e+01 
9.999999e+01 
9.999999e+01 
9.999999e+01 
9.999999e+01 
9.999999e+01 
9.999999e+01 
9.999999e+01 
9.999999e+01 
9.999999e+01 
9.999999e+01 
9.999999e+01 
9.999999e+01 
9.999999e+01 
9.999999e+01 
9.999999e+01 
9.999999e+01 
9.999999e+01 
9.999999e+01 
9.999999e+01 
9.999999e+01 
9.999999e+01 
9.999999e+01 
9.999999e+01 
9.999999e+01 
9.999999e+01 
9.999999e+01 
9.999999e+01 
9.999999e+01 
9.999999e+01 
9.999999e+01 
9.999999e+01 
9.999999e+01 
9.999999e+01 
9.999999e+01 
9.999999e+01 
9.999999e+01 
9.999999e+01 
9.999999e+01 
9.999999e+01 
9.999999e+01 
1.000000e+02 
1.000000e+02 
1.000000e+02 
1.000000e+02 
1.000000e+02 
1.000000e+02 
1.000000e+02 
1.000000e+02 
1.000000e+02 
1.000000e+02 

1.000000e+02 
1.000000e+02 
1.000000e+02 
1.000000e+02 
1.000000e+02 
1.000000e+02 
1.000000e+02 
1.000000e+02 
9.999999e+01 
9.999998e+01 
9.999996e+01 
9.999995e+01 
9.999994e+01 
9.999993e+01 
9.999993e+01 
9.999992e+01 
9.999992e+01 
9.999992e+01 
9.999992e+01 
9.999992e+01 
9.999992e+01 
9.999992e+01 
9.999992e+01 
9.999992e+01 
9.999992e+01 
9.999992e+01 
9.999992e+01 
9.999992e+01 
9.999992e+01 
9.999992e+01 
9.999992e+01 
9.999992e+01 
9.999992e+01 
9.999992e+01 
9.999992e+01 
9.999992e+01 
9.999992e+01 
9.999992e+01 
9.999992e+01 
9.999992e+01 
9.999992e+01 
9.999992e+01 
9.999992e+01 
9.999992e+01 
9.999992e+01 
9.999992e+01 
9.999992e+01 
9.999992e+01 
9.999992e+01 
9.999992e+01 
9.999993e+01 
9.999993e+01 
9.999993e+01 
9.999994e+01 
9.999995e+01 
9.999996e+01 
9.999998e+01 
9.999999e+01 
1.000000e+02 
1.000000e+02 
1.000000e+02 
1.000000e+02 
1.000000e+02 
1.000000e+02 
1.000000e+02 
1.000000e+02 

1.000000e+02 
1.000000e+02 
1.000000e+02 
1.000000e+02 
1.000000e+02 
1.000000e+02 
1.000000e+02 
9.999999e+01 
9.999997e+01 
9.999993e+01 
9.999990e+01 
9.999987e+01 
9.999984e+01 
9.999983e+01 
9.999981e+01 
9.999981e+01 
9.999980e+01 
9.999980e+01 
9.999979e+01 
9.999979e+01 
9.999979e+01 
9.999979e+01 
9.999979e+01 
9.999979e+01 
9.999979e+01 
9.999979e+01 
9.999979e+01 
9.999979e+01 
9.999979e+01 
9.999979e+01 
9.999979e+01 
9.999979e+01 
9.999979e+01 
9.999979e+01 
9.999979e+01 
9.999979e+01 
9.999979e+01 
9.999979e+01 
9.999979e+01 
9.999979e+01 
9.999979e+01 
9.999979e+01 
9.999979e+01 
9.999979e+01 
9.999979e+01 
9.999979e+01 
9.999979e+01 
9.999980e+01 
9.999980e+01 
9.999980e+01 
9.999981e+01 
9.999982e+01 
9.999983e+01 
9.999985e+01 
9.999987e+01 
9.999990e+01 
9.999994e+01 
9.999997e+01 
1.000000e+02 
1.000000e+02 
1.000000e+02 
1.000000e+02 
1.000000e+02 
1.000000e+02 
1.000000e+02 
1.000000e+02 

1.000000e+02 
1.000000e+02 
1.000000e+02 
1.000000e+02 
1.000000e+02 
1.000000e+02 
1.000000e+02 
9.999999e+01 
9.999993e+01 
9.999987e+01 
9.999981e+01 
9.999977e+01 
9.999975e+01 
9.999974e+01 
9.999974e+01 
9.999974e+01 
9.999974e+01 
9.999974e+01 
9.999975e+01 
9.999975e+01 
9.999975e+01 
9.999975e+01 
9.999975e+01 
9.999975e+01 
9.999975e+01 
9.999975e+01 
9.999975e+01 
9.999975e+01 
9.999975e+01 
9.999975e+01 
9.999975e+01 
9.999975e+01 
9.999975e+01 
9.999975e+01 
9.999975e+01 
9.999975e+01 
9.999975e+01 
9.999975e+01 
9.999975e+01 
9.999975e+01 
9.999975e+01 
9.999975e+01 
9.999975e+01 
9.999975e+01 
9.999975e+01 
9.999975e+01 
9.999975e+01 
9.999975e+01 
9.999975e+01 
9.999974e+01 
9.999974e+01 
9.999974e+01 
9.999974e+01 
9.999975e+01 
9.999977e+01 
9.999981e+01 
9.999987e+01 
9.999994e+01 
9.999999e+01 
1.000000e+02 
1.000000e+02 
1.000000e+02 
1.000000e+02 
1.000000e+02 
1.000000e+02 
1.000000e+02 

1.000000e+02 
1.000000e+02 
1.000000e+02 
1.000000e+02 
1.000000e+02 
1.000000e+02 
1.000000e+02 
9.999998e+01 
9.999989e+01 
9.999979e+01 
9.999971e+01 
9.999970e+01 
9.999975e+01 
9.999983e+01 
9.999992e+01 
1.000000e+02 
1.000001e+02 
1.000001e+02 
1.000002e+02 
1.000002e+02 
1.000002e+02 
1.000002e+02 
1.000002e+02 
1.000002e+02 
1.000002e+02 
1.000002e+02 
1.000002e+02 
1.000003e+02 
1.000003e+02 
1.000003e+02 
1.000003e+02 
1.000003e+02 
1.000003e+02 
1.000003e+02 
1.000003e+02 
1.000003e+02 
1.000003e+02 
1.000003e+02 
1.000003e+02 
1.000002e+02 
1.000002e+02 
1.000002e+02 
1.000002e+02 
1.000002e+02 
1.000002e+02 
1.000002e+02 
1.000002e+02 
1.000002e+02 
1.000001e+02 
1.000001e+02 
1.000000e+02 
9.999992e+01 
9.999983e+01 
9.999975e+01 
9.999970e+01 
9.999971e+01 
9.999979e+01 
9.999990e+01 
9.999998e+01 
1.000000e+02 
1.000000e+02 
1.000000e+02 
1.000000e+02 
1.000000e+02 
1.000000e+02 
1.000000e+02 

1.000000e+02 
1.000000e+02 
1.000000e+02 
1.000000e+02 
1.000000e+02 
1.000000e+02 
1.000000e+02 
9.999996e+01 
9.999984e+01 
9.999967e+01 
9.999957e+01 
9.999963e+01 
9.999987e+01 
1.000002e+02 
1.000006e+02 
1.000010e+02 
1.000013e+02 
1.000016e+02 
1.000018e+02 
1.000019e+02 
1.000020e+02 
1.000021e+02 
1.000021e+02 
1.000022e+02 
1.000022e+02 
1.000022e+02 
1.000022e+02 
1.000022e+02 
1.000023e+02 
1.000023e+02 
1.000023e+02 
1.000023e+02 
1.000023e+02 
1.000023e+02 
1.000023e+02 
1.000023e+02 
1.000023e+02 
1.000023e+02 
1.000022e+02 
1.000022e+02 
1.000022e+02 
1.000022e+02 
1.000021e+02 
1.000021e+02 
1.000021e+02 
1.000020e+02 
1.000019e+02 
1.000018e+02 
1.000016e+02 
1.000013e+02 
1.000010e+02 
1.000006e+02 
1.000002e+02 
9.999985e+01 
9.999961e+01 
9.999956e+01 
9.999967e+01 
9.999984e+01 
9.999997e+01 
1.000000e+02 
1.000000e+02 
1.000000e+02 
1.000000e+02 
1.000000e+02 
1.000000e+02 
1.000000e+02 

1.000000e+02 
1.000000e+02 
1.000000e+02 
1.000000e+02 
1.000000e+02 
1.000000e+02 
1.000000e+02 
9.999995e+01 
9.999978e+01 
9.999953e+01 
9.999935e+01 
9.999944e+01 
9.999996e+01 
1.000009e+02 
1.000020e+02 
1.000032e+02 
1.000042e+02 
1.000050e+02 
1.000057e+02 
1.000062e+02 
1.000065e+02 
1.000068e+02 
1.000070e+02 
1.000071e+02 
1.000072e+02 
1.000073e+02 
1.000074e+02 
1.000075e+02 
1.000076e+02 
1.000076e+02 
1.000076e+02 
1.000077e+02 
1.000077e+02 
1.000077e+02 
1.000077e+02 
1.000076e+02 
1.000076e+02 
1.000075e+02 
1.000075e+02 
1.000074e+02 
1.000073e+02 
1.000072e+02 
1.000071e+02 
1.000070e+02 
1.000068e+02 
1.000065e+02 
1.000062e+02 
1.000057e+02 
1.000050e+02 
1.000041e+02 
1.000031e+02 
1.000019e+02 
1.000008e+02 
9.999990e+01 
9.999939e+01 
9.999931e+01 
9.999951e+01 
9.999977e+01 
9.999996e+01 
1.000000e+02 
1.000000e+02 
1.000000e+02 
1.000000e+02 
1.000000e+02 
1.000000e+02 
1.000000e+02 

1.000000e+02 
1.000000e+02 
1.000000e+02 
1.000000e+02 
1.000000e+02 
1.000000e+02 
1.000000e+02 
9.999994e+01 
9.999972e+01 
9.999936e+01 
9.999902e+01 
9.999902e+01 
9.999972e+01 
1.000013e+02 
1.000037e+02 
1.000064e+02 
1.000090e+02 
1.000114e+02 
1.000133e+02 
1.000148e+02 
1.000159e+02 
1.000167e+02 
1.000173e+02 
1.000178e+02 
1.000181e+02 
1.000185e+02 
1.000188e+02 
1.000190e+02 
1.000192e+02 
1.000194e+02 
1.000195e+02 
1.000196e+02 
1.000196e+02 
1.000196e+02 
1.000196e+02 
1.000195e+02 
1.000194e+02 
1.000192e+02 
1.000190e+02 
1.000187e+02 
1.000184e+02 
1.000181e+02 
1.000177e+02 
1.000173e+02 
1.000167e+02 
1.000159e+02 
1.000147e+02 
1.000132e+02 
1.000113e+02 
1.000089e+02 
1.000063e+02 
1.000035e+02 
1.000012e+02 
9.999959e+01 
9.999891e+01 
9.999894e+01 
9.999932e+01 
9.999971e+01 
9.999994e+01 
1.000000e+02 
1.000000e+02 
1.000000e+02 
1.000000e+02 
1.000000e+02 
1.000000e+02 
1.000000e+02 

1.000000e+02 
1.000000e+02 
1.000000e+02 
1.000000e+02 
1.000000e+02 
1.000000e+02 
1.000000e+02 
9.999994e+01 
9.999967e+01 
9.999919e+01 
9.999862e+01 
9.999832e+01 
9.999890e+01 
1.000010e+02 
1.000047e+02 
1.000098e+02 
1.000155e+02 
1.000210e+02 
1.000258e+02 
1.000297e+02 
1.000328e+02 
1.000351e+02 
1.000369e+02 
1.000382e+02 
1.000392e+02 
1.000402e+02 
1.000411e+02 
1.000419e+02 
1.000425e+02 
1.000430e+02 
1.000434e+02 
1.000437e+02 
1.000438e+02 
1.000438e+02 
1.000437e+02 
1.000434e+02 
1.000430e+02 
1.000425e+02 
1.000418e+02 
1.000410e+02 
1.000402e+02 
1.000392e+02 
1.000381e+02 
1.000368e+02 
1.000350e+02 
1.000327e+02 
1.000296e+02 
1.000256e+02 
1.000208e+02 
1.000153e+02 
1.000096e+02 
1.000045e+02 
1.000007e+02 
9.999869e+01 
9.999815e+01 
9.999850e+01 
9.999913e+01 
9.999965e+01 
9.999994e+01 
1.000000e+02 
1.000000e+02 
1.000000e+02 
1.000000e+02 
1.000000e+02 
1.000000e+02 
1.000000e+02 

1.000000e+02 
1.000000e+02 
1.000000e+02 
1.000000e+02 
1.000000e+02 
1.000000e+02 
1.000000e+02 
9.999993e+01 
9.999963e+01 
9.999904e+01 
9.999821e+01 
9.999745e+01 
9.999749e+01 
9.999940e+01 
1.000041e+02 
1.000118e+02 
1.000218e+02 
1.000326e+02 
1.000431e+02 
1.000522e+02 
1.000597e+02 
1.000657e+02 
1.000703e+02 
1.000738e+02 
1.000767e+02 
1.000793e+02 
1.000818e+02 
1.000839e+02 
1.000858e+02 
1.000873e+02 
1.000884e+02 
1.000892e+02 
1.000896e+02 
1.000896e+02 
1.000892e+02 
1.000884e+02 
1.000872e+02 
1.000857e+02 
1.000838e+02 
1.000817e+02 
1.000792e+02 
1.000765e+02 
1.000736e+02 
1.000701e+02 
1.000655e+02 
1.000595e+02 
1.000519e+02 
1.000428e+02 
1.000323e+02 
1.000214e+02 
1.000114e+02 
1.000037e+02 
9.999901e+01 
9.999717e+01 
9.999721e+01 
9.999806e+01 
9.999897e+01 
9.999961e+01 
9.999993e+01 
1.000000e+02 
1.000000e+02 
1.000000e+02 
1.000000e+02 
1.000000e+02 
1.000000e+02 
1.000000e+02 

1.000000e+02 
1.000000e+02 
1.000000e+02 
1.000000e+02 
1.000000e+02 
1.000000e+02 
1.000000e+02 
9.999993e+01 
9.999960e+01 
9.999892e+01 
9.999784e+01 
9.999655e+01 
9.999571e+01 
9.999664e+01 
1.000011e+02 
1.000105e+02 
1.000250e+02 
1.000430e+02 
1.000624e+02 
1.000810e+02 
1.000973e+02 
1.001109e+02 
1.001218e+02 
1.001303e+02 
1.001375e+02 
1.001443e+02 
1.001506e+02 
1.001562e+02 
1.001611e+02 
1.001651e+02 
1.001682e+02 
1.001703e+02 
1.001713e+02 
1.001713e+02 
1.001702e+02 
1.001681e+02 
1.001650e+02 
1.001609e+02 
1.001560e+02 
1.001503e+02 
1.001440e+02 
1.001372e+02 
1.001299e+02 
1.001214e+02 
1.001105e+02 
1.000968e+02 
1.000804e+02 
1.000618e+02 
1.000424e+02 
1.000243e+02 
1.000098e+02 
1.000005e+02 
9.999607e+01 
9.999526e+01 
9.999624e+01 
9.999765e+01 
9.999883e+01 
9.999957e+01 
9.999992e+01 
1.000000e+02 
1.000000e+02 
1.000000e+02 
1.000000e+02 
1.000000e+02 
1.000000e+02 
1.000000e+02 

1.000000e+02 
1.000000e+02 
1.000000e+02 
1.000000e+02 
1.000000e+02 
1.000000e+02 
1.000000e+02 
9.999992e+01 
9.999958e+01 
9.999883e+01 
9.999754e+01 
9.999573e+01 
9.999386e+01 
9.999317e+01 
9.999597e+01 
1.000050e+02 
1.000222e+02 
1.000474e+02 
1.000781e+02 
1.001106e+02 
1.001417e+02 
1.001691e+02 
1.001922e+02 
1.002109e+02 
1.002273e+02 
1.002432e+02 
1.002581e+02 
1.002717e+02 
1.002837e+02 
1.002938e+02 
1.003016e+02 
1.003069e+02 
1.003096e+02 
1.003095e+02 
1.003068e+02 
1.003013e+02 
1.002934e+02 
1.002833e+02 
1.002711e+02 
1.002574e+02 
1.002424e+02 
1.002265e+02 
1.002100e+02 
1.001913e+02 
1.001681e+02 
1.001405e+02 
1.001094e+02 
1.000768e+02 
1.000462e+02 
1.000210e+02 
1.000039e+02 
9.999500e+01 
9.999240e+01 
9.999329e+01 
9.999536e+01 
9.999732e+01 
9.999873e+01 
9.999954e+01 
9.999992e+01 
1.000000e+02 
1.000000e+02 
1.000000e+02 
1.000000e+02 
1.000000e+02 
1.000000e+02 
1.000000e+02 

1.000000e+02 
1.000000e+02 
1.000000e+02 
1.000000e+02 
1.000000e+02 
1.000000e+02 
1.000000e+02 
9.999992e+01 
9.999957e+01 
9.999877e+01 
9.999731e+01 
9.999506e+01 
9.999217e+01 
9.998957e+01 
9.998955e+01 
9.999584e+01 
1.000125e+02 
1.000418e+02 
1.000830e+02 
1.001319e+02 
1.001832e+02 
1.002320e+02 
1.002755e+02 
1.003124e+02 
1.003459e+02 
1.003794e+02 
1.004118e+02 
1.004422e+02 
1.004696e+02 
1.004929e+02 
1.005113e+02 
1.005239e+02 
1.005303e+02 
1.005302e+02 
1.005234e+02 
1.005105e+02 
1.004918e+02 
1.004682e+02 
1.004406e+02 
1.004100e+02 
1.003774e+02 
1.003438e+02 
1.003102e+02 
1.002732e+02 
1.002297e+02 
1.001808e+02 
1.001296e+02 
1.000807e+02 
1.000397e+02 
1.000106e+02 
9.999424e+01 
9.998827e+01 
9.998860e+01 
9.999149e+01 
9.999463e+01 
9.999707e+01 
9.999865e+01 
9.999953e+01 
9.999992e+01 
1.000000e+02 
1.000000e+02 
1.000000e+02 
1.000000e+02 
1.000000e+02 
1.000000e+02 
1.000000e+02 

1.000000e+02 
1.000000e+02 
1.000000e+02 
1.000000e+02 
1.000000e+02 
1.000000e+02 
1.000000e+02 
9.999992e+01 
9.999956e+01 
9.999872e+01 
9.999714e+01 
9.999453e+01 
9.999076e+01 
9.998627e+01 
9.998291e+01 
9.998457e+01 
9.999691e+01 
1.000253e+02 
1.000723e+02 
1.001354e+02 
1.002087e+02 
1.002845e+02 
1.003566e+02 
1.004210e+02 
1.004823e+02 
1.005458e+02 
1.006096e+02 
1.006714e+02 
1.007286e+02 
1.007786e+02 
1.008187e+02 
1.008467e+02 
1.008609e+02 
1.008604e+02 
1.008453e+02 
1.008165e+02 
1.007756e+02 
1.007250e+02 
1.006672e+02 
1.006051e+02 
1.005410e+02 
1.004774e+02 
1.004160e+02 
1.003516e+02 
1.002797e+02 
1.002041e+02 
1.001312e+02 
1.000685e+02 
1.000221e+02 
9.999423e+01 
9.998245e+01 
9.998130e+01 
9.998512e+01 
9.998999e+01 
9.999405e+01 
9.999687e+01 
9.999859e+01 
9.999951e+01 
9.999992e+01 
1.000000e+02 
1.000000e+02 
1.000000e+02 
1.000000e+02 
1.000000e+02 
1.000000e+02 
1.000000e+02 

1.000000e+02 
1.000000e+02 
1.000000e+02 
1.000000e+02 
1.000000e+02 
1.000000e+02 
1.000000e+02 
9.999992e+01 
9.999955e+01 
9.999868e+01 
9.999701e+01 
9.999413e+01 
9.998965e+01 
9.998349e+01 
9.997680e+01 
9.997296e+01 
9.997816e+01 
1.000002e+02 
1.000457e+02 
1.001161e+02 
1.002069e+02 
1.003096e+02 
1.004144e+02 
1.005137e+02 
1.006132e+02 
1.007208e+02 
1.008335e+02 
1.009470e+02 
1.010559e+02 
1.011537e+02 
1.012341e+02 
1.012912e+02 
1.013203e+02 
1.013191e+02 
1.012876e+02 
1.012285e+02 
1.011464e+02 
1.010472e+02 
1.009374e+02 
1.008234e+02 
1.007105e+02 
1.006031e+02 
1.005039e+02 
1.004051e+02 
1.003009e+02 
1.001992e+02 
1.001093e+02 
1.000401e+02 
9.999572e+01 
9.997464e+01 
9.997032e+01 
9.997489e+01 
9.998218e+01 
9.998879e+01 
9.999362e+01 
9.999673e+01 
9.999855e+01 
9.999950e+01 
9.999991e+01 
1.000000e+02 
1.000000e+02 
1.000000e+02 
1.000000e+02 
1.000000e+02 
1.000000e+02 
1.000000e+02 

1.000000e+02 
1.000000e+02 
1.000000e+02 
1.000000e+02 
1.000000e+02 
1.000000e+02 
1.000000e+02 
9.999992e+01 
9.999954e+01 
9.999866e+01 
9.999692e+01 
9.999384e+01 
9.998880e+01 
9.998127e+01 
9.997161e+01 
9.996226e+01 
9.995898e+01 
9.997077e+01 
1.000074e+02 
1.000753e+02 
1.001741e+02 
1.002963e+02 
1.004308e+02 
1.005660e+02 
1.007091e+02 
1.008715e+02 
1.010496e+02 
1.012372e+02 
1.014242e+02 
1.015983e+02 
1.017453e+02 
1.018516e+02 
1.019063e+02 
1.019035e+02 
1.018435e+02 
1.017326e+02 
1.015821e+02 
1.014056e+02 
1.012174e+02 
1.010296e+02 
1.008519e+02 
1.006906e+02 
1.005487e+02 
1.004150e+02 
1.002824e+02 
1.001622e+02 
1.000656e+02 
9.999973e+01 
9.996490e+01 
9.995463e+01 
9.995914e+01 
9.996945e+01 
9.997983e+01 
9.998788e+01 
9.999330e+01 
9.999663e+01 
9.999852e+01 
9.999950e+01 
9.999991e+01 
1.000000e+02 
1.000000e+02 
1.000000e+02 
1.000000e+02 
1.000000e+02 
1.000000e+02 
1.000000e+02 

1.000000e+02 
1.000000e+02 
1.000000e+02 
1.000000e+02 
1.000000e+02 
1.000000e+02 
1.000000e+02 
9.999992e+01 
9.999954e+01 
9.999864e+01 
9.999686e+01 
9.999363e+01 
9.998816e+01 
9.997956e+01 
9.996742e+01 
9.995310e+01 
9.994129e+01 
9.994090e+01 
9.996364e+01 
1.000201e+02 
1.001150e+02 
1.002444e+02 
1.003981e+02 
1.005624e+02 
1.007461e+02 
1.009653e+02 
1.012180e+02 
1.014966e+02 
1.017870e+02 
1.020676e+02 
1.023120e+02 
1.024924e+02 
1.025861e+02 
1.025802e+02 
1.024755e+02 
1.022860e+02 
1.020354e+02 
1.017515e+02 
1.014603e+02 
1.011827e+02 
1.009323e+02 
1.007160e+02 
1.005353e+02 
1.003743e+02 
1.002242e+02 
1.000985e+02 
1.000072e+02 
9.995386e+01 
9.993373e+01 
9.993619e+01 
9.994957e+01 
9.996504e+01 
9.997801e+01 
9.998719e+01 
9.999306e+01 
9.999655e+01 
9.999850e+01 
9.999949e+01 
9.999991e+01 
1.000000e+02 
1.000000e+02 
1.000000e+02 
1.000000e+02 
1.000000e+02 
1.000000e+02 
1.000000e+02 

1.000000e+02 
1.000000e+02 
1.000000e+02 
1.000000e+02 
1.000000e+02 
1.000000e+02 
1.000000e+02 
9.999992e+01 
9.999954e+01 
9.999863e+01 
9.999681e+01 
9.999347e+01 
9.998769e+01 
9.997825e+01 
9.996413e+01 
9.994561e+01 
9.992603e+01 
9.991332e+01 
9.991972e+01 
9.995866e+01 
1.000394e+02 
1.001630e+02 
1.003218e+02 
1.005022e+02 
1.007155e+02 
1.009830e+02 
1.013070e+02 
1.016821e+02 
1.020909e+02 
1.025021e+02 
1.028719e+02 
1.031513e+02 
1.032976e+02 
1.032865e+02 
1.031198e+02 
1.028247e+02 
1.024452e+02 
1.020303e+02 
1.016225e+02 
1.012515e+02 
1.009330e+02 
1.006715e+02 
1.004639e+02 
1.002891e+02 
1.001361e+02 
1.000183e+02 
9.994262e+01 
9.990798e+01 
9.990498e+01 
9.992027e+01 
9.994173e+01 
9.996158e+01 
9.997662e+01 
9.998668e+01 
9.999289e+01 
9.999650e+01 
9.999849e+01 
9.999949e+01 
9.999991e+01 
1.000000e+02 
1.000000e+02 
1.000000e+02 
1.000000e+02 
1.000000e+02 
1.000000e+02 
1.000000e+02 

1.000000e+02 
1.000000e+02 
1.000000e+02 
1.000000e+02 
1.000000e+02 
1.000000e+02 
1.000000e+02 
9.999992e+01 
9.999954e+01 
9.999862e+01 
9.999678e+01 
9.999336e+01 
9.998734e+01 
9.997727e+01 
9.996160e+01 
9.993966e+01 
9.991342e+01 
9.988939e+01 
9.987929e+01 
9.989791e+01 
9.995801e+01 
1.000652e+02 
1.002157e+02 
1.003979e+02 
1.006251e+02 
1.009243e+02 
1.013048e+02 
1.017667e+02 
1.022932e+02 
1.028444e+02 
1.033565e+02 
1.037525e+02 
1.039615e+02 
1.039428e+02 
1.036999e+02 
1.032792e+02 
1.027539e+02 
1.022002e+02 
1.016786e+02 
1.012256e+02 
1.008554e+02 
1.005662e+02 
1.003479e+02 
1.001741e+02 
1.000319e+02 
9.993246e+01 
9.987902e+01 
9.986580e+01 
9.988005e+01 
9.990711e+01 
9.993549e+01 
9.995891e+01 
9.997557e+01 
9.998630e+01 
9.999276e+01 
9.999646e+01 
9.999848e+01 
9.999949e+01 
9.999991e+01 
1.000000e+02 
1.000000e+02 
1.000000e+02 
1.000000e+02 
1.000000e+02 
1.000000e+02 
1.000000e+02 

1.000000e+02 
1.000000e+02 
1.000000e+02 
1.000000e+02 
1.000000e+02 
1.000000e+02 
1.000000e+02 
9.999992e+01 
9.999953e+01 
9.999862e+01 
9.999675e+01 
9.999326e+01 
9.998705e+01 
9.997646e+01 
9.995946e+01 
9.993451e+01 
9.990217e+01 
9.986723e+01 
9.984009e+01 
9.983574e+01 
9.986931e+01 
9.995049e+01 
1.000799e+02 
1.002491e+02 
1.004735e+02 
1.007850e+02 
1.012023e+02 
1.017351e+02 
1.023725e+02 
1.030694e+02 
1.037404e+02 
1.042720e+02 
1.045550e+02 
1.045248e+02 
1.041882e+02 
1.036200e+02 
1.029329e+02 
1.022371e+02 
1.016115e+02 
1.010952e+02 
1.006948e+02 
1.003984e+02 
1.001868e+02 
1.000291e+02 
9.991070e+01 
9.983938e+01 
9.981407e+01 
9.982494e+01 
9.985695e+01 
9.989536e+01 
9.993009e+01 
9.995664e+01 
9.997470e+01 
9.998599e+01 
9.999265e+01 
9.999643e+01 
9.999847e+01 
9.999948e+01 
9.999991e+01 
1.000000e+02 
1.000000e+02 
1.000000e+02 
1.000000e+02 
1.000000e+02 
1.000000e+02 
1.000000e+02 

1.000000e+02 
1.000000e+02 
1.000000e+02 
1.000000e+02 
1.000000e+02 
1.000000e+02 
1.000000e+02 
9.999992e+01 
9.999953e+01 
9.999861e+01 
9.999673e+01 
9.999318e+01 
9.998679e+01 
9.997570e+01 
9.995746e+01 
9.992959e+01 
9.989114e+01 
9.984479e+01 
9.979886e+01 
9.976735e+01 
9.976666e+01 
9.980997e+01 
9.990263e+01 
1.000406e+02 
1.002402e+02 
1.005371e+02 
1.009606e+02 
1.015351e+02 
1.022623e+02 
1.030982e+02 
1.039366e+02 
1.046192e+02 
1.049846e+02 
1.049365e+02 
1.044874e+02 
1.037523e+02 
1.028964e+02 
1.020698e+02 
1.013662e+02 
1.008193e+02 
1.004215e+02 
1.001464e+02 
9.996427e+01 
9.984156e+01 
9.976300e+01 
9.973197e+01 
9.974271e+01 
9.978196e+01 
9.983354e+01 
9.988382e+01 
9.992491e+01 
9.995451e+01 
9.997389e+01 
9.998570e+01 
9.999256e+01 
9.999640e+01 
9.999846e+01 
9.999948e+01 
9.999991e+01 
1.000000e+02 
1.000000e+02 
1.000000e+02 
1.000000e+02 
1.000000e+02 
1.000000e+02 
1.000000e+02 

1.000000e+02 
1.000000e+02 
1.000000e+02 
1.000000e+02 
1.000000e+02 
1.000000e+02 
1.000000e+02 
9.999992e+01 
9.999953e+01 
9.999860e+01 
9.999670e+01 
9.999311e+01 
9.998656e+01 
9.997502e+01 
9.995561e+01 
9.992499e+01 
9.988058e+01 
9.982268e+01 
9.975679e+01 
9.969478e+01 
9.965280e+01 
9.964642e+01 
9.968537e+01 
9.977064e+01 
9.991761e+01 
1.001613e+02 
1.005407e+02 
1.010955e+02 
1.018455e+02 
1.027555e+02 
1.037031e+02 
1.044907e+02 
1.049120e+02 
1.048398e+02 
1.042953e+02 
1.034352e+02 
1.024707e+02 
1.015833e+02 
1.008735e+02 
1.003606e+02 
1.000177e+02 
9.980332e+01 
9.967924e+01 
9.961325e+01 
9.959181e+01 
9.961311e+01 
9.966705e+01 
9.973810e+01 
9.981045e+01 
9.987275e+01 
9.992005e+01 
9.995254e+01 
9.997314e+01 
9.998544e+01 
9.999247e+01 
9.999637e+01 
9.999845e+01 
9.999948e+01 
9.999991e+01 
1.000000e+02 
1.000000e+02 
1.000000e+02 
1.000000e+02 
1.000000e+02 
1.000000e+02 
1.000000e+02 

1.000000e+02 
1.000000e+02 
1.000000e+02 
1.000000e+02 
1.000000e+02 
1.000000e+02 
1.000000e+02 
9.999992e+01 
9.999953e+01 
9.999860e+01 
9.999669e+01 
9.999304e+01 
9.998635e+01 
9.997441e+01 
9.995395e+01 
9.992078e+01 
9.987073e+01 
9.980155e+01 
9.971537e+01 
9.962079e+01 
9.953224e+01 
9.946611e+01 
9.943555e+01 
9.944677e+01 
9.951085e+01 
9.965622e+01 
9.992560e+01 
1.003689e+02 
1.010221e+02 
1.018626e+02 
1.027757e+02 
1.035515e+02 
1.039564e+02 
1.038576e+02 
1.032854e+02 
1.024165e+02 
1.014887e+02 
1.006859e+02 
1.000913e+02 
9.970540e+01 
9.948372e+01 
9.937552e+01 
9.933979e+01 
9.935206e+01 
9.940362e+01 
9.948742e+01 
9.958992e+01 
9.969487e+01 
9.978833e+01 
9.986240e+01 
9.991560e+01 
9.995077e+01 
9.997248e+01 
9.998521e+01 
9.999239e+01 
9.999635e+01 
9.999845e+01 
9.999948e+01 
9.999991e+01 
1.000000e+02 
1.000000e+02 
1.000000e+02 
1.000000e+02 
1.000000e+02 
1.000000e+02 
1.000000e+02 

1.000000e+02 
1.000000e+02 
1.000000e+02 
1.000000e+02 
1.000000e+02 
1.000000e+02 
1.000000e+02 
9.999992e+01 
9.999953e+01 
9.999860e+01 
9.999667e+01 
9.999299e+01 
9.998617e+01 
9.997389e+01 
9.995250e+01 
9.991705e+01 
9.986186e+01 
9.978208e+01 
9.967621e+01 
9.954877e+01 
9.941107e+01 
9.927874e+01 
9.916710e+01 
9.908707e+01 
9.904212e+01 
9.904727e+01 
9.914045e+01 
9.937175e+01 
9.978320e+01 
1.003740e+02 
1.010488e+02 
1.016261e+02 
1.019137e+02 
1.017926e+02 
1.013011e+02 
1.006114e+02 
9.992186e+01 
9.938115e+01 
9.904341e+01 
9.888286e+01 
9.884725e+01 
9.888639e+01 
9.896480e+01 
9.907235e+01 
9.920843e+01 
9.936114e+01 
9.951478e+01 
9.965393e+01 
9.976791e+01 
9.985304e+01 
9.991163e+01 
9.994920e+01 
9.997190e+01 
9.998501e+01 
9.999233e+01 
9.999633e+01 
9.999844e+01 
9.999948e+01 
9.999991e+01 
1.000000e+02 
1.000000e+02 
1.000000e+02 
1.000000e+02 
1.000000e+02 
1.000000e+02 
1.000000e+02 

1.000000e+02 
1.000000e+02 
1.000000e+02 
1.000000e+02 
1.000000e+02 
1.000000e+02 
1.000000e+02 
9.999992e+01 
9.999953e+01 
9.999859e+01 
9.999666e+01 
9.999294e+01 
9.998603e+01 
9.997345e+01 
9.995128e+01 
9.991388e+01 
9.985420e+01 
9.976497e+01 
9.964103e+01 
9.948246e+01 
9.929654e+01 
9.909684e+01 
9.889956e+01 
9.871961e+01 
9.855043e+01 
9.838861e+01 
9.826038e+01 
9.820573e+01 
9.826812e+01 
9.846200e+01 
9.874324e+01 
9.899919e+01 
9.909271e+01 
9.895801e+01 
9.863746e+01 
9.825555e+01 
9.795624e+01 
9.781713e+01 
9.783698e+01 
9.797109e+01 
9.816419e+01 
9.837603e+01 
9.858306e+01 
9.879416e+01 
9.901906e+01 
9.924171e+01 
9.944548e+01 
9.961705e+01 
9.974989e+01 
9.984491e+01 
9.990823e+01 
9.994787e+01 
9.997141e+01 
9.998484e+01 
9.999227e+01 
9.999631e+01 
9.999844e+01 
9.999948e+01 
9.999991e+01 
1.000000e+02 
1.000000e+02 
1.000000e+02 
1.000000e+02 
1.000000e+02 
1.000000e+02 
1.000000e+02 

1.000000e+02 
1.000000e+02 
1.000000e+02 
1.000000e+02 
1.000000e+02 
1.000000e+02 
1.000000e+02 
9.999992e+01 
9.999953e+01 
9.999859e+01 
9.999665e+01 
9.999290e+01 
9.998591e+01 
9.997310e+01 
9.995031e+01 
9.991133e+01 
9.984797e+01 
9.975085e+01 
9.961148e+01 
9.942564e+01 
9.919635e+01 
9.893439e+01 
9.865587e+01 
9.837884e+01 
9.808609e+01 
9.775443e+01 
9.739594e+01 
9.703811e+01 
9.672219e+01 
9.648559e+01 
9.633222e+01 
9.622346e+01 
9.611009e+01 
9.597081e+01 
9.584724e+01 
9.582084e+01 
9.595014e+01 
9.623978e+01 
9.664018e+01 
9.708162e+01 
9.750958e+01 
9.789547e+01 
9.822960e+01 
9.854085e+01 
9.884979e+01 
9.913703e+01 
9.938590e+01 
9.958592e+01 
9.973491e+01 
9.983824e+01 
9.990546e+01 
9.994680e+01 
9.997102e+01 
9.998470e+01 
9.999223e+01 
9.999630e+01 
9.999843e+01 
9.999948e+01 
9.999991e+01 
1.000000e+02 
1.000000e+02 
1.000000e+02 
1.000000e+02 
1.000000e+02 
1.000000e+02 
1.000000e+02 

1.000000e+02 
1.000000e+02 
1.000000e+02 
1.000000e+02 
1.000000e+02 
1.000000e+02 
1.000000e+02 
9.999992e+01 
9.999953e+01 
9.999859e+01 
9.999664e+01 
9.999288e+01 
9.998583e+01 
9.997285e+01 
9.994960e+01 
9.990945e+01 
9.984334e+01 
9.974023e+01 
9.958898e+01 
9.938176e+01 
9.911776e+01 
9.880497e+01 
9.845892e+01 
9.809991e+01 
9.770133e+01 
9.722267e+01 
9.666377e+01 
9.604266e+01 
9.540127e+01 
9.479744e+01 
9.428262e+01 
9.388232e+01 
9.360359e+01 
9.346331e+01 
9.350214e+01 
9.376170e+01 
9.424616e+01 
9.489910e+01 
9.562409e+01 
9.633042e+01 
9.696153e+01 
9.749738e+01 
9.794002e+01 
9.833571e+01 
9.871450e+01 
9.905451e+01 
9.933959e+01 
9.956202e+01 
9.972354e+01 
9.983322e+01 
9.990339e+01 
9.994599e+01 
9.997072e+01 
9.998459e+01 
9.999219e+01 
9.999629e+01 
9.999843e+01 
9.999948e+01 
9.999991e+01 
1.000000e+02 
1.000000e+02 
1.000000e+02 
1.000000e+02 
1.000000e+02 
1.000000e+02 
1.000000e+02 

1.000000e+02 
1.000000e+02 
1.000000e+02 
1.000000e+02 
1.000000e+02 
1.000000e+02 
1.000000e+02 
9.999992e+01 
9.999953e+01 
9.999859e+01 
9.999664e+01 
9.999286e+01 
9.998578e+01 
9.997270e+01 
9.994916e+01 
9.990828e+01 
9.984044e+01 
9.973355e+01 
9.957467e+01 
9.935353e+01 
9.906662e+01 
9.871980e+01 
9.832789e+01 
9.791254e+01 
9.744041e+01 
9.685865e+01 
9.615840e+01 
9.535150e+01 
9.448165e+01 
9.362219e+01 
9.285578e+01 
9.225076e+01 
9.185717e+01 
9.171652e+01 
9.186816e+01 
9.232851e+01 
9.306007e+01 
9.396547e+01 
9.491806e+01 
9.581109e+01 
9.658535e+01 
9.722635e+01 
9.774446e+01 
9.819830e+01 
9.862466e+01 
9.900021e+01 
9.930936e+01 
9.954652e+01 
9.971619e+01 
9.982997e+01 
9.990204e+01 
9.994546e+01 
9.997053e+01 
9.998452e+01 
9.999217e+01 
9.999628e+01 
9.999843e+01 
9.999948e+01 
9.999991e+01 
1.000000e+02 
1.000000e+02 
1.000000e+02 
1.000000e+02 
1.000000e+02 
1.000000e+02 
1.000000e+02 

1.000000e+02 
1.000000e+02 
1.000000e+02 
1.000000e+02 
1.000000e+02 
1.000000e+02 
1.000000e+02 
9.999992e+01 
9.999953e+01 
9.999859e+01 
9.999664e+01 
9.999286e+01 
9.998576e+01 
9.997264e+01 
9.994900e+01 
9.990785e+01 
9.983936e+01 
9.973102e+01 
9.956921e+01 
9.934265e+01 
9.904665e+01 
9.868604e+01 
9.827517e+01 
9.783600e+01 
9.733197e+01 
9.670411e+01 
9.593813e+01 
9.504050e+01 
9.405247e+01 
9.305266e+01 
9.214062e+01 
9.141229e+01 
9.094710e+01 
9.080528e+01 
9.102602e+01 
9.160691e+01 
9.248182e+01 
9.352646e+01 
9.459731e+01 
9.558195e+01 
9.642313e+01 
9.711147e+01 
9.766261e+01 
9.814134e+01 
9.858771e+01 
9.897797e+01 
9.929698e+01 
9.954014e+01 
9.971312e+01 
9.982859e+01 
9.990145e+01 
9.994523e+01 
9.997043e+01 
9.998449e+01 
9.999216e+01 
9.999628e+01 
9.999843e+01 
9.999948e+01 
9.999991e+01 
1.000000e+02 
1.000000e+02 
1.000000e+02 
1.000000e+02 
1.000000e+02 
1.000000e+02 
1.000000e+02 

1.000000e+02 
1.000000e+02 
1.000000e+02 
1.000000e+02 
1.000000e+02 
1.000000e+02 
1.000000e+02 
9.999992e+01 
9.999953e+01 
9.999859e+01 
9.999664e+01 
9.999287e+01 
9.998578e+01 
9.997269e+01 
9.994912e+01 
9.990816e+01 
9.984011e+01 
9.973273e+01 
9.957280e+01 
9.934958e+01 
9.905887e+01 
9.870575e+01 
9.830438e+01 
9.787604e+01 
9.738476e+01 
9.677221e+01 
9.602220e+01 
9.513624e+01 
9.414793e+01 
9.312949e+01 
9.218247e+01 
9.141436e+01 
9.092129e+01 
9.077817e+01 
9.102476e+01 
9.164448e+01 
9.255444e+01 
9.361834e+01 
9.469005e+01 
9.566342e+01 
9.648890e+01 
9.716212e+01 
9.770068e+01 
9.816877e+01 
9.860589e+01 
9.898896e+01 
9.930298e+01 
9.954309e+01 
9.971443e+01 
9.982910e+01 
9.990163e+01 
9.994528e+01 
9.997044e+01 
9.998449e+01 
9.999216e+01 
9.999628e+01 
9.999843e+01 
9.999948e+01 
9.999991e+01 
1.000000e+02 
1.000000e+02 
1.000000e+02 
1.000000e+02 
1.000000e+02 
1.000000e+02 
1.000000e+02 

1.000000e+02 
1.000000e+02 
1.000000e+02 
1.000000e+02 
1.000000e+02 
1.000000e+02 
1.000000e+02 
9.999992e+01 
9.999953e+01 
9.999859e+01 
9.999665e+01 
9.999288e+01 
9.998583e+01 
9.997283e+01 
9.994952e+01 
9.990920e+01 
9.984266e+01 
9.973855e+01 
9.958511e+01 
9.937352e+01 
9.910156e+01 
9.877565e+01 
9.840994e+01 
9.802421e+01 
9.758667e+01 
9.704635e+01 
9.638983e+01 
9.561716e+01 
9.475367e+01 
9.385758e+01 
9.301172e+01 
9.231149e+01 
9.185324e+01 
9.171060e+01 
9.192346e+01 
9.247747e+01 
9.328867e+01 
9.423125e+01 
9.517783e+01 
9.603665e+01 
9.676716e+01 
9.736681e+01 
9.785059e+01 
9.827524e+01 
9.867605e+01 
9.903151e+01 
9.932661e+01 
9.955507e+01 
9.971999e+01 
9.983148e+01 
9.990256e+01 
9.994562e+01 
9.997056e+01 
9.998453e+01 
9.999217e+01 
9.999628e+01 
9.999843e+01 
9.999948e+01 
9.999991e+01 
1.000000e+02 
1.000000e+02 
1.000000e+02 
1.000000e+02 
1.000000e+02 
1.000000e+02 
1.000000e+02 

1.000000e+02 
1.000000e+02 
1.000000e+02 
1.000000e+02 
1.000000e+02 
1.000000e+02 
1.000000e+02 
9.999992e+01 
9.999953e+01 
9.999859e+01 
9.999665e+01 
9.999291e+01 
9.998591e+01 
9.997307e+01 
9.995018e+01 
9.991094e+01 
9.984691e+01 
9.974819e+01 
9.960535e+01 
9.941253e+01 
9.917054e+01 
9.888771e+01 
9.857823e+01 
9.825953e+01 
9.790689e+01 
9.748212e+01 
9.697956e+01 
9.640351e+01 
9.577561e+01 
9.513404e+01 
9.453346e+01 
9.403178e+01 
9.368305e+01 
9.354507e+01 
9.365794e+01 
9.402081e+01 
9.459000e+01 
9.527731e+01 
9.598446e+01 
9.664203e+01 
9.721440e+01 
9.769514e+01 
9.809151e+01 
9.844718e+01 
9.879019e+01 
9.910146e+01 
9.936593e+01 
9.957530e+01 
9.972952e+01 
9.983561e+01 
9.990423e+01 
9.994624e+01 
9.997077e+01 
9.998460e+01 
9.999219e+01 
9.999628e+01 
9.999843e+01 
9.999948e+01 
9.999991e+01 
1.000000e+02 
1.000000e+02 
1.000000e+02 
1.000000e+02 
1.000000e+02 
1.000000e+02 
1.000000e+02 

1.000000e+02 
1.000000e+02 
1.000000e+02 
1.000000e+02 
1.000000e+02 
1.000000e+02 
1.000000e+02 
9.999992e+01 
9.999953e+01 
9.999860e+01 
9.999667e+01 
9.999295e+01 
9.998603e+01 
9.997341e+01 
9.995111e+01 
9.991334e+01 
9.985272e+01 
9.976123e+01 
9.963232e+01 
9.946376e+01 
9.925975e+01 
9.903056e+01 
9.878996e+01 
9.855240e+01 
9.830154e+01 
9.801471e+01 
9.769632e+01 
9.735898e+01 
9.702243e+01 
9.671022e+01 
9.643394e+01 
9.619648e+01 
9.600686e+01 
9.588213e+01 
9.585812e+01 
9.596984e+01 
9.621733e+01 
9.656936e+01 
9.697564e+01 
9.738510e+01 
9.776582e+01 
9.810309e+01 
9.839367e+01 
9.866515e+01 
9.893682e+01 
9.919269e+01 
9.941807e+01 
9.960257e+01 
9.974260e+01 
9.984138e+01 
9.990657e+01 
9.994712e+01 
9.997109e+01 
9.998470e+01 
9.999222e+01 
9.999629e+01 
9.999843e+01 
9.999948e+01 
9.999991e+01 
1.000000e+02 
1.000000e+02 
1.000000e+02 
1.000000e+02 
1.000000e+02 
1.000000e+02 
1.000000e+02 

1.000000e+02 
1.000000e+02 
1.000000e+02 
1.000000e+02 
1.000000e+02 
1.000000e+02 
1.000000e+02 
9.999992e+01 
9.999953e+01 
9.999860e+01 
9.999668e+01 
9.999300e+01 
9.998617e+01 
9.997384e+01 
9.995228e+01 
9.991634e+01 
9.985990e+01 
9.977711e+01 
9.966458e+01 
9.952382e+01 
9.936216e+01 
9.919121e+01 
9.902357e+01 
9.887003e+01 
9.872230e+01 
9.857230e+01 
9.843282e+01 
9.832226e+01 
9.825943e+01 
9.824972e+01 
9.827583e+01 
9.829464e+01 
9.825861e+01 
9.815482e+01 
9.801241e+01 
9.788699e+01 
9.783275e+01 
9.787068e+01 
9.798806e+01 
9.815698e+01 
9.834846e+01 
9.854148e+01 
9.872371e+01 
9.890721e+01 
9.910274e+01 
9.929804e+01 
9.947956e+01 
9.963542e+01 
9.975865e+01 
9.984858e+01 
9.990955e+01 
9.994827e+01 
9.997150e+01 
9.998484e+01 
9.999226e+01 
9.999631e+01 
9.999844e+01 
9.999948e+01 
9.999991e+01 
1.000000e+02 
1.000000e+02 
1.000000e+02 
1.000000e+02 
1.000000e+02 
1.000000e+02 
1.000000e+02 

1.000000e+02 
1.000000e+02 
1.000000e+02 
1.000000e+02 
1.000000e+02 
1.000000e+02 
1.000000e+02 
9.999992e+01 
9.999953e+01 
9.999861e+01 
9.999670e+01 
9.999306e+01 
9.998635e+01 
9.997435e+01 
9.995367e+01 
9.991988e+01 
9.986824e+01 
9.979519e+01 
9.970053e+01 
9.958909e+01 
9.947061e+01 
9.935696e+01 
9.925861e+01 
9.918221e+01 
9.912576e+01 
9.909214e+01 
9.909760e+01 
9.916059e+01 
9.929396e+01 
9.949078e+01 
9.971108e+01 
9.988802e+01 
9.995451e+01 
9.987602e+01 
9.967312e+01 
9.941048e+01 
9.916162e+01 
9.897941e+01 
9.888279e+01 
9.886254e+01 
9.889728e+01 
9.896547e+01 
9.905049e+01 
9.915233e+01 
9.927490e+01 
9.941019e+01 
9.954675e+01 
9.967222e+01 
9.977706e+01 
9.985701e+01 
9.991310e+01 
9.994965e+01 
9.997200e+01 
9.998501e+01 
9.999232e+01 
9.999632e+01 
9.999844e+01 
9.999948e+01 
9.999991e+01 
1.000000e+02 
1.000000e+02 
1.000000e+02 
1.000000e+02 
1.000000e+02 
1.000000e+02 
1.000000e+02 

1.000000e+02 
1.000000e+02 
1.000000e+02 
1.000000e+02 
1.000000e+02 
1.000000e+02 
1.000000e+02 
9.999992e+01 
9.999954e+01 
9.999861e+01 
9.999672e+01 
9.999312e+01 
9.998656e+01 
9.997494e+01 
9.995527e+01 
9.992388e+01 
9.987750e+01 
9.981484e+01 
9.973855e+01 
9.965615e+01 
9.957862e+01 
9.951691e+01 
9.947851e+01 
9.946574e+01 
9.948059e+01 
9.953235e+01 
9.963581e+01 
9.980432e+01 
1.000419e+02 
1.003319e+02 
1.006295e+02 
1.008668e+02 
1.009760e+02 
1.009208e+02 
1.007140e+02 
1.004116e+02 
1.000864e+02 
9.979922e+01 
9.958256e+01 
9.944227e+01 
9.936761e+01 
9.934204e+01 
9.934971e+01 
9.938324e+01 
9.944202e+01 
9.952247e+01 
9.961608e+01 
9.971132e+01 
9.979714e+01 
9.986641e+01 
9.991713e+01 
9.995124e+01 
9.997258e+01 
9.998521e+01 
9.999238e+01 
9.999634e+01 
9.999844e+01 
9.999948e+01 
9.999991e+01 
1.000000e+02 
1.000000e+02 
1.000000e+02 
1.000000e+02 
1.000000e+02 
1.000000e+02 
1.000000e+02 

1.000000e+02 
1.000000e+02 
1.000000e+02 
1.000000e+02 
1.000000e+02 
1.000000e+02 
1.000000e+02 
9.999992e+01 
9.999954e+01 
9.999862e+01 
9.999674e+01 
9.999320e+01 
9.998679e+01 
9.997561e+01 
9.995704e+01 
9.992827e+01 
9.988743e+01 
9.983538e+01 
9.977715e+01 
9.972199e+01 
9.968095e+01 
9.966298e+01 
9.967205e+01 
9.970651e+01 
9.977032e+01 
9.987525e+01 
1.000319e+02 
1.002469e+02 
1.005163e+02 
1.008187e+02 
1.011121e+02 
1.013405e+02 
1.014507e+02 
1.014136e+02 
1.012364e+02 
1.009600e+02 
1.006417e+02 
1.003348e+02 
1.000749e+02 
9.987671e+01 
9.973923e+01 
9.965303e+01 
9.960621e+01 
9.958807e+01 
9.959560e+01 
9.962939e+01 
9.968447e+01 
9.975118e+01 
9.981822e+01 
9.987654e+01 
9.992157e+01 
9.995302e+01 
9.997324e+01 
9.998543e+01 
9.999245e+01 
9.999636e+01 
9.999845e+01 
9.999948e+01 
9.999991e+01 
1.000000e+02 
1.000000e+02 
1.000000e+02 
1.000000e+02 
1.000000e+02 
1.000000e+02 
1.000000e+02 

1.000000e+02 
1.000000e+02 
1.000000e+02 
1.000000e+02 
1.000000e+02 
1.000000e+02 
1.000000e+02 
9.999992e+01 
9.999954e+01 
9.999863e+01 
9.999677e+01 
9.999329e+01 
9.998705e+01 
9.997634e+01 
9.995897e+01 
9.993294e+01 
9.989779e+01 
9.985621e+01 
9.981501e+01 
9.978421e+01 
9.977384e+01 
9.979015e+01 
9.983357e+01 
9.989920e+01 
9.999164e+01 
1.001228e+02 
1.002985e+02 
1.005199e+02 
1.007784e+02 
1.010525e+02 
1.013076e+02 
1.015015e+02 
1.015965e+02 
1.015716e+02 
1.014310e+02 
1.012023e+02 
1.009263e+02 
1.006446e+02 
1.003887e+02 
1.001762e+02 
1.000123e+02 
9.989394e+01 
9.981377e+01 
9.976053e+01 
9.973027e+01 
9.972701e+01 
9.974939e+01 
9.979043e+01 
9.983969e+01 
9.988715e+01 
9.992633e+01 
9.995497e+01 
9.997398e+01 
9.998569e+01 
9.999254e+01 
9.999639e+01 
9.999846e+01 
9.999948e+01 
9.999991e+01 
1.000000e+02 
1.000000e+02 
1.000000e+02 
1.000000e+02 
1.000000e+02 
1.000000e+02 
1.000000e+02 

1.000000e+02 
1.000000e+02 
1.000000e+02 
1.000000e+02 
1.000000e+02 
1.000000e+02 
1.000000e+02 
9.999992e+01 
9.999954e+01 
9.999864e+01 
9.999680e+01 
9.999339e+01 
9.998737e+01 
9.997724e+01 
9.996129e+01 
9.993845e+01 
9.990967e+01 
9.987929e+01 
9.985532e+01 
9.984759e+01 
9.986405e+01 
9.990758e+01 
9.997520e+01 
1.000596e+02 
1.001654e+02 
1.003032e+02 
1.004750e+02 
1.006778e+02 
1.009018e+02 
1.011284e+02 
1.013318e+02 
1.014830e+02 
1.015574e+02 
1.015412e+02 
1.014368e+02 
1.012613e+02 
1.010417e+02 
1.008069e+02 
1.005816e+02 
1.003822e+02 
1.002168e+02 
1.000868e+02 
9.998918e+01 
9.991354e+01 
9.985575e+01 
9.982246e+01 
9.981589e+01 
9.983241e+01 
9.986356e+01 
9.989936e+01 
9.993196e+01 
9.995732e+01 
9.997488e+01 
9.998601e+01 
9.999264e+01 
9.999642e+01 
9.999847e+01 
9.999948e+01 
9.999991e+01 
1.000000e+02 
1.000000e+02 
1.000000e+02 
1.000000e+02 
1.000000e+02 
1.000000e+02 
1.000000e+02 

1.000000e+02 
1.000000e+02 
1.000000e+02 
1.000000e+02 
1.000000e+02 
1.000000e+02 
1.000000e+02 
9.999992e+01 
9.999954e+01 
9.999865e+01 
9.999685e+01 
9.999354e+01 
9.998781e+01 
9.997844e+01 
9.996435e+01 
9.994552e+01 
9.992437e+01 
9.990664e+01 
9.990076e+01 
9.991510e+01 
9.995441e+01 
1.000177e+02 
1.000992e+02 
1.001902e+02 
1.002951e+02 
1.004229e+02 
1.005723e+02 
1.007390e+02 
1.009137e+02 
1.010828e+02 
1.012295e+02 
1.013362e+02 
1.013885e+02 
1.013788e+02 
1.013080e+02 
1.011857e+02 
1.010275e+02 
1.008512e+02 
1.006733e+02 
1.005068e+02 
1.003597e+02 
1.002358e+02 
1.001355e+02 
1.000498e+02 
9.997498e+01 
9.991900e+01 
9.988723e+01 
9.987999e+01 
9.989199e+01 
9.991454e+01 
9.993921e+01 
9.996045e+01 
9.997610e+01 
9.998645e+01 
9.999279e+01 
9.999646e+01 
9.999848e+01 
9.999949e+01 
9.999991e+01 
1.000000e+02 
1.000000e+02 
1.000000e+02 
1.000000e+02 
1.000000e+02 
1.000000e+02 
1.000000e+02 

1.000000e+02 
1.000000e+02 
1.000000e+02 
1.000000e+02 
1.000000e+02 
1.000000e+02 
1.000000e+02 
9.999992e+01 
9.999955e+01 
9.999867e+01 
9.999691e+01 
9.999374e+01 
9.998841e+01 
9.998006e+01 
9.996833e+01 
9.995435e+01 
9.994185e+01 
9.993731e+01 
9.994833e+01 
9.998051e+01 
1.000347e+02 
1.001066e+02 
1.001887e+02 
1.002733e+02 
1.003641e+02 
1.004683e+02 
1.005836e+02 
1.007055e+02 
1.008275e+02 
1.009409e+02 
1.010361e+02 
1.011039e+02 
1.011369e+02 
1.011314e+02 
1.010878e+02 
1.010107e+02 
1.009080e+02 
1.007892e+02 
1.006640e+02 
1.005406e+02 
1.004254e+02 
1.003224e+02 
1.002336e+02 
1.001518e+02 
1.000734e+02 
1.000061e+02 
9.995710e+01 
9.993020e+01 
9.992405e+01 
9.993268e+01 
9.994831e+01 
9.996452e+01 
9.997775e+01 
9.998706e+01 
9.999299e+01 
9.999653e+01 
9.999849e+01 
9.999949e+01 
9.999991e+01 
1.000000e+02 
1.000000e+02 
1.000000e+02 
1.000000e+02 
1.000000e+02 
1.000000e+02 
1.000000e+02 

1.000000e+02 
1.000000e+02 
1.000000e+02 
1.000000e+02 
1.000000e+02 
1.000000e+02 
1.000000e+02 
9.999992e+01 
9.999956e+01 
9.999869e+01 
9.999700e+01 
9.999402e+01 
9.998922e+01 
9.998218e+01 
9.997334e+01 
9.996490e+01 
9.996140e+01 
9.996896e+01 
9.999300e+01 
1.000355e+02 
1.000938e+02 
1.001619e+02 
1.002328e+02 
1.003007e+02 
1.003692e+02 
1.004438e+02 
1.005223e+02 
1.006015e+02 
1.006774e+02 
1.007455e+02 
1.008010e+02 
1.008398e+02 
1.008585e+02 
1.008556e+02 
1.008312e+02 
1.007872e+02 
1.007271e+02 
1.006555e+02 
1.005769e+02 
1.004961e+02 
1.004168e+02 
1.003421e+02 
1.002739e+02 
1.002070e+02 
1.001378e+02 
1.000722e+02 
1.000169e+02 
9.997794e+01 
9.995745e+01 
9.995311e+01 
9.995926e+01 
9.996969e+01 
9.997992e+01 
9.998788e+01 
9.999328e+01 
9.999662e+01 
9.999852e+01 
9.999950e+01 
9.999991e+01 
1.000000e+02 
1.000000e+02 
1.000000e+02 
1.000000e+02 
1.000000e+02 
1.000000e+02 
1.000000e+02 

1.000000e+02 
1.000000e+02 
1.000000e+02 
1.000000e+02 
1.000000e+02 
1.000000e+02 
1.000000e+02 
9.999992e+01 
9.999956e+01 
9.999873e+01 
9.999712e+01 
9.999441e+01 
9.999029e+01 
9.998488e+01 
9.997937e+01 
9.997668e+01 
9.998130e+01 
9.999777e+01 
1.000285e+02 
1.000720e+02 
1.001240e+02 
1.001787e+02 
1.002312e+02 
1.002784e+02 
1.003235e+02 
1.003704e+02 
1.004175e+02 
1.004631e+02 
1.005053e+02 
1.005421e+02 
1.005713e+02 
1.005913e+02 
1.006009e+02 
1.005994e+02 
1.005869e+02 
1.005641e+02 
1.005323e+02 
1.004935e+02 
1.004495e+02 
1.004025e+02 
1.003544e+02 
1.003070e+02 
1.002617e+02 
1.002145e+02 
1.001625e+02 
1.001087e+02 
1.000583e+02 
1.000167e+02 
9.998829e+01 
9.997412e+01 
9.997158e+01 
9.997595e+01 
9.998271e+01 
9.998899e+01 
9.999367e+01 
9.999674e+01 
9.999856e+01 
9.999950e+01 
9.999991e+01 
1.000000e+02 
1.000000e+02 
1.000000e+02 
1.000000e+02 
1.000000e+02 
1.000000e+02 
1.000000e+02 

1.000000e+02 
1.000000e+02 
1.000000e+02 
1.000000e+02 
1.000000e+02 
1.000000e+02 
1.000000e+02 
9.999993e+01 
9.999958e+01 
9.999878e+01 
9.999730e+01 
9.999493e+01 
9.999167e+01 
9.998814e+01 
9.998608e+01 
9.998853e+01 
9.999890e+01 
1.000194e+02 
1.000495e+02 
1.000862e+02 
1.001252e+02 
1.001627e+02 
1.001962e+02 
1.002247e+02 
1.002507e+02 
1.002766e+02 
1.003017e+02 
1.003252e+02 
1.003464e+02 
1.003643e+02 
1.003782e+02 
1.003876e+02 
1.003921e+02 
1.003913e+02 
1.003854e+02 
1.003746e+02 
1.003593e+02 
1.003402e+02 
1.003180e+02 
1.002936e+02 
1.002678e+02 
1.002413e+02 
1.002149e+02 
1.001862e+02 
1.001525e+02 
1.001152e+02 
1.000767e+02 
1.000409e+02 
1.000120e+02 
9.999302e+01 
9.998412e+01 
9.998300e+01 
9.998611e+01 
9.999042e+01 
9.999421e+01 
9.999692e+01 
9.999861e+01 
9.999952e+01 
9.999992e+01 
1.000000e+02 
1.000000e+02 
1.000000e+02 
1.000000e+02 
1.000000e+02 
1.000000e+02 
1.000000e+02 

1.000000e+02 
1.000000e+02 
1.000000e+02 
1.000000e+02 
1.000000e+02 
1.000000e+02 
1.000000e+02 
9.999993e+01 
9.999959e+01 
9.999885e+01 
9.999753e+01 
9.999559e+01 
9.999335e+01 
9.999178e+01 
9.999277e+01 
9.999873e+01 
1.000114e+02 
1.000307e+02 
1.000548e+02 
1.000806e+02 
1.001055e+02 
1.001276e+02 
1.001462e+02 
1.001612e+02 
1.001744e+02 
1.001872e+02 
1.001992e+02 
1.002101e+02 
1.002197e+02 
1.002277e+02 
1.002338e+02 
1.002378e+02 
1.002397e+02 
1.002393e+02 
1.002367e+02 
1.002319e+02 
1.002252e+02 
1.002166e+02 
1.002064e+02 
1.001949e+02 
1.001825e+02 
1.001693e+02 
1.001558e+02 
1.001405e+02 
1.001216e+02 
1.000994e+02 
1.000746e+02 
1.000490e+02 
1.000255e+02 
1.000069e+02 
9.999514e+01 
9.999011e+01 
9.998995e+01 
9.999218e+01 
9.999490e+01 
9.999716e+01 
9.999868e+01 
9.999953e+01 
9.999992e+01 
1.000000e+02 
1.000000e+02 
1.000000e+02 
1.000000e+02 
1.000000e+02 
1.000000e+02 
1.000000e+02 

1.000000e+02 
1.000000e+02 
1.000000e+02 
1.000000e+02 
1.000000e+02 
1.000000e+02 
1.000000e+02 
9.999993e+01 
9.999962e+01 
9.999894e+01 
9.999783e+01 
9.999641e+01 
9.999522e+01 
9.999537e+01 
9.999842e+01 
1.000056e+02 
1.000172e+02 
1.000318e+02 
1.000478e+02 
1.000632e+02 
1.000767e+02 
1.000880e+02 
1.000970e+02 
1.001041e+02 
1.001101e+02 
1.001157e+02 
1.001209e+02 
1.001255e+02 
1.001295e+02 
1.001328e+02 
1.001352e+02 
1.001368e+02 
1.001376e+02 
1.001374e+02 
1.001363e+02 
1.001343e+02 
1.001315e+02 
1.001279e+02 
1.001237e+02 
1.001187e+02 
1.001133e+02 
1.001074e+02 
1.001012e+02 
1.000940e+02 
1.000847e+02 
1.000732e+02 
1.000596e+02 
1.000442e+02 
1.000283e+02 
1.000140e+02 
1.000029e+02 
9.999626e+01 
9.999380e+01 
9.999417e+01 
9.999577e+01 
9.999748e+01 
9.999878e+01 
9.999956e+01 
9.999992e+01 
1.000000e+02 
1.000000e+02 
1.000000e+02 
1.000000e+02 
1.000000e+02 
1.000000e+02 
1.000000e+02 

1.000000e+02 
1.000000e+02 
1.000000e+02 
1.000000e+02 
1.000000e+02 
1.000000e+02 
1.000000e+02 
9.999994e+01 
9.999965e+01 
9.999906e+01 
9.999820e+01 
9.999732e+01 
9.999706e+01 
9.999835e+01 
1.000021e+02 
1.000084e+02 
1.000167e+02 
1.000259e+02 
1.000348e+02 
1.000426e+02 
1.000490e+02 
1.000540e+02 
1.000579e+02 
1.000609e+02 
1.000633e+02 
1.000656e+02 
1.000677e+02 
1.000694e+02 
1.000710e+02 
1.000722e+02 
1.000731e+02 
1.000737e+02 
1.000740e+02 
1.000739e+02 
1.000734e+02 
1.000727e+02 
1.000716e+02 
1.000702e+02 
1.000685e+02 
1.000666e+02 
1.000644e+02 
1.000620e+02 
1.000594e+02 
1.000563e+02 
1.000523e+02 
1.000471e+02 
1.000405e+02 
1.000327e+02 
1.000238e+02 
1.000147e+02 
1.000065e+02 
1.000004e+02 
9.999710e+01 
9.999617e+01 
9.999675e+01 
9.999788e+01 
9.999891e+01 
9.999959e+01 
9.999993e+01 
1.000000e+02 
1.000000e+02 
1.000000e+02 
1.000000e+02 
1.000000e+02 
1.000000e+02 
1.000000e+02 

1.000000e+02 
1.000000e+02 
1.000000e+02 
1.000000e+02 
1.000000e+02 
1.000000e+02 
1.000000e+02 
9.999994e+01 
9.999969e+01 
9.999921e+01 
9.999861e+01 
9.999822e+01 
9.999857e+01 
1.000002e+02 
1.000034e+02 
1.000077e+02 
1.000126e+02 
1.000174e+02 
1.000215e+02 
1.000249e+02 
1.000276e+02 
1.000296e+02 
1.000311e+02 
1.000322e+02 
1.000332e+02 
1.000340e+02 
1.000347e+02 
1.000354e+02 
1.000359e+02 
1.000363e+02 
1.000366e+02 
1.000368e+02 
1.000369e+02 
1.000369e+02 
1.000367e+02 
1.000364e+02 
1.000360e+02 
1.000355e+02 
1.000349e+02 
1.000342e+02 
1.000334e+02 
1.000325e+02 
1.000315e+02 
1.000303e+02 
1.000287e+02 
1.000266e+02 
1.000239e+02 
1.000204e+02 
1.000161e+02 
1.000114e+02 
1.000065e+02 
1.000023e+02 
9.999929e+01 
9.999786e+01 
9.999774e+01 
9.999833e+01 
9.999908e+01 
9.999964e+01 
9.999993e+01 
1.000000e+02 
1.000000e+02 
1.000000e+02 
1.000000e+02 
1.000000e+02 
1.000000e+02 
1.000000e+02 

1.000000e+02 
1.000000e+02 
1.000000e+02 
1.000000e+02 
1.000000e+02 
1.000000e+02 
1.000000e+02 
9.999995e+01 
9.999974e+01 
9.999938e+01 
9.999902e+01 
9.999895e+01 
9.999950e+01 
1.000008e+02 
1.000029e+02 
1.000053e+02 
1.000076e+02 
1.000097e+02 
1.000113e+02 
1.000126e+02 
1.000136e+02 
1.000143e+02 
1.000148e+02 
1.000152e+02 
1.000155e+02 
1.000158e+02 
1.000161e+02 
1.000163e+02 
1.000164e+02 
1.000166e+02 
1.000167e+02 
1.000167e+02 
1.000168e+02 
1.000167e+02 
1.000167e+02 
1.000166e+02 
1.000164e+02 
1.000163e+02 
1.000161e+02 
1.000158e+02 
1.000155e+02 
1.000152e+02 
1.000149e+02 
1.000145e+02 
1.000139e+02 
1.000131e+02 
1.000121e+02 
1.000107e+02 
1.000090e+02 
1.000069e+02 
1.000045e+02 
1.000022e+02 
1.000002e+02 
9.999900e+01 
9.999859e+01 
9.999880e+01 
9.999927e+01 
9.999970e+01 
9.999994e+01 
1.000000e+02 
1.000000e+02 
1.000000e+02 
1.000000e+02 
1.000000e+02 
1.000000e+02 
1.000000e+02 

1.000000e+02 
1.000000e+02 
1.000000e+02 
1.000000e+02 
1.000000e+02 
1.000000e+02 
1.000000e+02 
9.999996e+01 
9.999980e+01 
9.999955e+01 
9.999936e+01 
9.999942e+01 
9.999985e+01 
1.000006e+02 
1.000016e+02 
1.000027e+02 
1.000036e+02 
1.000043e+02 
1.000049e+02 
1.000053e+02 
1.000056e+02 
1.000058e+02 
1.000060e+02 
1.000061e+02 
1.000062e+02 
1.000063e+02 
1.000064e+02 
1.000064e+02 
1.000065e+02 
1.000065e+02 
1.000065e+02 
1.000066e+02 
1.000066e+02 
1.000066e+02 
1.000065e+02 
1.000065e+02 
1.000065e+02 
1.000064e+02 
1.000063e+02 
1.000063e+02 
1.000062e+02 
1.000061e+02 
1.000060e+02 
1.000058e+02 
1.000056e+02 
1.000054e+02 
1.000051e+02 
1.000046e+02 
1.000040e+02 
1.000032e+02 
1.000023e+02 
1.000013e+02 
1.000003e+02 
9.999953e+01 
9.999917e+01 
9.999920e+01 
9.999946e+01 
9.999976e+01 
9.999996e+01 
1.000000e+02 
1.000000e+02 
1.000000e+02 
1.000000e+02 
1.000000e+02 
1.000000e+02 
1.000000e+02 

1.000000e+02 
1.000000e+02 
1.000000e+02 
1.000000e+02 
1.000000e+02 
1.000000e+02 
1.000000e+02 
9.999997e+01 
9.999985e+01 
9.999970e+01 
9.999960e+01 
9.999963e+01 
9.999984e+01 
1.000002e+02 
1.000005e+02 
1.000008e+02 
1.000011e+02 
1.000013e+02 
1.000015e+02 
1.000016e+02 
1.000017e+02 
1.000018e+02 
1.000018e+02 
1.000018e+02 
1.000018e+02 
1.000019e+02 
1.000019e+02 
1.000019e+02 
1.000019e+02 
1.000019e+02 
1.000019e+02 
1.000019e+02 
1.000019e+02 
1.000019e+02 
1.000019e+02 
1.000019e+02 
1.000019e+02 
1.000019e+02 
1.000019e+02 
1.000018e+02 
1.000018e+02 
1.000018e+02 
1.000018e+02 
1.000017e+02 
1.000017e+02 
1.000016e+02 
1.000015e+02 
1.000014e+02 
1.000012e+02 
1.000010e+02 
1.000007e+02 
1.000003e+02 
9.999997e+01 
9.999966e+01 
9.999949e+01 
9.999949e+01 
9.999964e+01 
9.999983e+01 
9.999997e+01 
1.000000e+02 
1.000000e+02 
1.000000e+02 
1.000000e+02 
1.000000e+02 
1.000000e+02 
1.000000e+02 

1.000000e+02 
1.000000e+02 
1.000000e+02 
1.000000e+02 
1.000000e+02 
1.000000e+02 
1.000000e+02 
9.999998e+01 
9.999991e+01 
9.999981e+01 
9.999974e+01 
9.999972e+01 
9.999976e+01 
9.999983e+01 
9.999991e+01 
9.999998e+01 
1.000000e+02 
1.000001e+02 
1.000001e+02 
1.000001e+02 
1.000001e+02 
1.000001e+02 
1.000002e+02 
1.000002e+02 
1.000002e+02 
1.000002e+02 
1.000002e+02 
1.000002e+02 
1.000002e+02 
1.000002e+02 
1.000002e+02 
1.000002e+02 
1.000002e+02 
1.000002e+02 
1.000002e+02 
1.000002e+02 
1.000002e+02 
1.000002e+02 
1.000002e+02 
1.000001e+02 
1.000001e+02 
1.000001e+02 
1.000001e+02 
1.000001e+02 
1.000001e+02 
1.000001e+02 
1.000001e+02 
1.000001e+02 
1.000000e+02 
9.999997e+01 
9.999990e+01 
9.999983e+01 
9.999975e+01 
9.999968e+01 
9.999965e+01 
9.999968e+01 
9.999978e+01 
9.999989e+01 
9.999998e+01 
1.000000e+02 
1.000000e+02 
1.000000e+02 
1.000000e+02 
1.000000e+02 
1.000000e+02 
1.000000e+02 

1.000000e+02 
1.000000e+02 
1.000000e+02 
1.000000e+02 
1.000000e+02 
1.000000e+02 
1.000000e+02 
9.999999e+01 
9.999994e+01 
9.999988e+01 
9.999983e+01 
9.999979e+01 
9.999977e+01 
9.999976e+01 
9.999975e+01 
9.999975e+01 
9.999975e+01 
9.999975e+01 
9.999975e+01 
9.999975e+01 
9.999975e+01 
9.999975e+01 
9.999975e+01 
9.999975e+01 
9.999975e+01 
9.999975e+01 
9.999975e+01 
9.999975e+01 
9.999975e+01 
9.999975e+01 
9.999975e+01 
9.999975e+01 
9.999975e+01 
9.999975e+01 
9.999975e+01 
9.999975e+01 
9.999975e+01 
9.999975e+01 
9.999975e+01 
9.999974e+01 
9.999974e+01 
9.999974e+01 
9.999974e+01 
9.999974e+01 
9.999974e+01 
9.999974e+01 
9.999974e+01 
9.999974e+01 
9.999973e+01 
9.999973e+01 
9.999973e+01 
9.999973e+01 
9.999973e+01 
9.999974e+01 
9.999977e+01 
9.999981e+01 
9.999987e+01 
9.999994e+01 
9.999999e+01 
1.000000e+02 
1.000000e+02 
1.000000e+02 
1.000000e+02 
1.000000e+02 
1.000000e+02 
1.000000e+02 

1.000000e+02 
1.000000e+02 
1.000000e+02 
1.000000e+02 
1.000000e+02 
1.000000e+02 
1.000000e+02 
1.000000e+02 
9.999997e+01 
9.999994e+01 
9.999991e+01 
9.999988e+01 
9.999986e+01 
9.999984e+01 
9.999983e+01 
9.999982e+01 
9.999981e+01 
9.999981e+01 
9.999981e+01 
9.999981e+01 
9.999980e+01 
9.999980e+01 
9.999980e+01 
9.999980e+01 
9.999980e+01 
9.999980e+01 
9.999980e+01 
9.999980e+01 
9.999980e+01 
9.999980e+01 
9.999980e+01 
9.999980e+01 
9.999980e+01 
9.999980e+01 
9.999980e+01 
9.999980e+01 
9.999980e+01 
9.999980e+01 
9.999980e+01 
9.999980e+01 
9.999980e+01 
9.999980e+01 
9.999980e+01 
9.999980e+01 
9.999980e+01 
9.999980e+01 
9.999980e+01 
9.999981e+01 
9.999981e+01 
9.999981e+01 
9.999982e+01 
9.999982e+01 
9.999984e+01 
9.999985e+01 
9.999987e+01 
9.999990e+01 
9.999994e+01 
9.999997e+01 
1.000000e+02 
1.000000e+02 
1.000000e+02 
1.000000e+02 
1.000000e+02 
1.000000e+02 
1.000000e+02 
1.000000e+02 

1.000000e+02 
1.000000e+02 
1.000000e+02 
1.000000e+02 
1.000000e+02 
1.000000e+02 
1.000000e+02 
1.000000e+02 
9.999999e+01 
9.999998e+01 
9.999997e+01 
9.999995e+01 
9.999995e+01 
9.999994e+01 
9.999993e+01 
9.999993e+01 
9.999993e+01 
9.999993e+01 
9.999993e+01 
9.999993e+01 
9.999992e+01 
9.999992e+01 
9.999992e+01 
9.999992e+01 
9.999992e+01 
9.999992e+01 
9.999992e+01 
9.999992e+01 
9.999992e+01 
9.999992e+01 
9.999992e+01 
9.999992e+01 
9.999992e+01 
9.999992e+01 
9.999992e+01 
9.999992e+01 
9.999992e+01 
9.999992e+01 
9.999992e+01 
9.999992e+01 
9.999992e+01 
9.999992e+01 
9.999992e+01 
9.999992e+01 
9.999992e+01 
9.999992e+01 
9.999993e+01 
9.999993e+01 
9.999993e+01 
9.999993e+01 
9.999993e+01 
9.999993e+01 
9.999994e+01 
9.999995e+01 
9.999996e+01 
9.999997e+01 
9.999998e+01 
9.999999e+01 
1.000000e+02 
1.000000e+02 
1.000000e+02 
1.000000e+02 
1.000000e+02 
1.000000e+02 
1.000000e+02 
1.000000e+02 

1.000000e+02 
1.000000e+02 
1.000000e+02 
1.000000e+02 
1.000000e+02 
1.000000e+02 
1.000000e+02 
1.000000e+02 
1.000000e+02 
1.000000e+02 
9.999999e+01 
9.999999e+01 
9.999999e+01 
9.999999e+01 
9.999999e+01 
9.999999e+01 
9.999999e+01 
9.999999e+01 
9.999999e+01 
9.999999e+01 
9.999999e+01 
9.999999e+01 
9.999999e+01 
9.999999e+01 
9.999999e+01 
9.999999e+01 
9.999999e+01 
9.999999e+01 
9.999999e+01 
9.999999e+01 
9.999999e+01 
9.999999e+01 
9.999999e+01 
9.999999e+01 
9.999999e+01 
9.999999e+01 
9.999999e+01 
9.999999e+01 
9.999999e+01 
9.999999e+01 
9.999999e+01 
9.999999e+01 
9.999999e+01 
9.999999e+01 
9.999999e+01 
9.999999e+01 
9.999999e+01 
9.999999e+01 
9.999999e+01 
9.999999e+01 
9.999999e+01 
9.999999e+01 
9.999999e+01 
9.999999e+01 
9.999999e+01 
1.000000e+02 
1.000000e+02 
1.000000e+02 
1.000000e+02 
1.000000e+02 
1.000000e+02 
1.000000e+02 
1.000000e+02 
1.000000e+02 
1.000000e+02 
1.000000e+02 

1.000000e+02 
1.000000e+02 
1.000000e+02 
1.000000e+02 
1.000000e+02 
1.000000e+02 
1.000000e+02 
1.000000e+02 
1.000000e+02 
1.000000e+02 
1.000000e+02 
1.000000e+02 
1.000000e+02 
1.000000e+02 
1.000000e+02 
1.000000e+02 
1.000000e+02 
1.000000e+02 
1.000000e+02 
1.000000e+02 
1.000000e+02 
1.000000e+02 
1.000000e+02 
1.000000e+02 
1.000000e+02 
1.000000e+02 
1.000000e+02 
1.000000e+02 
1.000000e+02 
1.000000e+02 
1.000000e+02 
1.000000e+02 
1.000000e+02 
1.000000e+02 
1.000000e+02 
1.000000e+02 
1.000000e+02 
1.000000e+02 
1.000000e+02 
1.000000e+02 
1.000000e+02 
1.000000e+02 
1.000000e+02 
1.000000e+02 
1.000000e+02 
1.000000e+02 
1.000000e+02 
1.000000e+02 
1.000000e+02 
1.000000e+02 
1.000000e+02 
1.000000e+02 
1.000000e+02 
1.000000e+02 
1.000000e+02 
1.000000e+02 
1.000000e+02 
1.000000e+02 
1.000000e+02 
1.000000e+02 
1.000000e+02 
1.000000e+02 
1.000000e+02 
1.000000e+02 
1.000000e+02 
1.000000e+02 

1.000000e+02 
1.000000e+02 
1.000000e+02 
1.000000e+02 
1.000000e+02 
1.000000e+02 
1.000000e+02 
1.000000e+02 
1.000000e+02 
1.000000e+02 
1.000000e+02 
1.000000e+02 
1.000000e+02 
1.000000e+02 
1.000000e+02 
1.000000e+02 
1.000000e+02 
1.000000e+02 
1.000000e+02 
1.000000e+02 
1.000000e+02 
1.000000e+02 
1.000000e+02 
1.000000e+02 
1.000000e+02 
1.000000e+02 
1.000000e+02 
1.000000e+02 
1.000000e+02 
1.000000e+02 
1.000000e+02 
1.000000e+02 
1.000000e+02 
1.000000e+02 
1.000000e+02 
1.000000e+02 
1.000000e+02 
1.000000e+02 
1.000000e+02 
1.000000e+02 
1.000000e+02 
1.000000e+02 
1.000000e+02 
1.000000e+02 
1.000000e+02 
1.000000e+02 
1.000000e+02 
1.000000e+02 
1.000000e+02 
1.000000e+02 
1.000000e+02 
1.000000e+02 
1.000000e+02 
1.000000e+02 
1.000000e+02 
1.000000e+02 
1.000000e+02 
1.000000e+02 
1.000000e+02 
1.000000e+02 
1.000000e+02 
1.000000e+02 
1.000000e+02 
1.000000e+02 
1.000000e+02 
1.000000e+02 

1.000000e+02 
1.000000e+02 
1.000000e+02 
1.000000e+02 
1.000000e+02 
1.000000e+02 
1.000000e+02 
1.000000e+02 
1.000000e+02 
1.000000e+02 
1.000000e+02 
1.000000e+02 
1.000000e+02 
1.000000e+02 
1.000000e+02 
1.000000e+02 
1.000000e+02 
1.000000e+02 
1.000000e+02 
1.000000e+02 
1.000000e+02 
1.000000e+02 
1.000000e+02 
1.000000e+02 
1.000000e+02 
1.000000e+02 
1.000000e+02 
1.000000e+02 
1.000000e+02 
1.000000e+02 
1.000000e+02 
1.000000e+02 
1.000000e+02 
1.000000e+02 
1.000000e+02 
1.000000e+02 
1.000000e+02 
1.000000e+02 
1.000000e+02 
1.000000e+02 
1.000000e+02 
1.000000e+02 
1.000000e+02 
1.000000e+02 
1.000000e+02 
1.000000e+02 
1.000000e+02 
1.000000e+02 
1.000000e+02 
1.000000e+02 
1.000000e+02 
1.000000e+02 
1.000000e+02 
1.000000e+02 
1.000000e+02 
1.000000e+02 
1.000000e+02 
1.000000e+02 
1.000000e+02 
1.000000e+02 
1.000000e+02 
1.000000e+02 
1.000000e+02 
1.000000e+02 
1.000000e+02 
1.000000e+02 

1.000000e+02 
1.000000e+02 
1.000000e+02 
1.000000e+02 
1.000000e+02 
1.000000e+02 
1.000000e+02 
1.000000e+02 
1.000000e+02 
1.000000e+02 
1.000000e+02 
1.000000e+02 
1.000000e+02 
1.000000e+02 
1.000000e+02 
1.000000e+02 
1.000000e+02 
1.000000e+02 
1.000000e+02 
1.000000e+02 
1.000000e+02 
1.000000e+02 
1.000000e+02 
1.000000e+02 
1.000000e+02 
1.000000e+02 
1.000000e+02 
1.000000e+02 
1.000000e+02 
1.000000e+02 
1.000000e+02 
1.000000e+02 
1.000000e+02 
1.000000e+02 
1.000000e+02 
1.000000e+02 
1.000000e+02 
1.000000e+02 
1.000000e+02 
1.000000e+02 
1.000000e+02 
1.000000e+02 
1.000000e+02 
1.000000e+02 
1.000000e+02 
1.000000e+02 
1.000000e+02 
1.000000e+02 
1.000000e+02 
1.000000e+02 
1.000000e+02 
1.000000e+02 
1.000000e+02 
1.000000e+02 
1.000000e+02 
1.000000e+02 
1.000000e+02 
1.000000e+02 
1.000000e+02 
1.000000e+02 
1.000000e+02 
1.000000e+02 
1.000000e+02 
1.000000e+02 
1.000000e+02 
1.000000e+02 

1.000000e+02 
1.000000e+02 
1.000000e+02 
1.000000e+02 
1.000000e+02 
1.000000e+02 
1.000000e+02 
1.000000e+02 
1.000000e+02 
1.000000e+02 
1.000000e+02 
1.000000e+02 
1.000000e+02 
1.000000e+02 
1.000000e+02 
1.000000e+02 
1.000000e+02 
1.000000e+02 
1.000000e+02 
1.000000e+02 
1.000000e+02 
1.000000e+02 
1.000000e+02 
1.000000e+02 
1.000000e+02 
1.000000e+02 
1.000000e+02 
1.000000e+02 
1.000000e+02 
1.000000e+02 
1.000000e+02 
1.000000e+02 
1.000000e+02 
1.000000e+02 
1.000000e+02 
1.000000e+02 
1.000000e+02 
1.000000e+02 
1.000000e+02 
1.000000e+02 
1.000000e+02 
1.000000e+02 
1.000000e+02 
1.000000e+02 
1.000000e+02 
1.000000e+02 
1.000000e+02 
1.000000e+02 
1.000000e+02 
1.000000e+02 
1.000000e+02 
1.000000e+02 
1.000000e+02 
1.000000e+02 
1.000000e+02 
1.000000e+02 
1.000000e+02 
1.000000e+02 
1.000000e+02 
1.000000e+02 
1.000000e+02 
1.000000e+02 
1.000000e+02 
1.000000e+02 
1.000000e+02 
1.000000e+02 

