1.000000e+02 
1.000000e+02 
1.000000e+02 
1.000000e+02 
1.000000e+02 
1.000000e+02 
1.000000e+02 
1.000000e+02 
1.000000e+02 
1.000000e+02 
1.000000e+02 
1.000000e+02 
1.000000e+02 
1.000000e+02 
1.000000e+02 
1.000000e+02 
1.000000e+02 
1.000000e+02 
1.000000e+02 
1.000000e+02 
1.000000e+02 
1.000000e+02 
1.000000e+02 
1.000000e+02 
1.000000e+02 
1.000000e+02 
1.000000e+02 
1.000000e+02 
1.000000e+02 
1.000000e+02 
1.000000e+02 
1.000000e+02 
1.000000e+02 
1.000000e+02 
1.000000e+02 
1.000000e+02 
1.000000e+02 
1.000000e+02 
1.000000e+02 
1.000000e+02 
1.000000e+02 
1.000000e+02 
1.000000e+02 
1.000000e+02 
1.000000e+02 
1.000000e+02 
1.000000e+02 
1.000000e+02 
1.000000e+02 
1.000000e+02 
1.000000e+02 
1.000000e+02 
1.000000e+02 
1.000000e+02 
1.000000e+02 
1.000000e+02 
1.000000e+02 
1.000000e+02 
1.000000e+02 
1.000000e+02 
1.000000e+02 
1.000000e+02 
1.000000e+02 
1.000000e+02 
1.000000e+02 
1.000000e+02 

1.000000e+02 
1.000000e+02 
1.000000e+02 
1.000000e+02 
1.000000e+02 
1.000000e+02 
1.000000e+02 
1.000000e+02 
1.000000e+02 
1.000000e+02 
1.000000e+02 
1.000000e+02 
1.000000e+02 
1.000000e+02 
1.000000e+02 
1.000000e+02 
1.000000e+02 
1.000000e+02 
1.000000e+02 
1.000000e+02 
1.000000e+02 
1.000000e+02 
1.000000e+02 
1.000000e+02 
1.000000e+02 
1.000000e+02 
1.000000e+02 
1.000000e+02 
1.000000e+02 
1.000000e+02 
1.000000e+02 
1.000000e+02 
1.000000e+02 
1.000000e+02 
1.000000e+02 
1.000000e+02 
1.000000e+02 
1.000000e+02 
1.000000e+02 
1.000000e+02 
1.000000e+02 
1.000000e+02 
1.000000e+02 
1.000000e+02 
1.000000e+02 
1.000000e+02 
1.000000e+02 
1.000000e+02 
1.000000e+02 
1.000000e+02 
1.000000e+02 
1.000000e+02 
1.000000e+02 
1.000000e+02 
1.000000e+02 
1.000000e+02 
1.000000e+02 
1.000000e+02 
1.000000e+02 
1.000000e+02 
1.000000e+02 
1.000000e+02 
1.000000e+02 
1.000000e+02 
1.000000e+02 
1.000000e+02 

1.000000e+02 
1.000000e+02 
1.000000e+02 
1.000000e+02 
1.000000e+02 
1.000000e+02 
1.000000e+02 
1.000000e+02 
1.000000e+02 
1.000000e+02 
1.000000e+02 
1.000000e+02 
1.000000e+02 
1.000000e+02 
1.000000e+02 
1.000000e+02 
1.000000e+02 
1.000000e+02 
1.000000e+02 
1.000000e+02 
1.000000e+02 
1.000000e+02 
1.000000e+02 
1.000000e+02 
1.000000e+02 
1.000000e+02 
1.000000e+02 
1.000000e+02 
1.000000e+02 
1.000000e+02 
1.000000e+02 
1.000000e+02 
1.000000e+02 
1.000000e+02 
1.000000e+02 
1.000000e+02 
1.000000e+02 
1.000000e+02 
1.000000e+02 
1.000000e+02 
1.000000e+02 
1.000000e+02 
1.000000e+02 
1.000000e+02 
1.000000e+02 
1.000000e+02 
1.000000e+02 
1.000000e+02 
1.000000e+02 
1.000000e+02 
1.000000e+02 
1.000000e+02 
1.000000e+02 
1.000000e+02 
1.000000e+02 
1.000000e+02 
1.000000e+02 
1.000000e+02 
1.000000e+02 
1.000000e+02 
1.000000e+02 
1.000000e+02 
1.000000e+02 
1.000000e+02 
1.000000e+02 
1.000000e+02 

1.000000e+02 
1.000000e+02 
1.000000e+02 
1.000000e+02 
1.000000e+02 
1.000000e+02 
1.000000e+02 
1.000000e+02 
1.000000e+02 
1.000000e+02 
1.000000e+02 
1.000000e+02 
1.000000e+02 
1.000000e+02 
1.000000e+02 
1.000000e+02 
1.000000e+02 
1.000000e+02 
1.000000e+02 
1.000000e+02 
1.000000e+02 
1.000000e+02 
1.000000e+02 
1.000000e+02 
1.000000e+02 
1.000000e+02 
1.000000e+02 
1.000000e+02 
1.000000e+02 
1.000000e+02 
1.000000e+02 
1.000000e+02 
1.000000e+02 
1.000000e+02 
1.000000e+02 
1.000000e+02 
1.000000e+02 
1.000000e+02 
1.000000e+02 
1.000000e+02 
1.000000e+02 
1.000000e+02 
1.000000e+02 
1.000000e+02 
1.000000e+02 
1.000000e+02 
1.000000e+02 
1.000000e+02 
1.000000e+02 
1.000000e+02 
1.000000e+02 
1.000000e+02 
1.000000e+02 
1.000000e+02 
1.000000e+02 
1.000000e+02 
1.000000e+02 
1.000000e+02 
1.000000e+02 
1.000000e+02 
1.000000e+02 
1.000000e+02 
1.000000e+02 
1.000000e+02 
1.000000e+02 
1.000000e+02 

1.000000e+02 
1.000000e+02 
1.000000e+02 
1.000000e+02 
1.000000e+02 
1.000000e+02 
1.000000e+02 
1.000000e+02 
1.000000e+02 
1.000000e+02 
1.000000e+02 
1.000000e+02 
1.000000e+02 
1.000000e+02 
1.000000e+02 
1.000000e+02 
1.000000e+02 
1.000000e+02 
1.000000e+02 
1.000000e+02 
1.000000e+02 
1.000000e+02 
1.000000e+02 
1.000000e+02 
1.000000e+02 
1.000000e+02 
1.000000e+02 
1.000000e+02 
1.000000e+02 
1.000000e+02 
1.000000e+02 
1.000000e+02 
1.000000e+02 
1.000000e+02 
1.000000e+02 
1.000000e+02 
1.000000e+02 
1.000000e+02 
1.000000e+02 
1.000000e+02 
1.000000e+02 
1.000000e+02 
1.000000e+02 
1.000000e+02 
1.000000e+02 
1.000000e+02 
1.000000e+02 
1.000000e+02 
1.000000e+02 
1.000000e+02 
1.000000e+02 
1.000000e+02 
1.000000e+02 
1.000000e+02 
1.000000e+02 
1.000000e+02 
1.000000e+02 
1.000000e+02 
1.000000e+02 
1.000000e+02 
1.000000e+02 
1.000000e+02 
1.000000e+02 
1.000000e+02 
1.000000e+02 
1.000000e+02 

1.000000e+02 
1.000000e+02 
1.000000e+02 
1.000000e+02 
1.000000e+02 
1.000000e+02 
1.000000e+02 
1.000000e+02 
1.000000e+02 
1.000000e+02 
1.000000e+02 
1.000000e+02 
1.000000e+02 
1.000000e+02 
1.000000e+02 
1.000000e+02 
1.000000e+02 
1.000000e+02 
1.000000e+02 
1.000000e+02 
1.000000e+02 
1.000000e+02 
1.000000e+02 
1.000000e+02 
1.000000e+02 
1.000000e+02 
1.000000e+02 
1.000000e+02 
1.000000e+02 
1.000000e+02 
1.000000e+02 
1.000000e+02 
1.000000e+02 
1.000000e+02 
1.000000e+02 
1.000000e+02 
1.000000e+02 
1.000000e+02 
1.000000e+02 
1.000000e+02 
1.000000e+02 
1.000000e+02 
1.000000e+02 
1.000000e+02 
1.000000e+02 
1.000000e+02 
1.000000e+02 
1.000000e+02 
1.000000e+02 
1.000000e+02 
1.000000e+02 
1.000000e+02 
1.000000e+02 
1.000000e+02 
1.000000e+02 
1.000000e+02 
1.000000e+02 
1.000000e+02 
1.000000e+02 
1.000000e+02 
1.000000e+02 
1.000000e+02 
1.000000e+02 
1.000000e+02 
1.000000e+02 
1.000000e+02 

1.000000e+02 
1.000000e+02 
1.000000e+02 
1.000000e+02 
1.000000e+02 
1.000000e+02 
1.000000e+02 
1.000000e+02 
1.000000e+02 
9.999999e+01 
9.999998e+01 
9.999997e+01 
9.999996e+01 
9.999995e+01 
9.999995e+01 
9.999995e+01 
9.999994e+01 
9.999994e+01 
9.999994e+01 
9.999994e+01 
9.999994e+01 
9.999994e+01 
9.999994e+01 
9.999994e+01 
9.999994e+01 
9.999994e+01 
9.999994e+01 
9.999994e+01 
9.999994e+01 
9.999994e+01 
9.999994e+01 
9.999994e+01 
9.999994e+01 
9.999994e+01 
9.999994e+01 
9.999994e+01 
9.999994e+01 
9.999994e+01 
9.999994e+01 
9.999994e+01 
9.999994e+01 
9.999994e+01 
9.999994e+01 
9.999994e+01 
9.999994e+01 
9.999994e+01 
9.999994e+01 
9.999994e+01 
9.999994e+01 
9.999994e+01 
9.999995e+01 
9.999995e+01 
9.999995e+01 
9.999996e+01 
9.999997e+01 
9.999998e+01 
9.999999e+01 
1.000000e+02 
1.000000e+02 
1.000000e+02 
1.000000e+02 
1.000000e+02 
1.000000e+02 
1.000000e+02 
1.000000e+02 
1.000000e+02 

1.000000e+02 
1.000000e+02 
1.000000e+02 
1.000000e+02 
1.000000e+02 
1.000000e+02 
1.000000e+02 
1.000000e+02 
9.999998e+01 
9.999995e+01 
9.999992e+01 
9.999989e+01 
9.999986e+01 
9.999984e+01 
9.999983e+01 
9.999982e+01 
9.999981e+01 
9.999981e+01 
9.999980e+01 
9.999980e+01 
9.999980e+01 
9.999980e+01 
9.999980e+01 
9.999980e+01 
9.999980e+01 
9.999980e+01 
9.999980e+01 
9.999980e+01 
9.999980e+01 
9.999980e+01 
9.999980e+01 
9.999980e+01 
9.999980e+01 
9.999980e+01 
9.999980e+01 
9.999980e+01 
9.999980e+01 
9.999980e+01 
9.999980e+01 
9.999980e+01 
9.999980e+01 
9.999980e+01 
9.999980e+01 
9.999980e+01 
9.999980e+01 
9.999980e+01 
9.999980e+01 
9.999981e+01 
9.999981e+01 
9.999981e+01 
9.999982e+01 
9.999983e+01 
9.999984e+01 
9.999986e+01 
9.999989e+01 
9.999992e+01 
9.999996e+01 
9.999999e+01 
1.000000e+02 
1.000000e+02 
1.000000e+02 
1.000000e+02 
1.000000e+02 
1.000000e+02 
1.000000e+02 
1.000000e+02 

1.000000e+02 
1.000000e+02 
1.000000e+02 
1.000000e+02 
1.000000e+02 
1.000000e+02 
1.000000e+02 
1.000000e+02 
9.999996e+01 
9.999989e+01 
9.999983e+01 
9.999977e+01 
9.999973e+01 
9.999971e+01 
9.999970e+01 
9.999969e+01 
9.999968e+01 
9.999968e+01 
9.999968e+01 
9.999968e+01 
9.999968e+01 
9.999968e+01 
9.999968e+01 
9.999968e+01 
9.999968e+01 
9.999968e+01 
9.999968e+01 
9.999968e+01 
9.999968e+01 
9.999968e+01 
9.999968e+01 
9.999968e+01 
9.999968e+01 
9.999968e+01 
9.999968e+01 
9.999968e+01 
9.999968e+01 
9.999968e+01 
9.999968e+01 
9.999968e+01 
9.999968e+01 
9.999968e+01 
9.999968e+01 
9.999968e+01 
9.999968e+01 
9.999968e+01 
9.999968e+01 
9.999968e+01 
9.999968e+01 
9.999969e+01 
9.999969e+01 
9.999970e+01 
9.999972e+01 
9.999974e+01 
9.999978e+01 
9.999983e+01 
9.999990e+01 
9.999996e+01 
1.000000e+02 
1.000000e+02 
1.000000e+02 
1.000000e+02 
1.000000e+02 
1.000000e+02 
1.000000e+02 
1.000000e+02 

1.000000e+02 
1.000000e+02 
1.000000e+02 
1.000000e+02 
1.000000e+02 
1.000000e+02 
1.000000e+02 
1.000000e+02 
9.999992e+01 
9.999981e+01 
9.999972e+01 
9.999966e+01 
9.999967e+01 
9.999971e+01 
9.999976e+01 
9.999981e+01 
9.999986e+01 
9.999989e+01 
9.999992e+01 
9.999993e+01 
9.999995e+01 
9.999996e+01 
9.999996e+01 
9.999997e+01 
9.999997e+01 
9.999998e+01 
9.999998e+01 
9.999998e+01 
9.999998e+01 
9.999999e+01 
9.999999e+01 
9.999999e+01 
9.999999e+01 
9.999999e+01 
9.999999e+01 
9.999999e+01 
9.999999e+01 
9.999998e+01 
9.999998e+01 
9.999998e+01 
9.999998e+01 
9.999997e+01 
9.999997e+01 
9.999996e+01 
9.999996e+01 
9.999995e+01 
9.999993e+01 
9.999992e+01 
9.999989e+01 
9.999986e+01 
9.999981e+01 
9.999976e+01 
9.999971e+01 
9.999967e+01 
9.999967e+01 
9.999972e+01 
9.999982e+01 
9.999993e+01 
1.000000e+02 
1.000000e+02 
1.000000e+02 
1.000000e+02 
1.000000e+02 
1.000000e+02 
1.000000e+02 
1.000000e+02 

1.000000e+02 
1.000000e+02 
1.000000e+02 
1.000000e+02 
1.000000e+02 
1.000000e+02 
1.000000e+02 
9.999999e+01 
9.999988e+01 
9.999971e+01 
9.999957e+01 
9.999955e+01 
9.999970e+01 
9.999997e+01 
1.000003e+02 
1.000006e+02 
1.000009e+02 
1.000011e+02 
1.000012e+02 
1.000013e+02 
1.000014e+02 
1.000015e+02 
1.000015e+02 
1.000016e+02 
1.000016e+02 
1.000016e+02 
1.000016e+02 
1.000016e+02 
1.000017e+02 
1.000017e+02 
1.000017e+02 
1.000017e+02 
1.000017e+02 
1.000017e+02 
1.000017e+02 
1.000017e+02 
1.000017e+02 
1.000017e+02 
1.000016e+02 
1.000016e+02 
1.000016e+02 
1.000016e+02 
1.000016e+02 
1.000015e+02 
1.000015e+02 
1.000014e+02 
1.000013e+02 
1.000012e+02 
1.000011e+02 
1.000009e+02 
1.000006e+02 
1.000003e+02 
9.999996e+01 
9.999969e+01 
9.999954e+01 
9.999956e+01 
9.999971e+01 
9.999989e+01 
1.000000e+02 
1.000000e+02 
1.000000e+02 
1.000000e+02 
1.000000e+02 
1.000000e+02 
1.000000e+02 
1.000000e+02 

1.000000e+02 
1.000000e+02 
1.000000e+02 
1.000000e+02 
1.000000e+02 
1.000000e+02 
1.000000e+02 
9.999999e+01 
9.999984e+01 
9.999958e+01 
9.999935e+01 
9.999935e+01 
9.999972e+01 
1.000005e+02 
1.000014e+02 
1.000025e+02 
1.000034e+02 
1.000042e+02 
1.000047e+02 
1.000052e+02 
1.000055e+02 
1.000057e+02 
1.000059e+02 
1.000060e+02 
1.000061e+02 
1.000062e+02 
1.000063e+02 
1.000064e+02 
1.000064e+02 
1.000065e+02 
1.000065e+02 
1.000065e+02 
1.000066e+02 
1.000066e+02 
1.000065e+02 
1.000065e+02 
1.000065e+02 
1.000064e+02 
1.000064e+02 
1.000063e+02 
1.000062e+02 
1.000061e+02 
1.000060e+02 
1.000059e+02 
1.000057e+02 
1.000055e+02 
1.000052e+02 
1.000047e+02 
1.000041e+02 
1.000034e+02 
1.000024e+02 
1.000014e+02 
1.000004e+02 
9.999967e+01 
9.999930e+01 
9.999932e+01 
9.999957e+01 
9.999984e+01 
9.999999e+01 
1.000000e+02 
1.000000e+02 
1.000000e+02 
1.000000e+02 
1.000000e+02 
1.000000e+02 
1.000000e+02 

1.000000e+02 
1.000000e+02 
1.000000e+02 
1.000000e+02 
1.000000e+02 
1.000000e+02 
1.000000e+02 
9.999998e+01 
9.999979e+01 
9.999943e+01 
9.999904e+01 
9.999893e+01 
9.999946e+01 
1.000008e+02 
1.000029e+02 
1.000054e+02 
1.000079e+02 
1.000101e+02 
1.000119e+02 
1.000132e+02 
1.000143e+02 
1.000151e+02 
1.000156e+02 
1.000161e+02 
1.000164e+02 
1.000167e+02 
1.000170e+02 
1.000172e+02 
1.000174e+02 
1.000176e+02 
1.000177e+02 
1.000178e+02 
1.000178e+02 
1.000178e+02 
1.000178e+02 
1.000177e+02 
1.000176e+02 
1.000174e+02 
1.000172e+02 
1.000169e+02 
1.000167e+02 
1.000164e+02 
1.000160e+02 
1.000156e+02 
1.000150e+02 
1.000142e+02 
1.000132e+02 
1.000118e+02 
1.000100e+02 
1.000078e+02 
1.000053e+02 
1.000028e+02 
1.000007e+02 
9.999934e+01 
9.999883e+01 
9.999898e+01 
9.999940e+01 
9.999978e+01 
9.999999e+01 
1.000000e+02 
1.000000e+02 
1.000000e+02 
1.000000e+02 
1.000000e+02 
1.000000e+02 
1.000000e+02 

1.000000e+02 
1.000000e+02 
1.000000e+02 
1.000000e+02 
1.000000e+02 
1.000000e+02 
1.000000e+02 
9.999998e+01 
9.999975e+01 
9.999929e+01 
9.999867e+01 
9.999827e+01 
9.999867e+01 
1.000005e+02 
1.000039e+02 
1.000087e+02 
1.000140e+02 
1.000192e+02 
1.000238e+02 
1.000275e+02 
1.000305e+02 
1.000327e+02 
1.000344e+02 
1.000356e+02 
1.000367e+02 
1.000376e+02 
1.000384e+02 
1.000392e+02 
1.000398e+02 
1.000403e+02 
1.000407e+02 
1.000409e+02 
1.000411e+02 
1.000410e+02 
1.000409e+02 
1.000406e+02 
1.000403e+02 
1.000397e+02 
1.000391e+02 
1.000384e+02 
1.000375e+02 
1.000366e+02 
1.000356e+02 
1.000343e+02 
1.000326e+02 
1.000304e+02 
1.000274e+02 
1.000236e+02 
1.000190e+02 
1.000138e+02 
1.000084e+02 
1.000037e+02 
1.000002e+02 
9.999845e+01 
9.999811e+01 
9.999857e+01 
9.999924e+01 
9.999974e+01 
9.999998e+01 
1.000000e+02 
1.000000e+02 
1.000000e+02 
1.000000e+02 
1.000000e+02 
1.000000e+02 
1.000000e+02 

1.000000e+02 
1.000000e+02 
1.000000e+02 
1.000000e+02 
1.000000e+02 
1.000000e+02 
1.000000e+02 
9.999998e+01 
9.999972e+01 
9.999916e+01 
9.999830e+01 
9.999745e+01 
9.999732e+01 
9.999895e+01 
1.000033e+02 
1.000106e+02 
1.000201e+02 
1.000305e+02 
1.000405e+02 
1.000494e+02 
1.000566e+02 
1.000624e+02 
1.000668e+02 
1.000702e+02 
1.000730e+02 
1.000756e+02 
1.000780e+02 
1.000801e+02 
1.000818e+02 
1.000833e+02 
1.000844e+02 
1.000852e+02 
1.000855e+02 
1.000855e+02 
1.000851e+02 
1.000844e+02 
1.000832e+02 
1.000818e+02 
1.000800e+02 
1.000779e+02 
1.000755e+02 
1.000729e+02 
1.000700e+02 
1.000666e+02 
1.000622e+02 
1.000564e+02 
1.000491e+02 
1.000402e+02 
1.000301e+02 
1.000197e+02 
1.000101e+02 
1.000029e+02 
9.999855e+01 
9.999699e+01 
9.999722e+01 
9.999816e+01 
9.999909e+01 
9.999970e+01 
9.999998e+01 
1.000000e+02 
1.000000e+02 
1.000000e+02 
1.000000e+02 
1.000000e+02 
1.000000e+02 
1.000000e+02 

1.000000e+02 
1.000000e+02 
1.000000e+02 
1.000000e+02 
1.000000e+02 
1.000000e+02 
1.000000e+02 
9.999998e+01 
9.999970e+01 
9.999905e+01 
9.999796e+01 
9.999661e+01 
9.999563e+01 
9.999631e+01 
1.000004e+02 
1.000093e+02 
1.000232e+02 
1.000407e+02 
1.000595e+02 
1.000775e+02 
1.000934e+02 
1.001066e+02 
1.001172e+02 
1.001255e+02 
1.001326e+02 
1.001392e+02 
1.001453e+02 
1.001508e+02 
1.001556e+02 
1.001595e+02 
1.001625e+02 
1.001646e+02 
1.001656e+02 
1.001656e+02 
1.001645e+02 
1.001624e+02 
1.001594e+02 
1.001554e+02 
1.001506e+02 
1.001450e+02 
1.001389e+02 
1.001322e+02 
1.001251e+02 
1.001168e+02 
1.001061e+02 
1.000929e+02 
1.000769e+02 
1.000588e+02 
1.000399e+02 
1.000225e+02 
1.000086e+02 
9.999972e+01 
9.999572e+01 
9.999517e+01 
9.999630e+01 
9.999779e+01 
9.999897e+01 
9.999968e+01 
9.999998e+01 
1.000000e+02 
1.000000e+02 
1.000000e+02 
1.000000e+02 
1.000000e+02 
1.000000e+02 
1.000000e+02 

1.000000e+02 
1.000000e+02 
1.000000e+02 
1.000000e+02 
1.000000e+02 
1.000000e+02 
1.000000e+02 
9.999998e+01 
9.999968e+01 
9.999897e+01 
9.999769e+01 
9.999584e+01 
9.999387e+01 
9.999299e+01 
9.999546e+01 
1.000040e+02 
1.000206e+02 
1.000450e+02 
1.000749e+02 
1.001066e+02 
1.001370e+02 
1.001639e+02 
1.001865e+02 
1.002049e+02 
1.002209e+02 
1.002364e+02 
1.002511e+02 
1.002644e+02 
1.002762e+02 
1.002861e+02 
1.002937e+02 
1.002989e+02 
1.003016e+02 
1.003015e+02 
1.002988e+02 
1.002934e+02 
1.002857e+02 
1.002757e+02 
1.002638e+02 
1.002503e+02 
1.002356e+02 
1.002200e+02 
1.002039e+02 
1.001855e+02 
1.001628e+02 
1.001358e+02 
1.001054e+02 
1.000736e+02 
1.000437e+02 
1.000193e+02 
1.000029e+02 
9.999445e+01 
9.999219e+01 
9.999329e+01 
9.999547e+01 
9.999748e+01 
9.999888e+01 
9.999965e+01 
9.999998e+01 
1.000000e+02 
1.000000e+02 
1.000000e+02 
1.000000e+02 
1.000000e+02 
1.000000e+02 
1.000000e+02 

1.000000e+02 
1.000000e+02 
1.000000e+02 
1.000000e+02 
1.000000e+02 
1.000000e+02 
1.000000e+02 
9.999998e+01 
9.999967e+01 
9.999891e+01 
9.999748e+01 
9.999521e+01 
9.999226e+01 
9.998953e+01 
9.998927e+01 
9.999515e+01 
1.000112e+02 
1.000397e+02 
1.000799e+02 
1.001278e+02 
1.001780e+02 
1.002260e+02 
1.002687e+02 
1.003049e+02 
1.003379e+02 
1.003708e+02 
1.004026e+02 
1.004325e+02 
1.004595e+02 
1.004824e+02 
1.005005e+02 
1.005130e+02 
1.005192e+02 
1.005191e+02 
1.005124e+02 
1.004997e+02 
1.004813e+02 
1.004580e+02 
1.004309e+02 
1.004008e+02 
1.003687e+02 
1.003357e+02 
1.003026e+02 
1.002663e+02 
1.002235e+02 
1.001755e+02 
1.001253e+02 
1.000775e+02 
1.000375e+02 
1.000092e+02 
9.999347e+01 
9.998793e+01 
9.998853e+01 
9.999157e+01 
9.999478e+01 
9.999725e+01 
9.999881e+01 
9.999964e+01 
9.999998e+01 
1.000000e+02 
1.000000e+02 
1.000000e+02 
1.000000e+02 
1.000000e+02 
1.000000e+02 
1.000000e+02 

1.000000e+02 
1.000000e+02 
1.000000e+02 
1.000000e+02 
1.000000e+02 
1.000000e+02 
1.000000e+02 
9.999997e+01 
9.999966e+01 
9.999887e+01 
9.999732e+01 
9.999472e+01 
9.999092e+01 
9.998636e+01 
9.998285e+01 
9.998422e+01 
9.999604e+01 
1.000237e+02 
1.000696e+02 
1.001315e+02 
1.002035e+02 
1.002780e+02 
1.003489e+02 
1.004123e+02 
1.004727e+02 
1.005352e+02 
1.005981e+02 
1.006590e+02 
1.007154e+02 
1.007647e+02 
1.008042e+02 
1.008318e+02 
1.008458e+02 
1.008453e+02 
1.008304e+02 
1.008020e+02 
1.007616e+02 
1.007117e+02 
1.006548e+02 
1.005935e+02 
1.005304e+02 
1.004677e+02 
1.004072e+02 
1.003438e+02 
1.002730e+02 
1.001987e+02 
1.001272e+02 
1.000657e+02 
1.000203e+02 
9.999323e+01 
9.998199e+01 
9.998117e+01 
9.998517e+01 
9.999013e+01 
9.999424e+01 
9.999707e+01 
9.999876e+01 
9.999963e+01 
9.999998e+01 
1.000000e+02 
1.000000e+02 
1.000000e+02 
1.000000e+02 
1.000000e+02 
1.000000e+02 
1.000000e+02 

1.000000e+02 
1.000000e+02 
1.000000e+02 
1.000000e+02 
1.000000e+02 
1.000000e+02 
1.000000e+02 
9.999997e+01 
9.999966e+01 
9.999884e+01 
9.999721e+01 
9.999434e+01 
9.998986e+01 
9.998369e+01 
9.997693e+01 
9.997292e+01 
9.997776e+01 
9.999919e+01 
1.000436e+02 
1.001127e+02 
1.002021e+02 
1.003031e+02 
1.004064e+02 
1.005043e+02 
1.006023e+02 
1.007085e+02 
1.008197e+02 
1.009317e+02 
1.010392e+02 
1.011358e+02 
1.012152e+02 
1.012714e+02 
1.013002e+02 
1.012990e+02 
1.012679e+02 
1.012095e+02 
1.011284e+02 
1.010304e+02 
1.009220e+02 
1.008095e+02 
1.006981e+02 
1.005921e+02 
1.004942e+02 
1.003969e+02 
1.002942e+02 
1.001941e+02 
1.001058e+02 
1.000378e+02 
9.999448e+01 
9.997408e+01 
9.997017e+01 
9.997495e+01 
9.998234e+01 
9.998899e+01 
9.999383e+01 
9.999694e+01 
9.999873e+01 
9.999962e+01 
9.999997e+01 
1.000000e+02 
1.000000e+02 
1.000000e+02 
1.000000e+02 
1.000000e+02 
1.000000e+02 
1.000000e+02 

1.000000e+02 
1.000000e+02 
1.000000e+02 
1.000000e+02 
1.000000e+02 
1.000000e+02 
1.000000e+02 
9.999997e+01 
9.999965e+01 
9.999882e+01 
9.999712e+01 
9.999407e+01 
9.998905e+01 
9.998155e+01 
9.997190e+01 
9.996251e+01 
9.995903e+01 
9.997034e+01 
1.000061e+02 
1.000728e+02 
1.001700e+02 
1.002904e+02 
1.004230e+02 
1.005564e+02 
1.006976e+02 
1.008579e+02 
1.010338e+02 
1.012191e+02 
1.014039e+02 
1.015760e+02 
1.017213e+02 
1.018263e+02 
1.018803e+02 
1.018775e+02 
1.018181e+02 
1.017085e+02 
1.015597e+02 
1.013853e+02 
1.011992e+02 
1.010137e+02 
1.008382e+02 
1.006788e+02 
1.005389e+02 
1.004069e+02 
1.002762e+02 
1.001578e+02 
1.000628e+02 
9.999821e+01 
9.996425e+01 
9.995451e+01 
9.995926e+01 
9.996966e+01 
9.998007e+01 
9.998812e+01 
9.999353e+01 
9.999684e+01 
9.999870e+01 
9.999962e+01 
9.999997e+01 
1.000000e+02 
1.000000e+02 
1.000000e+02 
1.000000e+02 
1.000000e+02 
1.000000e+02 
1.000000e+02 

1.000000e+02 
1.000000e+02 
1.000000e+02 
1.000000e+02 
1.000000e+02 
1.000000e+02 
1.000000e+02 
9.999997e+01 
9.999965e+01 
9.999881e+01 
9.999706e+01 
9.999387e+01 
9.998844e+01 
9.997990e+01 
9.996784e+01 
9.995358e+01 
9.994173e+01 
9.994106e+01 
9.996317e+01 
1.000186e+02 
1.001119e+02 
1.002395e+02 
1.003910e+02 
1.005532e+02 
1.007346e+02 
1.009511e+02 
1.012008e+02 
1.014763e+02 
1.017634e+02 
1.020409e+02 
1.022826e+02 
1.024611e+02 
1.025537e+02 
1.025478e+02 
1.024442e+02 
1.022567e+02 
1.020088e+02 
1.017279e+02 
1.014399e+02 
1.011655e+02 
1.009180e+02 
1.007043e+02 
1.005259e+02 
1.003669e+02 
1.002190e+02 
1.000951e+02 
1.000053e+02 
9.995311e+01 
9.993365e+01 
9.993644e+01 
9.994991e+01 
9.996538e+01 
9.997831e+01 
9.998746e+01 
9.999330e+01 
9.999677e+01 
9.999868e+01 
9.999961e+01 
9.999997e+01 
1.000000e+02 
1.000000e+02 
1.000000e+02 
1.000000e+02 
1.000000e+02 
1.000000e+02 
1.000000e+02 

1.000000e+02 
1.000000e+02 
1.000000e+02 
1.000000e+02 
1.000000e+02 
1.000000e+02 
1.000000e+02 
9.999997e+01 
9.999965e+01 
9.999880e+01 
9.999702e+01 
9.999372e+01 
9.998800e+01 
9.997865e+01 
9.996465e+01 
9.994628e+01 
9.992680e+01 
9.991401e+01 
9.992002e+01 
9.995811e+01 
1.000375e+02 
1.001593e+02 
1.003159e+02 
1.004941e+02 
1.007047e+02 
1.009690e+02 
1.012894e+02 
1.016603e+02 
1.020647e+02 
1.024715e+02 
1.028375e+02 
1.031140e+02 
1.032588e+02 
1.032478e+02 
1.030827e+02 
1.027905e+02 
1.024148e+02 
1.020043e+02 
1.016008e+02 
1.012338e+02 
1.009189e+02 
1.006605e+02 
1.004555e+02 
1.002829e+02 
1.001321e+02 
1.000160e+02 
9.994173e+01 
9.990797e+01 
9.990542e+01 
9.992084e+01 
9.994225e+01 
9.996201e+01 
9.997696e+01 
9.998697e+01 
9.999314e+01 
9.999672e+01 
9.999867e+01 
9.999961e+01 
9.999997e+01 
1.000000e+02 
1.000000e+02 
1.000000e+02 
1.000000e+02 
1.000000e+02 
1.000000e+02 
1.000000e+02 

1.000000e+02 
1.000000e+02 
1.000000e+02 
1.000000e+02 
1.000000e+02 
1.000000e+02 
1.000000e+02 
9.999997e+01 
9.999965e+01 
9.999879e+01 
9.999699e+01 
9.999362e+01 
9.998766e+01 
9.997770e+01 
9.996220e+01 
9.994047e+01 
9.991445e+01 
9.989053e+01 
9.988027e+01 
9.989830e+01 
9.995730e+01 
1.000628e+02 
1.002113e+02 
1.003911e+02 
1.006156e+02 
1.009113e+02 
1.012876e+02 
1.017445e+02 
1.022655e+02 
1.028110e+02 
1.033180e+02 
1.037100e+02 
1.039169e+02 
1.038983e+02 
1.036576e+02 
1.032411e+02 
1.027209e+02 
1.021728e+02 
1.016565e+02 
1.012084e+02 
1.008423e+02 
1.005565e+02 
1.003409e+02 
1.001694e+02 
1.000292e+02 
9.993135e+01 
9.987903e+01 
9.986644e+01 
9.988091e+01 
9.990793e+01 
9.993616e+01 
9.995941e+01 
9.997595e+01 
9.998661e+01 
9.999302e+01 
9.999669e+01 
9.999866e+01 
9.999961e+01 
9.999997e+01 
1.000000e+02 
1.000000e+02 
1.000000e+02 
1.000000e+02 
1.000000e+02 
1.000000e+02 
1.000000e+02 

1.000000e+02 
1.000000e+02 
1.000000e+02 
1.000000e+02 
1.000000e+02 
1.000000e+02 
1.000000e+02 
9.999997e+01 
9.999964e+01 
9.999878e+01 
9.999697e+01 
9.999353e+01 
9.998739e+01 
9.997692e+01 
9.996012e+01 
9.993545e+01 
9.990344e+01 
9.986877e+01 
9.984171e+01 
9.983706e+01 
9.986983e+01 
9.994965e+01 
1.000772e+02 
1.002442e+02 
1.004658e+02 
1.007738e+02 
1.011864e+02 
1.017135e+02 
1.023443e+02 
1.030343e+02 
1.036987e+02 
1.042251e+02 
1.045053e+02 
1.044753e+02 
1.041417e+02 
1.035789e+02 
1.028984e+02 
1.022094e+02 
1.015903e+02 
1.010794e+02 
1.006834e+02 
1.003905e+02 
1.001816e+02 
1.000261e+02 
9.990944e+01 
9.983946e+01 
9.981497e+01 
9.982619e+01 
9.985819e+01 
9.989641e+01 
9.993088e+01 
9.995720e+01 
9.997510e+01 
9.998631e+01 
9.999292e+01 
9.999666e+01 
9.999865e+01 
9.999961e+01 
9.999997e+01 
1.000000e+02 
1.000000e+02 
1.000000e+02 
1.000000e+02 
1.000000e+02 
1.000000e+02 
1.000000e+02 

1.000000e+02 
1.000000e+02 
1.000000e+02 
1.000000e+02 
1.000000e+02 
1.000000e+02 
1.000000e+02 
9.999997e+01 
9.999964e+01 
9.999878e+01 
9.999694e+01 
9.999345e+01 
9.998714e+01 
9.997619e+01 
9.995817e+01 
9.993065e+01 
9.989263e+01 
9.984673e+01 
9.980112e+01 
9.976965e+01 
9.976854e+01 
9.981089e+01 
9.990206e+01 
1.000381e+02 
1.002352e+02 
1.005285e+02 
1.009473e+02 
1.015155e+02 
1.022353e+02 
1.030629e+02 
1.038932e+02 
1.045692e+02 
1.049309e+02 
1.048831e+02 
1.044381e+02 
1.037098e+02 
1.028621e+02 
1.020436e+02 
1.013472e+02 
1.008061e+02 
1.004128e+02 
1.001411e+02 
9.996141e+01 
9.984056e+01 
9.976346e+01 
9.973339e+01 
9.974457e+01 
9.978384e+01 
9.983517e+01 
9.988508e+01 
9.992581e+01 
9.995513e+01 
9.997432e+01 
9.998603e+01 
9.999283e+01 
9.999663e+01 
9.999865e+01 
9.999961e+01 
9.999997e+01 
1.000000e+02 
1.000000e+02 
1.000000e+02 
1.000000e+02 
1.000000e+02 
1.000000e+02 
1.000000e+02 

1.000000e+02 
1.000000e+02 
1.000000e+02 
1.000000e+02 
1.000000e+02 
1.000000e+02 
1.000000e+02 
9.999997e+01 
9.999964e+01 
9.999877e+01 
9.999693e+01 
9.999338e+01 
9.998692e+01 
9.997553e+01 
9.995638e+01 
9.992615e+01 
9.988228e+01 
9.982500e+01 
9.975971e+01 
9.969809e+01 
9.965616e+01 
9.964932e+01 
9.968728e+01 
9.977109e+01 
9.991593e+01 
1.001565e+02 
1.005314e+02 
1.010800e+02 
1.018221e+02 
1.027229e+02 
1.036611e+02 
1.044409e+02 
1.048579e+02 
1.047862e+02 
1.042466e+02 
1.033946e+02 
1.024394e+02 
1.015609e+02 
1.008586e+02 
1.003515e+02 
1.000128e+02 
9.980136e+01 
9.967927e+01 
9.961468e+01 
9.959419e+01 
9.961595e+01 
9.966989e+01 
9.974061e+01 
9.981244e+01 
9.987421e+01 
9.992105e+01 
9.995321e+01 
9.997360e+01 
9.998578e+01 
9.999275e+01 
9.999661e+01 
9.999864e+01 
9.999960e+01 
9.999997e+01 
1.000000e+02 
1.000000e+02 
1.000000e+02 
1.000000e+02 
1.000000e+02 
1.000000e+02 
1.000000e+02 

1.000000e+02 
1.000000e+02 
1.000000e+02 
1.000000e+02 
1.000000e+02 
1.000000e+02 
1.000000e+02 
9.999997e+01 
9.999964e+01 
9.999877e+01 
9.999691e+01 
9.999332e+01 
9.998672e+01 
9.997495e+01 
9.995477e+01 
9.992204e+01 
9.987263e+01 
9.980423e+01 
9.971890e+01 
9.962511e+01 
9.953711e+01 
9.947112e+01 
9.944022e+01 
9.945063e+01 
9.951327e+01 
9.965624e+01 
9.992188e+01 
1.003597e+02 
1.010054e+02 
1.018367e+02 
1.027400e+02 
1.035076e+02 
1.039079e+02 
1.038097e+02 
1.032429e+02 
1.023826e+02 
1.014644e+02 
1.006703e+02 
1.000827e+02 
9.970184e+01 
9.948358e+01 
9.937757e+01 
9.934316e+01 
9.935618e+01 
9.940806e+01 
9.949173e+01 
9.959374e+01 
9.969798e+01 
9.979068e+01 
9.986405e+01 
9.991669e+01 
9.995148e+01 
9.997296e+01 
9.998556e+01 
9.999268e+01 
9.999659e+01 
9.999863e+01 
9.999960e+01 
9.999997e+01 
1.000000e+02 
1.000000e+02 
1.000000e+02 
1.000000e+02 
1.000000e+02 
1.000000e+02 
1.000000e+02 

1.000000e+02 
1.000000e+02 
1.000000e+02 
1.000000e+02 
1.000000e+02 
1.000000e+02 
1.000000e+02 
9.999997e+01 
9.999964e+01 
9.999877e+01 
9.999689e+01 
9.999327e+01 
9.998655e+01 
9.997444e+01 
9.995336e+01 
9.991840e+01 
9.986393e+01 
9.978509e+01 
9.968033e+01 
9.955405e+01 
9.941741e+01 
9.928587e+01 
9.917464e+01 
9.909459e+01 
9.904909e+01 
9.905293e+01 
9.914363e+01 
9.937083e+01 
9.977620e+01 
1.003590e+02 
1.010251e+02 
1.015949e+02 
1.018782e+02 
1.017576e+02 
1.012713e+02 
1.005895e+02 
9.990845e+01 
9.937517e+01 
9.904296e+01 
9.888607e+01 
9.885263e+01 
9.889289e+01 
9.897174e+01 
9.907927e+01 
9.921494e+01 
9.936688e+01 
9.951953e+01 
9.965761e+01 
9.977058e+01 
9.985485e+01 
9.991281e+01 
9.994995e+01 
9.997240e+01 
9.998536e+01 
9.999261e+01 
9.999657e+01 
9.999863e+01 
9.999960e+01 
9.999997e+01 
1.000000e+02 
1.000000e+02 
1.000000e+02 
1.000000e+02 
1.000000e+02 
1.000000e+02 
1.000000e+02 

1.000000e+02 
1.000000e+02 
1.000000e+02 
1.000000e+02 
1.000000e+02 
1.000000e+02 
1.000000e+02 
9.999997e+01 
9.999964e+01 
9.999876e+01 
9.999688e+01 
9.999323e+01 
9.998641e+01 
9.997402e+01 
9.995217e+01 
9.991530e+01 
9.985642e+01 
9.976826e+01 
9.964566e+01 
9.948860e+01 
9.930424e+01 
9.910599e+01 
9.890989e+01 
9.873076e+01 
9.856205e+01 
9.840019e+01 
9.827108e+01 
9.821426e+01 
9.827276e+01 
9.846098e+01 
9.873554e+01 
9.898542e+01 
9.907548e+01 
9.894123e+01 
9.862483e+01 
9.824921e+01 
9.795637e+01 
9.782246e+01 
9.784572e+01 
9.798161e+01 
9.817533e+01 
9.838706e+01 
9.859355e+01 
9.880379e+01 
9.902753e+01 
9.924878e+01 
9.945107e+01 
9.962122e+01 
9.975282e+01 
9.984687e+01 
9.990948e+01 
9.994866e+01 
9.997192e+01 
9.998520e+01 
9.999256e+01 
9.999655e+01 
9.999862e+01 
9.999960e+01 
9.999997e+01 
1.000000e+02 
1.000000e+02 
1.000000e+02 
1.000000e+02 
1.000000e+02 
1.000000e+02 
1.000000e+02 

1.000000e+02 
1.000000e+02 
1.000000e+02 
1.000000e+02 
1.000000e+02 
1.000000e+02 
1.000000e+02 
9.999997e+01 
9.999964e+01 
9.999876e+01 
9.999687e+01 
9.999319e+01 
9.998630e+01 
9.997368e+01 
9.995123e+01 
9.991281e+01 
9.985030e+01 
9.975436e+01 
9.961652e+01 
9.943250e+01 
9.920522e+01 
9.894528e+01 
9.866867e+01 
9.839328e+01 
9.810198e+01 
9.777157e+01 
9.741385e+01 
9.705592e+01 
9.673853e+01 
9.649887e+01 
9.634127e+01 
9.622832e+01 
9.611242e+01 
9.597341e+01 
9.585275e+01 
9.583063e+01 
9.596397e+01 
9.625633e+01 
9.665785e+01 
9.709912e+01 
9.752612e+01 
9.791064e+01 
9.824328e+01 
9.855289e+01 
9.885996e+01 
9.914522e+01 
9.939219e+01 
9.959049e+01 
9.973806e+01 
9.984031e+01 
9.990677e+01 
9.994761e+01 
9.997154e+01 
9.998507e+01 
9.999252e+01 
9.999654e+01 
9.999862e+01 
9.999960e+01 
9.999997e+01 
1.000000e+02 
1.000000e+02 
1.000000e+02 
1.000000e+02 
1.000000e+02 
1.000000e+02 
1.000000e+02 

1.000000e+02 
1.000000e+02 
1.000000e+02 
1.000000e+02 
1.000000e+02 
1.000000e+02 
1.000000e+02 
9.999997e+01 
9.999964e+01 
9.999876e+01 
9.999687e+01 
9.999317e+01 
9.998622e+01 
9.997344e+01 
9.995054e+01 
9.991097e+01 
9.984576e+01 
9.974391e+01 
9.959433e+01 
9.938916e+01 
9.912750e+01 
9.881721e+01 
9.847364e+01 
9.811694e+01 
9.772065e+01 
9.724434e+01 
9.668764e+01 
9.606820e+01 
9.542744e+01 
9.482281e+01 
9.430587e+01 
9.390296e+01 
9.362249e+01 
9.348230e+01 
9.352298e+01 
9.378511e+01 
9.427154e+01 
9.492505e+01 
9.564918e+01 
9.635366e+01 
9.698245e+01 
9.751589e+01 
9.795623e+01 
9.834963e+01 
9.872598e+01 
9.906357e+01 
9.934640e+01 
9.956689e+01 
9.972685e+01 
9.983537e+01 
9.990473e+01 
9.994682e+01 
9.997125e+01 
9.998497e+01 
9.999249e+01 
9.999653e+01 
9.999862e+01 
9.999960e+01 
9.999997e+01 
1.000000e+02 
1.000000e+02 
1.000000e+02 
1.000000e+02 
1.000000e+02 
1.000000e+02 
1.000000e+02 

1.000000e+02 
1.000000e+02 
1.000000e+02 
1.000000e+02 
1.000000e+02 
1.000000e+02 
1.000000e+02 
9.999997e+01 
9.999964e+01 
9.999876e+01 
9.999686e+01 
9.999316e+01 
9.998617e+01 
9.997329e+01 
9.995011e+01 
9.990983e+01 
9.984291e+01 
9.973732e+01 
9.958020e+01 
9.936125e+01 
9.907690e+01 
9.873287e+01 
9.834383e+01 
9.793123e+01 
9.746193e+01 
9.688327e+01 
9.618619e+01 
9.538220e+01 
9.451445e+01 
9.365578e+01 
9.288875e+01 
9.228231e+01 
9.188758e+01 
9.174690e+01 
9.189964e+01 
9.236129e+01 
9.309334e+01 
9.399780e+01 
9.494814e+01 
9.583814e+01 
9.660915e+01 
9.724702e+01 
9.776230e+01 
9.821341e+01 
9.863696e+01 
9.900979e+01 
9.931648e+01 
9.955157e+01 
9.971959e+01 
9.983217e+01 
9.990341e+01 
9.994631e+01 
9.997106e+01 
9.998490e+01 
9.999246e+01 
9.999652e+01 
9.999862e+01 
9.999960e+01 
9.999997e+01 
1.000000e+02 
1.000000e+02 
1.000000e+02 
1.000000e+02 
1.000000e+02 
1.000000e+02 
1.000000e+02 

1.000000e+02 
1.000000e+02 
1.000000e+02 
1.000000e+02 
1.000000e+02 
1.000000e+02 
1.000000e+02 
9.999997e+01 
9.999964e+01 
9.999876e+01 
9.999686e+01 
9.999315e+01 
9.998616e+01 
9.997324e+01 
9.994996e+01 
9.990941e+01 
9.984184e+01 
9.973483e+01 
9.957480e+01 
9.935046e+01 
9.905708e+01 
9.869937e+01 
9.829149e+01 
9.785523e+01 
9.735423e+01 
9.672976e+01 
9.596738e+01 
9.507321e+01 
9.408801e+01 
9.308986e+01 
9.217812e+01 
9.144916e+01 
9.098328e+01 
9.084144e+01 
9.106278e+01 
9.164421e+01 
9.251870e+01 
9.356153e+01 
9.462942e+01 
9.561047e+01 
9.644798e+01 
9.713290e+01 
9.768100e+01 
9.815684e+01 
9.860027e+01 
9.898771e+01 
9.930420e+01 
9.954524e+01 
9.971656e+01 
9.983080e+01 
9.990283e+01 
9.994607e+01 
9.997097e+01 
9.998487e+01 
9.999245e+01 
9.999652e+01 
9.999862e+01 
9.999960e+01 
9.999997e+01 
1.000000e+02 
1.000000e+02 
1.000000e+02 
1.000000e+02 
1.000000e+02 
1.000000e+02 
1.000000e+02 

1.000000e+02 
1.000000e+02 
1.000000e+02 
1.000000e+02 
1.000000e+02 
1.000000e+02 
1.000000e+02 
9.999997e+01 
9.999964e+01 
9.999876e+01 
9.999687e+01 
9.999316e+01 
9.998618e+01 
9.997328e+01 
9.995007e+01 
9.990971e+01 
9.984257e+01 
9.973649e+01 
9.957830e+01 
9.935725e+01 
9.906908e+01 
9.871874e+01 
9.832023e+01 
9.789467e+01 
9.740627e+01 
9.679693e+01 
9.605033e+01 
9.516769e+01 
9.418216e+01 
9.316549e+01 
9.221907e+01 
9.145072e+01 
9.095727e+01 
9.081421e+01 
9.106124e+01 
9.168118e+01 
9.259042e+01 
9.365235e+01 
9.472108e+01 
9.569095e+01 
9.651291e+01 
9.718285e+01 
9.771852e+01 
9.818383e+01 
9.861814e+01 
9.899849e+01 
9.931007e+01 
9.954811e+01 
9.971782e+01 
9.983129e+01 
9.990300e+01 
9.994612e+01 
9.997098e+01 
9.998487e+01 
9.999245e+01 
9.999652e+01 
9.999862e+01 
9.999960e+01 
9.999997e+01 
1.000000e+02 
1.000000e+02 
1.000000e+02 
1.000000e+02 
1.000000e+02 
1.000000e+02 
1.000000e+02 

1.000000e+02 
1.000000e+02 
1.000000e+02 
1.000000e+02 
1.000000e+02 
1.000000e+02 
1.000000e+02 
9.999997e+01 
9.999964e+01 
9.999876e+01 
9.999687e+01 
9.999318e+01 
9.998622e+01 
9.997342e+01 
9.995046e+01 
9.991072e+01 
9.984506e+01 
9.974219e+01 
9.959040e+01 
9.938082e+01 
9.911118e+01 
9.878775e+01 
9.842455e+01 
9.804118e+01 
9.760605e+01 
9.706834e+01 
9.641450e+01 
9.564433e+01 
9.478280e+01 
9.388780e+01 
9.304209e+01 
9.234147e+01 
9.188290e+01 
9.174046e+01 
9.195397e+01 
9.250846e+01 
9.331936e+01 
9.426058e+01 
9.520489e+01 
9.606095e+01 
9.678860e+01 
9.738553e+01 
9.786685e+01 
9.828911e+01 
9.868744e+01 
9.904048e+01 
9.933335e+01 
9.955989e+01 
9.972327e+01 
9.983361e+01 
9.990390e+01 
9.994645e+01 
9.997109e+01 
9.998490e+01 
9.999246e+01 
9.999652e+01 
9.999862e+01 
9.999960e+01 
9.999997e+01 
1.000000e+02 
1.000000e+02 
1.000000e+02 
1.000000e+02 
1.000000e+02 
1.000000e+02 
1.000000e+02 

1.000000e+02 
1.000000e+02 
1.000000e+02 
1.000000e+02 
1.000000e+02 
1.000000e+02 
1.000000e+02 
9.999997e+01 
9.999964e+01 
9.999876e+01 
9.999688e+01 
9.999320e+01 
9.998630e+01 
9.997365e+01 
9.995110e+01 
9.991241e+01 
9.984922e+01 
9.975166e+01 
9.961031e+01 
9.941927e+01 
9.917925e+01 
9.889846e+01 
9.859094e+01 
9.827401e+01 
9.792306e+01 
9.749999e+01 
9.699898e+01 
9.642411e+01 
9.579673e+01 
9.515485e+01 
9.455325e+01 
9.405040e+01 
9.370107e+01 
9.356344e+01 
9.367750e+01 
9.404175e+01 
9.461180e+01 
9.529906e+01 
9.600528e+01 
9.666133e+01 
9.723189e+01 
9.771079e+01 
9.810538e+01 
9.845923e+01 
9.880028e+01 
9.910955e+01 
9.937212e+01 
9.957980e+01 
9.973263e+01 
9.983766e+01 
9.990552e+01 
9.994705e+01 
9.997130e+01 
9.998497e+01 
9.999248e+01 
9.999653e+01 
9.999862e+01 
9.999960e+01 
9.999997e+01 
1.000000e+02 
1.000000e+02 
1.000000e+02 
1.000000e+02 
1.000000e+02 
1.000000e+02 
1.000000e+02 

1.000000e+02 
1.000000e+02 
1.000000e+02 
1.000000e+02 
1.000000e+02 
1.000000e+02 
1.000000e+02 
9.999998e+01 
9.999964e+01 
9.999877e+01 
9.999689e+01 
9.999324e+01 
9.998641e+01 
9.997398e+01 
9.995200e+01 
9.991475e+01 
9.985490e+01 
9.976446e+01 
9.963685e+01 
9.946978e+01 
9.926732e+01 
9.903961e+01 
9.880033e+01 
9.856383e+01 
9.831384e+01 
9.802764e+01 
9.770952e+01 
9.737181e+01 
9.703406e+01 
9.671982e+01 
9.644102e+01 
9.620132e+01 
9.601057e+01 
9.588630e+01 
9.586416e+01 
9.597842e+01 
9.622827e+01 
9.658194e+01 
9.698894e+01 
9.739837e+01 
9.777854e+01 
9.811497e+01 
9.840459e+01 
9.867494e+01 
9.894528e+01 
9.919967e+01 
9.942355e+01 
9.960666e+01 
9.974548e+01 
9.984330e+01 
9.990781e+01 
9.994791e+01 
9.997160e+01 
9.998507e+01 
9.999251e+01 
9.999653e+01 
9.999862e+01 
9.999960e+01 
9.999997e+01 
1.000000e+02 
1.000000e+02 
1.000000e+02 
1.000000e+02 
1.000000e+02 
1.000000e+02 
1.000000e+02 

1.000000e+02 
1.000000e+02 
1.000000e+02 
1.000000e+02 
1.000000e+02 
1.000000e+02 
1.000000e+02 
9.999998e+01 
9.999965e+01 
9.999877e+01 
9.999691e+01 
9.999328e+01 
9.998655e+01 
9.997439e+01 
9.995314e+01 
9.991768e+01 
9.986194e+01 
9.978005e+01 
9.966860e+01 
9.952898e+01 
9.936841e+01 
9.919837e+01 
9.903137e+01 
9.887817e+01 
9.873048e+01 
9.858011e+01 
9.843965e+01 
9.832733e+01 
9.826180e+01 
9.824859e+01 
9.827090e+01 
9.828652e+01 
9.824886e+01 
9.814553e+01 
9.800548e+01 
9.788358e+01 
9.783303e+01 
9.787409e+01 
9.799372e+01 
9.816402e+01 
9.835616e+01 
9.854935e+01 
9.873142e+01 
9.891450e+01 
9.910935e+01 
9.930375e+01 
9.948423e+01 
9.963901e+01 
9.976126e+01 
9.985036e+01 
9.991072e+01 
9.994902e+01 
9.997200e+01 
9.998520e+01 
9.999255e+01 
9.999655e+01 
9.999862e+01 
9.999960e+01 
9.999997e+01 
1.000000e+02 
1.000000e+02 
1.000000e+02 
1.000000e+02 
1.000000e+02 
1.000000e+02 
1.000000e+02 

1.000000e+02 
1.000000e+02 
1.000000e+02 
1.000000e+02 
1.000000e+02 
1.000000e+02 
1.000000e+02 
9.999998e+01 
9.999965e+01 
9.999878e+01 
9.999692e+01 
9.999334e+01 
9.998672e+01 
9.997488e+01 
9.995449e+01 
9.992114e+01 
9.987010e+01 
9.979781e+01 
9.970398e+01 
9.959334e+01 
9.947547e+01 
9.936216e+01 
9.926382e+01 
9.918710e+01 
9.912997e+01 
9.909514e+01 
9.909869e+01 
9.915892e+01 
9.928862e+01 
9.948109e+01 
9.969698e+01 
9.987033e+01 
9.993495e+01 
9.985684e+01 
9.965643e+01 
9.939766e+01 
9.915317e+01 
9.897502e+01 
9.888169e+01 
9.886387e+01 
9.890025e+01 
9.896945e+01 
9.905503e+01 
9.915709e+01 
9.927961e+01 
9.941455e+01 
9.955052e+01 
9.967526e+01 
9.977935e+01 
9.985862e+01 
9.991418e+01 
9.995036e+01 
9.997248e+01 
9.998536e+01 
9.999260e+01 
9.999656e+01 
9.999863e+01 
9.999960e+01 
9.999997e+01 
1.000000e+02 
1.000000e+02 
1.000000e+02 
1.000000e+02 
1.000000e+02 
1.000000e+02 
1.000000e+02 

1.000000e+02 
1.000000e+02 
1.000000e+02 
1.000000e+02 
1.000000e+02 
1.000000e+02 
1.000000e+02 
9.999998e+01 
9.999965e+01 
9.999878e+01 
9.999694e+01 
9.999340e+01 
9.998692e+01 
9.997545e+01 
9.995604e+01 
9.992504e+01 
9.987917e+01 
9.981710e+01 
9.974140e+01 
9.965945e+01 
9.958209e+01 
9.952020e+01 
9.948126e+01 
9.946765e+01 
9.948128e+01 
9.953124e+01 
9.963221e+01 
9.979744e+01 
1.000310e+02 
1.003165e+02 
1.006097e+02 
1.008435e+02 
1.009509e+02 
1.008960e+02 
1.006915e+02 
1.003928e+02 
1.000720e+02 
9.978905e+01 
9.957615e+01 
9.943888e+01 
9.936648e+01 
9.934253e+01 
9.935131e+01 
9.938560e+01 
9.944486e+01 
9.952547e+01 
9.961893e+01 
9.971378e+01 
9.979909e+01 
9.986784e+01 
9.991812e+01 
9.995191e+01 
9.997304e+01 
9.998555e+01 
9.999266e+01 
9.999658e+01 
9.999863e+01 
9.999960e+01 
9.999997e+01 
1.000000e+02 
1.000000e+02 
1.000000e+02 
1.000000e+02 
1.000000e+02 
1.000000e+02 
1.000000e+02 

1.000000e+02 
1.000000e+02 
1.000000e+02 
1.000000e+02 
1.000000e+02 
1.000000e+02 
1.000000e+02 
9.999998e+01 
9.999965e+01 
9.999879e+01 
9.999696e+01 
9.999347e+01 
9.998714e+01 
9.997610e+01 
9.995776e+01 
9.992931e+01 
9.988889e+01 
9.983727e+01 
9.977938e+01 
9.972434e+01 
9.968307e+01 
9.966450e+01 
9.967261e+01 
9.970585e+01 
9.976808e+01 
9.987089e+01 
1.000248e+02 
1.002364e+02 
1.005019e+02 
1.008001e+02 
1.010897e+02 
1.013150e+02 
1.014236e+02 
1.013866e+02 
1.012114e+02 
1.009382e+02 
1.006238e+02 
1.003209e+02 
1.000647e+02 
9.986976e+01 
9.973485e+01 
9.965063e+01 
9.960527e+01 
9.958828e+01 
9.959671e+01 
9.963108e+01 
9.968640e+01 
9.975304e+01 
9.981981e+01 
9.987777e+01 
9.992246e+01 
9.995364e+01 
9.997368e+01 
9.998577e+01 
9.999273e+01 
9.999660e+01 
9.999864e+01 
9.999960e+01 
9.999997e+01 
1.000000e+02 
1.000000e+02 
1.000000e+02 
1.000000e+02 
1.000000e+02 
1.000000e+02 
1.000000e+02 

1.000000e+02 
1.000000e+02 
1.000000e+02 
1.000000e+02 
1.000000e+02 
1.000000e+02 
1.000000e+02 
9.999998e+01 
9.999965e+01 
9.999879e+01 
9.999699e+01 
9.999355e+01 
9.998739e+01 
9.997680e+01 
9.995963e+01 
9.993388e+01 
9.989904e+01 
9.985773e+01 
9.981663e+01 
9.978565e+01 
9.977473e+01 
9.979009e+01 
9.983226e+01 
9.989644e+01 
9.998712e+01 
1.001160e+02 
1.002891e+02 
1.005072e+02 
1.007621e+02 
1.010326e+02 
1.012844e+02 
1.014758e+02 
1.015695e+02 
1.015447e+02 
1.014056e+02 
1.011795e+02 
1.009069e+02 
1.006287e+02 
1.003762e+02 
1.001668e+02 
1.000055e+02 
9.988926e+01 
9.981076e+01 
9.975891e+01 
9.972985e+01 
9.972750e+01 
9.975044e+01 
9.979170e+01 
9.984091e+01 
9.988818e+01 
9.992710e+01 
9.995553e+01 
9.997439e+01 
9.998602e+01 
9.999281e+01 
9.999662e+01 
9.999864e+01 
9.999961e+01 
9.999997e+01 
1.000000e+02 
1.000000e+02 
1.000000e+02 
1.000000e+02 
1.000000e+02 
1.000000e+02 
1.000000e+02 

1.000000e+02 
1.000000e+02 
1.000000e+02 
1.000000e+02 
1.000000e+02 
1.000000e+02 
1.000000e+02 
9.999998e+01 
9.999965e+01 
9.999880e+01 
9.999702e+01 
9.999366e+01 
9.998770e+01 
9.997767e+01 
9.996188e+01 
9.993925e+01 
9.991066e+01 
9.988038e+01 
9.985628e+01 
9.984809e+01 
9.986370e+01 
9.990604e+01 
9.997221e+01 
1.000551e+02 
1.001590e+02 
1.002947e+02 
1.004639e+02 
1.006639e+02 
1.008848e+02 
1.011085e+02 
1.013092e+02 
1.014585e+02 
1.015318e+02 
1.015157e+02 
1.014124e+02 
1.012389e+02 
1.010219e+02 
1.007901e+02 
1.005677e+02 
1.003711e+02 
1.002082e+02 
1.000803e+02 
9.998438e+01 
9.991026e+01 
9.985387e+01 
9.982176e+01 
9.981603e+01 
9.983304e+01 
9.986437e+01 
9.990014e+01 
9.993260e+01 
9.995782e+01 
9.997526e+01 
9.998632e+01 
9.999291e+01 
9.999665e+01 
9.999865e+01 
9.999961e+01 
9.999997e+01 
1.000000e+02 
1.000000e+02 
1.000000e+02 
1.000000e+02 
1.000000e+02 
1.000000e+02 
1.000000e+02 

1.000000e+02 
1.000000e+02 
1.000000e+02 
1.000000e+02 
1.000000e+02 
1.000000e+02 
1.000000e+02 
9.999998e+01 
9.999965e+01 
9.999881e+01 
9.999706e+01 
9.999379e+01 
9.998812e+01 
9.997883e+01 
9.996485e+01 
9.994614e+01 
9.992505e+01 
9.990722e+01 
9.990095e+01 
9.991457e+01 
9.995279e+01 
1.000147e+02 
1.000946e+02 
1.001841e+02 
1.002874e+02 
1.004131e+02 
1.005604e+02 
1.007247e+02 
1.008970e+02 
1.010639e+02 
1.012087e+02 
1.013139e+02 
1.013655e+02 
1.013558e+02 
1.012858e+02 
1.011650e+02 
1.010087e+02 
1.008346e+02 
1.006591e+02 
1.004948e+02 
1.003499e+02 
1.002279e+02 
1.001292e+02 
1.000451e+02 
9.997170e+01 
9.991706e+01 
9.988637e+01 
9.987989e+01 
9.989230e+01 
9.991501e+01 
9.993969e+01 
9.996086e+01 
9.997644e+01 
9.998674e+01 
9.999305e+01 
9.999669e+01 
9.999866e+01 
9.999961e+01 
9.999997e+01 
1.000000e+02 
1.000000e+02 
1.000000e+02 
1.000000e+02 
1.000000e+02 
1.000000e+02 
1.000000e+02 

1.000000e+02 
1.000000e+02 
1.000000e+02 
1.000000e+02 
1.000000e+02 
1.000000e+02 
1.000000e+02 
9.999998e+01 
9.999966e+01 
9.999883e+01 
9.999712e+01 
9.999399e+01 
9.998869e+01 
9.998039e+01 
9.996871e+01 
9.995475e+01 
9.994215e+01 
9.993729e+01 
9.994769e+01 
9.997893e+01 
1.000319e+02 
1.001024e+02 
1.001831e+02 
1.002662e+02 
1.003556e+02 
1.004582e+02 
1.005717e+02 
1.006919e+02 
1.008121e+02 
1.009239e+02 
1.010178e+02 
1.010846e+02 
1.011172e+02 
1.011117e+02 
1.010686e+02 
1.009924e+02 
1.008910e+02 
1.007738e+02 
1.006503e+02 
1.005286e+02 
1.004151e+02 
1.003137e+02 
1.002262e+02 
1.001459e+02 
1.000689e+02 
1.000030e+02 
9.995525e+01 
9.992930e+01 
9.992380e+01 
9.993279e+01 
9.994857e+01 
9.996482e+01 
9.997803e+01 
9.998732e+01 
9.999324e+01 
9.999675e+01 
9.999868e+01 
9.999961e+01 
9.999997e+01 
1.000000e+02 
1.000000e+02 
1.000000e+02 
1.000000e+02 
1.000000e+02 
1.000000e+02 
1.000000e+02 

1.000000e+02 
1.000000e+02 
1.000000e+02 
1.000000e+02 
1.000000e+02 
1.000000e+02 
1.000000e+02 
9.999998e+01 
9.999966e+01 
9.999885e+01 
9.999720e+01 
9.999425e+01 
9.998946e+01 
9.998243e+01 
9.997357e+01 
9.996503e+01 
9.996125e+01 
9.996830e+01 
9.999155e+01 
1.000330e+02 
1.000901e+02 
1.001568e+02 
1.002264e+02 
1.002932e+02 
1.003606e+02 
1.004340e+02 
1.005112e+02 
1.005892e+02 
1.006639e+02 
1.007310e+02 
1.007857e+02 
1.008239e+02 
1.008423e+02 
1.008394e+02 
1.008153e+02 
1.007719e+02 
1.007126e+02 
1.006420e+02 
1.005646e+02 
1.004849e+02 
1.004068e+02 
1.003333e+02 
1.002662e+02 
1.002004e+02 
1.001325e+02 
1.000682e+02 
1.000142e+02 
9.997626e+01 
9.995659e+01 
9.995280e+01 
9.995926e+01 
9.996984e+01 
9.998013e+01 
9.998811e+01 
9.999351e+01 
9.999683e+01 
9.999870e+01 
9.999962e+01 
9.999997e+01 
1.000000e+02 
1.000000e+02 
1.000000e+02 
1.000000e+02 
1.000000e+02 
1.000000e+02 
1.000000e+02 

1.000000e+02 
1.000000e+02 
1.000000e+02 
1.000000e+02 
1.000000e+02 
1.000000e+02 
1.000000e+02 
9.999998e+01 
9.999967e+01 
9.999888e+01 
9.999732e+01 
9.999461e+01 
9.999049e+01 
9.998503e+01 
9.997941e+01 
9.997649e+01 
9.998069e+01 
9.999651e+01 
1.000263e+02 
1.000688e+02 
1.001197e+02 
1.001733e+02 
1.002248e+02 
1.002711e+02 
1.003155e+02 
1.003615e+02 
1.004078e+02 
1.004527e+02 
1.004942e+02 
1.005303e+02 
1.005591e+02 
1.005787e+02 
1.005881e+02 
1.005866e+02 
1.005743e+02 
1.005518e+02 
1.005205e+02 
1.004823e+02 
1.004390e+02 
1.003927e+02 
1.003455e+02 
1.002989e+02 
1.002543e+02 
1.002080e+02 
1.001569e+02 
1.001043e+02 
1.000549e+02 
1.000144e+02 
9.998685e+01 
9.997337e+01 
9.997128e+01 
9.997592e+01 
9.998283e+01 
9.998917e+01 
9.999388e+01 
9.999695e+01 
9.999873e+01 
9.999962e+01 
9.999998e+01 
1.000000e+02 
1.000000e+02 
1.000000e+02 
1.000000e+02 
1.000000e+02 
1.000000e+02 
1.000000e+02 

1.000000e+02 
1.000000e+02 
1.000000e+02 
1.000000e+02 
1.000000e+02 
1.000000e+02 
1.000000e+02 
9.999998e+01 
9.999968e+01 
9.999893e+01 
9.999747e+01 
9.999510e+01 
9.999180e+01 
9.998817e+01 
9.998591e+01 
9.998801e+01 
9.999785e+01 
1.000176e+02 
1.000469e+02 
1.000827e+02 
1.001208e+02 
1.001575e+02 
1.001903e+02 
1.002182e+02 
1.002437e+02 
1.002691e+02 
1.002937e+02 
1.003168e+02 
1.003375e+02 
1.003551e+02 
1.003688e+02 
1.003780e+02 
1.003823e+02 
1.003816e+02 
1.003757e+02 
1.003651e+02 
1.003501e+02 
1.003313e+02 
1.003095e+02 
1.002855e+02 
1.002602e+02 
1.002342e+02 
1.002083e+02 
1.001801e+02 
1.001472e+02 
1.001107e+02 
1.000731e+02 
1.000382e+02 
1.000101e+02 
9.999185e+01 
9.998351e+01 
9.998276e+01 
9.998611e+01 
9.999054e+01 
9.999439e+01 
9.999711e+01 
9.999877e+01 
9.999963e+01 
9.999998e+01 
1.000000e+02 
1.000000e+02 
1.000000e+02 
1.000000e+02 
1.000000e+02 
1.000000e+02 
1.000000e+02 

1.000000e+02 
1.000000e+02 
1.000000e+02 
1.000000e+02 
1.000000e+02 
1.000000e+02 
1.000000e+02 
9.999998e+01 
9.999969e+01 
9.999899e+01 
9.999769e+01 
9.999573e+01 
9.999340e+01 
9.999166e+01 
9.999238e+01 
9.999791e+01 
1.000100e+02 
1.000287e+02 
1.000520e+02 
1.000771e+02 
1.001014e+02 
1.001229e+02 
1.001411e+02 
1.001558e+02 
1.001687e+02 
1.001811e+02 
1.001929e+02 
1.002036e+02 
1.002129e+02 
1.002207e+02 
1.002267e+02 
1.002306e+02 
1.002325e+02 
1.002321e+02 
1.002295e+02 
1.002248e+02 
1.002182e+02 
1.002097e+02 
1.001998e+02 
1.001886e+02 
1.001764e+02 
1.001635e+02 
1.001503e+02 
1.001353e+02 
1.001169e+02 
1.000952e+02 
1.000710e+02 
1.000461e+02 
1.000233e+02 
1.000054e+02 
9.999425e+01 
9.998967e+01 
9.998981e+01 
9.999222e+01 
9.999505e+01 
9.999734e+01 
9.999884e+01 
9.999965e+01 
9.999998e+01 
1.000000e+02 
1.000000e+02 
1.000000e+02 
1.000000e+02 
1.000000e+02 
1.000000e+02 
1.000000e+02 

1.000000e+02 
1.000000e+02 
1.000000e+02 
1.000000e+02 
1.000000e+02 
1.000000e+02 
1.000000e+02 
9.999998e+01 
9.999971e+01 
9.999907e+01 
9.999796e+01 
9.999649e+01 
9.999518e+01 
9.999512e+01 
9.999783e+01 
1.000046e+02 
1.000156e+02 
1.000297e+02 
1.000451e+02 
1.000600e+02 
1.000732e+02 
1.000841e+02 
1.000929e+02 
1.000998e+02 
1.001056e+02 
1.001111e+02 
1.001161e+02 
1.001206e+02 
1.001245e+02 
1.001276e+02 
1.001300e+02 
1.001316e+02 
1.001323e+02 
1.001321e+02 
1.001311e+02 
1.001291e+02 
1.001264e+02 
1.001229e+02 
1.001187e+02 
1.001139e+02 
1.001086e+02 
1.001029e+02 
1.000968e+02 
1.000898e+02 
1.000808e+02 
1.000696e+02 
1.000563e+02 
1.000414e+02 
1.000262e+02 
1.000123e+02 
1.000018e+02 
9.999564e+01 
9.999353e+01 
9.999413e+01 
9.999586e+01 
9.999763e+01 
9.999893e+01 
9.999967e+01 
9.999998e+01 
1.000000e+02 
1.000000e+02 
1.000000e+02 
1.000000e+02 
1.000000e+02 
1.000000e+02 
1.000000e+02 

1.000000e+02 
1.000000e+02 
1.000000e+02 
1.000000e+02 
1.000000e+02 
1.000000e+02 
1.000000e+02 
9.999998e+01 
9.999974e+01 
9.999918e+01 
9.999830e+01 
9.999735e+01 
9.999693e+01 
9.999798e+01 
1.000013e+02 
1.000073e+02 
1.000152e+02 
1.000240e+02 
1.000325e+02 
1.000399e+02 
1.000461e+02 
1.000510e+02 
1.000548e+02 
1.000576e+02 
1.000600e+02 
1.000622e+02 
1.000641e+02 
1.000659e+02 
1.000673e+02 
1.000685e+02 
1.000694e+02 
1.000700e+02 
1.000702e+02 
1.000701e+02 
1.000697e+02 
1.000690e+02 
1.000679e+02 
1.000666e+02 
1.000649e+02 
1.000630e+02 
1.000609e+02 
1.000586e+02 
1.000561e+02 
1.000531e+02 
1.000492e+02 
1.000442e+02 
1.000379e+02 
1.000303e+02 
1.000218e+02 
1.000131e+02 
1.000054e+02 
9.999971e+01 
9.999671e+01 
9.999605e+01 
9.999679e+01 
9.999800e+01 
9.999904e+01 
9.999969e+01 
9.999998e+01 
1.000000e+02 
1.000000e+02 
1.000000e+02 
1.000000e+02 
1.000000e+02 
1.000000e+02 
1.000000e+02 

1.000000e+02 
1.000000e+02 
1.000000e+02 
1.000000e+02 
1.000000e+02 
1.000000e+02 
1.000000e+02 
9.999999e+01 
9.999977e+01 
9.999931e+01 
9.999868e+01 
9.999819e+01 
9.999837e+01 
9.999977e+01 
1.000026e+02 
1.000067e+02 
1.000112e+02 
1.000157e+02 
1.000197e+02 
1.000229e+02 
1.000255e+02 
1.000274e+02 
1.000288e+02 
1.000299e+02 
1.000308e+02 
1.000315e+02 
1.000322e+02 
1.000329e+02 
1.000334e+02 
1.000338e+02 
1.000341e+02 
1.000343e+02 
1.000343e+02 
1.000343e+02 
1.000341e+02 
1.000339e+02 
1.000335e+02 
1.000330e+02 
1.000324e+02 
1.000317e+02 
1.000309e+02 
1.000301e+02 
1.000291e+02 
1.000280e+02 
1.000265e+02 
1.000245e+02 
1.000218e+02 
1.000185e+02 
1.000145e+02 
1.000100e+02 
1.000054e+02 
1.000015e+02 
9.999885e+01 
9.999768e+01 
9.999773e+01 
9.999842e+01 
9.999919e+01 
9.999973e+01 
9.999999e+01 
1.000000e+02 
1.000000e+02 
1.000000e+02 
1.000000e+02 
1.000000e+02 
1.000000e+02 
1.000000e+02 

1.000000e+02 
1.000000e+02 
1.000000e+02 
1.000000e+02 
1.000000e+02 
1.000000e+02 
1.000000e+02 
9.999999e+01 
9.999981e+01 
9.999946e+01 
9.999906e+01 
9.999889e+01 
9.999927e+01 
1.000004e+02 
1.000022e+02 
1.000044e+02 
1.000065e+02 
1.000084e+02 
1.000100e+02 
1.000112e+02 
1.000121e+02 
1.000128e+02 
1.000133e+02 
1.000136e+02 
1.000139e+02 
1.000142e+02 
1.000144e+02 
1.000146e+02 
1.000148e+02 
1.000149e+02 
1.000150e+02 
1.000150e+02 
1.000150e+02 
1.000150e+02 
1.000150e+02 
1.000149e+02 
1.000147e+02 
1.000146e+02 
1.000144e+02 
1.000141e+02 
1.000139e+02 
1.000136e+02 
1.000133e+02 
1.000129e+02 
1.000123e+02 
1.000116e+02 
1.000107e+02 
1.000094e+02 
1.000078e+02 
1.000058e+02 
1.000037e+02 
1.000015e+02 
9.999981e+01 
9.999879e+01 
9.999854e+01 
9.999885e+01 
9.999936e+01 
9.999978e+01 
9.999999e+01 
1.000000e+02 
1.000000e+02 
1.000000e+02 
1.000000e+02 
1.000000e+02 
1.000000e+02 
1.000000e+02 

1.000000e+02 
1.000000e+02 
1.000000e+02 
1.000000e+02 
1.000000e+02 
1.000000e+02 
1.000000e+02 
1.000000e+02 
9.999985e+01 
9.999961e+01 
9.999938e+01 
9.999934e+01 
9.999964e+01 
1.000003e+02 
1.000011e+02 
1.000020e+02 
1.000028e+02 
1.000035e+02 
1.000040e+02 
1.000044e+02 
1.000047e+02 
1.000049e+02 
1.000050e+02 
1.000051e+02 
1.000052e+02 
1.000053e+02 
1.000053e+02 
1.000054e+02 
1.000054e+02 
1.000055e+02 
1.000055e+02 
1.000055e+02 
1.000055e+02 
1.000055e+02 
1.000055e+02 
1.000055e+02 
1.000054e+02 
1.000054e+02 
1.000053e+02 
1.000052e+02 
1.000052e+02 
1.000051e+02 
1.000050e+02 
1.000048e+02 
1.000047e+02 
1.000045e+02 
1.000041e+02 
1.000037e+02 
1.000032e+02 
1.000025e+02 
1.000017e+02 
1.000008e+02 
9.999993e+01 
9.999934e+01 
9.999911e+01 
9.999923e+01 
9.999954e+01 
9.999983e+01 
1.000000e+02 
1.000000e+02 
1.000000e+02 
1.000000e+02 
1.000000e+02 
1.000000e+02 
1.000000e+02 
1.000000e+02 

1.000000e+02 
1.000000e+02 
1.000000e+02 
1.000000e+02 
1.000000e+02 
1.000000e+02 
1.000000e+02 
1.000000e+02 
9.999990e+01 
9.999974e+01 
9.999960e+01 
9.999957e+01 
9.999969e+01 
9.999992e+01 
1.000002e+02 
1.000005e+02 
1.000007e+02 
1.000009e+02 
1.000010e+02 
1.000011e+02 
1.000012e+02 
1.000012e+02 
1.000012e+02 
1.000013e+02 
1.000013e+02 
1.000013e+02 
1.000013e+02 
1.000013e+02 
1.000013e+02 
1.000014e+02 
1.000014e+02 
1.000014e+02 
1.000014e+02 
1.000014e+02 
1.000013e+02 
1.000013e+02 
1.000013e+02 
1.000013e+02 
1.000013e+02 
1.000013e+02 
1.000013e+02 
1.000012e+02 
1.000012e+02 
1.000012e+02 
1.000011e+02 
1.000011e+02 
1.000010e+02 
1.000009e+02 
1.000007e+02 
1.000005e+02 
1.000003e+02 
1.000000e+02 
9.999975e+01 
9.999953e+01 
9.999944e+01 
9.999951e+01 
9.999969e+01 
9.999988e+01 
1.000000e+02 
1.000000e+02 
1.000000e+02 
1.000000e+02 
1.000000e+02 
1.000000e+02 
1.000000e+02 
1.000000e+02 

1.000000e+02 
1.000000e+02 
1.000000e+02 
1.000000e+02 
1.000000e+02 
1.000000e+02 
1.000000e+02 
1.000000e+02 
9.999994e+01 
9.999984e+01 
9.999974e+01 
9.999969e+01 
9.999969e+01 
9.999972e+01 
9.999976e+01 
9.999980e+01 
9.999984e+01 
9.999986e+01 
9.999988e+01 
9.999989e+01 
9.999990e+01 
9.999991e+01 
9.999991e+01 
9.999992e+01 
9.999992e+01 
9.999992e+01 
9.999992e+01 
9.999992e+01 
9.999993e+01 
9.999993e+01 
9.999993e+01 
9.999993e+01 
9.999992e+01 
9.999992e+01 
9.999992e+01 
9.999992e+01 
9.999992e+01 
9.999991e+01 
9.999991e+01 
9.999991e+01 
9.999990e+01 
9.999990e+01 
9.999989e+01 
9.999989e+01 
9.999988e+01 
9.999987e+01 
9.999986e+01 
9.999984e+01 
9.999981e+01 
9.999978e+01 
9.999974e+01 
9.999969e+01 
9.999965e+01 
9.999962e+01 
9.999964e+01 
9.999970e+01 
9.999982e+01 
9.999993e+01 
1.000000e+02 
1.000000e+02 
1.000000e+02 
1.000000e+02 
1.000000e+02 
1.000000e+02 
1.000000e+02 
1.000000e+02 

1.000000e+02 
1.000000e+02 
1.000000e+02 
1.000000e+02 
1.000000e+02 
1.000000e+02 
1.000000e+02 
1.000000e+02 
9.999997e+01 
9.999991e+01 
9.999985e+01 
9.999979e+01 
9.999976e+01 
9.999973e+01 
9.999972e+01 
9.999971e+01 
9.999970e+01 
9.999970e+01 
9.999969e+01 
9.999969e+01 
9.999969e+01 
9.999969e+01 
9.999969e+01 
9.999969e+01 
9.999969e+01 
9.999969e+01 
9.999969e+01 
9.999969e+01 
9.999969e+01 
9.999968e+01 
9.999968e+01 
9.999968e+01 
9.999968e+01 
9.999968e+01 
9.999968e+01 
9.999968e+01 
9.999968e+01 
9.999968e+01 
9.999968e+01 
9.999968e+01 
9.999968e+01 
9.999968e+01 
9.999968e+01 
9.999968e+01 
9.999968e+01 
9.999968e+01 
9.999968e+01 
9.999968e+01 
9.999968e+01 
9.999969e+01 
9.999969e+01 
9.999970e+01 
9.999971e+01 
9.999974e+01 
9.999978e+01 
9.999983e+01 
9.999990e+01 
9.999997e+01 
1.000000e+02 
1.000000e+02 
1.000000e+02 
1.000000e+02 
1.000000e+02 
1.000000e+02 
1.000000e+02 
1.000000e+02 

1.000000e+02 
1.000000e+02 
1.000000e+02 
1.000000e+02 
1.000000e+02 
1.000000e+02 
1.000000e+02 
1.000000e+02 
9.999999e+01 
9.999996e+01 
9.999993e+01 
9.999990e+01 
9.999987e+01 
9.999986e+01 
9.999984e+01 
9.999983e+01 
9.999983e+01 
9.999982e+01 
9.999982e+01 
9.999982e+01 
9.999982e+01 
9.999981e+01 
9.999981e+01 
9.999981e+01 
9.999981e+01 
9.999981e+01 
9.999981e+01 
9.999981e+01 
9.999981e+01 
9.999981e+01 
9.999981e+01 
9.999981e+01 
9.999981e+01 
9.999981e+01 
9.999981e+01 
9.999981e+01 
9.999981e+01 
9.999981e+01 
9.999981e+01 
9.999981e+01 
9.999981e+01 
9.999981e+01 
9.999981e+01 
9.999981e+01 
9.999981e+01 
9.999981e+01 
9.999982e+01 
9.999982e+01 
9.999982e+01 
9.999982e+01 
9.999983e+01 
9.999984e+01 
9.999985e+01 
9.999987e+01 
9.999990e+01 
9.999993e+01 
9.999996e+01 
9.999999e+01 
1.000000e+02 
1.000000e+02 
1.000000e+02 
1.000000e+02 
1.000000e+02 
1.000000e+02 
1.000000e+02 
1.000000e+02 

1.000000e+02 
1.000000e+02 
1.000000e+02 
1.000000e+02 
1.000000e+02 
1.000000e+02 
1.000000e+02 
1.000000e+02 
1.000000e+02 
9.999999e+01 
9.999998e+01 
9.999997e+01 
9.999996e+01 
9.999996e+01 
9.999995e+01 
9.999995e+01 
9.999995e+01 
9.999995e+01 
9.999995e+01 
9.999995e+01 
9.999995e+01 
9.999995e+01 
9.999994e+01 
9.999994e+01 
9.999994e+01 
9.999994e+01 
9.999994e+01 
9.999994e+01 
9.999994e+01 
9.999994e+01 
9.999994e+01 
9.999994e+01 
9.999994e+01 
9.999994e+01 
9.999994e+01 
9.999994e+01 
9.999994e+01 
9.999994e+01 
9.999994e+01 
9.999994e+01 
9.999994e+01 
9.999994e+01 
9.999995e+01 
9.999995e+01 
9.999995e+01 
9.999995e+01 
9.999995e+01 
9.999995e+01 
9.999995e+01 
9.999995e+01 
9.999995e+01 
9.999996e+01 
9.999996e+01 
9.999997e+01 
9.999997e+01 
9.999998e+01 
9.999999e+01 
1.000000e+02 
1.000000e+02 
1.000000e+02 
1.000000e+02 
1.000000e+02 
1.000000e+02 
1.000000e+02 
1.000000e+02 
1.000000e+02 

1.000000e+02 
1.000000e+02 
1.000000e+02 
1.000000e+02 
1.000000e+02 
1.000000e+02 
1.000000e+02 
1.000000e+02 
1.000000e+02 
1.000000e+02 
1.000000e+02 
1.000000e+02 
1.000000e+02 
1.000000e+02 
1.000000e+02 
1.000000e+02 
1.000000e+02 
1.000000e+02 
1.000000e+02 
1.000000e+02 
1.000000e+02 
1.000000e+02 
1.000000e+02 
1.000000e+02 
1.000000e+02 
1.000000e+02 
1.000000e+02 
1.000000e+02 
1.000000e+02 
1.000000e+02 
1.000000e+02 
1.000000e+02 
1.000000e+02 
1.000000e+02 
1.000000e+02 
1.000000e+02 
1.000000e+02 
1.000000e+02 
1.000000e+02 
1.000000e+02 
1.000000e+02 
1.000000e+02 
1.000000e+02 
1.000000e+02 
1.000000e+02 
1.000000e+02 
1.000000e+02 
1.000000e+02 
1.000000e+02 
1.000000e+02 
1.000000e+02 
1.000000e+02 
1.000000e+02 
1.000000e+02 
1.000000e+02 
1.000000e+02 
1.000000e+02 
1.000000e+02 
1.000000e+02 
1.000000e+02 
1.000000e+02 
1.000000e+02 
1.000000e+02 
1.000000e+02 
1.000000e+02 
1.000000e+02 

1.000000e+02 
1.000000e+02 
1.000000e+02 
1.000000e+02 
1.000000e+02 
1.000000e+02 
1.000000e+02 
1.000000e+02 
1.000000e+02 
1.000000e+02 
1.000000e+02 
1.000000e+02 
1.000000e+02 
1.000000e+02 
1.000000e+02 
1.000000e+02 
1.000000e+02 
1.000000e+02 
1.000000e+02 
1.000000e+02 
1.000000e+02 
1.000000e+02 
1.000000e+02 
1.000000e+02 
1.000000e+02 
1.000000e+02 
1.000000e+02 
1.000000e+02 
1.000000e+02 
1.000000e+02 
1.000000e+02 
1.000000e+02 
1.000000e+02 
1.000000e+02 
1.000000e+02 
1.000000e+02 
1.000000e+02 
1.000000e+02 
1.000000e+02 
1.000000e+02 
1.000000e+02 
1.000000e+02 
1.000000e+02 
1.000000e+02 
1.000000e+02 
1.000000e+02 
1.000000e+02 
1.000000e+02 
1.000000e+02 
1.000000e+02 
1.000000e+02 
1.000000e+02 
1.000000e+02 
1.000000e+02 
1.000000e+02 
1.000000e+02 
1.000000e+02 
1.000000e+02 
1.000000e+02 
1.000000e+02 
1.000000e+02 
1.000000e+02 
1.000000e+02 
1.000000e+02 
1.000000e+02 
1.000000e+02 

1.000000e+02 
1.000000e+02 
1.000000e+02 
1.000000e+02 
1.000000e+02 
1.000000e+02 
1.000000e+02 
1.000000e+02 
1.000000e+02 
1.000000e+02 
1.000000e+02 
1.000000e+02 
1.000000e+02 
1.000000e+02 
1.000000e+02 
1.000000e+02 
1.000000e+02 
1.000000e+02 
1.000000e+02 
1.000000e+02 
1.000000e+02 
1.000000e+02 
1.000000e+02 
1.000000e+02 
1.000000e+02 
1.000000e+02 
1.000000e+02 
1.000000e+02 
1.000000e+02 
1.000000e+02 
1.000000e+02 
1.000000e+02 
1.000000e+02 
1.000000e+02 
1.000000e+02 
1.000000e+02 
1.000000e+02 
1.000000e+02 
1.000000e+02 
1.000000e+02 
1.000000e+02 
1.000000e+02 
1.000000e+02 
1.000000e+02 
1.000000e+02 
1.000000e+02 
1.000000e+02 
1.000000e+02 
1.000000e+02 
1.000000e+02 
1.000000e+02 
1.000000e+02 
1.000000e+02 
1.000000e+02 
1.000000e+02 
1.000000e+02 
1.000000e+02 
1.000000e+02 
1.000000e+02 
1.000000e+02 
1.000000e+02 
1.000000e+02 
1.000000e+02 
1.000000e+02 
1.000000e+02 
1.000000e+02 

1.000000e+02 
1.000000e+02 
1.000000e+02 
1.000000e+02 
1.000000e+02 
1.000000e+02 
1.000000e+02 
1.000000e+02 
1.000000e+02 
1.000000e+02 
1.000000e+02 
1.000000e+02 
1.000000e+02 
1.000000e+02 
1.000000e+02 
1.000000e+02 
1.000000e+02 
1.000000e+02 
1.000000e+02 
1.000000e+02 
1.000000e+02 
1.000000e+02 
1.000000e+02 
1.000000e+02 
1.000000e+02 
1.000000e+02 
1.000000e+02 
1.000000e+02 
1.000000e+02 
1.000000e+02 
1.000000e+02 
1.000000e+02 
1.000000e+02 
1.000000e+02 
1.000000e+02 
1.000000e+02 
1.000000e+02 
1.000000e+02 
1.000000e+02 
1.000000e+02 
1.000000e+02 
1.000000e+02 
1.000000e+02 
1.000000e+02 
1.000000e+02 
1.000000e+02 
1.000000e+02 
1.000000e+02 
1.000000e+02 
1.000000e+02 
1.000000e+02 
1.000000e+02 
1.000000e+02 
1.000000e+02 
1.000000e+02 
1.000000e+02 
1.000000e+02 
1.000000e+02 
1.000000e+02 
1.000000e+02 
1.000000e+02 
1.000000e+02 
1.000000e+02 
1.000000e+02 
1.000000e+02 
1.000000e+02 

1.000000e+02 
1.000000e+02 
1.000000e+02 
1.000000e+02 
1.000000e+02 
1.000000e+02 
1.000000e+02 
1.000000e+02 
1.000000e+02 
1.000000e+02 
1.000000e+02 
1.000000e+02 
1.000000e+02 
1.000000e+02 
1.000000e+02 
1.000000e+02 
1.000000e+02 
1.000000e+02 
1.000000e+02 
1.000000e+02 
1.000000e+02 
1.000000e+02 
1.000000e+02 
1.000000e+02 
1.000000e+02 
1.000000e+02 
1.000000e+02 
1.000000e+02 
1.000000e+02 
1.000000e+02 
1.000000e+02 
1.000000e+02 
1.000000e+02 
1.000000e+02 
1.000000e+02 
1.000000e+02 
1.000000e+02 
1.000000e+02 
1.000000e+02 
1.000000e+02 
1.000000e+02 
1.000000e+02 
1.000000e+02 
1.000000e+02 
1.000000e+02 
1.000000e+02 
1.000000e+02 
1.000000e+02 
1.000000e+02 
1.000000e+02 
1.000000e+02 
1.000000e+02 
1.000000e+02 
1.000000e+02 
1.000000e+02 
1.000000e+02 
1.000000e+02 
1.000000e+02 
1.000000e+02 
1.000000e+02 
1.000000e+02 
1.000000e+02 
1.000000e+02 
1.000000e+02 
1.000000e+02 
1.000000e+02 

1.000000e+02 
1.000000e+02 
1.000000e+02 
1.000000e+02 
1.000000e+02 
1.000000e+02 
1.000000e+02 
1.000000e+02 
1.000000e+02 
1.000000e+02 
1.000000e+02 
1.000000e+02 
1.000000e+02 
1.000000e+02 
1.000000e+02 
1.000000e+02 
1.000000e+02 
1.000000e+02 
1.000000e+02 
1.000000e+02 
1.000000e+02 
1.000000e+02 
1.000000e+02 
1.000000e+02 
1.000000e+02 
1.000000e+02 
1.000000e+02 
1.000000e+02 
1.000000e+02 
1.000000e+02 
1.000000e+02 
1.000000e+02 
1.000000e+02 
1.000000e+02 
1.000000e+02 
1.000000e+02 
1.000000e+02 
1.000000e+02 
1.000000e+02 
1.000000e+02 
1.000000e+02 
1.000000e+02 
1.000000e+02 
1.000000e+02 
1.000000e+02 
1.000000e+02 
1.000000e+02 
1.000000e+02 
1.000000e+02 
1.000000e+02 
1.000000e+02 
1.000000e+02 
1.000000e+02 
1.000000e+02 
1.000000e+02 
1.000000e+02 
1.000000e+02 
1.000000e+02 
1.000000e+02 
1.000000e+02 
1.000000e+02 
1.000000e+02 
1.000000e+02 
1.000000e+02 
1.000000e+02 
1.000000e+02 

