 -1.107905936389939E-017
 -9.036393638768436E-018
 -7.392591635112755E-018
 -6.087219455739125E-018
 -5.039295678408628E-018
 -4.200473185366685E-018
 -3.529656926521904E-018
 -2.993003919446079E-018
 -2.563923249374191E-018
 -2.220658713316682E-018
 -1.946288820059447E-018
 -1.726309434276113E-018
 -1.551051132415765E-018
 -1.410844490927486E-018
 -1.298316574353704E-018
 -1.208270067535801E-018
 -1.136111994287092E-018
 -1.078578924159143E-018
 -1.032528294497906E-018
 -9.956636172100400E-019
 -9.661718753797469E-019
 -9.426026554743899E-019
 -9.237472795501040E-019
 -9.086388052517982E-019
 -8.965520258131534E-019
 -8.844652463745087E-019
 -8.723784669358641E-019
 -8.602916874972193E-019
 -8.482473614035125E-019
 -8.362879378370730E-019
 -8.244134043744165E-019
 -8.126237404457154E-019
 -8.009189174504684E-019
 -7.892988988723429E-019
 -7.777636403931897E-019
 -7.663130900062338E-019
 -7.549471881284373E-019
 -7.436658677120387E-019
 -7.324690543552673E-019
 -7.213566664122338E-019
 -7.103286151019970E-019
 -6.993848046168097E-019
 -6.885251322295404E-019
 -6.777494884002782E-019
 -6.643979210483959E-019
 -6.479187150227627E-019
 -6.276055735061710E-019
 -6.026339409902421E-019
 -5.721130410446255E-019
 -5.350625470602075E-019
 -4.904371631117461E-019
 -4.370463402644407E-019
 -3.743703468975435E-019
 -3.020519896555242E-019
 -2.209356315727030E-019
 -1.328277910155884E-019
 -4.156092456232494E-020
  4.535525162488201E-020
  1.184239360590587E-019
  1.660226786991793E-019
  1.781151794580573E-019
  1.518009037882128E-019
  9.735389723684284E-020
  3.863405857426034E-020
  1.157637501376412E-021
 -7.619202121737922E-021
 -2.548220420724836E-021
