6.977669e+01 
-8.415950e+01 
-3.083603e+01 
4.285729e+00 
2.889861e+01 
4.139300e+01 
4.499780e+01 
4.499799e+01 
4.499814e+01 
4.499825e+01 
4.499833e+01 
4.499838e+01 
4.499841e+01 
4.499843e+01 
4.499845e+01 
4.499846e+01 
4.499847e+01 
4.499849e+01 
4.499851e+01 
4.499853e+01 
4.499854e+01 
4.499856e+01 
4.499855e+01 
4.499853e+01 
4.499849e+01 
4.499841e+01 
4.207377e+01 
3.183817e+01 
1.077514e+01 
-1.772445e+01 
5.674946e+01 
5.980509e+01 

7.602521e+01 
6.199508e+01 
7.808097e+01 
-5.646223e+01 
4.798251e+01 
3.946446e+01 
4.499139e+01 
4.498972e+01 
4.498835e+01 
4.498730e+01 
4.498654e+01 
4.498602e+01 
4.498567e+01 
4.498544e+01 
4.498528e+01 
4.498513e+01 
4.498499e+01 
4.498483e+01 
4.498465e+01 
4.498447e+01 
4.498430e+01 
4.498420e+01 
4.498422e+01 
4.498442e+01 
4.498486e+01 
4.498556e+01 
2.958749e+01 
-2.897499e+01 
-8.648879e+01 
2.054275e+01 
3.921709e+01 
6.413736e+01 

8.014122e+01 
3.845285e+01 
1.281706e+01 
-4.338896e-01 
1.000296e+00 
1.489768e+01 
4.495142e+01 
4.494832e+01 
4.494678e+01 
4.494731e+01 
4.494990e+01 
4.495368e+01 
4.495700e+01 
4.495817e+01 
4.495660e+01 
4.495337e+01 
4.495048e+01 
4.494958e+01 
4.495125e+01 
4.495519e+01 
4.496063e+01 
4.496677e+01 
4.497292e+01 
4.497864e+01 
4.498364e+01 
4.498782e+01 
3.294771e+01 
1.268312e+01 
5.028843e+00 
8.898986e+00 
3.001866e+01 
6.977247e+01 

8.680147e+01 
4.245552e+01 
-1.420685e+01 
-5.268223e+01 
-6.048806e+01 
-4.686742e+01 
4.453611e+01 
4.451789e+01 
4.456083e+01 
4.463215e+01 
4.470424e+01 
4.476696e+01 
4.481965e+01 
4.486404e+01 
4.490120e+01 
4.493021e+01 
4.494694e+01 
4.494275e+01 
4.490745e+01 
4.484808e+01 
4.480545e+01 
4.480652e+01 
4.483406e+01 
4.486629e+01 
4.489423e+01 
4.491627e+01 
1.518879e+00 
-2.205347e+01 
-2.142160e+01 
-1.133453e+00 
3.336299e+01 
7.613409e+01 

-8.975353e+01 
4.985259e+01 
-3.224870e+01 
-6.857515e+01 
-6.906153e+01 
-3.798695e+01 
4.439933e+01 
4.408639e+01 
4.396967e+01 
4.420253e+01 
4.447926e+01 
4.466537e+01 
4.478212e+01 
4.486035e+01 
4.491768e+01 
4.496133e+01 
4.498870e+01 
4.497853e+01 
4.486729e+01 
4.461869e+01 
4.451495e+01 
4.460970e+01 
4.471524e+01 
4.479011e+01 
4.484100e+01 
4.487644e+01 
-4.996793e+00 
-3.307674e+01 
-3.142854e+01 
-5.578492e+00 
3.438130e+01 
7.991164e+01 

-8.884782e+01 
5.430255e+01 
-3.778010e+01 
-6.222903e+01 
-4.033742e+01 
8.243741e-01 
4.486941e+01 
4.481189e+01 
4.472168e+01 
4.458342e+01 
4.440170e+01 
4.426787e+01 
4.433469e+01 
4.456460e+01 
4.480029e+01 
4.497251e+01 
4.504643e+01 
4.498378e+01 
4.486128e+01 
4.480211e+01 
4.480372e+01 
4.482815e+01 
4.485635e+01 
4.488206e+01 
4.490382e+01 
4.492175e+01 
3.871226e+00 
-1.740972e+01 
-2.060246e+01 
-8.226542e+00 
3.432161e+01 
8.112086e+01 

-8.863877e+01 
5.671600e+01 
-4.089979e+01 
-6.124650e+01 
-1.655150e+01 
2.396069e+01 
4.499163e+01 
4.499281e+01 
4.499467e+01 
4.499735e+01 
4.500093e+01 
4.500539e+01 
4.501050e+01 
4.501577e+01 
4.502050e+01 
4.502392e+01 
4.502546e+01 
4.502492e+01 
4.502254e+01 
4.501890e+01 
4.501467e+01 
4.501046e+01 
4.500666e+01 
4.500348e+01 
4.500099e+01 
4.499914e+01 
3.964065e+01 
1.108389e+01 
-1.145989e+01 
-1.117862e+01 
3.566044e+01 
8.159030e+01 

-8.852198e+01 
5.906906e+01 
-4.738668e+01 
-7.668335e+01 
-4.040139e+01 
1.955328e+01 
4.498762e+01 
4.498847e+01 
4.499014e+01 
4.499286e+01 
4.499690e+01 
4.500239e+01 
4.500916e+01 
4.501659e+01 
4.502358e+01 
4.502884e+01 
4.503128e+01 
4.503054e+01 
4.502706e+01 
4.502183e+01 
4.501599e+01 
4.501042e+01 
4.500566e+01 
4.500189e+01 
4.499910e+01 
4.499716e+01 
3.397217e+01 
5.902448e+00 
-1.797254e+01 
-1.271438e+01 
3.850235e+01 
8.209547e+01 

-8.846184e+01 
6.100145e+01 
-5.388287e+01 
-8.847333e+01 
-6.586923e+01 
1.405687e+01 
4.498303e+01 
4.498337e+01 
4.498459e+01 
4.498710e+01 
4.499134e+01 
4.499773e+01 
4.500630e+01 
4.501636e+01 
4.502635e+01 
4.503413e+01 
4.503787e+01 
4.503688e+01 
4.503193e+01 
4.502467e+01 
4.501688e+01 
4.500981e+01 
4.500407e+01 
4.499976e+01 
4.499675e+01 
4.499482e+01 
2.867091e+01 
-2.912356e+00 
-2.788952e+01 
-1.489555e+01 
4.119815e+01 
8.253065e+01 

-8.844780e+01 
6.251300e+01 
-5.973434e+01 
8.335659e+01 
-8.433298e+01 
7.014387e+00 
4.497795e+01 
4.497758e+01 
4.497808e+01 
4.497999e+01 
4.498404e+01 
4.499103e+01 
4.500139e+01 
4.501455e+01 
4.502835e+01 
4.503953e+01 
4.504506e+01 
4.504380e+01 
4.503696e+01 
4.502721e+01 
4.501716e+01 
4.500849e+01 
4.500181e+01 
4.499709e+01 
4.499399e+01 
4.499216e+01 
2.318828e+01 
-1.732590e+01 
-4.164353e+01 
-1.784025e+01 
4.370319e+01 
8.290703e+01 

-8.847099e+01 
6.361520e+01 
-6.428627e+01 
7.798657e+01 
8.462126e+01 
-1.793760e+00 
4.497258e+01 
4.497132e+01 
4.497083e+01 
4.497177e+01 
4.497516e+01 
4.498231e+01 
4.499432e+01 
4.501083e+01 
4.502920e+01 
4.504463e+01 
4.505250e+01 
4.505096e+01 
4.504186e+01 
4.502921e+01 
4.501669e+01 
4.500643e+01 
4.499895e+01 
4.499396e+01 
4.499092e+01 
4.498930e+01 
1.700703e+01 
-3.830822e+01 
-5.801344e+01 
-2.167371e+01 
4.598026e+01 
8.323452e+01 

-8.852450e+01 
6.432733e+01 
-6.699359e+01 
7.466933e+01 
7.831982e+01 
-1.183744e+01 
4.496723e+01 
4.496498e+01 
4.496331e+01 
4.496300e+01 
4.496535e+01 
4.497229e+01 
4.498565e+01 
4.500559e+01 
4.502888e+01 
4.504912e+01 
4.505970e+01 
4.505790e+01 
4.504635e+01 
4.503059e+01 
4.501558e+01 
4.500382e+01 
4.499571e+01 
4.499062e+01 
4.498774e+01 
4.498641e+01 
9.741401e+00 
-6.129240e+01 
-7.381271e+01 
-2.649026e+01 
4.800134e+01 
8.352128e+01 

-8.860342e+01 
6.467253e+01 
-6.744571e+01 
7.292037e+01 
7.491065e+01 
-2.144180e+01 
4.496228e+01 
4.495905e+01 
4.495617e+01 
4.495453e+01 
4.495570e+01 
4.496223e+01 
4.497669e+01 
4.499985e+01 
4.502789e+01 
4.505292e+01 
4.506622e+01 
4.506418e+01 
4.505023e+01 
4.503147e+01 
4.501414e+01 
4.500106e+01 
4.499246e+01 
4.498736e+01 
4.498471e+01 
4.498370e+01 
1.367932e+00 
-7.911247e+01 
-8.636698e+01 
-3.227587e+01 
4.974755e+01 
8.377361e+01 

-8.870461e+01 
6.467433e+01 
-6.535071e+01 
7.249277e+01 
7.346374e+01 
-2.835130e+01 
4.495814e+01 
4.495404e+01 
4.495010e+01 
4.494728e+01 
4.494741e+01 
4.495357e+01 
4.496897e+01 
4.499482e+01 
4.502693e+01 
4.505604e+01 
4.507168e+01 
4.506944e+01 
4.505339e+01 
4.503207e+01 
4.501278e+01 
4.499860e+01 
4.498963e+01 
4.498456e+01 
4.498214e+01 
4.498143e+01 
-7.437704e+00 
8.965874e+01 
8.482964e+01 
-3.879815e+01 
5.120751e+01 
8.399594e+01 

-8.882630e+01 
6.435377e+01 
-6.058026e+01 
7.333880e+01 
7.361563e+01 
-3.090623e+01 
4.495515e+01 
4.495042e+01 
4.494570e+01 
4.494205e+01 
4.494147e+01 
4.494743e+01 
4.496358e+01 
4.499139e+01 
4.502641e+01 
4.505839e+01 
4.507568e+01 
4.507328e+01 
4.505572e+01 
4.503257e+01 
4.501183e+01 
4.499685e+01 
4.498759e+01 
4.498255e+01 
4.498029e+01 
4.497980e+01 
-1.522147e+01 
8.314596e+01 
7.910466e+01 
-4.552980e+01 
5.237454e+01 
8.419120e+01 

-8.896762e+01 
6.372737e+01 
-5.334447e+01 
7.560752e+01 
7.540646e+01 
-2.851561e+01 
4.495360e+01 
4.494853e+01 
4.494342e+01 
4.493936e+01 
4.493847e+01 
4.494438e+01 
4.496097e+01 
4.498979e+01 
4.502626e+01 
4.505968e+01 
4.507781e+01 
4.507535e+01 
4.505707e+01 
4.503299e+01 
4.501149e+01 
4.499606e+01 
4.498660e+01 
4.498154e+01 
4.497936e+01 
4.497896e+01 
-2.030512e+01 
7.972225e+01 
7.569417e+01 
-5.171755e+01 
5.324352e+01 
8.436113e+01 

-8.912823e+01 
6.280617e+01 
-4.440212e+01 
7.969124e+01 
7.931491e+01 
-2.161653e+01 
4.495361e+01 
4.494857e+01 
4.494349e+01 
4.493947e+01 
4.493864e+01 
4.494461e+01 
4.496121e+01 
4.498999e+01 
4.502635e+01 
4.505967e+01 
4.507779e+01 
4.507545e+01 
4.505730e+01 
4.503330e+01 
4.501179e+01 
4.499630e+01 
4.498678e+01 
4.498166e+01 
4.497943e+01 
4.497902e+01 
-2.154580e+01 
7.853182e+01 
7.408076e+01 
-5.661628e+01 
5.380783e+01 
8.450667e+01 

-8.930816e+01 
6.159614e+01 
-3.498196e+01 
8.632129e+01 
8.652485e+01 
-1.179111e+01 
4.495520e+01 
4.495051e+01 
4.494588e+01 
4.494235e+01 
4.494196e+01 
4.494808e+01 
4.496430e+01 
4.499199e+01 
4.502671e+01 
4.505841e+01 
4.507569e+01 
4.507357e+01 
4.505639e+01 
4.503344e+01 
4.501268e+01 
4.499753e+01 
4.498807e+01 
4.498287e+01 
4.498050e+01 
4.497994e+01 
-1.865573e+01 
7.929786e+01 
7.400718e+01 
-5.972774e+01 
5.405718e+01 
8.462816e+01 

-8.950793e+01 
6.009993e+01 
-2.627192e+01 
-8.336560e+01 
-8.053476e+01 
-1.393851e+00 
4.495820e+01 
4.495416e+01 
4.495035e+01 
4.494774e+01 
4.494814e+01 
4.495457e+01 
4.497010e+01 
4.499580e+01 
4.502750e+01 
4.505621e+01 
4.507181e+01 
4.506995e+01 
4.505440e+01 
4.503335e+01 
4.501400e+01 
4.499958e+01 
4.499032e+01 
4.498503e+01 
4.498245e+01 
4.498163e+01 
-1.223346e+01 
8.221793e+01 
7.543846e+01 
-6.088352e+01 
5.397650e+01 
8.472538e+01 

-8.972888e+01 
5.831992e+01 
-1.894020e+01 
-6.823662e+01 
-5.854709e+01 
7.701362e+00 
4.496234e+01 
4.495918e+01 
4.495646e+01 
4.495506e+01 
4.495655e+01 
4.496341e+01 
4.497805e+01 
4.500107e+01 
4.502868e+01 
4.505327e+01 
4.506651e+01 
4.506485e+01 
4.505140e+01 
4.503291e+01 
4.501551e+01 
4.500215e+01 
4.499324e+01 
4.498788e+01 
4.498505e+01 
4.498393e+01 
-3.680161e+00 
8.802804e+01 
7.854266e+01 
-6.019106e+01 
5.354634e+01 
8.479741e+01 

-8.997375e+01 
5.626189e+01 
-1.311059e+01 
-4.899166e+01 
-3.003800e+01 
1.483110e+01 
4.496726e+01 
4.496509e+01 
4.496357e+01 
4.496350e+01 
4.496616e+01 
4.497343e+01 
4.498697e+01 
4.500679e+01 
4.502971e+01 
4.504955e+01 
4.506005e+01 
4.505856e+01 
4.504743e+01 
4.503190e+01 
4.501683e+01 
4.500482e+01 
4.499643e+01 
4.499109e+01 
4.498804e+01 
4.498661e+01 
5.331598e+00 
-8.183978e+01 
8.368366e+01 
-5.794647e+01 
5.274434e+01 
8.484226e+01 

8.975279e+01 
5.393885e+01 
-8.610383e+00 
-2.977726e+01 
-6.807439e+00 
2.016615e+01 
4.497256e+01 
4.497137e+01 
4.497100e+01 
4.497214e+01 
4.497579e+01 
4.498320e+01 
4.499534e+01 
4.501176e+01 
4.502983e+01 
4.504496e+01 
4.505276e+01 
4.505143e+01 
4.504264e+01 
4.503016e+01 
4.501762e+01 
4.500718e+01 
4.499949e+01 
4.499432e+01 
4.499114e+01 
4.498944e+01 
1.367108e+01 
-6.563981e+01 
-8.864001e+01 
-5.456433e+01 
5.154808e+01 
8.485657e+01 

8.944374e+01 
5.137389e+01 
-5.185674e+00 
-1.464419e+01 
7.334983e+00 
2.414060e+01 
4.497786e+01 
4.497754e+01 
4.497813e+01 
4.498018e+01 
4.498440e+01 
4.499155e+01 
4.500198e+01 
4.501505e+01 
4.502863e+01 
4.503961e+01 
4.504509e+01 
4.504395e+01 
4.503733e+01 
4.502771e+01 
4.501767e+01 
4.500892e+01 
4.500212e+01 
4.499728e+01 
4.499409e+01 
4.499221e+01 
2.108134e+01 
-4.422310e+01 
-7.808195e+01 
-5.051581e+01 
4.993868e+01 
8.483531e+01 

8.908957e+01 
4.860155e+01 
-2.603396e+00 
-4.171915e+00 
1.560847e+01 
2.717482e+01 
4.498287e+01 
4.498323e+01 
4.498451e+01 
4.498708e+01 
4.499142e+01 
4.499787e+01 
4.500644e+01 
4.501642e+01 
4.502626e+01 
4.503391e+01 
4.503760e+01 
4.503670e+01 
4.503188e+01 
4.502474e+01 
4.501700e+01 
4.500992e+01 
4.500413e+01 
4.499977e+01 
4.499672e+01 
4.499477e+01 
2.796642e+01 
-2.398673e+01 
-6.513582e+01 
-4.626092e+01 
4.790512e+01 
8.477162e+01 

8.867847e+01 
4.566691e+01 
-6.798013e-01 
2.818322e+00 
2.068890e+01 
2.960928e+01 
4.498740e+01 
4.498824e+01 
4.498992e+01 
4.499266e+01 
4.499672e+01 
4.500220e+01 
4.500893e+01 
4.501627e+01 
4.502316e+01 
4.502833e+01 
4.503075e+01 
4.503006e+01 
4.502667e+01 
4.502154e+01 
4.501577e+01 
4.501025e+01 
4.500550e+01 
4.500172e+01 
4.499893e+01 
4.499700e+01 
3.513306e+01 
-1.027890e+01 
-5.169900e+01 
-4.218472e+01 
4.544869e+01 
8.465690e+01 

8.819685e+01 
4.262260e+01 
7.213459e-01 
7.491569e+00 
2.399608e+01 
3.171377e+01 
4.499135e+01 
4.499250e+01 
4.499434e+01 
4.499699e+01 
4.500055e+01 
4.500496e+01 
4.501001e+01 
4.501519e+01 
4.501983e+01 
4.502320e+01 
4.502472e+01 
4.502421e+01 
4.502190e+01 
4.501835e+01 
4.501420e+01 
4.501005e+01 
4.500630e+01 
4.500316e+01 
4.500070e+01 
4.499889e+01 
4.369633e+01 
-3.386738e+00 
-4.021542e+01 
-3.855996e+01 
4.258689e+01 
8.448118e+01 

8.774408e+01 
4.078642e+01 
1.871833e+00 
-2.588669e+00 
1.575451e+00 
1.274862e+01 
4.490868e+01 
4.488314e+01 
4.484953e+01 
4.480645e+01 
4.475629e+01 
4.471488e+01 
4.472495e+01 
4.482611e+01 
4.495876e+01 
4.501406e+01 
4.495438e+01 
4.479472e+01 
4.461252e+01 
4.453935e+01 
4.459449e+01 
4.469127e+01 
4.477605e+01 
4.483848e+01 
4.488239e+01 
4.491322e+01 
-4.280412e+00 
-4.028551e+01 
-5.265775e+01 
-3.743766e+01 
4.015371e+01 
8.423368e+01 

8.652745e+01 
3.970447e+01 
2.996489e+00 
-1.756387e+01 
-2.257698e+01 
-3.237596e+00 
4.482128e+01 
4.474499e+01 
4.462541e+01 
4.445828e+01 
4.433729e+01 
4.446344e+01 
4.471993e+01 
4.488726e+01 
4.495849e+01 
4.497147e+01 
4.494499e+01 
4.487989e+01 
4.476092e+01 
4.455831e+01 
4.427221e+01 
4.408625e+01 
4.421341e+01 
4.446077e+01 
4.464812e+01 
4.476523e+01 
-3.030186e+01 
-7.106439e+01 
-6.898550e+01 
-3.530125e+01 
3.649959e+01 
8.329129e+01 

8.257826e+01 
3.845841e+01 
7.209274e+00 
-1.104948e+01 
-1.411058e+01 
3.899330e+00 
4.489651e+01 
4.485877e+01 
4.481305e+01 
4.477195e+01 
4.476199e+01 
4.479941e+01 
4.486088e+01 
4.491108e+01 
4.493555e+01 
4.493518e+01 
4.491418e+01 
4.487551e+01 
4.482062e+01 
4.475140e+01 
4.467483e+01 
4.460957e+01 
4.458391e+01 
4.461236e+01 
4.467742e+01 
4.474946e+01 
-3.208437e+01 
-6.224903e+01 
-5.832069e+01 
-2.206527e+01 
3.081893e+01 
7.979586e+01 

7.587458e+01 
3.793186e+01 
2.098132e+01 
2.276351e+01 
3.491853e+01 
4.472316e+01 
4.500579e+01 
4.500157e+01 
4.499604e+01 
4.498925e+01 
4.498143e+01 
4.497310e+01 
4.496498e+01 
4.495794e+01 
4.495273e+01 
4.494969e+01 
4.494859e+01 
4.494874e+01 
4.494939e+01 
4.495017e+01 
4.495111e+01 
4.495242e+01 
4.495429e+01 
4.495673e+01 
4.495961e+01 
4.496272e+01 
1.505582e+01 
-7.321931e+00 
-1.208945e+01 
1.436562e+00 
2.843532e+01 
7.312357e+01 

7.082973e+01 
5.547673e+01 
8.776715e+01 
2.733860e+01 
-4.161760e+01 
3.089847e+01 
4.498597e+01 
4.498496e+01 
4.498427e+01 
4.498386e+01 
4.498370e+01 
4.498371e+01 
4.498384e+01 
4.498403e+01 
4.498423e+01 
4.498444e+01 
4.498463e+01 
4.498481e+01 
4.498499e+01 
4.498521e+01 
4.498550e+01 
4.498593e+01 
4.498654e+01 
4.498738e+01 
4.498849e+01 
4.498986e+01 
3.627124e+01 
5.192658e+00 
7.539181e+01 
5.129620e+01 
4.944464e+01 
6.884612e+01 

6.619207e+01 
8.544167e+01 
-3.254349e+01 
4.858831e+00 
2.968468e+01 
4.161212e+01 
4.499809e+01 
4.499823e+01 
4.499833e+01 
4.499840e+01 
4.499844e+01 
4.499845e+01 
4.499845e+01 
4.499844e+01 
4.499843e+01 
4.499841e+01 
4.499840e+01 
4.499839e+01 
4.499839e+01 
4.499838e+01 
4.499837e+01 
4.499834e+01 
4.499830e+01 
4.499823e+01 
4.499813e+01 
4.499800e+01 
4.164387e+01 
3.004767e+01 
7.273849e+00 
-2.242802e+01 
8.007490e+01 
6.366858e+01 

