4.190569e+02 
1.540770e+03 
2.840028e+03 
3.406408e+03 
3.376357e+03 
3.305929e+03 
3.271571e+03 
3.242892e+03 
3.221157e+03 
3.205593e+03 
3.195154e+03 
3.188698e+03 
3.185151e+03 
3.183624e+03 
3.183470e+03 
3.184290e+03 
3.185901e+03 
3.188324e+03 
3.191800e+03 
3.196821e+03 
3.204163e+03 
3.214862e+03 
3.230124e+03 
3.251157e+03 
3.278968e+03 
3.314154e+03 
3.341325e+03 
3.365912e+03 
3.280341e+03 
2.629510e+03 
1.428916e+03 
3.895773e+02 

3.259553e+01 
2.977796e+02 
6.473868e+03 
1.880601e+04 
2.697119e+04 
2.925562e+04 
2.940806e+04 
2.920162e+04 
2.882032e+04 
2.832801e+04 
2.778115e+04 
2.722337e+04 
2.668346e+04 
2.617660e+04 
2.570754e+04 
2.527447e+04 
2.487204e+04 
2.449265e+04 
2.412585e+04 
2.375631e+04 
2.336208e+04 
2.291451e+04 
2.238089e+04 
2.172994e+04 
2.093873e+04 
1.999875e+04 
1.902213e+04 
1.669232e+04 
1.153949e+04 
4.489337e+03 
3.653149e+02 
2.200223e+01 

4.118915e+01 
3.302626e+01 
6.928381e+03 
4.722327e+04 
1.065959e+05 
1.448978e+05 
1.771664e+05 
2.335865e+05 
3.018445e+05 
3.795943e+05 
4.607936e+05 
5.347932e+05 
5.871045e+05 
6.036131e+05 
5.778284e+05 
5.158622e+05 
4.334801e+05 
3.475870e+05 
2.697680e+05 
2.051236e+05 
1.542228e+05 
1.154109e+05 
8.635003e+04 
6.478525e+04 
4.882952e+04 
3.701069e+04 
3.509627e+04 
3.438012e+04 
1.849488e+04 
2.932024e+03 
2.315547e+01 
6.341755e+01 

1.122833e+02 
6.340039e+01 
6.630206e+03 
3.370921e+04 
5.473319e+04 
7.313570e+04 
9.452844e+04 
1.164009e+05 
1.252768e+05 
1.247366e+05 
1.211896e+05 
1.187164e+05 
1.192304e+05 
1.237725e+05 
1.333287e+05 
1.491455e+05 
1.723724e+05 
2.017839e+05 
2.271586e+05 
2.241739e+05 
1.796686e+05 
1.203594e+05 
7.404986e+04 
4.484293e+04 
2.751520e+04 
1.722243e+04 
2.064717e+04 
2.507575e+04 
1.112252e+04 
6.236365e+02 
1.536005e+02 
1.428579e+02 

1.155425e+02 
2.413150e+01 
3.311365e+03 
1.533152e+04 
2.682290e+04 
2.957192e+04 
2.981176e+04 
6.192861e+04 
9.280574e+04 
9.450073e+04 
8.165100e+04 
7.086818e+04 
6.515376e+04 
6.413685e+04 
6.779623e+04 
7.732021e+04 
9.588240e+04 
1.294951e+05 
1.804002e+05 
2.011725e+05 
1.315090e+05 
6.303928e+04 
2.982613e+04 
1.498564e+04 
7.944125e+03 
4.355820e+03 
7.081041e+03 
1.032721e+04 
3.752231e+03 
7.462266e+01 
6.551030e+01 
1.262188e+02 

1.042095e+02 
5.854526e+01 
4.381813e+02 
2.552960e+03 
6.638624e+03 
2.769728e+03 
1.623510e+03 
3.353169e+03 
7.096267e+03 
1.524252e+04 
3.180822e+04 
5.818463e+04 
8.394731e+04 
9.872609e+04 
1.075034e+05 
1.164659e+05 
1.211530e+05 
1.047341e+05 
6.729021e+04 
3.537760e+04 
1.768774e+04 
9.013583e+03 
4.752789e+03 
2.584386e+03 
1.438376e+03 
8.135430e+02 
1.290555e+03 
2.015368e+03 
7.027272e+02 
6.379979e+01 
6.115424e+01 
1.061800e+02 

1.000078e+02 
9.996767e+01 
1.001203e+02 
9.958442e+01 
1.006615e+02 
1.007066e+02 
1.004395e+02 
1.006941e+02 
1.010275e+02 
1.014496e+02 
1.019603e+02 
1.025409e+02 
1.031474e+02 
1.037103e+02 
1.041451e+02 
1.043749e+02 
1.043551e+02 
1.040896e+02 
1.036290e+02 
1.030530e+02 
1.024445e+02 
1.018700e+02 
1.013696e+02 
1.009591e+02 
1.006368e+02 
1.003920e+02 
1.005717e+02 
1.007576e+02 
1.003275e+02 
9.995494e+01 
9.997420e+01 
1.000091e+02 

1.000080e+02 
9.997036e+01 
1.000948e+02 
9.926214e+01 
9.965165e+01 
1.006743e+02 
1.002765e+02 
1.005281e+02 
1.008747e+02 
1.013363e+02 
1.019233e+02 
1.026231e+02 
1.033862e+02 
1.041197e+02 
1.047003e+02 
1.050096e+02 
1.049777e+02 
1.046118e+02 
1.039931e+02 
1.032436e+02 
1.024827e+02 
1.017966e+02 
1.012280e+02 
1.007849e+02 
1.004548e+02 
1.002171e+02 
1.004639e+02 
1.007070e+02 
1.002509e+02 
9.993312e+01 
9.997846e+01 
1.000090e+02 

1.000080e+02 
9.997366e+01 
1.000580e+02 
9.910416e+01 
9.847182e+01 
1.005834e+02 
1.000488e+02 
1.002734e+02 
1.006041e+02 
1.010726e+02 
1.017045e+02 
1.025012e+02 
1.034144e+02 
1.043284e+02 
1.050719e+02 
1.054702e+02 
1.054194e+02 
1.049329e+02 
1.041346e+02 
1.032035e+02 
1.023018e+02 
1.015314e+02 
1.009297e+02 
1.004891e+02 
1.001818e+02 
9.997588e+01 
1.002921e+02 
1.005440e+02 
1.001031e+02 
9.990887e+01 
9.998264e+01 
1.000089e+02 

1.000080e+02 
9.997732e+01 
1.000154e+02 
9.905959e+01 
9.803914e+01 
1.003912e+02 
9.975485e+01 
9.992231e+01 
1.001956e+02 
1.006169e+02 
1.012285e+02 
1.020511e+02 
1.030457e+02 
1.040793e+02 
1.049379e+02 
1.053980e+02 
1.053219e+02 
1.047322e+02 
1.037983e+02 
1.027487e+02 
1.017799e+02 
1.010014e+02 
1.004351e+02 
1.000529e+02 
9.981084e+01 
9.966753e+01 
1.000423e+02 
1.001408e+02 
9.986269e+01 
9.988229e+01 
9.998654e+01 
1.000088e+02 

1.000080e+02 
9.998109e+01 
9.997336e+01 
9.906672e+01 
9.804811e+01 
1.000477e+02 
9.940316e+01 
9.948085e+01 
9.964837e+01 
9.995201e+01 
1.004454e+02 
1.011668e+02 
1.020909e+02 
1.030924e+02 
1.039432e+02 
1.043893e+02 
1.042856e+02 
1.036645e+02 
1.027174e+02 
1.017027e+02 
1.008206e+02 
1.001626e+02 
9.973054e+01 
9.947752e+01 
9.934914e+01 
9.930108e+01 
9.970587e+01 
9.942335e+01 
9.957896e+01 
9.985389e+01 
9.998997e+01 
1.000086e+02 

1.000079e+02 
9.998474e+01 
9.993532e+01 
9.909275e+01 
9.815388e+01 
9.955048e+01 
9.901349e+01 
9.897331e+01 
9.899016e+01 
9.910555e+01 
9.937377e+01 
9.983998e+01 
1.005023e+02 
1.012561e+02 
1.019021e+02 
1.022279e+02 
1.021019e+02 
1.015643e+02 
1.008031e+02 
1.000366e+02 
9.942890e+01 
9.904136e+01 
9.884795e+01 
9.879298e+01 
9.882226e+01 
9.889706e+01 
9.928996e+01 
9.878139e+01 
9.936780e+01 
9.982506e+01 
9.999281e+01 
1.000085e+02 

1.000078e+02 
9.998813e+01 
9.990093e+01 
9.912401e+01 
9.825759e+01 
9.900814e+01 
9.861627e+01 
9.844197e+01 
9.827964e+01 
9.815863e+01 
9.812300e+01 
9.821996e+01 
9.846435e+01 
9.880552e+01 
9.911611e+01 
9.924073e+01 
9.910204e+01 
9.874426e+01 
9.830574e+01 
9.794853e+01 
9.776306e+01 
9.775270e+01 
9.787131e+01 
9.805959e+01 
9.827346e+01 
9.848654e+01 
9.883432e+01 
9.855344e+01 
9.926687e+01 
9.979866e+01 
9.999499e+01 
1.000083e+02 

1.000078e+02 
9.999113e+01 
9.986718e+01 
9.915477e+01 
9.834453e+01 
9.857021e+01 
9.824867e+01 
9.794116e+01 
9.759680e+01 
9.723013e+01 
9.687235e+01 
9.656884e+01 
9.635908e+01 
9.624334e+01 
9.617195e+01 
9.608121e+01 
9.593966e+01 
9.579003e+01 
9.572551e+01 
9.581895e+01 
9.608486e+01 
9.647607e+01 
9.692004e+01 
9.735793e+01 
9.775761e+01 
9.810716e+01 
9.841604e+01 
9.851324e+01 
9.922586e+01 
9.977913e+01 
9.999649e+01 
1.000082e+02 

1.000077e+02 
9.999367e+01 
9.983142e+01 
9.918149e+01 
9.841569e+01 
9.828007e+01 
9.794853e+01 
9.752712e+01 
9.702543e+01 
9.644518e+01 
9.580779e+01 
9.515968e+01 
9.456220e+01 
9.406587e+01 
9.368850e+01 
9.342531e+01 
9.328437e+01 
9.330685e+01 
9.354385e+01 
9.401129e+01 
9.465994e+01 
9.539372e+01 
9.611801e+01 
9.677159e+01 
9.733118e+01 
9.779706e+01 
9.811097e+01 
9.847731e+01 
9.919981e+01 
9.977115e+01 
9.999732e+01 
1.000081e+02 

1.000077e+02 
9.999571e+01 
9.979523e+01 
9.920008e+01 
9.846815e+01 
9.808940e+01 
9.774773e+01 
9.724739e+01 
9.663562e+01 
9.590503e+01 
9.507062e+01 
9.418079e+01 
9.331334e+01 
9.255176e+01 
9.195900e+01 
9.157555e+01 
9.143519e+01 
9.157744e+01 
9.202651e+01 
9.275452e+01 
9.366933e+01 
9.464329e+01 
9.556497e+01 
9.637035e+01 
9.704183e+01 
9.758845e+01 
9.794272e+01 
9.840800e+01 
9.917136e+01 
9.977704e+01 
9.999749e+01 
1.000080e+02 

1.000077e+02 
9.999720e+01 
9.976652e+01 
9.920504e+01 
9.848764e+01 
9.797549e+01 
9.766688e+01 
9.713260e+01 
9.647199e+01 
9.567193e+01 
9.474172e+01 
9.372718e+01 
9.271161e+01 
9.179621e+01 
9.107308e+01 
9.061390e+01 
9.047247e+01 
9.068801e+01 
9.126467e+01 
9.214413e+01 
9.320586e+01 
9.430455e+01 
9.532289e+01 
9.619895e+01 
9.692055e+01 
9.750225e+01 
9.790032e+01 
9.831165e+01 
9.913797e+01 
9.979540e+01 
9.999703e+01 
1.000080e+02 

1.000077e+02 
9.999813e+01 
9.975463e+01 
9.919122e+01 
9.844580e+01 
9.799554e+01 
9.771197e+01 
9.719193e+01 
9.654833e+01 
9.576598e+01 
9.484886e+01 
9.383455e+01 
9.279936e+01 
9.184641e+01 
9.108012e+01 
9.059028e+01 
9.044677e+01 
9.068967e+01 
9.130790e+01 
9.222497e+01 
9.330739e+01 
9.440698e+01 
9.541310e+01 
9.627210e+01 
9.697714e+01 
9.754495e+01 
9.799057e+01 
9.819935e+01 
9.910259e+01 
9.982281e+01 
9.999598e+01 
1.000080e+02 

1.000078e+02 
9.999845e+01 
9.976181e+01 
9.916461e+01 
9.832662e+01 
9.820421e+01 
9.787375e+01 
9.741208e+01 
9.684639e+01 
9.616429e+01 
9.536800e+01 
9.448604e+01 
9.357957e+01 
9.273185e+01 
9.203486e+01 
9.157942e+01 
9.143503e+01 
9.164240e+01 
9.219242e+01 
9.300677e+01 
9.396229e+01 
9.493017e+01 
9.581502e+01 
9.657287e+01 
9.719908e+01 
9.770774e+01 
9.823346e+01 
9.808187e+01 
9.907070e+01 
9.985615e+01 
9.999437e+01 
1.000080e+02 

1.000079e+02 
9.999815e+01 
9.978242e+01 
9.917275e+01 
9.830954e+01 
9.855493e+01 
9.812950e+01 
9.775969e+01 
9.731814e+01 
9.680046e+01 
9.621302e+01 
9.557991e+01 
9.494075e+01 
9.434897e+01 
9.385766e+01 
9.351439e+01 
9.337320e+01 
9.347557e+01 
9.382622e+01 
9.438800e+01 
9.507627e+01 
9.579242e+01 
9.646462e+01 
9.705445e+01 
9.755357e+01 
9.796817e+01 
9.860298e+01 
9.798369e+01 
9.905141e+01 
9.989326e+01 
9.999223e+01 
1.000081e+02 

1.000080e+02 
9.999718e+01 
9.980916e+01 
9.931123e+01 
9.885735e+01 
9.894927e+01 
9.844725e+01 
9.818736e+01 
9.789371e+01 
9.757233e+01 
9.723784e+01 
9.691174e+01 
9.661775e+01 
9.636404e+01 
9.614672e+01 
9.596734e+01 
9.583849e+01 
9.579770e+01 
9.588664e+01 
9.611288e+01 
9.645045e+01 
9.685057e+01 
9.726089e+01 
9.764734e+01 
9.799333e+01 
9.829424e+01 
9.900936e+01 
9.799263e+01 
9.906169e+01 
9.993206e+01 
9.998963e+01 
1.000081e+02 

1.000081e+02 
9.999556e+01 
9.983710e+01 
9.957594e+01 
9.959348e+01 
9.931686e+01 
9.879163e+01 
9.864296e+01 
9.849585e+01 
9.836483e+01 
9.827015e+01 
9.823174e+01 
9.825382e+01 
9.831437e+01 
9.836214e+01 
9.834085e+01 
9.823292e+01 
9.806907e+01 
9.791183e+01 
9.782419e+01 
9.783378e+01 
9.793086e+01 
9.808756e+01 
9.827339e+01 
9.846553e+01 
9.865012e+01 
9.936719e+01 
9.834567e+01 
9.913237e+01 
9.996979e+01 
9.998666e+01 
1.000082e+02 

1.000082e+02 
9.999332e+01 
9.986387e+01 
9.982462e+01 
1.000229e+02 
9.962693e+01 
9.913003e+01 
9.907968e+01 
9.905704e+01 
9.907996e+01 
9.916829e+01 
9.933522e+01 
9.957176e+01 
9.983245e+01 
1.000422e+02 
1.001258e+02 
1.000439e+02 
9.981829e+01 
9.952017e+01 
9.923147e+01 
9.901220e+01 
9.888540e+01 
9.884300e+01 
9.886287e+01 
9.892202e+01 
9.900233e+01 
9.964565e+01 
9.921537e+01 
9.930462e+01 
1.000032e+02 
9.998346e+01 
1.000083e+02 

1.000083e+02 
9.999051e+01 
9.988861e+01 
9.999150e+01 
1.002386e+02 
9.987221e+01 
9.943736e+01 
9.946369e+01 
9.953214e+01 
9.965878e+01 
9.985776e+01 
1.001326e+02 
1.004641e+02 
1.008021e+02 
1.010716e+02 
1.011976e+02 
1.011399e+02 
1.009122e+02 
1.005756e+02 
1.002101e+02 
9.988315e+01 
9.963169e+01 
9.946345e+01 
9.936777e+01 
9.932722e+01 
9.932471e+01 
9.985196e+01 
1.000617e+02 
9.958792e+01 
1.000294e+02 
9.998021e+01 
1.000083e+02 

1.000084e+02 
9.998729e+01 
9.991112e+01 
1.000934e+02 
1.003526e+02 
1.000563e+02 
9.969831e+01 
9.977704e+01 
9.990193e+01 
1.000844e+02 
1.003312e+02 
1.006375e+02 
1.009790e+02 
1.013092e+02 
1.015661e+02 
1.016912e+02 
1.016525e+02 
1.014576e+02 
1.011512e+02 
1.007960e+02 
1.004510e+02 
1.001559e+02 
9.992777e+01 
9.976620e+01 
9.966149e+01 
9.960087e+01 
1.000027e+02 
1.004313e+02 
9.990030e+01 
1.000474e+02 
9.997713e+01 
1.000083e+02 

1.000085e+02 
9.998382e+01 
9.993145e+01 
1.001555e+02 
1.004137e+02 
1.001875e+02 
9.990696e+01 
1.000160e+02 
1.001682e+02 
1.003700e+02 
1.006220e+02 
1.009146e+02 
1.012237e+02 
1.015106e+02 
1.017287e+02 
1.018364e+02 
1.018104e+02 
1.016553e+02 
1.014012e+02 
1.010933e+02 
1.007773e+02 
1.004884e+02 
1.002466e+02 
1.000581e+02 
9.991978e+01 
9.982400e+01 
1.001119e+02 
1.005084e+02 
1.001262e+02 
1.000575e+02 
9.997443e+01 
1.000083e+02 

1.059164e+02 
7.073037e+01 
4.452566e+01 
4.219608e+02 
1.178038e+03 
5.290814e+02 
1.261929e+02 
2.819756e+02 
6.191870e+02 
1.344865e+03 
2.891556e+03 
6.034214e+03 
1.148891e+04 
1.808382e+04 
2.253922e+04 
2.389764e+04 
2.342844e+04 
2.130750e+04 
1.659369e+04 
1.022674e+04 
5.150680e+03 
2.331547e+03 
1.007398e+03 
4.211365e+02 
1.681200e+02 
6.249738e+01 
3.539814e+02 
1.535719e+03 
1.023783e+03 
2.078740e+02 
6.350773e+01 
1.050311e+02 

1.251235e+02 
9.980356e+01 
9.053458e+01 
2.650856e+03 
7.589930e+03 
4.145204e+03 
1.243153e+03 
2.988481e+03 
6.984352e+03 
1.571443e+04 
3.015288e+04 
4.005948e+04 
3.767796e+04 
3.157624e+04 
2.696663e+04 
2.437134e+04 
2.345145e+04 
2.400025e+04 
2.597328e+04 
2.902130e+04 
3.076150e+04 
2.557647e+04 
1.454524e+04 
6.372833e+03 
2.493279e+03 
8.919442e+02 
2.908337e+03 
5.222608e+03 
4.332059e+03 
1.156981e+03 
4.875140e+01 
1.202754e+02 

1.446774e+02 
2.284517e+02 
3.956375e+02 
8.600322e+03 
2.047140e+04 
1.617495e+04 
1.146785e+04 
1.937772e+04 
3.216550e+04 
5.047575e+04 
7.045041e+04 
8.344768e+04 
8.529141e+04 
8.023573e+04 
7.367793e+04 
6.825747e+04 
6.467212e+04 
6.283345e+04 
6.230855e+04 
6.226700e+04 
6.118783e+04 
5.686185e+04 
4.776823e+04 
3.535030e+04 
2.333146e+04 
1.424092e+04 
1.531748e+04 
1.475169e+04 
9.841388e+03 
2.213765e+03 
1.403438e+02 
1.286503e+02 

7.674468e+01 
6.694606e+01 
2.191112e+03 
1.596647e+04 
3.065855e+04 
3.023563e+04 
3.067767e+04 
4.054448e+04 
5.357998e+04 
7.058316e+04 
9.228593e+04 
1.190564e+05 
1.504126e+05 
1.844166e+05 
2.172513e+05 
2.435338e+05 
2.578034e+05 
2.567751e+05 
2.409141e+05 
2.140897e+05 
1.816686e+05 
1.485228e+05 
1.179812e+05 
9.173969e+04 
7.026235e+04 
5.327287e+04 
4.874116e+04 
4.345138e+04 
2.129492e+04 
3.163944e+03 
1.072844e+02 
6.417245e+01 

1.453279e+01 
2.522668e+02 
3.899638e+03 
1.004369e+04 
1.390375e+04 
1.541199e+04 
1.607258e+04 
1.675635e+04 
1.733426e+04 
1.781604e+04 
1.821976e+04 
1.856757e+04 
1.888142e+04 
1.918002e+04 
1.947748e+04 
1.978370e+04 
2.010542e+04 
2.044709e+04 
2.081052e+04 
2.119320e+04 
2.158550e+04 
2.196774e+04 
2.230854e+04 
2.256537e+04 
2.268841e+04 
2.262749e+04 
2.218508e+04 
1.990312e+04 
1.342049e+04 
4.457301e+03 
1.596430e+02 
1.540563e+01 

3.784655e+02 
1.343056e+03 
2.448897e+03 
3.016080e+03 
3.096030e+03 
3.078602e+03 
3.056362e+03 
3.026938e+03 
3.003292e+03 
2.985062e+03 
2.971571e+03 
2.961978e+03 
2.955426e+03 
2.951169e+03 
2.948636e+03 
2.947458e+03 
2.947453e+03 
2.948614e+03 
2.951115e+03 
2.955330e+03 
2.961849e+03 
2.971468e+03 
2.985125e+03 
3.003788e+03 
3.028312e+03 
3.059286e+03 
3.089686e+03 
3.141537e+03 
3.141404e+03 
2.596003e+03 
1.407170e+03 
3.878349e+02 

