6.779290e+01
6.796057e+01
7.142786e+01
7.750160e+01
8.042916e+01
8.109322e+01
8.120366e+01
8.124132e+01
8.123414e+01
8.119638e+01
8.113903e+01
8.106910e+01
8.098979e+01
8.090141e+01
8.080266e+01
8.069196e+01
8.056849e+01
8.043272e+01
8.028627e+01
8.013115e+01
7.996845e+01
7.979685e+01
7.961119e+01
7.940175e+01
7.915432e+01
7.885133e+01
7.854561e+01
7.761780e+01
7.439268e+01
6.883666e+01
6.564445e+01
6.583713e+01

-7.735912e+01
3.864715e+01
2.384026e+01
3.125263e+01
3.952074e+01
4.407842e+01
4.629702e+01
4.824743e+01
4.985566e+01
5.111823e+01
5.204613e+01
5.266178e+01
5.299435e+01
5.307441e+01
5.292897e+01
5.257743e+01
5.202931e+01
5.128359e+01
5.033005e+01
4.915253e+01
4.773397e+01
4.606253e+01
4.413757e+01
4.197370e+01
3.960179e+01
3.706618e+01
3.540903e+01
3.385355e+01
3.093614e+01
2.917294e+01
4.914573e+01
-7.784160e+01

-5.304799e+01
-8.861633e+01
-4.673988e+00
-2.068512e+01
-2.819573e+01
-2.844030e+01
-2.834099e+01
-3.043707e+01
-3.230840e+01
-3.366616e+01
-3.420746e+01
-3.368252e+01
-3.198120e+01
-2.920661e+01
-2.568095e+01
-2.184911e+01
-1.812402e+01
-1.477406e+01
-1.190629e+01
-9.515706e+00
-7.546128e+00
-5.932419e+00
-4.620720e+00
-3.573780e+00
-2.768988e+00
-2.194049e+00
-2.179916e+00
-2.497073e+00
7.966687e-01
1.442412e+01
3.800366e+00
-5.614398e+01

-5.568179e+00
8.461642e+01
-2.463309e+01
-6.157750e+01
-6.757022e+01
-5.564195e+01
-5.136001e+01
-6.560770e+01
-7.826677e+01
-8.814772e+01
8.479407e+01
8.013742e+01
7.747360e+01
7.657060e+01
7.741161e+01
8.022139e+01
8.551405e+01
-8.588890e+01
-7.314455e+01
-5.654374e+01
-3.886962e+01
-2.374495e+01
-1.256958e+01
-4.795380e+00
5.423131e-01
4.197103e+00
-5.248976e+00
-2.023901e+01
-1.505186e+01
1.521023e+01
6.400124e+01
-5.509243e+00

2.402052e+01
-4.540413e+01
-3.159069e+01
-7.799112e+01
-7.461543e+01
-3.629776e+01
-1.031973e+01
-2.975028e+01
-5.478346e+01
-7.694703e+01
8.845938e+01
7.985618e+01
7.504145e+01
7.275735e+01
7.248951e+01
7.427460e+01
7.876386e+01
8.763689e+01
-7.572719e+01
-4.860533e+01
-1.978818e+01
-6.155317e-01
1.025664e+01
1.659374e+01
2.050209e+01
2.301387e+01
2.714085e+00
-2.410079e+01
-1.979322e+01
1.746791e+01
-6.247316e+01
2.469660e+01

4.011636e+01
3.088110e+01
-1.223506e+01
-6.857298e+01
-5.047222e+01
-5.459470e-01
2.482281e+01
2.003278e+01
1.385129e+01
5.170791e+00
-7.289164e+00
-2.370970e+01
-4.079977e+01
-5.329411e+01
-5.856580e+01
-5.612443e+01
-4.557900e+01
-2.807480e+01
-9.254582e+00
5.253467e+00
1.481516e+01
2.098531e+01
2.513097e+01
2.812089e+01
3.049925e+01
3.264264e+01
1.486575e+01
-4.528814e+00
8.763091e-02
3.462178e+01
2.280602e+01
4.031232e+01

4.499673e+01
4.498591e+01
4.490443e+01
4.463492e+01
4.440534e+01
4.488135e+01
4.499230e+01
4.498756e+01
4.498173e+01
4.497471e+01
4.496657e+01
4.495765e+01
4.494862e+01
4.494044e+01
4.493422e+01
4.493092e+01
4.493110e+01
4.493470e+01
4.494111e+01
4.494933e+01
4.495827e+01
4.496701e+01
4.497494e+01
4.498175e+01
4.498741e+01
4.499201e+01
4.493344e+01
4.486173e+01
4.491104e+01
4.498483e+01
4.498048e+01
4.499701e+01

4.499693e+01
4.498434e+01
4.489359e+01
4.467997e+01
4.423441e+01
4.484163e+01
4.499459e+01
4.498987e+01
4.498386e+01
4.497635e+01
4.496731e+01
4.495705e+01
4.494631e+01
4.493633e+01
4.492861e+01
4.492449e+01
4.492476e+01
4.492935e+01
4.493734e+01
4.494735e+01
4.495792e+01
4.496792e+01
4.497666e+01
4.498390e+01
4.498969e+01
4.499423e+01
4.492037e+01
4.480732e+01
4.487806e+01
4.497861e+01
4.497951e+01
4.499717e+01

4.499710e+01
4.498299e+01
4.488666e+01
4.474353e+01
4.434491e+01
4.478946e+01
4.499772e+01
4.499335e+01
4.498752e+01
4.497988e+01
4.497025e+01
4.495880e+01
4.494631e+01
4.493431e+01
4.492480e+01
4.491971e+01
4.492013e+01
4.492593e+01
4.493581e+01
4.494781e+01
4.496002e+01
4.497106e+01
4.498028e+01
4.498757e+01
4.499312e+01
4.499730e+01
4.490621e+01
4.472936e+01
4.484111e+01
4.497174e+01
4.497879e+01
4.499730e+01

4.499724e+01
4.498188e+01
4.488514e+01
4.479678e+01
4.457697e+01
4.472741e+01
4.500167e+01
4.499804e+01
4.499289e+01
4.498571e+01
4.497612e+01
4.496409e+01
4.495033e+01
4.493664e+01
4.492555e+01
4.491956e+01
4.492016e+01
4.492714e+01
4.493872e+01
4.495235e+01
4.496566e+01
4.497712e+01
4.498617e+01
4.499291e+01
4.499775e+01
4.500115e+01
4.489283e+01
4.463974e+01
4.481527e+01
4.496453e+01
4.497831e+01
4.499740e+01

4.499735e+01
4.498100e+01
4.488913e+01
4.483488e+01
4.473755e+01
4.467052e+01
4.500630e+01
4.500384e+01
4.499993e+01
4.499398e+01
4.498541e+01
4.497395e+01
4.496017e+01
4.494587e+01
4.493396e+01
4.492751e+01
4.492826e+01
4.493596e+01
4.494842e+01
4.496257e+01
4.497575e+01
4.498648e+01
4.499441e+01
4.499986e+01
4.500343e+01
4.500566e+01
4.488446e+01
4.461479e+01
4.482262e+01
4.495742e+01
4.497802e+01
4.499747e+01

4.499744e+01
4.498033e+01
4.489756e+01
4.486165e+01
4.482867e+01
4.465105e+01
4.501133e+01
4.501040e+01
4.500828e+01
4.500436e+01
4.499794e+01
4.498855e+01
4.497645e+01
4.496333e+01
4.495209e+01
4.494588e+01
4.494669e+01
4.495419e+01
4.496598e+01
4.497889e+01
4.499029e+01
4.499889e+01
4.500463e+01
4.500806e+01
4.500984e+01
4.501056e+01
4.488829e+01
4.472660e+01
4.486029e+01
4.495105e+01
4.497789e+01
4.499751e+01

4.499750e+01
4.497984e+01
4.490875e+01
4.488148e+01
4.488216e+01
4.469760e+01
4.501637e+01
4.501719e+01
4.501721e+01
4.501590e+01
4.501254e+01
4.500650e+01
4.499775e+01
4.498747e+01
4.497818e+01
4.497294e+01
4.497364e+01
4.497999e+01
4.498972e+01
4.499976e+01
4.500786e+01
4.501316e+01
4.501590e+01
4.501677e+01
4.501646e+01
4.501546e+01
4.491200e+01
4.486336e+01
4.489870e+01
4.494600e+01
4.497787e+01
4.499754e+01

4.499755e+01
4.497948e+01
4.492081e+01
4.489754e+01
4.491730e+01
4.479893e+01
4.502096e+01
4.502351e+01
4.502574e+01
4.502719e+01
4.502724e+01
4.502512e+01
4.502047e+01
4.501392e+01
4.500742e+01
4.500352e+01
4.500400e+01
4.500865e+01
4.501541e+01
4.502174e+01
4.502587e+01
4.502740e+01
4.502687e+01
4.502506e+01
4.502261e+01
4.501991e+01
4.495452e+01
4.493928e+01
4.492088e+01
4.494248e+01
4.497793e+01
4.499755e+01

4.499758e+01
4.497923e+01
4.493152e+01
4.491167e+01
4.494384e+01
4.491220e+01
4.502463e+01
4.502866e+01
4.503279e+01
4.503669e+01
4.503979e+01
4.504126e+01
4.504043e+01
4.503741e+01
4.503353e+01
4.503092e+01
4.503117e+01
4.503415e+01
4.503814e+01
4.504098e+01
4.504143e+01
4.503954e+01
4.503609e+01
4.503192e+01
4.502762e+01
4.502348e+01
4.499725e+01
4.496715e+01
4.492743e+01
4.493989e+01
4.497804e+01
4.499756e+01

4.499761e+01
4.497903e+01
4.493857e+01
4.492433e+01
4.496597e+01
4.499764e+01
4.502698e+01
4.503202e+01
4.503746e+01
4.504308e+01
4.504836e+01
4.505244e+01
4.505445e+01
4.505413e+01
4.505236e+01
4.505084e+01
4.505095e+01
4.505262e+01
4.505440e+01
4.505457e+01
4.505228e+01
4.504788e+01
4.504232e+01
4.503649e+01
4.503091e+01
4.502578e+01
4.501356e+01
4.496872e+01
4.492326e+01
4.493697e+01
4.497817e+01
4.499755e+01

4.499763e+01
4.497888e+01
4.494076e+01
4.493426e+01
4.498315e+01
4.502934e+01
4.502777e+01
4.503320e+01
4.503917e+01
4.504553e+01
4.505182e+01
4.505722e+01
4.506082e+01
4.506218e+01
4.506187e+01
4.506119e+01
4.506130e+01
4.506213e+01
4.506248e+01
4.506097e+01
4.505710e+01
4.505137e+01
4.504480e+01
4.503822e+01
4.503210e+01
4.502658e+01
4.498934e+01
4.495433e+01
4.491198e+01
4.493268e+01
4.497832e+01
4.499754e+01

4.499765e+01
4.497874e+01
4.493947e+01
4.493731e+01
4.498639e+01
4.500417e+01
4.502695e+01
4.503211e+01
4.503778e+01
4.504382e+01
4.504985e+01
4.505515e+01
4.505893e+01
4.506079e+01
4.506113e+01
4.506099e+01
4.506123e+01
4.506176e+01
4.506155e+01
4.505955e+01
4.505540e+01
4.504969e+01
4.504329e+01
4.503698e+01
4.503112e+01
4.502582e+01
4.493071e+01
4.492572e+01
4.489517e+01
4.492692e+01
4.497850e+01
4.499753e+01

4.499766e+01
4.497863e+01
4.493786e+01
4.492487e+01
4.494539e+01
4.495158e+01
4.502466e+01
4.502898e+01
4.503359e+01
4.503836e+01
4.504293e+01
4.504672e+01
4.504918e+01
4.505013e+01
4.505007e+01
4.504993e+01
4.505039e+01
4.505128e+01
4.505164e+01
4.505051e+01
4.504757e+01
4.504320e+01
4.503814e+01
4.503301e+01
4.502813e+01
4.502364e+01
4.486164e+01
4.487777e+01
4.487268e+01
4.492061e+01
4.497872e+01
4.499751e+01

4.499767e+01
4.497854e+01
4.493824e+01
4.488702e+01
4.480578e+01
4.490783e+01
4.502120e+01
4.502426e+01
4.502730e+01
4.503011e+01
4.503236e+01
4.503358e+01
4.503350e+01
4.503228e+01
4.503072e+01
4.502995e+01
4.503063e+01
4.503248e+01
4.503449e+01
4.503552e+01
4.503500e+01
4.503307e+01
4.503022e+01
4.502696e+01
4.502360e+01
4.502033e+01
4.481344e+01
4.479734e+01
4.484299e+01
4.491516e+01
4.497901e+01
4.499748e+01

4.499766e+01
4.497849e+01
4.494110e+01
4.483503e+01
4.464708e+01
4.488636e+01
4.501701e+01
4.501860e+01
4.501983e+01
4.502044e+01
4.502005e+01
4.501836e+01
4.501532e+01
4.501151e+01
4.500810e+01
4.500639e+01
4.500716e+01
4.501012e+01
4.501409e+01
4.501773e+01
4.502014e+01
4.502108e+01
4.502081e+01
4.501970e+01
4.501812e+01
4.501628e+01
4.480235e+01
4.466472e+01
4.480404e+01
4.491192e+01
4.497940e+01
4.499744e+01

4.499764e+01
4.497851e+01
4.494589e+01
4.481095e+01
4.464980e+01
4.488292e+01
4.501252e+01
4.501268e+01
4.501219e+01
4.501075e+01
4.500804e+01
4.500387e+01
4.499845e+01
4.499258e+01
4.498766e+01
4.498517e+01
4.498590e+01
4.498958e+01
4.499506e+01
4.500081e+01
4.500569e+01
4.500917e+01
4.501126e+01
4.501220e+01
4.501234e+01
4.501192e+01
4.482033e+01
4.448744e+01
4.475592e+01
4.491181e+01
4.497992e+01
4.499738e+01

4.499761e+01
4.497864e+01
4.495179e+01
4.482607e+01
4.472385e+01
4.488978e+01
4.500815e+01
4.500708e+01
4.500518e+01
4.500218e+01
4.499784e+01
4.499213e+01
4.498540e+01
4.497861e+01
4.497311e+01
4.497027e+01
4.497085e+01
4.497466e+01
4.498064e+01
4.498740e+01
4.499373e+01
4.499890e+01
4.500271e+01
4.500527e+01
4.500684e+01
4.500767e+01
4.485044e+01
4.439102e+01
4.470750e+01
4.491502e+01
4.498061e+01
4.499731e+01

4.499755e+01
4.497893e+01
4.495813e+01
4.485647e+01
4.479001e+01
4.490127e+01
4.500422e+01
4.500222e+01
4.499934e+01
4.499537e+01
4.499019e+01
4.498389e+01
4.497692e+01
4.497019e+01
4.496488e+01
4.496211e+01
4.496253e+01
4.496599e+01
4.497169e+01
4.497844e+01
4.498515e+01
4.499106e+01
4.499584e+01
4.499945e+01
4.500204e+01
4.500382e+01
4.488099e+01
4.448632e+01
4.468201e+01
4.492101e+01
4.498149e+01
4.499720e+01

4.499748e+01
4.497939e+01
4.496442e+01
4.488605e+01
4.483855e+01
4.491411e+01
4.500091e+01
4.499832e+01
4.499490e+01
4.499050e+01
4.498511e+01
4.497892e+01
4.497239e+01
4.496631e+01
4.496161e+01
4.495917e+01
4.495944e+01
4.496236e+01
4.496734e+01
4.497347e+01
4.497985e+01
4.498579e+01
4.499088e+01
4.499500e+01
4.499819e+01
4.500058e+01
4.490715e+01
4.464455e+01
4.470066e+01
4.492878e+01
4.498257e+01
4.499707e+01

4.499737e+01
4.498007e+01
4.497037e+01
4.491040e+01
4.487366e+01
4.492664e+01
4.499832e+01
4.499546e+01
4.499185e+01
4.498744e+01
4.498227e+01
4.497656e+01
4.497076e+01
4.496550e+01
4.496152e+01
4.495944e+01
4.495963e+01
4.496203e+01
4.496622e+01
4.497153e+01
4.497725e+01
4.498278e+01
4.498774e+01
4.499193e+01
4.499535e+01
4.499804e+01
4.492799e+01
4.476400e+01
4.475361e+01
4.493728e+01
4.498383e+01
4.499691e+01

4.080171e+01
2.201536e+01
1.311103e+01
-8.988666e+00
-1.181039e+01
1.739276e+00
3.707881e+01
3.115254e+01
2.584618e+01
2.010290e+01
1.287059e+01
3.000055e+00
-1.026492e+01
-2.565696e+01
-3.905915e+01
-4.659977e+01
-4.688865e+01
-3.989013e+01
-2.683357e+01
-1.141906e+01
2.114452e+00
1.229315e+01
1.984331e+01
2.603691e+01
3.223836e+01
4.030691e+01
-3.470264e+00
-4.114891e+01
-5.058617e+01
-5.964058e+00
2.753119e+01
4.028990e+01

2.695907e+01
-4.999668e+01
-5.255064e+01
-3.501135e+01
-3.899934e+01
-1.918231e+01
9.211339e+00
5.265845e+00
-2.296226e+00
-1.538455e+01
-3.581389e+01
-6.016324e+01
-7.987887e+01
8.785835e+01
8.108844e+01
7.793333e+01
7.747768e+01
7.956816e+01
8.473741e+01
-8.567983e+01
-6.979192e+01
-4.788662e+01
-2.629830e+01
-1.109334e+01
-2.465354e+00
9.503311e-01
-3.459935e+01
-7.501168e+01
-7.767647e+01
-4.085465e+01
-4.534785e+01
2.480020e+01

9.264568e-01
8.636591e+01
-2.611256e+01
-2.906684e+01
-3.540083e+01
-2.304355e+01
-1.215557e+01
-1.761457e+01
-2.576831e+01
-3.704768e+01
-5.101017e+01
-6.567491e+01
-7.847151e+01
-8.802341e+01
8.567736e+01
8.213475e+01
8.090995e+01
8.178188e+01
8.475144e+01
8.999237e+01
-8.227910e+01
-7.211026e+01
-6.026018e+01
-4.829964e+01
-3.789082e+01
-2.996748e+01
-4.524219e+01
-6.737093e+01
-6.443195e+01
-3.726403e+01
8.935402e+01
-3.641234e+00

-3.841077e+01
7.541722e+01
-2.685279e+00
-8.527844e+00
-1.045564e+01
-9.784252e+00
-9.985842e+00
-1.053532e+01
-1.136269e+01
-1.246883e+01
-1.385749e+01
-1.553421e+01
-1.750050e+01
-1.974047e+01
-2.219968e+01
-2.476310e+01
-2.724809e+01
-2.942897e+01
-3.109286e+01
-3.210126e+01
-3.242502e+01
-3.213977e+01
-3.139318e+01
-3.036438e+01
-2.923041e+01
-2.814523e+01
-2.937639e+01
-3.153467e+01
-2.586932e+01
-1.159777e+01
7.482999e+01
-4.767203e+01

6.760071e+01
3.006670e+01
2.153508e+01
2.686610e+01
3.074147e+01
3.204897e+01
3.343712e+01
3.577258e+01
3.792063e+01
3.984671e+01
4.152851e+01
4.295707e+01
4.413511e+01
4.507306e+01
4.578397e+01
4.627848e+01
4.656084e+01
4.662650e+01
4.646133e+01
4.604273e+01
4.534253e+01
4.433157e+01
4.298530e+01
4.128954e+01
3.924507e+01
3.687009e+01
3.473204e+01
3.110329e+01
2.433567e+01
1.852781e+01
3.252383e+01
-8.238200e+01

6.089967e+01
6.095735e+01
6.501105e+01
7.063276e+01
7.373125e+01
7.463470e+01
7.494950e+01
7.527496e+01
7.554381e+01
7.577091e+01
7.596850e+01
7.614535e+01
7.630663e+01
7.645453e+01
7.658925e+01
7.671021e+01
7.681694e+01
7.690966e+01
7.698930e+01
7.705701e+01
7.711324e+01
7.715662e+01
7.718283e+01
7.718401e+01
7.714876e+01
7.706281e+01
7.691086e+01
7.619135e+01
7.324168e+01
6.736283e+01
6.400385e+01
6.407688e+01

