3.035494e+02 
4.243079e+01 
1.397126e+01 
8.821735e+01 
1.094347e+02 
1.034228e+02 
1.000061e+02 
1.000061e+02 
1.000060e+02 
1.000058e+02 
1.000057e+02 
1.000055e+02 
1.000054e+02 
1.000054e+02 
1.000054e+02 
1.000054e+02 
1.000054e+02 
1.000054e+02 
1.000055e+02 
1.000055e+02 
1.000056e+02 
1.000058e+02 
1.000059e+02 
1.000061e+02 
1.000064e+02 
1.000066e+02 
1.049801e+02 
1.193747e+02 
1.236523e+02 
5.327858e+01 
2.240535e+01 
2.739083e+02 

1.161542e+03 
3.944915e+02 
1.433432e+02 
3.223526e+01 
2.890398e+00 
5.894421e+01 
9.996586e+01 
9.996962e+01 
9.997404e+01 
9.997870e+01 
9.998326e+01 
9.998747e+01 
9.999115e+01 
9.999423e+01 
9.999671e+01 
9.999861e+01 
9.999997e+01 
1.000008e+02 
1.000010e+02 
1.000006e+02 
9.999953e+01 
9.999769e+01 
9.999511e+01 
9.999190e+01 
9.998824e+01 
9.998442e+01 
7.122193e+01 
3.815626e+01 
3.011908e+01 
9.335222e+00 
2.979690e+02 
1.028340e+03 

2.304760e+03 
5.846564e+03 
1.219717e+04 
1.160863e+04 
4.874890e+03 
7.345027e+02 
1.003321e+02 
1.003295e+02 
1.003115e+02 
1.002755e+02 
1.002207e+02 
1.001487e+02 
1.000653e+02 
9.998054e+01 
9.990681e+01 
9.985423e+01 
9.982656e+01 
9.982117e+01 
9.983222e+01 
9.985366e+01 
9.988065e+01 
9.990972e+01 
9.993853e+01 
9.996556e+01 
9.998985e+01 
1.000109e+02 
1.177357e+02 
3.085369e+02 
1.315615e+03 
3.345195e+03 
3.403981e+03 
1.986187e+03 

2.917213e+03 
1.862068e+04 
7.398321e+04 
6.310998e+04 
3.014429e+04 
4.792529e+03 
1.002221e+02 
9.980204e+01 
9.945033e+01 
9.925135e+01 
9.918037e+01 
9.918524e+01 
9.922645e+01 
9.927895e+01 
9.932575e+01 
9.935353e+01 
9.935287e+01 
9.932785e+01 
9.932259e+01 
9.943389e+01 
9.969641e+01 
9.998392e+01 
1.001881e+02 
1.003041e+02 
1.003608e+02 
1.003820e+02 
9.265090e+02 
6.084329e+03 
1.460544e+04 
1.723257e+04 
8.000601e+03 
2.546279e+03 

2.941733e+03 
2.902576e+04 
1.459379e+05 
7.910114e+04 
4.950542e+04 
1.146672e+04 
1.014347e+02 
1.008188e+02 
9.928805e+01 
9.812199e+01 
9.785602e+01 
9.797896e+01 
9.818871e+01 
9.839346e+01 
9.856436e+01 
9.867957e+01 
9.870508e+01 
9.859608e+01 
9.839981e+01 
9.866202e+01 
9.966633e+01 
1.003607e+02 
1.006249e+02 
1.007008e+02 
1.007010e+02 
1.006684e+02 
2.071406e+03 
1.334439e+04 
2.610127e+04 
2.684434e+04 
1.116245e+04 
2.656125e+03 

2.889485e+03 
3.270726e+04 
1.805767e+05 
8.750473e+04 
4.980301e+04 
4.687796e+03 
1.010193e+02 
1.011607e+02 
1.012877e+02 
1.013142e+02 
1.010339e+02 
1.002218e+02 
9.917485e+01 
9.854662e+01 
9.836779e+01 
9.831863e+01 
9.820209e+01 
9.815705e+01 
9.850479e+01 
9.907652e+01 
9.956894e+01 
9.991115e+01 
1.001294e+02 
1.002596e+02 
1.003304e+02 
1.003622e+02 
8.659901e+02 
5.820505e+03 
1.496522e+04 
2.198033e+04 
1.289500e+04 
2.648924e+03 

2.859221e+03 
3.330348e+04 
2.176690e+05 
1.014412e+05 
4.724677e+04 
2.323920e+03 
1.005954e+02 
1.005390e+02 
1.004298e+02 
1.002516e+02 
9.999080e+01 
9.964354e+01 
9.922488e+01 
9.877483e+01 
9.835564e+01 
9.803723e+01 
9.787497e+01 
9.789050e+01 
9.806569e+01 
9.835232e+01 
9.869115e+01 
9.903003e+01 
9.933399e+01 
9.958621e+01 
9.978353e+01 
9.993067e+01 
1.107069e+02 
7.543407e+02 
6.970640e+03 
2.091786e+04 
1.380225e+04 
2.627107e+03 

2.832345e+03 
3.322539e+04 
2.898448e+05 
1.075914e+05 
8.493650e+04 
4.318950e+03 
1.008291e+02 
1.008024e+02 
1.007146e+02 
1.005393e+02 
1.002487e+02 
9.982429e+01 
9.927389e+01 
9.864745e+01 
9.803935e+01 
9.756522e+01 
9.732082e+01 
9.734398e+01 
9.760257e+01 
9.801436e+01 
9.848358e+01 
9.893290e+01 
9.931725e+01 
9.962086e+01 
9.984675e+01 
1.000066e+02 
2.069443e+02 
1.802757e+03 
1.216982e+04 
2.899554e+04 
1.472513e+04 
2.594797e+03 

2.811172e+03 
3.291190e+04 
3.690768e+05 
1.020721e+05 
1.001564e+05 
8.089022e+03 
1.011089e+02 
1.011298e+02 
1.010860e+02 
1.009384e+02 
1.006388e+02 
1.001425e+02 
9.943675e+01 
9.857612e+01 
9.769819e+01 
9.699290e+01 
9.662446e+01 
9.665825e+01 
9.703836e+01 
9.762560e+01 
9.826784e+01 
9.885376e+01 
9.932946e+01 
9.968567e+01 
9.993665e+01 
1.001042e+02 
3.891287e+02 
4.170569e+03 
2.067927e+04 
4.044375e+04 
1.556544e+04 
2.566835e+03 

2.795285e+03 
3.243726e+04 
4.487290e+05 
9.386457e+04 
8.828333e+04 
1.498135e+04 
1.014289e+02 
1.015174e+02 
1.015444e+02 
1.014580e+02 
1.011840e+02 
1.006368e+02 
9.976183e+01 
9.860426e+01 
9.736081e+01 
9.632912e+01 
9.578223e+01 
9.582991e+01 
9.637650e+01 
9.719772e+01 
9.805842e+01 
9.880449e+01 
9.937767e+01 
9.978338e+01 
1.000531e+02 
1.002217e+02 
7.255503e+02 
9.060292e+03 
3.216883e+04 
5.656968e+04 
1.631596e+04 
2.543138e+03 

2.784131e+03 
3.186567e+04 
5.240479e+05 
8.737282e+04 
7.399265e+04 
2.650566e+04 
1.017759e+02 
1.019494e+02 
1.020734e+02 
1.020841e+02 
1.018777e+02 
1.013126e+02 
1.002651e+02 
9.875990e+01 
9.705466e+01 
9.560219e+01 
9.482205e+01 
9.488418e+01 
9.564277e+01 
9.675083e+01 
9.786933e+01 
9.879168e+01 
9.946218e+01 
9.991044e+01 
1.001908e+02 
1.003536e+02 
1.322473e+03 
1.608694e+04 
4.215710e+04 
7.884230e+04 
1.697857e+04 
2.523443e+03 

2.777081e+03 
3.124729e+04 
5.935432e+05 
8.377642e+04 
6.491479e+04 
4.269070e+04 
1.021283e+02 
1.023981e+02 
1.026371e+02 
1.027719e+02 
1.026685e+02 
1.021145e+02 
1.009039e+02 
9.901665e+01 
9.679060e+01 
9.485349e+01 
9.380426e+01 
9.388402e+01 
9.488120e+01 
9.631106e+01 
9.770695e+01 
9.881105e+01 
9.957311e+01 
1.000555e+02 
1.003390e+02 
1.004905e+02 
2.308173e+03 
1.980029e+04 
4.514967e+04 
1.083397e+05 
1.756271e+04 
2.507375e+03 

2.773500e+03 
3.061740e+04 
6.566878e+05 
8.325253e+04 
6.072026e+04 
6.023310e+04 
1.024591e+02 
1.028257e+02 
1.031832e+02 
1.034500e+02 
1.034623e+02 
1.029318e+02 
1.015702e+02 
9.929947e+01 
9.655554e+01 
9.413036e+01 
9.281500e+01 
9.291666e+01 
9.415130e+01 
9.590282e+01 
9.756896e+01 
9.884664e+01 
9.969117e+01 
1.002006e+02 
1.004826e+02 
1.006199e+02 
3.739742e+03 
1.823403e+04 
4.207259e+04 
1.445284e+05 
1.808287e+04 
2.494513e+03 

2.772809e+03 
2.999757e+04 
7.091635e+05 
8.594303e+04 
6.053654e+04 
7.446241e+04 
1.027388e+02 
1.031906e+02 
1.036530e+02 
1.040364e+02 
1.041489e+02 
1.036367e+02 
1.021340e+02 
9.952858e+01 
9.632972e+01 
9.348922e+01 
9.195097e+01 
9.207394e+01 
9.351892e+01 
9.554713e+01 
9.744954e+01 
9.887740e+01 
9.979312e+01 
1.003249e+02 
1.006043e+02 
1.007286e+02 
5.425632e+03 
1.534297e+04 
3.716454e+04 
1.836711e+05 
1.855579e+04 
2.484448e+03 

2.774535e+03 
2.939748e+04 
7.381673e+05 
9.230822e+04 
6.424754e+04 
8.301266e+04 
1.029404e+02 
1.034546e+02 
1.039934e+02 
1.044596e+02 
1.046381e+02 
1.041288e+02 
1.025097e+02 
9.965339e+01 
9.612395e+01 
9.299127e+01 
9.129855e+01 
9.144068e+01 
9.303845e+01 
9.526761e+01 
9.734556e+01 
9.888701e+01 
9.985899e+01 
1.004098e+02 
1.006888e+02 
1.008043e+02 
6.886512e+03 
1.308672e+04 
3.281350e+04 
2.185410e+05 
1.899806e+04 
2.476829e+03 

2.778352e+03 
2.881684e+04 
7.231732e+05 
1.033157e+05 
7.273832e+04 
8.487724e+04 
1.030438e+02 
1.035895e+02 
1.041661e+02 
1.046715e+02 
1.048770e+02 
1.043585e+02 
1.026686e+02 
9.967474e+01 
9.597454e+01 
9.269293e+01 
9.092314e+01 
9.107559e+01 
9.275099e+01 
9.508660e+01 
9.726093e+01 
9.886879e+01 
9.987695e+01 
1.004428e+02 
1.007249e+02 
1.008380e+02 
7.668777e+03 
1.164809e+04 
2.962007e+04 
2.413561e+05 
1.942420e+04 
2.471404e+03 

2.784113e+03 
2.824688e+04 
6.500066e+05 
1.205549e+05 
8.834496e+04 
7.827171e+04 
1.030381e+02 
1.035807e+02 
1.041524e+02 
1.046503e+02 
1.048454e+02 
1.043145e+02 
1.026132e+02 
9.961230e+01 
9.591026e+01 
9.262916e+01 
9.085806e+01 
9.100703e+01 
9.268069e+01 
9.502001e+01 
9.720394e+01 
9.882413e+01 
9.984393e+01 
1.004190e+02 
1.007080e+02 
1.008258e+02 
7.616438e+03 
1.086718e+04 
2.753783e+04 
2.482199e+05 
1.984535e+04 
2.468041e+03 

2.791859e+03 
2.767155e+04 
5.306555e+05 
1.458806e+05 
1.155997e+05 
6.300832e+04 
1.029240e+02 
1.034291e+02 
1.039535e+02 
1.043982e+02 
1.045465e+02 
1.040007e+02 
1.023472e+02 
9.946888e+01 
9.593284e+01 
9.280059e+01 
9.110480e+01 
9.123895e+01 
9.283368e+01 
9.507545e+01 
9.718193e+01 
9.875898e+01 
9.976425e+01 
1.003414e+02 
1.006398e+02 
1.007689e+02 
6.781389e+03 
1.061718e+04 
2.639773e+04 
2.404227e+05 
2.026814e+04 
2.466744e+03 

2.801828e+03 
2.706852e+04 
3.992759e+05 
1.787027e+05 
1.593342e+05 
4.402594e+04 
1.027131e+02 
1.031507e+02 
1.035912e+02 
1.039414e+02 
1.040071e+02 
1.034379e+02 
1.018797e+02 
9.923612e+01 
9.602237e+01 
9.318040e+01 
9.163883e+01 
9.175426e+01 
9.320096e+01 
9.525288e+01 
9.720092e+01 
9.868303e+01 
9.964874e+01 
1.002200e+02 
1.005285e+02 
1.006734e+02 
5.336637e+03 
1.083892e+04 
2.604510e+04 
2.219563e+05 
2.069369e+04 
2.467649e+03 

2.814437e+03 
2.641058e+04 
2.851678e+05 
2.067517e+05 
2.011152e+05 
2.771384e+04 
1.024263e+02 
1.027753e+02 
1.031058e+02 
1.033320e+02 
1.032872e+02 
1.026866e+02 
1.012547e+02 
9.893274e+01 
9.616422e+01 
9.373329e+01 
9.241517e+01 
9.251420e+01 
9.375900e+01 
9.554496e+01 
9.726837e+01 
9.861089e+01 
9.951449e+01 
1.000707e+02 
1.003875e+02 
1.005499e+02 
3.651461e+03 
1.148035e+04 
2.632613e+04 
1.968121e+05 
2.111637e+04 
2.471022e+03 

2.830251e+03 
2.566789e+04 
1.988764e+05 
1.997115e+05 
1.697925e+05 
1.652996e+04 
1.020910e+02 
1.023416e+02 
1.025516e+02 
1.026437e+02 
1.024809e+02 
1.018542e+02 
1.005697e+02 
9.862504e+01 
9.636758e+01 
9.441947e+01 
9.336766e+01 
9.345049e+01 
9.446524e+01 
9.593573e+01 
9.739145e+01 
9.856129e+01 
9.938294e+01 
9.991324e+01 
1.002330e+02 
1.004111e+02 
2.183973e+03 
1.225857e+04 
2.697947e+04 
1.680920e+05 
2.152242e+04 
2.477234e+03 

2.849933e+03 
2.481145e+04 
1.380830e+05 
1.494341e+05 
9.287062e+04 
9.687195e+03 
1.017367e+02 
1.018913e+02 
1.019872e+02 
1.019576e+02 
1.016971e+02 
1.010665e+02 
9.995231e+01 
9.839261e+01 
9.665405e+01 
9.518700e+01 
9.440366e+01 
9.447187e+01 
9.525112e+01 
9.639846e+01 
9.757070e+01 
9.855124e+01 
9.927496e+01 
9.976716e+01 
1.000817e+02 
1.002705e+02 
1.175139e+03 
1.201355e+04 
2.740681e+04 
1.382984e+05 
2.188857e+04 
2.486734e+03 

2.874176e+03 
2.381766e+04 
9.648281e+04 
9.350000e+04 
4.487022e+04 
5.683687e+03 
1.013903e+02 
1.014611e+02 
1.014631e+02 
1.013422e+02 
1.010234e+02 
1.004237e+02 
9.949516e+01 
9.829263e+01 
9.701891e+01 
9.597169e+01 
9.542065e+01 
9.547442e+01 
9.603949e+01 
9.689293e+01 
9.779628e+01 
9.858845e+01 
9.920493e+01 
9.964767e+01 
9.994728e+01 
1.001393e+02 
5.879538e+02 
8.943628e+03 
2.642348e+04 
1.096648e+05 
2.218127e+04 
2.500008e+03 

2.903619e+03 
2.267339e+04 
6.818502e+04 
5.513047e+04 
2.239655e+04 
3.364764e+03 
1.010724e+02 
1.010781e+02 
1.010133e+02 
1.008379e+02 
1.005038e+02 
9.996843e+01 
9.922323e+01 
9.832848e+01 
9.742593e+01 
9.670643e+01 
9.633317e+01 
9.637112e+01 
9.676512e+01 
9.737587e+01 
9.804885e+01 
9.866860e+01 
9.917721e+01 
9.956275e+01 
9.983837e+01 
1.000259e+02 
2.801383e+02 
4.516650e+03 
2.270487e+04 
8.405195e+04 
2.235728e+04 
2.517530e+03 

2.938757e+03 
2.138006e+04 
4.882236e+04 
3.267056e+04 
1.182262e+04 
2.015268e+03 
1.007959e+02 
1.007565e+02 
1.006519e+02 
1.004553e+02 
1.001391e+02 
9.968665e+01 
9.910828e+01 
9.845721e+01 
9.783028e+01 
9.734420e+01 
9.709488e+01 
9.712012e+01 
9.738789e+01 
9.781553e+01 
9.830576e+01 
9.877884e+01 
9.918712e+01 
9.951294e+01 
9.975827e+01 
9.993447e+01 
1.291376e+02 
1.730459e+03 
1.656240e+04 
6.262009e+04 
2.236660e+04 
2.539710e+03 

2.979849e+03 
1.995550e+04 
3.542200e+04 
1.985000e+04 
6.531604e+03 
1.222277e+03 
1.005659e+02 
1.004993e+02 
1.003771e+02 
1.001829e+02 
9.990350e+01 
9.953628e+01 
9.909789e+01 
9.863016e+01 
9.819688e+01 
9.786892e+01 
9.770207e+01 
9.771814e+01 
9.789897e+01 
9.819592e+01 
9.854877e+01 
9.890393e+01 
9.922486e+01 
9.949344e+01 
9.970562e+01 
9.986573e+01 
5.871430e+01 
5.566952e+02 
1.034876e+04 
4.568332e+04 
2.215848e+04 
2.566836e+03 

3.009640e+03 
1.860646e+04 
3.421577e+04 
2.792949e+04 
1.388140e+04 
2.621137e+03 
1.009570e+02 
1.010085e+02 
1.010168e+02 
1.009435e+02 
1.007268e+02 
1.002883e+02 
9.960758e+01 
9.889132e+01 
9.843795e+01 
9.821080e+01 
9.806409e+01 
9.808338e+01 
9.850032e+01 
9.923472e+01 
9.984991e+01 
1.001740e+02 
1.003022e+02 
1.003389e+02 
1.003386e+02 
1.003248e+02 
7.747852e+02 
5.288537e+03 
1.486724e+04 
4.227488e+04 
2.143578e+04 
2.592583e+03 

3.029924e+03 
1.578005e+04 
3.676499e+04 
3.976901e+04 
2.313023e+04 
4.682494e+03 
1.013116e+02 
1.014295e+02 
1.014455e+02 
1.011499e+02 
1.002368e+02 
9.911008e+01 
9.867471e+01 
9.868472e+01 
9.871613e+01 
9.864809e+01 
9.847748e+01 
9.822976e+01 
9.795434e+01 
9.778850e+01 
9.810367e+01 
9.927041e+01 
1.005156e+02 
1.010027e+02 
1.010111e+02 
1.008797e+02 
3.305698e+03 
1.194861e+04 
2.052382e+04 
4.259099e+04 
1.844853e+04 
2.629835e+03 

2.925370e+03 
1.060266e+04 
2.277350e+04 
2.119161e+04 
1.011341e+04 
1.866561e+03 
1.007129e+02 
1.006919e+02 
1.005915e+02 
1.003704e+02 
1.000383e+02 
9.971032e+01 
9.950328e+01 
9.941136e+01 
9.936933e+01 
9.933241e+01 
9.928602e+01 
9.923511e+01 
9.919836e+01 
9.920858e+01 
9.931155e+01 
9.954522e+01 
9.988595e+01 
1.002228e+02 
1.004462e+02 
1.005373e+02 
2.202801e+03 
1.109981e+04 
2.095932e+04 
2.735862e+04 
1.139450e+04 
2.592486e+03 

2.262490e+03 
4.372247e+03 
4.797732e+03 
2.331015e+03 
6.830774e+02 
1.892929e+02 
1.000513e+02 
1.000261e+02 
9.999655e+01 
9.996347e+01 
9.992837e+01 
9.989361e+01 
9.986246e+01 
9.983905e+01 
9.982798e+01 
9.983333e+01 
9.985715e+01 
9.989810e+01 
9.995118e+01 
1.000092e+02 
1.000649e+02 
1.001128e+02 
1.001498e+02 
1.001749e+02 
1.001889e+02 
1.001936e+02 
3.971953e+02 
2.256779e+03 
5.371461e+03 
6.024258e+03 
3.604761e+03 
2.036686e+03 

1.140687e+03 
4.494403e+02 
6.378048e+01 
1.771210e+01 
1.490082e+01 
6.214274e+01 
9.997489e+01 
9.997953e+01 
9.998419e+01 
9.998854e+01 
9.999233e+01 
9.999542e+01 
9.999772e+01 
9.999926e+01 
1.000001e+02 
1.000003e+02 
9.999989e+01 
9.999894e+01 
9.999743e+01 
9.999535e+01 
9.999270e+01 
9.998951e+01 
9.998592e+01 
9.998213e+01 
9.997843e+01 
9.997519e+01 
6.583814e+01 
1.170691e+01 
7.062620e-01 
3.716897e+01 
2.094918e+02 
1.023319e+03 

2.846007e+02 
2.464957e+01 
3.332717e+01 
1.161028e+02 
1.195857e+02 
1.052719e+02 
1.000073e+02 
1.000070e+02 
1.000068e+02 
1.000065e+02 
1.000063e+02 
1.000060e+02 
1.000059e+02 
1.000058e+02 
1.000057e+02 
1.000056e+02 
1.000056e+02 
1.000056e+02 
1.000056e+02 
1.000056e+02 
1.000056e+02 
1.000057e+02 
1.000058e+02 
1.000059e+02 
1.000061e+02 
1.000061e+02 
1.038146e+02 
1.124597e+02 
1.006481e+02 
2.877180e+01 
2.575692e+01 
2.785250e+02 

