6.939565e+01
-6.981104e+01
-5.538231e+01
-4.887175e+01
-4.805642e+01
-4.831802e+01
-4.867916e+01
-4.926899e+01
-4.978892e+01
-5.024896e+01
-5.065721e+01
-5.101898e+01
-5.133661e+01
-5.160998e+01
-5.183755e+01
-5.201756e+01
-5.214898e+01
-5.223197e+01
-5.226788e+01
-5.225874e+01
-5.220651e+01
-5.211221e+01
-5.197513e+01
-5.179233e+01
-5.155863e+01
-5.126697e+01
-5.088957e+01
-4.972301e+01
-4.710377e+01
-4.760249e+01
-5.836953e+01
7.903403e+01

5.103672e+01
-6.914085e+01
-4.374424e+01
-3.059326e+01
-1.896950e+01
-9.591148e+00
-8.250497e+00
-1.074813e+01
-1.288562e+01
-1.467802e+01
-1.614398e+01
-1.730809e+01
-1.820051e+01
-1.885405e+01
-1.929976e+01
-1.956287e+01
-1.966009e+01
-1.959904e+01
-1.937948e+01
-1.899569e+01
-1.843926e+01
-1.770166e+01
-1.677627e+01
-1.565957e+01
-1.435150e+01
-1.285502e+01
-1.191433e+01
-1.182584e+01
-1.372839e+01
-2.426900e+01
-6.372462e+01
6.193614e+01

1.972849e+01
-7.079544e+01
-1.820646e+01
-5.661952e+00
2.740544e+00
1.927801e+01
3.941546e+01
3.317067e+01
2.835980e+01
2.447050e+01
2.121440e+01
1.844085e+01
1.608654e+01
1.413958e+01
1.260979e+01
1.150576e+01
1.082211e+01
1.053808e+01
1.062463e+01
1.105437e+01
1.180912e+01
1.288251e+01
1.427825e+01
1.600592e+01
1.807679e+01
2.050128e+01
1.914994e+01
1.562433e+01
1.288215e+01
1.631154e+00
-7.688269e+01
3.226946e+01

2.619988e+01
-5.737706e+00
8.803153e-01
9.863476e+00
1.996301e+01
1.881546e+01
3.969789e+01
5.958064e+01
4.525596e+01
4.567182e+01
4.668043e+01
4.781552e+01
4.889538e+01
4.979311e+01
5.041022e+01
5.068019e+01
5.058041e+01
5.014562e+01
4.947899e+01
4.875444e+01
4.820003e+01
4.805245e+01
4.848803e+01
4.956593e+01
5.123090e+01
5.338608e+01
4.604485e+01
4.003172e+01
3.635615e+01
4.500016e+01
1.727725e+01
2.996928e+01

3.787536e+01
8.461205e+00
-1.161033e+01
1.186682e+01
2.715400e+01
9.321030e+00
5.958248e+01
6.292475e+01
6.959540e+01
8.801363e+01
-2.429987e+01
2.346582e+01
3.649835e+01
4.237991e+01
4.610775e+01
4.909427e+01
5.198373e+01
5.521642e+01
5.914335e+01
6.389434e+01
6.899686e+01
7.312405e+01
7.479483e+01
7.359555e+01
7.024295e+01
6.549163e+01
7.788961e+01
8.984067e+01
-7.438181e+01
-2.754631e+01
1.373247e+01
3.893709e+01

4.349202e+01
3.451901e+01
1.425518e+01
-5.369580e+00
-3.890049e+00
6.750314e+01
5.454650e+01
5.548271e+01
5.656416e+01
5.805577e+01
6.074413e+01
6.792063e+01
-6.050654e+01
3.260160e+01
4.363515e+01
4.789800e+01
5.087955e+01
5.362668e+01
5.634816e+01
5.886237e+01
6.082410e+01
6.217634e+01
6.508772e+01
5.292020e+01
5.579379e+01
5.515771e+01
8.871898e+01
-6.736360e+01
-3.664568e+00
1.977991e+01
3.633613e+01
4.373986e+01

4.499942e+01
4.499218e+01
4.495936e+01
4.542102e+01
4.506464e+01
4.501763e+01
4.500635e+01
4.500862e+01
4.501123e+01
4.501411e+01
4.501718e+01
4.502025e+01
4.502313e+01
4.502559e+01
4.502741e+01
4.502846e+01
4.502864e+01
4.502797e+01
4.502654e+01
4.502451e+01
4.502207e+01
4.501943e+01
4.501676e+01
4.501420e+01
4.501184e+01
4.500974e+01
4.500820e+01
4.477254e+01
4.492917e+01
4.497761e+01
4.499403e+01
4.499963e+01

4.499944e+01
4.499263e+01
4.496611e+01
4.502291e+01
4.510594e+01
4.502148e+01
4.500591e+01
4.500839e+01
4.501129e+01
4.501458e+01
4.501815e+01
4.502180e+01
4.502528e+01
4.502827e+01
4.503049e+01
4.503175e+01
4.503192e+01
4.503104e+01
4.502921e+01
4.502665e+01
4.502363e+01
4.502043e+01
4.501728e+01
4.501433e+01
4.501169e+01
4.500939e+01
4.500043e+01
4.480329e+01
4.494552e+01
4.498003e+01
4.499454e+01
4.499967e+01

4.499946e+01
4.499303e+01
4.497071e+01
4.494137e+01
4.520968e+01
4.502773e+01
4.500527e+01
4.500792e+01
4.501111e+01
4.501479e+01
4.501887e+01
4.502309e+01
4.502709e+01
4.503049e+01
4.503298e+01
4.503437e+01
4.503457e+01
4.503358e+01
4.503149e+01
4.502851e+01
4.502494e+01
4.502117e+01
4.501752e+01
4.501419e+01
4.501128e+01
4.500880e+01
4.497816e+01
4.489363e+01
4.495680e+01
4.498212e+01
4.499499e+01
4.499971e+01

4.499947e+01
4.499339e+01
4.497402e+01
4.494976e+01
4.534645e+01
4.503945e+01
4.500440e+01
4.500718e+01
4.501059e+01
4.501463e+01
4.501918e+01
4.502388e+01
4.502814e+01
4.503150e+01
4.503378e+01
4.503501e+01
4.503537e+01
4.503475e+01
4.503291e+01
4.502984e+01
4.502585e+01
4.502153e+01
4.501739e+01
4.501371e+01
4.501056e+01
4.500794e+01
4.491467e+01
4.493454e+01
4.496447e+01
4.498393e+01
4.499539e+01
4.499973e+01

4.499948e+01
4.499371e+01
4.497651e+01
4.495770e+01
4.509384e+01
4.506721e+01
4.500329e+01
4.500613e+01
4.500967e+01
4.501397e+01
4.501892e+01
4.502400e+01
4.502815e+01
4.503009e+01
4.503028e+01
4.503056e+01
4.503150e+01
4.503273e+01
4.503284e+01
4.503047e+01
4.502621e+01
4.502136e+01
4.501678e+01
4.501281e+01
4.500951e+01
4.500682e+01
4.482400e+01
4.495455e+01
4.496989e+01
4.498551e+01
4.499574e+01
4.499975e+01

4.499948e+01
4.499400e+01
4.497846e+01
4.496317e+01
4.500020e+01
4.517107e+01
4.500196e+01
4.500474e+01
4.500830e+01
4.501270e+01
4.501790e+01
4.502336e+01
4.502712e+01
4.502833e+01
4.502783e+01
4.502710e+01
4.502847e+01
4.503088e+01
4.503190e+01
4.503026e+01
4.502582e+01
4.502048e+01
4.501560e+01
4.501147e+01
4.500812e+01
4.500544e+01
4.486554e+01
4.496598e+01
4.497393e+01
4.498692e+01
4.499604e+01
4.499977e+01

4.499949e+01
4.499426e+01
4.498004e+01
4.496699e+01
4.498129e+01
4.535835e+01
4.500044e+01
4.500307e+01
4.500647e+01
4.501078e+01
4.501597e+01
4.502161e+01
4.502566e+01
4.502634e+01
4.502453e+01
4.502300e+01
4.502444e+01
4.502777e+01
4.502998e+01
4.502884e+01
4.502426e+01
4.501873e+01
4.501378e+01
4.500968e+01
4.500641e+01
4.500384e+01
4.493087e+01
4.497348e+01
4.497714e+01
4.498822e+01
4.499631e+01
4.499978e+01

4.499949e+01
4.499449e+01
4.498137e+01
4.496979e+01
4.497689e+01
4.500023e+01
4.499882e+01
4.500117e+01
4.500426e+01
4.500823e+01
4.501310e+01
4.501848e+01
4.502263e+01
4.502340e+01
4.502163e+01
4.501994e+01
4.502080e+01
4.502400e+01
4.502625e+01
4.502534e+01
4.502126e+01
4.501604e+01
4.501135e+01
4.500750e+01
4.500445e+01
4.500208e+01
4.496854e+01
4.497913e+01
4.497987e+01
4.498943e+01
4.499653e+01
4.499980e+01

4.499950e+01
4.499469e+01
4.498251e+01
4.497195e+01
4.497603e+01
4.497833e+01
4.499717e+01
4.499916e+01
4.500179e+01
4.500522e+01
4.500944e+01
4.501410e+01
4.501744e+01
4.501739e+01
4.501460e+01
4.501192e+01
4.501253e+01
4.501617e+01
4.501950e+01
4.501995e+01
4.501698e+01
4.501255e+01
4.500843e+01
4.500503e+01
4.500234e+01
4.500025e+01
4.499334e+01
4.498398e+01
4.498237e+01
4.499058e+01
4.499672e+01
4.499981e+01

4.499950e+01
4.499486e+01
4.498352e+01
4.497374e+01
4.497626e+01
4.497730e+01
4.499561e+01
4.499717e+01
4.499925e+01
4.500198e+01
4.500534e+01
4.500896e+01
4.501109e+01
4.500962e+01
4.500541e+01
4.500179e+01
4.500231e+01
4.500679e+01
4.501155e+01
4.501355e+01
4.501193e+01
4.500856e+01
4.500524e+01
4.500243e+01
4.500019e+01
4.499846e+01
4.501561e+01
4.498872e+01
4.498477e+01
4.499170e+01
4.499686e+01
4.499982e+01

4.499951e+01
4.499502e+01
4.498443e+01
4.497531e+01
4.497690e+01
4.497805e+01
4.499425e+01
4.499535e+01
4.499684e+01
4.499880e+01
4.500120e+01
4.500371e+01
4.500469e+01
4.500216e+01
4.499709e+01
4.499288e+01
4.499323e+01
4.499810e+01
4.500379e+01
4.500703e+01
4.500670e+01
4.500445e+01
4.500201e+01
4.499988e+01
4.499815e+01
4.499680e+01
4.504306e+01
4.499387e+01
4.498717e+01
4.499281e+01
4.499696e+01
4.499983e+01

4.499951e+01
4.499516e+01
4.498525e+01
4.497677e+01
4.497776e+01
4.497868e+01
4.499315e+01
4.499382e+01
4.499473e+01
4.499593e+01
4.499740e+01
4.499887e+01
4.499898e+01
4.499596e+01
4.499070e+01
4.498636e+01
4.498641e+01
4.499105e+01
4.499696e+01
4.500097e+01
4.500172e+01
4.500054e+01
4.499900e+01
4.499755e+01
4.499634e+01
4.499536e+01
4.507663e+01
4.500005e+01
4.498961e+01
4.499395e+01
4.499700e+01
4.499984e+01

4.499951e+01
4.499528e+01
4.498601e+01
4.497816e+01
4.497878e+01
4.497897e+01
4.499240e+01
4.499269e+01
4.499309e+01
4.499360e+01
4.499419e+01
4.499472e+01
4.499426e+01
4.499162e+01
4.498731e+01
4.498348e+01
4.498320e+01
4.498679e+01
4.499168e+01
4.499568e+01
4.499729e+01
4.499710e+01
4.499641e+01
4.499560e+01
4.499485e+01
4.499422e+01
4.501563e+01
4.500823e+01
4.499201e+01
4.499516e+01
4.499699e+01
4.499985e+01

4.499952e+01
4.499539e+01
4.498670e+01
4.497949e+01
4.497991e+01
4.497883e+01
4.499200e+01
4.499200e+01
4.499199e+01
4.499195e+01
4.499180e+01
4.499144e+01
4.499054e+01
4.498792e+01
4.498407e+01
4.498100e+01
4.498042e+01
4.498317e+01
4.498756e+01
4.499144e+01
4.499367e+01
4.499438e+01
4.499440e+01
4.499411e+01
4.499375e+01
4.499340e+01
4.494254e+01
4.501930e+01
4.499392e+01
4.499652e+01
4.499689e+01
4.499986e+01

4.499952e+01
4.499549e+01
4.498734e+01
4.498075e+01
4.498111e+01
4.497814e+01
4.499196e+01
4.499176e+01
4.499148e+01
4.499106e+01
4.499039e+01
4.498931e+01
4.498768e+01
4.498509e+01
4.498188e+01
4.497941e+01
4.497897e+01
4.498116e+01
4.498487e+01
4.498857e+01
4.499121e+01
4.499255e+01
4.499306e+01
4.499315e+01
4.499307e+01
4.499292e+01
4.494736e+01
4.497211e+01
4.499225e+01
4.499812e+01
4.499667e+01
4.499987e+01

4.499952e+01
4.499558e+01
4.498793e+01
4.498191e+01
4.498232e+01
4.497668e+01
4.499223e+01
4.499192e+01
4.499150e+01
4.499090e+01
4.498998e+01
4.498858e+01
4.498649e+01
4.498377e+01
4.498081e+01
4.497873e+01
4.497872e+01
4.498079e+01
4.498414e+01
4.498760e+01
4.499018e+01
4.499169e+01
4.499242e+01
4.499271e+01
4.499277e+01
4.499276e+01
4.495830e+01
4.485044e+01
4.496299e+01
4.499983e+01
4.499626e+01
4.499988e+01

4.499952e+01
4.499566e+01
4.498847e+01
4.498293e+01
4.498352e+01
4.497530e+01
4.499274e+01
4.499241e+01
4.499197e+01
4.499135e+01
4.499044e+01
4.498911e+01
4.498727e+01
4.498502e+01
4.498284e+01
4.498153e+01
4.498167e+01
4.498329e+01
4.498581e+01
4.498838e+01
4.499039e+01
4.499168e+01
4.499238e+01
4.499270e+01
4.499282e+01
4.499286e+01
4.496701e+01
4.493989e+01
4.493132e+01
4.499892e+01
4.499556e+01
4.499989e+01

4.499951e+01
4.499574e+01
4.498895e+01
4.498378e+01
4.498472e+01
4.503777e+01
4.499342e+01
4.499313e+01
4.499276e+01
4.499223e+01
4.499149e+01
4.499048e+01
4.498918e+01
4.498774e+01
4.498649e+01
4.498581e+01
4.498597e+01
4.498696e+01
4.498846e+01
4.499005e+01
4.499136e+01
4.499226e+01
4.499278e+01
4.499304e+01
4.499314e+01
4.499317e+01
4.497362e+01
4.496341e+01
4.496394e+01
4.499289e+01
4.499441e+01
4.499990e+01

4.499950e+01
4.499582e+01
4.498937e+01
4.498443e+01
4.498606e+01
4.514785e+01
4.499420e+01
4.499398e+01
4.499371e+01
4.499333e+01
4.499282e+01
4.499214e+01
4.499133e+01
4.499049e+01
4.498980e+01
4.498946e+01
4.498958e+01
4.499014e+01
4.499097e+01
4.499186e+01
4.499262e+01
4.499315e+01
4.499346e+01
4.499360e+01
4.499363e+01
4.499363e+01
4.497871e+01
4.497410e+01
4.497768e+01
4.499173e+01
4.499263e+01
4.499990e+01

4.499949e+01
4.499590e+01
4.498973e+01
4.498483e+01
4.498806e+01
4.503167e+01
4.499501e+01
4.499488e+01
4.499471e+01
4.499448e+01
4.499416e+01
4.499375e+01
4.499326e+01
4.499277e+01
4.499238e+01
4.499219e+01
4.499225e+01
4.499255e+01
4.499300e+01
4.499348e+01
4.499388e+01
4.499414e+01
4.499426e+01
4.499427e+01
4.499423e+01
4.499417e+01
4.498271e+01
4.498033e+01
4.498408e+01
4.499273e+01
4.499031e+01
4.499991e+01

4.372459e+01
3.994267e+01
3.695661e+01
3.958137e+01
4.551798e+01
6.800152e+01
3.822212e+01
3.421719e+01
2.674803e+01
1.115729e+01
-2.175844e+01
-6.188162e+01
-8.414040e+01
8.573522e+01
8.143685e+01
8.138933e+01
8.733370e+01
-7.102983e+01
-1.532453e+01
2.056017e+01
3.275736e+01
3.806442e+01
4.092388e+01
4.268147e+01
4.384442e+01
4.463775e+01
3.333646e+01
2.502168e+01
2.877009e+01
3.871768e+01
3.049564e+01
4.401122e+01

3.952149e+01
2.784705e+01
2.755324e+01
3.758035e+01
4.244018e+01
6.571510e+01
-5.602557e+00
-3.929206e+01
-7.458617e+01
8.428521e+01
7.277935e+01
6.600049e+01
6.184673e+01
5.941594e+01
5.828703e+01
5.832282e+01
5.972577e+01
6.344515e+01
7.309217e+01
-7.327934e+01
-3.590679e+00
2.122179e+01
2.927046e+01
3.301372e+01
3.520076e+01
3.671982e+01
1.871681e+01
6.734548e-01
8.270567e+00
2.854554e+01
1.427440e+01
3.974988e+01

3.318050e+01
1.926052e+01
2.962645e+01
5.391926e+01
-6.388615e+01
3.947156e+01
-8.413349e+01
8.064601e+01
6.999919e+01
6.274511e+01
5.788532e+01
5.476174e+01
5.296258e+01
5.223825e+01
5.246243e+01
5.363690e+01
5.595201e+01
5.995981e+01
6.705071e+01
8.080277e+01
-7.105336e+01
-3.136413e+01
-5.317880e+00
7.339519e+00
1.401511e+01
1.800928e+01
8.074733e+00
-3.110871e+00
7.047424e+00
2.494060e+01
2.215768e+01
2.667349e+01

3.038053e+01
2.639759e+01
8.311543e+01
-3.603403e+01
-2.660721e+00
4.028936e+01
5.723434e+01
5.090695e+01
4.597858e+01
4.221548e+01
3.943440e+01
3.750652e+01
3.635457e+01
3.595232e+01
3.633087e+01
3.759598e+01
3.996468e+01
4.383919e+01
4.995342e+01
5.962673e+01
7.491540e+01
-8.289791e+01
-5.807948e+01
-3.819306e+01
-2.493903e+01
-1.629386e+01
-7.570700e+00
2.116668e+00
1.417169e+01
2.535915e+01
2.699188e+01
1.563726e+01

3.870709e+01
6.589957e+01
-8.527938e+01
-7.544091e+01
-5.744347e+01
-4.058351e+01
-3.830399e+01
-4.146582e+01
-4.438360e+01
-4.707833e+01
-4.956791e+01
-5.187446e+01
-5.402906e+01
-5.607348e+01
-5.805933e+01
-6.004603e+01
-6.210032e+01
-6.430127e+01
-6.675632e+01
-6.963681e+01
-7.324791e+01
-7.816384e+01
-8.548916e+01
8.272269e+01
6.365563e+01
3.820443e+01
1.220661e+01
5.784670e+00
1.700761e+01
2.611302e+01
3.008921e+01
3.310837e+01

5.366027e+01
6.881062e+01
6.995216e+01
7.432647e+01
7.627155e+01
7.581873e+01
7.528481e+01
7.469414e+01
7.417853e+01
7.372389e+01
7.331610e+01
7.294280e+01
7.259466e+01
7.226584e+01
7.195343e+01
7.165641e+01
7.137439e+01
7.110692e+01
7.085344e+01
7.061400e+01
7.039042e+01
7.018714e+01
7.001136e+01
6.987204e+01
6.977800e+01
6.973553e+01
6.997230e+01
6.987772e+01
6.065177e+01
3.582783e+01
3.374645e+01
3.913601e+01

