1.019117e+02 
7.584663e+01 
5.219397e+01 
3.990242e+01 
3.348949e+01 
3.169579e+01 
3.116891e+01 
3.074889e+01 
3.033220e+01 
2.991920e+01 
2.951294e+01 
2.911791e+01 
2.873863e+01 
2.837864e+01 
2.803990e+01 
2.772290e+01 
2.742705e+01 
2.715111e+01 
2.689332e+01 
2.665141e+01 
2.642237e+01 
2.620246e+01 
2.598751e+01 
2.577344e+01 
2.555694e+01 
2.533618e+01 
2.517068e+01 
2.525004e+01 
2.761383e+01 
3.763444e+01 
6.243088e+01 
1.223692e+02 

2.444527e+01 
2.070377e+01 
2.804976e+01 
3.171877e+01 
3.296516e+01 
2.976384e+01 
2.641213e+01 
2.423879e+01 
2.249293e+01 
2.107298e+01 
1.990019e+01 
1.891464e+01 
1.807251e+01 
1.734365e+01 
1.670864e+01 
1.615558e+01 
1.567709e+01 
1.526814e+01 
1.492507e+01 
1.464551e+01 
1.442868e+01 
1.427579e+01 
1.419009e+01 
1.417677e+01 
1.424275e+01 
1.439658e+01 
1.489333e+01 
1.656788e+01 
2.068592e+01 
3.002373e+01 
3.983673e+01 
4.574539e+01 

4.131495e+01 
1.981032e+00 
6.220614e+00 
7.122284e+00 
9.293333e+00 
1.965123e+01 
2.297717e+01 
1.571778e+01 
1.130856e+01 
8.519956e+00 
6.695358e+00 
5.471371e+00 
4.637589e+00 
4.066673e+00 
3.678585e+00 
3.421689e+00 
3.262349e+00 
3.178916e+00 
3.158078e+00 
3.192654e+00 
3.280407e+00 
3.423605e+00 
3.629187e+00 
3.909398e+00 
4.282963e+00 
4.776988e+00 
5.050472e+00 
5.115500e+00 
6.218721e+00 
9.312541e+00 
9.138867e+00 
4.660349e+01 

9.059239e+01 
5.402709e+00 
6.284664e-01 
1.687497e+00 
3.103962e+00 
2.623125e+01 
3.076549e+02 
1.925608e+04 
1.779921e+02 
4.669947e+01 
2.055667e+01 
1.130306e+01 
7.031724e+00 
4.728724e+00 
3.355594e+00 
2.480566e+00 
1.899866e+00 
1.508395e+00 
1.248815e+00 
1.089760e+00 
1.016704e+00 
1.029694e+00 
1.146566e+00 
1.413374e+00 
1.928296e+00 
2.895848e+00 
1.733053e+00 
1.084130e+00 
1.582016e+00 
1.750364e+00 
6.966845e+00 
8.972885e+01 

1.050971e+02 
4.308161e+01 
1.044652e+00 
7.035323e-01 
2.839620e+00 
8.118899e+01 
2.459515e+01 
3.943147e+01 
8.173769e+01 
2.673416e+02 
6.764466e+02 
1.636109e+02 
5.585257e+01 
2.667578e+01 
1.502055e+01 
9.213722e+00 
5.930188e+00 
3.953251e+00 
2.756119e+00 
2.085071e+00 
1.824699e+00 
1.979029e+00 
2.761303e+00 
4.952031e+00 
1.135802e+01 
3.501697e+01 
3.059507e+00 
4.764683e-01 
6.498971e-01 
6.751811e+00 
5.148692e+01 
1.058209e+02 

1.019898e+02 
9.098684e+01 
2.744630e+01 
4.614899e+00 
1.020362e+02 
3.443133e+02 
4.535450e+01 
5.279027e+01 
6.808940e+01 
1.024429e+02 
1.976814e+02 
6.262174e+02 
7.177329e+03 
1.007206e+03 
2.471690e+02 
1.131735e+02 
6.924755e+01 
5.203996e+01 
4.791671e+01 
5.634965e+01 
9.151313e+01 
2.417077e+02 
2.114126e+03 
3.782545e+03 
4.684534e+02 
2.133146e+02 
6.266294e+02 
5.348211e+00 
1.419615e+01 
5.941431e+01 
9.548535e+01 
1.022502e+02 

1.000027e+02 
1.000039e+02 
9.994756e+01 
1.001900e+02 
1.002188e+02 
1.000699e+02 
9.988669e+01 
9.989939e+01 
9.992569e+01 
9.997142e+01 
1.000421e+02 
1.001402e+02 
1.002613e+02 
1.003915e+02 
1.005087e+02 
1.005889e+02 
1.006154e+02 
1.005854e+02 
1.005107e+02 
1.004118e+02 
1.003092e+02 
1.002174e+02 
1.001432e+02 
1.000871e+02 
1.000466e+02 
1.000181e+02 
1.001976e+02 
1.004065e+02 
9.991459e+01 
9.999173e+01 
1.000060e+02 
1.000027e+02 

1.000026e+02 
1.000035e+02 
9.994844e+01 
9.866560e+01 
1.002846e+02 
1.000847e+02 
9.984440e+01 
9.985111e+01 
9.987425e+01 
9.992393e+01 
1.000123e+02 
1.001488e+02 
1.003319e+02 
1.005400e+02 
1.007320e+02 
1.008600e+02 
1.008903e+02 
1.008205e+02 
1.006789e+02 
1.005086e+02 
1.003479e+02 
1.002178e+02 
1.001229e+02 
1.000581e+02 
1.000157e+02 
9.998864e+01 
1.002536e+02 
9.974869e+01 
9.989031e+01 
9.998816e+01 
1.000066e+02 
1.000027e+02 

1.000025e+02 
1.000032e+02 
9.995096e+01 
9.940130e+01 
1.002945e+02 
1.001079e+02 
9.979307e+01 
9.978914e+01 
9.980318e+01 
9.985092e+01 
9.995637e+01 
1.001471e+02 
1.004337e+02 
1.007871e+02 
1.011262e+02 
1.013448e+02 
1.013717e+02 
1.012079e+02 
1.009258e+02 
1.006233e+02 
1.003698e+02 
1.001903e+02 
1.000764e+02 
1.000083e+02 
9.996927e+01 
9.994800e+01 
1.003366e+02 
9.965751e+01 
9.988512e+01 
9.998652e+01 
1.000071e+02 
1.000027e+02 

1.000024e+02 
1.000029e+02 
9.995384e+01 
9.961902e+01 
9.952877e+01 
1.001488e+02 
9.973369e+01 
9.971354e+01 
9.970996e+01 
9.974389e+01 
9.985549e+01 
1.001103e+02 
1.005745e+02 
1.012114e+02 
1.018536e+02 
1.022649e+02 
1.022580e+02 
1.018647e+02 
1.012839e+02 
1.007322e+02 
1.003415e+02 
1.001132e+02 
9.999262e+01 
9.993265e+01 
9.990539e+01 
9.989562e+01 
1.004004e+02 
9.968693e+01 
9.988634e+01 
9.998603e+01 
1.000076e+02 
1.000026e+02 

1.000023e+02 
1.000026e+02 
9.995665e+01 
9.971370e+01 
9.905679e+01 
1.002299e+02 
9.966903e+01 
9.962718e+01 
9.959623e+01 
9.959954e+01 
9.968848e+01 
9.998385e+01 
1.006807e+02 
1.019407e+02 
1.033665e+02 
1.041858e+02 
1.040599e+02 
1.030621e+02 
1.017436e+02 
1.007516e+02 
1.002120e+02 
9.996642e+01 
9.986555e+01 
9.983000e+01 
9.982463e+01 
9.983265e+01 
1.001332e+02 
9.971675e+01 
9.988952e+01 
9.998620e+01 
1.000081e+02 
1.000026e+02 

1.000023e+02 
1.000024e+02 
9.995925e+01 
9.976558e+01 
9.933899e+01 
1.003813e+02 
9.960379e+01 
9.953642e+01 
9.947004e+01 
9.942562e+01 
9.945714e+01 
9.969753e+01 
1.005984e+02 
1.022055e+02 
1.040256e+02 
1.052920e+02 
1.050887e+02 
1.036887e+02 
1.019453e+02 
1.005767e+02 
9.994827e+01 
9.975141e+01 
9.970025e+01 
9.970547e+01 
9.973116e+01 
9.976230e+01 
9.974788e+01 
9.973781e+01 
9.989313e+01 
9.998673e+01 
1.000086e+02 
1.000026e+02 

1.000022e+02 
1.000021e+02 
9.996159e+01 
9.979817e+01 
9.950398e+01 
9.895529e+01 
9.954416e+01 
9.945059e+01 
9.934567e+01 
9.924419e+01 
9.919257e+01 
9.930777e+01 
1.000747e+02 
1.018106e+02 
1.040036e+02 
1.055653e+02 
1.054353e+02 
1.038126e+02 
1.017371e+02 
1.001996e+02 
9.960412e+01 
9.949895e+01 
9.951524e+01 
9.957086e+01 
9.963271e+01 
9.968981e+01 
9.967862e+01 
9.975239e+01 
9.989664e+01 
9.998742e+01 
1.000091e+02 
1.000027e+02 

1.000022e+02 
1.000019e+02 
9.996367e+01 
9.982068e+01 
9.959323e+01 
9.921885e+01 
9.949675e+01 
9.938021e+01 
9.924026e+01 
9.908510e+01 
9.894958e+01 
9.893476e+01 
9.945984e+01 
1.009820e+02 
1.030428e+02 
1.046376e+02 
1.047548e+02 
1.032739e+02 
1.013003e+02 
9.984395e+01 
9.928306e+01 
9.925558e+01 
9.933726e+01 
9.944192e+01 
9.953925e+01 
9.962164e+01 
9.969963e+01 
9.976306e+01 
9.989980e+01 
9.998814e+01 
1.000096e+02 
1.000027e+02 

1.000021e+02 
1.000017e+02 
9.996549e+01 
9.983740e+01 
9.964711e+01 
9.948720e+01 
9.946739e+01 
9.933463e+01 
9.916912e+01 
9.897390e+01 
9.877754e+01 
9.867346e+01 
9.909077e+01 
1.004954e+02 
1.025547e+02 
1.042725e+02 
1.044917e+02 
1.030892e+02 
1.011126e+02 
9.960651e+01 
9.904925e+01 
9.906149e+01 
9.919054e+01 
9.933433e+01 
9.946094e+01 
9.956445e+01 
9.972968e+01 
9.977131e+01 
9.990241e+01 
9.998882e+01 
1.000101e+02 
1.000027e+02 

1.000021e+02 
1.000015e+02 
9.996706e+01 
9.985062e+01 
9.968358e+01 
9.958899e+01 
9.946003e+01 
9.932015e+01 
9.914201e+01 
9.892514e+01 
9.869446e+01 
9.854560e+01 
9.892408e+01 
1.003349e+02 
1.024453e+02 
1.042210e+02 
1.044674e+02 
1.030341e+02 
1.010026e+02 
9.946146e+01 
9.890057e+01 
9.893386e+01 
9.909126e+01 
9.926026e+01 
9.940622e+01 
9.952394e+01 
9.975282e+01 
9.977745e+01 
9.990415e+01 
9.998939e+01 
1.000107e+02 
1.000027e+02 

1.000020e+02 
1.000012e+02 
9.996840e+01 
9.986158e+01 
9.971110e+01 
9.964001e+01 
9.947609e+01 
9.933914e+01 
9.916247e+01 
9.894235e+01 
9.869717e+01 
9.851354e+01 
9.883240e+01 
1.001622e+02 
1.021955e+02 
1.039338e+02 
1.041951e+02 
1.028128e+02 
1.008387e+02 
9.934459e+01 
9.881846e+01 
9.887532e+01 
9.904796e+01 
9.922731e+01 
9.938072e+01 
9.950399e+01 
9.974928e+01 
9.978021e+01 
9.990445e+01 
9.998981e+01 
1.000114e+02 
1.000028e+02 

1.000020e+02 
1.000010e+02 
9.996953e+01 
9.987102e+01 
9.973384e+01 
9.967068e+01 
9.951427e+01 
9.938996e+01 
9.922856e+01 
9.902332e+01 
9.878081e+01 
9.855664e+01 
9.874032e+01 
9.983273e+01 
1.015951e+02 
1.031544e+02 
1.034459e+02 
1.022726e+02 
1.005462e+02 
9.923711e+01 
9.880531e+01 
9.889124e+01 
9.906496e+01 
9.923858e+01 
9.938662e+01 
9.950615e+01 
9.962888e+01 
9.977551e+01 
9.990224e+01 
9.999000e+01 
1.000123e+02 
1.000028e+02 

1.000020e+02 
1.000008e+02 
9.997048e+01 
9.987933e+01 
9.975375e+01 
9.969031e+01 
9.957078e+01 
9.946728e+01 
9.933344e+01 
9.916128e+01 
9.894764e+01 
9.869978e+01 
9.868926e+01 
9.926085e+01 
1.003502e+02 
1.015021e+02 
1.018327e+02 
1.011555e+02 
1.000923e+02 
9.919547e+01 
9.889368e+01 
9.899073e+01 
9.914189e+01 
9.929227e+01 
9.942239e+01 
9.952938e+01 
9.935999e+01 
9.975173e+01 
9.989532e+01 
9.998983e+01 
1.000133e+02 
1.000029e+02 

1.000019e+02 
1.000006e+02 
9.997129e+01 
9.988672e+01 
9.977149e+01 
9.970002e+01 
9.963983e+01 
9.956259e+01 
9.946523e+01 
9.934210e+01 
9.918744e+01 
9.899205e+01 
9.880896e+01 
9.902920e+01 
9.965503e+01 
1.003262e+02 
1.006918e+02 
1.004196e+02 
9.981902e+01 
9.931274e+01 
9.911630e+01 
9.916798e+01 
9.926955e+01 
9.938073e+01 
9.948269e+01 
9.957024e+01 
9.958382e+01 
9.966450e+01 
9.987855e+01 
9.998897e+01 
1.000146e+02 
1.000029e+02 

1.000019e+02 
1.000003e+02 
9.997197e+01 
9.989325e+01 
9.978687e+01 
9.969472e+01 
9.971451e+01 
9.966536e+01 
9.960780e+01 
9.954157e+01 
9.946639e+01 
9.938617e+01 
9.928723e+01 
9.934327e+01 
9.962242e+01 
9.998091e+01 
1.002536e+02 
1.002017e+02 
9.992753e+01 
9.962910e+01 
9.942861e+01 
9.939065e+01 
9.942748e+01 
9.949067e+01 
9.955911e+01 
9.962337e+01 
9.975533e+01 
9.923317e+01 
9.983810e+01 
9.998646e+01 
1.000160e+02 
1.000030e+02 

1.000019e+02 
1.000001e+02 
9.997256e+01 
9.989890e+01 
9.979912e+01 
9.965802e+01 
9.978795e+01 
9.976484e+01 
9.974396e+01 
9.973007e+01 
9.973218e+01 
9.976543e+01 
9.986033e+01 
1.000355e+02 
1.003225e+02 
1.006137e+02 
1.007089e+02 
1.005927e+02 
1.003053e+02 
9.996139e+01 
9.972154e+01 
9.961198e+01 
9.958816e+01 
9.960617e+01 
9.964177e+01 
9.968253e+01 
9.984089e+01 
1.000753e+02 
9.976934e+01 
9.997932e+01 
1.000177e+02 
1.000031e+02 

1.000018e+02 
9.999986e+01 
9.997308e+01 
9.990359e+01 
9.980709e+01 
9.952924e+01 
9.985445e+01 
9.985238e+01 
9.985976e+01 
9.988405e+01 
9.993739e+01 
1.000387e+02 
1.002103e+02 
1.004630e+02 
1.007401e+02 
1.009302e+02 
1.009471e+02 
1.007674e+02 
1.004654e+02 
1.001587e+02 
9.992642e+01 
9.978994e+01 
9.972849e+01 
9.971286e+01 
9.972157e+01 
9.974177e+01 
9.989216e+01 
1.000759e+02 
9.996940e+01 
9.996342e+01 
1.000196e+02 
1.000032e+02 

1.000018e+02 
9.999962e+01 
9.997356e+01 
9.990720e+01 
9.980912e+01 
9.881183e+01 
9.991034e+01 
9.992285e+01 
9.994799e+01 
9.999282e+01 
1.000671e+02 
1.001816e+02 
1.003415e+02 
1.005305e+02 
1.007057e+02 
1.008090e+02 
1.007946e+02 
1.006610e+02 
1.004509e+02 
1.002266e+02 
1.000394e+02 
9.991061e+01 
9.983636e+01 
9.980173e+01 
9.979201e+01 
9.979648e+01 
9.992631e+01 
1.000489e+02 
1.000314e+02 
9.996363e+01 
1.000212e+02 
1.000033e+02 

1.000018e+02 
9.999938e+01 
9.997400e+01 
9.990957e+01 
9.980271e+01 
1.007216e+02 
9.995419e+01 
9.997502e+01 
1.000084e+02 
1.000593e+02 
1.001330e+02 
1.002326e+02 
1.003541e+02 
1.004817e+02 
1.005875e+02 
1.006403e+02 
1.006195e+02 
1.005265e+02 
1.003849e+02 
1.002292e+02 
1.000896e+02 
9.998273e+01 
9.991141e+01 
9.986991e+01 
9.984987e+01 
9.984384e+01 
9.994989e+01 
1.000355e+02 
1.000256e+02 
9.997788e+01 
1.000216e+02 
1.000034e+02 

1.000018e+02 
9.999914e+01 
9.997442e+01 
9.991049e+01 
9.978324e+01 
1.002850e+02 
9.998639e+01 
1.000106e+02 
1.000454e+02 
1.000936e+02 
1.001571e+02 
1.002350e+02 
1.003217e+02 
1.004050e+02 
1.004681e+02 
1.004946e+02 
1.004746e+02 
1.004103e+02 
1.003148e+02 
1.002072e+02 
1.001056e+02 
1.000217e+02 
9.995997e+01 
9.991901e+01 
9.989482e+01 
9.988278e+01 
9.996623e+01 
1.000280e+02 
1.000185e+02 
9.998529e+01 
1.000182e+02 
1.000035e+02 

1.008500e+02 
9.252447e+01 
6.546839e+01 
3.802761e+01 
2.001652e+01 
1.373289e+02 
9.821272e+01 
1.311381e+02 
2.025932e+02 
3.751581e+02 
6.571282e+02 
5.231803e+02 
2.962892e+02 
2.136256e+02 
2.084846e+02 
2.725373e+02 
4.909031e+02 
1.263337e+03 
1.738801e+03 
5.921173e+02 
2.425183e+02 
1.315169e+02 
8.581244e+01 
6.364379e+01 
5.184828e+01 
4.532005e+01 
6.776860e+01 
9.689157e+01 
9.281198e+01 
7.942401e+01 
9.232802e+01 
1.038186e+02 

1.005189e+02 
6.506973e+01 
2.281238e+01 
9.265266e+00 
4.872069e+00 
2.929550e+00 
1.524882e+02 
2.057559e+02 
1.396834e+02 
7.350923e+01 
4.466181e+01 
3.314450e+01 
2.948377e+01 
3.063309e+01 
3.641897e+01 
4.910994e+01 
7.591467e+01 
1.407172e+02 
3.507341e+02 
1.299876e+03 
9.457258e+02 
2.625248e+02 
1.111615e+02 
6.096441e+01 
3.909961e+01 
2.791371e+01 
5.028422e+01 
7.789111e+01 
6.390064e+01 
4.697272e+01 
3.799648e+01 
1.162366e+02 

8.955175e+01 
3.342611e+01 
7.441119e+00 
2.637230e+00 
1.539713e+00 
2.468645e+01 
8.905587e+01 
6.854117e+01 
5.295040e+01 
4.313521e+01 
3.760074e+01 
3.511586e+01 
3.505012e+01 
3.730825e+01 
4.235009e+01 
5.145610e+01 
6.752990e+01 
9.734890e+01 
1.581798e+02 
2.944851e+02 
5.339734e+02 
4.824056e+02 
2.349975e+02 
1.161660e+02 
6.565436e+01 
4.147791e+01 
6.444303e+01 
9.139894e+01 
6.298795e+01 
3.424033e+01 
2.379671e+01 
1.233001e+02 

6.532871e+01 
1.409691e+01 
3.086271e+00 
1.385162e+01 
6.258366e+01 
1.145073e+02 
9.420305e+01 
8.400433e+01 
7.634319e+01 
7.112379e+01 
6.812726e+01 
6.720357e+01 
6.836087e+01 
7.183532e+01 
7.819625e+01 
8.854590e+01 
1.049105e+02 
1.309916e+02 
1.734204e+02 
2.423617e+02 
3.412604e+02 
4.168540e+02 
3.654915e+02 
2.430525e+02 
1.500536e+02 
9.552379e+01 
9.169339e+01 
1.019600e+02 
6.802706e+01 
3.433580e+01 
2.374261e+01 
6.041471e+01 

5.217081e+01 
2.256932e+01 
6.221367e+01 
1.678702e+02 
2.814499e+02 
2.373883e+02 
1.937451e+02 
1.772836e+02 
1.664860e+02 
1.601062e+02 
1.573894e+02 
1.579191e+02 
1.615460e+02 
1.683721e+02 
1.787813e+02 
1.935245e+02 
2.138898e+02 
2.420297e+02 
2.815995e+02 
3.390189e+02 
4.260229e+02 
5.647593e+02 
7.962329e+02 
1.177301e+03 
1.650272e+03 
1.710533e+03 
9.743637e+02 
2.455070e+02 
8.666468e+01 
4.668193e+01 
3.273220e+01 
4.583574e+01 

8.182864e+01 
7.132904e+01 
7.534185e+01 
8.174045e+01 
7.372073e+01 
6.891136e+01 
6.811418e+01 
6.895013e+01 
6.985289e+01 
7.080431e+01 
7.179798e+01 
7.283894e+01 
7.394138e+01 
7.512497e+01 
7.641098e+01 
7.781899e+01 
7.936481e+01 
8.105954e+01 
8.290956e+01 
8.491769e+01 
8.708594e+01 
8.942039e+01 
9.193792e+01 
9.467356e+01 
9.768707e+01 
1.010674e+02 
1.060060e+02 
1.234162e+02 
1.829628e+02 
1.373739e+02 
7.855294e+01 
7.935391e+01 

