  8.602916874972182E-019
  8.602916874972182E-019
  8.602916874972182E-019
  8.602916874972182E-019
  8.602916874972182E-019
  8.602916874972182E-019
  8.602916874972182E-019
  8.602916874972182E-019
  8.602916874972182E-019
  8.602916874972182E-019
  8.602916874972182E-019
  8.602916874972182E-019
  8.602916874972182E-019
  8.602916874972182E-019
  8.602916874972182E-019
  8.602916874972182E-019
  8.602916874972182E-019
  8.602916874972182E-019
  8.602916874972182E-019
  8.602916874972182E-019
  8.602916874972182E-019
  8.602916874972182E-019
  8.602916874972182E-019
  8.602916874972182E-019
  8.602916874972182E-019
  8.602916874972182E-019
  8.602916874972182E-019
  8.602916874972182E-019
  8.602494322744785E-019
  8.601234576945269E-019
  8.599149441052602E-019
  8.596250634763251E-019
  8.592549794011467E-019
  8.588058470997508E-019
  8.582788134223671E-019
  8.576750168538016E-019
  8.569955875185698E-019
  8.562416471867748E-019
  8.554143092807252E-019
  8.545146788822760E-019
  8.535438527408871E-019
  8.525029192823842E-019
  8.513929586184131E-019
  8.502150425565791E-019
  8.486487046100035E-019
  8.465504254739968E-019
  8.437091873498887E-019
  8.398231211468164E-019
  8.344692351011761E-019
  8.270464812473940E-019
  8.167016337277884E-019
  8.022134900444071E-019
  7.819680081415482E-019
  7.538198406434030E-019
  7.151910676845111E-019
  6.628771699582091E-019
  5.934699534126762E-019
  5.052062047513519E-019
  3.982666152476921E-019
  2.779887689750038E-019
  1.563896344326170E-019
  5.210985699281318E-020
 -1.539895022898594E-020
 -3.716227725669780E-020
 -2.507794421879065E-020
 -5.933240377966773E-021
  1.478084918104071E-021
