 -1.913971846012754E-018
 -1.865624728258176E-018
 -1.817277610503597E-018
 -1.768930492749018E-018
 -1.720583374994439E-018
 -1.672575875674147E-018
 -1.625247480891432E-018
 -1.578597797744688E-018
 -1.532626180012470E-018
 -1.487331735424080E-018
 -1.442713332824470E-018
 -1.398769609233622E-018
 -1.355498976800560E-018
 -1.312899629652221E-018
 -1.270969550637431E-018
 -1.229706517966252E-018
 -1.189108111745040E-018
 -1.149171720407536E-018
 -1.109894547042378E-018
 -1.071273615617446E-018
 -1.033305777101461E-018
