  1.720583374994439E-018
  1.720583374994439E-018
  1.720583374994439E-018
  1.720583374994439E-018
  1.720583374994439E-018
  1.720246915389057E-018
  1.719250126952654E-018
  1.717611694199505E-018
  1.715350033707607E-018
  1.712483294373554E-018
  1.709029357764556E-018
  1.705005838564773E-018
  1.700430085113163E-018
  1.695319180030121E-018
  1.689689940930183E-018
  1.683558921218149E-018
  1.676942410965996E-018
  1.669856437867999E-018
  1.662316768271532E-018
  1.654338908281037E-018
  1.645938104932712E-018
