4.500047e+01
4.500047e+01
4.500047e+01
4.500047e+01
4.500047e+01
4.500047e+01
4.500047e+01
4.500047e+01
4.500047e+01
4.500047e+01
4.500047e+01
4.500047e+01
4.500047e+01
4.500047e+01
4.500047e+01
4.500047e+01
4.500047e+01
4.500047e+01
4.500047e+01
4.500047e+01
4.500047e+01
4.500047e+01
4.500047e+01
4.500047e+01
4.500047e+01
4.500047e+01
4.500047e+01
4.500047e+01
4.500047e+01
4.500047e+01
4.500047e+01
4.500047e+01
4.500047e+01
4.500047e+01
4.500047e+01
4.500047e+01
4.500047e+01
4.500047e+01
4.500047e+01
4.500047e+01
4.500047e+01
4.500047e+01
4.500047e+01
4.500047e+01
4.500047e+01
4.500047e+01
4.500047e+01
4.500047e+01
4.500047e+01
4.500047e+01
4.500047e+01
4.500047e+01
4.500047e+01
4.500047e+01
4.500047e+01
4.500047e+01
4.500047e+01
4.500047e+01
4.500047e+01
4.500047e+01
4.500047e+01
4.500047e+01
4.500047e+01
4.500047e+01
4.500047e+01
4.500047e+01

4.500047e+01
4.500047e+01
4.500047e+01
4.500047e+01
4.500047e+01
4.500047e+01
4.500047e+01
4.500047e+01
4.500047e+01
4.500047e+01
4.500047e+01
4.500047e+01
4.500047e+01
4.500047e+01
4.500047e+01
4.500047e+01
4.500047e+01
4.500047e+01
4.500047e+01
4.500047e+01
4.500047e+01
4.500047e+01
4.500047e+01
4.500047e+01
4.500047e+01
4.500047e+01
4.500047e+01
4.500047e+01
4.500047e+01
4.500047e+01
4.500047e+01
4.500047e+01
4.500047e+01
4.500047e+01
4.500047e+01
4.500047e+01
4.500047e+01
4.500047e+01
4.500047e+01
4.500047e+01
4.500047e+01
4.500047e+01
4.500047e+01
4.500047e+01
4.500047e+01
4.500047e+01
4.500047e+01
4.500047e+01
4.500047e+01
4.500047e+01
4.500047e+01
4.500047e+01
4.500047e+01
4.500047e+01
4.500047e+01
4.500047e+01
4.500047e+01
4.500047e+01
4.500047e+01
4.500047e+01
4.500047e+01
4.500047e+01
4.500047e+01
4.500047e+01
4.500047e+01
4.500047e+01

4.500047e+01
4.500047e+01
4.500047e+01
4.500047e+01
4.500047e+01
4.500047e+01
4.500047e+01
4.500047e+01
4.500047e+01
4.500047e+01
4.500047e+01
4.500047e+01
4.500047e+01
4.500047e+01
4.500047e+01
4.500047e+01
4.500047e+01
4.500047e+01
4.500047e+01
4.500047e+01
4.500047e+01
4.500047e+01
4.500047e+01
4.500047e+01
4.500047e+01
4.500047e+01
4.500047e+01
4.500047e+01
4.500047e+01
4.500047e+01
4.500047e+01
4.500047e+01
4.500047e+01
4.500047e+01
4.500047e+01
4.500047e+01
4.500047e+01
4.500047e+01
4.500047e+01
4.500047e+01
4.500047e+01
4.500047e+01
4.500047e+01
4.500047e+01
4.500047e+01
4.500047e+01
4.500047e+01
4.500047e+01
4.500047e+01
4.500047e+01
4.500047e+01
4.500047e+01
4.500047e+01
4.500047e+01
4.500047e+01
4.500047e+01
4.500047e+01
4.500047e+01
4.500047e+01
4.500047e+01
4.500047e+01
4.500047e+01
4.500047e+01
4.500047e+01
4.500047e+01
4.500047e+01

4.500047e+01
4.500047e+01
4.500047e+01
4.500047e+01
4.500047e+01
4.500047e+01
4.500047e+01
4.500047e+01
4.500047e+01
4.500047e+01
4.500047e+01
4.500047e+01
4.500047e+01
4.500047e+01
4.500046e+01
4.500046e+01
4.500046e+01
4.500046e+01
4.500046e+01
4.500046e+01
4.500046e+01
4.500046e+01
4.500046e+01
4.500046e+01
4.500046e+01
4.500046e+01
4.500046e+01
4.500046e+01
4.500046e+01
4.500046e+01
4.500046e+01
4.500046e+01
4.500046e+01
4.500046e+01
4.500046e+01
4.500046e+01
4.500046e+01
4.500046e+01
4.500046e+01
4.500046e+01
4.500046e+01
4.500046e+01
4.500046e+01
4.500046e+01
4.500046e+01
4.500046e+01
4.500046e+01
4.500046e+01
4.500046e+01
4.500046e+01
4.500046e+01
4.500046e+01
4.500047e+01
4.500047e+01
4.500047e+01
4.500047e+01
4.500047e+01
4.500047e+01
4.500047e+01
4.500047e+01
4.500047e+01
4.500047e+01
4.500047e+01
4.500047e+01
4.500047e+01
4.500047e+01

4.500047e+01
4.500047e+01
4.500047e+01
4.500047e+01
4.500047e+01
4.500047e+01
4.500047e+01
4.500046e+01
4.500046e+01
4.500046e+01
4.500045e+01
4.500045e+01
4.500045e+01
4.500045e+01
4.500045e+01
4.500045e+01
4.500045e+01
4.500045e+01
4.500045e+01
4.500045e+01
4.500045e+01
4.500045e+01
4.500045e+01
4.500045e+01
4.500045e+01
4.500045e+01
4.500045e+01
4.500045e+01
4.500045e+01
4.500045e+01
4.500045e+01
4.500045e+01
4.500045e+01
4.500045e+01
4.500045e+01
4.500045e+01
4.500045e+01
4.500045e+01
4.500045e+01
4.500045e+01
4.500045e+01
4.500045e+01
4.500045e+01
4.500045e+01
4.500045e+01
4.500045e+01
4.500045e+01
4.500045e+01
4.500045e+01
4.500045e+01
4.500045e+01
4.500045e+01
4.500045e+01
4.500045e+01
4.500045e+01
4.500045e+01
4.500046e+01
4.500046e+01
4.500046e+01
4.500047e+01
4.500047e+01
4.500047e+01
4.500047e+01
4.500047e+01
4.500047e+01
4.500047e+01

4.500047e+01
4.500047e+01
4.500047e+01
4.500047e+01
4.500047e+01
4.500047e+01
4.500046e+01
4.500046e+01
4.500045e+01
4.500044e+01
4.500043e+01
4.500043e+01
4.500043e+01
4.500042e+01
4.500042e+01
4.500042e+01
4.500042e+01
4.500042e+01
4.500042e+01
4.500042e+01
4.500042e+01
4.500042e+01
4.500042e+01
4.500042e+01
4.500042e+01
4.500042e+01
4.500042e+01
4.500042e+01
4.500042e+01
4.500042e+01
4.500042e+01
4.500042e+01
4.500042e+01
4.500042e+01
4.500042e+01
4.500042e+01
4.500042e+01
4.500042e+01
4.500042e+01
4.500042e+01
4.500042e+01
4.500042e+01
4.500042e+01
4.500042e+01
4.500042e+01
4.500042e+01
4.500042e+01
4.500042e+01
4.500042e+01
4.500042e+01
4.500042e+01
4.500042e+01
4.500042e+01
4.500043e+01
4.500043e+01
4.500043e+01
4.500044e+01
4.500045e+01
4.500046e+01
4.500047e+01
4.500047e+01
4.500047e+01
4.500047e+01
4.500047e+01
4.500047e+01
4.500047e+01

4.500047e+01
4.500047e+01
4.500047e+01
4.500047e+01
4.500048e+01
4.500047e+01
4.500046e+01
4.500045e+01
4.500043e+01
4.500042e+01
4.500040e+01
4.500039e+01
4.500038e+01
4.500038e+01
4.500037e+01
4.500037e+01
4.500037e+01
4.500036e+01
4.500036e+01
4.500036e+01
4.500036e+01
4.500036e+01
4.500036e+01
4.500036e+01
4.500036e+01
4.500036e+01
4.500036e+01
4.500036e+01
4.500036e+01
4.500036e+01
4.500036e+01
4.500036e+01
4.500036e+01
4.500036e+01
4.500036e+01
4.500036e+01
4.500036e+01
4.500036e+01
4.500036e+01
4.500036e+01
4.500036e+01
4.500036e+01
4.500036e+01
4.500036e+01
4.500036e+01
4.500036e+01
4.500036e+01
4.500036e+01
4.500036e+01
4.500037e+01
4.500037e+01
4.500037e+01
4.500038e+01
4.500038e+01
4.500039e+01
4.500040e+01
4.500042e+01
4.500043e+01
4.500045e+01
4.500046e+01
4.500047e+01
4.500048e+01
4.500048e+01
4.500047e+01
4.500047e+01
4.500047e+01

4.500047e+01
4.500047e+01
4.500047e+01
4.500048e+01
4.500048e+01
4.500047e+01
4.500047e+01
4.500045e+01
4.500042e+01
4.500040e+01
4.500037e+01
4.500034e+01
4.500032e+01
4.500031e+01
4.500030e+01
4.500029e+01
4.500028e+01
4.500028e+01
4.500028e+01
4.500027e+01
4.500027e+01
4.500027e+01
4.500027e+01
4.500027e+01
4.500027e+01
4.500027e+01
4.500027e+01
4.500027e+01
4.500027e+01
4.500027e+01
4.500027e+01
4.500027e+01
4.500027e+01
4.500027e+01
4.500027e+01
4.500027e+01
4.500027e+01
4.500027e+01
4.500027e+01
4.500027e+01
4.500027e+01
4.500027e+01
4.500027e+01
4.500027e+01
4.500027e+01
4.500027e+01
4.500027e+01
4.500028e+01
4.500028e+01
4.500028e+01
4.500029e+01
4.500029e+01
4.500031e+01
4.500032e+01
4.500034e+01
4.500037e+01
4.500040e+01
4.500042e+01
4.500045e+01
4.500047e+01
4.500048e+01
4.500048e+01
4.500048e+01
4.500047e+01
4.500047e+01
4.500047e+01

4.500047e+01
4.500047e+01
4.500047e+01
4.500048e+01
4.500048e+01
4.500048e+01
4.500047e+01
4.500045e+01
4.500042e+01
4.500038e+01
4.500033e+01
4.500029e+01
4.500025e+01
4.500021e+01
4.500019e+01
4.500017e+01
4.500016e+01
4.500015e+01
4.500014e+01
4.500014e+01
4.500013e+01
4.500013e+01
4.500013e+01
4.500013e+01
4.500013e+01
4.500013e+01
4.500013e+01
4.500013e+01
4.500013e+01
4.500013e+01
4.500013e+01
4.500013e+01
4.500013e+01
4.500013e+01
4.500013e+01
4.500013e+01
4.500013e+01
4.500013e+01
4.500013e+01
4.500013e+01
4.500013e+01
4.500013e+01
4.500013e+01
4.500013e+01
4.500013e+01
4.500013e+01
4.500014e+01
4.500014e+01
4.500015e+01
4.500016e+01
4.500017e+01
4.500019e+01
4.500021e+01
4.500024e+01
4.500029e+01
4.500033e+01
4.500038e+01
4.500042e+01
4.500045e+01
4.500047e+01
4.500048e+01
4.500048e+01
4.500048e+01
4.500047e+01
4.500047e+01
4.500047e+01

4.500047e+01
4.500047e+01
4.500047e+01
4.500048e+01
4.500048e+01
4.500048e+01
4.500048e+01
4.500046e+01
4.500043e+01
4.500038e+01
4.500032e+01
4.500024e+01
4.500017e+01
4.500010e+01
4.500005e+01
4.500001e+01
4.499998e+01
4.499996e+01
4.499995e+01
4.499994e+01
4.499993e+01
4.499993e+01
4.499992e+01
4.499992e+01
4.499992e+01
4.499992e+01
4.499991e+01
4.499991e+01
4.499991e+01
4.499991e+01
4.499991e+01
4.499991e+01
4.499991e+01
4.499991e+01
4.499991e+01
4.499991e+01
4.499991e+01
4.499991e+01
4.499991e+01
4.499991e+01
4.499992e+01
4.499992e+01
4.499992e+01
4.499992e+01
4.499992e+01
4.499993e+01
4.499994e+01
4.499995e+01
4.499996e+01
4.499998e+01
4.500001e+01
4.500005e+01
4.500010e+01
4.500016e+01
4.500024e+01
4.500031e+01
4.500038e+01
4.500043e+01
4.500046e+01
4.500048e+01
4.500048e+01
4.500048e+01
4.500048e+01
4.500047e+01
4.500047e+01
4.500047e+01

4.500047e+01
4.500047e+01
4.500047e+01
4.500048e+01
4.500048e+01
4.500049e+01
4.500049e+01
4.500048e+01
4.500045e+01
4.500040e+01
4.500032e+01
4.500022e+01
4.500011e+01
4.500000e+01
4.499990e+01
4.499982e+01
4.499976e+01
4.499971e+01
4.499968e+01
4.499966e+01
4.499964e+01
4.499963e+01
4.499962e+01
4.499961e+01
4.499961e+01
4.499960e+01
4.499960e+01
4.499960e+01
4.499959e+01
4.499959e+01
4.499959e+01
4.499959e+01
4.499959e+01
4.499959e+01
4.499959e+01
4.499959e+01
4.499959e+01
4.499959e+01
4.499959e+01
4.499960e+01
4.499960e+01
4.499961e+01
4.499961e+01
4.499962e+01
4.499962e+01
4.499964e+01
4.499965e+01
4.499967e+01
4.499971e+01
4.499975e+01
4.499981e+01
4.499989e+01
4.499999e+01
4.500010e+01
4.500021e+01
4.500032e+01
4.500040e+01
4.500045e+01
4.500048e+01
4.500049e+01
4.500049e+01
4.500048e+01
4.500048e+01
4.500047e+01
4.500047e+01
4.500047e+01

4.500047e+01
4.500047e+01
4.500047e+01
4.500048e+01
4.500048e+01
4.500049e+01
4.500049e+01
4.500049e+01
4.500047e+01
4.500043e+01
4.500036e+01
4.500024e+01
4.500009e+01
4.499992e+01
4.499975e+01
4.499960e+01
4.499948e+01
4.499939e+01
4.499932e+01
4.499927e+01
4.499923e+01
4.499920e+01
4.499918e+01
4.499917e+01
4.499916e+01
4.499915e+01
4.499914e+01
4.499913e+01
4.499913e+01
4.499912e+01
4.499912e+01
4.499911e+01
4.499911e+01
4.499911e+01
4.499911e+01
4.499912e+01
4.499912e+01
4.499912e+01
4.499913e+01
4.499914e+01
4.499915e+01
4.499915e+01
4.499917e+01
4.499918e+01
4.499920e+01
4.499922e+01
4.499926e+01
4.499931e+01
4.499938e+01
4.499947e+01
4.499959e+01
4.499974e+01
4.499991e+01
4.500008e+01
4.500023e+01
4.500035e+01
4.500043e+01
4.500047e+01
4.500049e+01
4.500049e+01
4.500049e+01
4.500048e+01
4.500048e+01
4.500047e+01
4.500047e+01
4.500047e+01

4.500047e+01
4.500047e+01
4.500047e+01
4.500048e+01
4.500048e+01
4.500049e+01
4.500050e+01
4.500050e+01
4.500050e+01
4.500047e+01
4.500041e+01
4.500030e+01
4.500013e+01
4.499991e+01
4.499966e+01
4.499941e+01
4.499919e+01
4.499901e+01
4.499886e+01
4.499876e+01
4.499868e+01
4.499862e+01
4.499858e+01
4.499854e+01
4.499852e+01
4.499850e+01
4.499848e+01
4.499846e+01
4.499844e+01
4.499843e+01
4.499842e+01
4.499842e+01
4.499841e+01
4.499841e+01
4.499841e+01
4.499842e+01
4.499843e+01
4.499844e+01
4.499845e+01
4.499847e+01
4.499849e+01
4.499851e+01
4.499853e+01
4.499856e+01
4.499861e+01
4.499866e+01
4.499874e+01
4.499885e+01
4.499899e+01
4.499917e+01
4.499939e+01
4.499963e+01
4.499988e+01
4.500011e+01
4.500029e+01
4.500040e+01
4.500046e+01
4.500049e+01
4.500050e+01
4.500050e+01
4.500049e+01
4.500049e+01
4.500048e+01
4.500047e+01
4.500047e+01
4.500047e+01

4.500047e+01
4.500047e+01
4.500047e+01
4.500048e+01
4.500049e+01
4.500049e+01
4.500050e+01
4.500051e+01
4.500052e+01
4.500051e+01
4.500048e+01
4.500039e+01
4.500023e+01
4.499998e+01
4.499966e+01
4.499929e+01
4.499893e+01
4.499861e+01
4.499834e+01
4.499812e+01
4.499796e+01
4.499783e+01
4.499774e+01
4.499768e+01
4.499762e+01
4.499757e+01
4.499753e+01
4.499749e+01
4.499745e+01
4.499742e+01
4.499740e+01
4.499739e+01
4.499738e+01
4.499738e+01
4.499739e+01
4.499740e+01
4.499742e+01
4.499744e+01
4.499747e+01
4.499751e+01
4.499755e+01
4.499760e+01
4.499766e+01
4.499772e+01
4.499781e+01
4.499793e+01
4.499809e+01
4.499830e+01
4.499857e+01
4.499889e+01
4.499925e+01
4.499962e+01
4.499995e+01
4.500020e+01
4.500037e+01
4.500046e+01
4.500050e+01
4.500051e+01
4.500051e+01
4.500050e+01
4.500049e+01
4.500049e+01
4.500048e+01
4.500047e+01
4.500047e+01
4.500047e+01

4.500047e+01
4.500047e+01
4.500047e+01
4.500048e+01
4.500049e+01
4.500049e+01
4.500050e+01
4.500052e+01
4.500053e+01
4.500054e+01
4.500054e+01
4.500050e+01
4.500038e+01
4.500015e+01
4.499979e+01
4.499932e+01
4.499879e+01
4.499827e+01
4.499780e+01
4.499740e+01
4.499708e+01
4.499684e+01
4.499665e+01
4.499651e+01
4.499639e+01
4.499628e+01
4.499618e+01
4.499610e+01
4.499602e+01
4.499596e+01
4.499592e+01
4.499588e+01
4.499587e+01
4.499587e+01
4.499588e+01
4.499591e+01
4.499595e+01
4.499601e+01
4.499608e+01
4.499616e+01
4.499625e+01
4.499636e+01
4.499647e+01
4.499661e+01
4.499679e+01
4.499704e+01
4.499735e+01
4.499774e+01
4.499821e+01
4.499873e+01
4.499926e+01
4.499973e+01
4.500010e+01
4.500034e+01
4.500047e+01
4.500052e+01
4.500053e+01
4.500053e+01
4.500052e+01
4.500050e+01
4.500050e+01
4.500049e+01
4.500048e+01
4.500048e+01
4.500047e+01
4.500047e+01

4.500047e+01
4.500047e+01
4.500047e+01
4.500048e+01
4.500049e+01
4.500049e+01
4.500051e+01
4.500052e+01
4.500054e+01
4.500057e+01
4.500059e+01
4.500060e+01
4.500054e+01
4.500037e+01
4.500004e+01
4.499952e+01
4.499886e+01
4.499812e+01
4.499738e+01
4.499670e+01
4.499613e+01
4.499566e+01
4.499530e+01
4.499502e+01
4.499478e+01
4.499455e+01
4.499435e+01
4.499417e+01
4.499401e+01
4.499388e+01
4.499378e+01
4.499371e+01
4.499367e+01
4.499367e+01
4.499370e+01
4.499376e+01
4.499385e+01
4.499398e+01
4.499413e+01
4.499431e+01
4.499451e+01
4.499472e+01
4.499496e+01
4.499523e+01
4.499559e+01
4.499605e+01
4.499662e+01
4.499729e+01
4.499802e+01
4.499877e+01
4.499944e+01
4.499996e+01
4.500031e+01
4.500049e+01
4.500057e+01
4.500057e+01
4.500056e+01
4.500054e+01
4.500052e+01
4.500051e+01
4.500050e+01
4.500049e+01
4.500048e+01
4.500048e+01
4.500047e+01
4.500047e+01

4.500047e+01
4.500047e+01
4.500047e+01
4.500048e+01
4.500049e+01
4.500050e+01
4.500051e+01
4.500053e+01
4.500055e+01
4.500059e+01
4.500064e+01
4.500068e+01
4.500069e+01
4.500061e+01
4.500037e+01
4.499990e+01
4.499917e+01
4.499824e+01
4.499721e+01
4.499619e+01
4.499525e+01
4.499444e+01
4.499378e+01
4.499325e+01
4.499279e+01
4.499236e+01
4.499195e+01
4.499157e+01
4.499125e+01
4.499097e+01
4.499076e+01
4.499061e+01
4.499054e+01
4.499053e+01
4.499060e+01
4.499073e+01
4.499093e+01
4.499120e+01
4.499151e+01
4.499188e+01
4.499228e+01
4.499271e+01
4.499316e+01
4.499368e+01
4.499433e+01
4.499513e+01
4.499606e+01
4.499708e+01
4.499811e+01
4.499905e+01
4.499978e+01
4.500028e+01
4.500054e+01
4.500064e+01
4.500065e+01
4.500062e+01
4.500058e+01
4.500055e+01
4.500052e+01
4.500051e+01
4.500050e+01
4.500049e+01
4.500048e+01
4.500048e+01
4.500047e+01
4.500047e+01

4.500047e+01
4.500047e+01
4.500047e+01
4.500048e+01
4.500049e+01
4.500050e+01
4.500051e+01
4.500053e+01
4.500056e+01
4.500060e+01
4.500067e+01
4.500075e+01
4.500083e+01
4.500085e+01
4.500073e+01
4.500038e+01
4.499970e+01
4.499870e+01
4.499744e+01
4.499604e+01
4.499466e+01
4.499339e+01
4.499229e+01
4.499138e+01
4.499056e+01
4.498976e+01
4.498899e+01
4.498827e+01
4.498763e+01
4.498708e+01
4.498665e+01
4.498635e+01
4.498620e+01
4.498619e+01
4.498633e+01
4.498661e+01
4.498703e+01
4.498756e+01
4.498818e+01
4.498889e+01
4.498964e+01
4.499044e+01
4.499124e+01
4.499214e+01
4.499323e+01
4.499449e+01
4.499586e+01
4.499725e+01
4.499852e+01
4.499954e+01
4.500024e+01
4.500062e+01
4.500076e+01
4.500077e+01
4.500071e+01
4.500065e+01
4.500059e+01
4.500055e+01
4.500053e+01
4.500051e+01
4.500050e+01
4.500049e+01
4.500048e+01
4.500048e+01
4.500047e+01
4.500047e+01

4.500047e+01
4.500047e+01
4.500047e+01
4.500048e+01
4.500049e+01
4.500050e+01
4.500051e+01
4.500053e+01
4.500056e+01
4.500061e+01
4.500069e+01
4.500080e+01
4.500093e+01
4.500105e+01
4.500107e+01
4.500089e+01
4.500037e+01
4.499944e+01
4.499808e+01
4.499640e+01
4.499459e+01
4.499279e+01
4.499114e+01
4.498970e+01
4.498836e+01
4.498700e+01
4.498564e+01
4.498435e+01
4.498316e+01
4.498213e+01
4.498130e+01
4.498073e+01
4.498042e+01
4.498041e+01
4.498069e+01
4.498125e+01
4.498206e+01
4.498307e+01
4.498423e+01
4.498551e+01
4.498684e+01
4.498819e+01
4.498951e+01
4.499093e+01
4.499257e+01
4.499435e+01
4.499616e+01
4.499784e+01
4.499921e+01
4.500018e+01
4.500073e+01
4.500095e+01
4.500096e+01
4.500087e+01
4.500076e+01
4.500067e+01
4.500060e+01
4.500056e+01
4.500053e+01
4.500051e+01
4.500050e+01
4.500049e+01
4.500048e+01
4.500048e+01
4.500047e+01
4.500047e+01

4.500047e+01
4.500047e+01
4.500047e+01
4.500048e+01
4.500049e+01
4.500050e+01
4.500051e+01
4.500053e+01
4.500056e+01
4.500062e+01
4.500071e+01
4.500084e+01
4.500101e+01
4.500121e+01
4.500137e+01
4.500138e+01
4.500109e+01
4.500034e+01
4.499906e+01
4.499728e+01
4.499515e+01
4.499287e+01
4.499063e+01
4.498858e+01
4.498657e+01
4.498445e+01
4.498227e+01
4.498011e+01
4.497806e+01
4.497624e+01
4.497476e+01
4.497370e+01
4.497315e+01
4.497314e+01
4.497368e+01
4.497471e+01
4.497617e+01
4.497797e+01
4.497998e+01
4.498212e+01
4.498427e+01
4.498636e+01
4.498834e+01
4.499037e+01
4.499258e+01
4.499485e+01
4.499698e+01
4.499877e+01
4.500008e+01
4.500086e+01
4.500120e+01
4.500123e+01
4.500111e+01
4.500095e+01
4.500080e+01
4.500069e+01
4.500061e+01
4.500056e+01
4.500053e+01
4.500051e+01
4.500050e+01
4.500049e+01
4.500048e+01
4.500048e+01
4.500047e+01
4.500047e+01

4.500047e+01
4.500047e+01
4.500047e+01
4.500048e+01
4.500049e+01
4.500050e+01
4.500051e+01
4.500053e+01
4.500057e+01
4.500063e+01
4.500072e+01
4.500087e+01
4.500108e+01
4.500134e+01
4.500161e+01
4.500181e+01
4.500176e+01
4.500130e+01
4.500024e+01
4.499855e+01
4.499630e+01
4.499369e+01
4.499096e+01
4.498831e+01
4.498559e+01
4.498259e+01
4.497937e+01
4.497606e+01
4.497281e+01
4.496983e+01
4.496735e+01
4.496555e+01
4.496461e+01
4.496461e+01
4.496555e+01
4.496734e+01
4.496981e+01
4.497275e+01
4.497596e+01
4.497923e+01
4.498240e+01
4.498536e+01
4.498803e+01
4.499065e+01
4.499335e+01
4.499594e+01
4.499818e+01
4.499990e+01
4.500099e+01
4.500151e+01
4.500161e+01
4.500146e+01
4.500123e+01
4.500101e+01
4.500083e+01
4.500070e+01
4.500061e+01
4.500056e+01
4.500053e+01
4.500051e+01
4.500050e+01
4.500049e+01
4.500048e+01
4.500048e+01
4.500047e+01
4.500047e+01

4.500047e+01
4.500047e+01
4.500047e+01
4.500048e+01
4.500049e+01
4.500050e+01
4.500051e+01
4.500053e+01
4.500057e+01
4.500063e+01
4.500073e+01
4.500089e+01
4.500112e+01
4.500143e+01
4.500180e+01
4.500216e+01
4.500236e+01
4.500220e+01
4.500147e+01
4.500003e+01
4.499788e+01
4.499516e+01
4.499212e+01
4.498901e+01
4.498565e+01
4.498177e+01
4.497743e+01
4.497277e+01
4.496803e+01
4.496354e+01
4.495968e+01
4.495685e+01
4.495537e+01
4.495539e+01
4.495693e+01
4.495978e+01
4.496363e+01
4.496808e+01
4.497276e+01
4.497734e+01
4.498160e+01
4.498541e+01
4.498870e+01
4.499176e+01
4.499476e+01
4.499745e+01
4.499961e+01
4.500107e+01
4.500185e+01
4.500208e+01
4.500194e+01
4.500165e+01
4.500133e+01
4.500105e+01
4.500085e+01
4.500071e+01
4.500062e+01
4.500056e+01
4.500053e+01
4.500051e+01
4.500050e+01
4.500049e+01
4.500048e+01
4.500048e+01
4.500047e+01
4.500047e+01

4.500047e+01
4.500047e+01
4.500047e+01
4.500048e+01
4.500049e+01
4.500050e+01
4.500051e+01
4.500053e+01
4.500057e+01
4.500063e+01
4.500074e+01
4.500090e+01
4.500115e+01
4.500150e+01
4.500195e+01
4.500244e+01
4.500285e+01
4.500299e+01
4.500262e+01
4.500154e+01
4.499966e+01
4.499706e+01
4.499393e+01
4.499056e+01
4.498675e+01
4.498214e+01
4.497675e+01
4.497071e+01
4.496432e+01
4.495806e+01
4.495254e+01
4.494841e+01
4.494623e+01
4.494630e+01
4.494861e+01
4.495282e+01
4.495834e+01
4.496454e+01
4.497082e+01
4.497673e+01
4.498200e+01
4.498650e+01
4.499023e+01
4.499353e+01
4.499660e+01
4.499918e+01
4.500107e+01
4.500219e+01
4.500262e+01
4.500255e+01
4.500221e+01
4.500179e+01
4.500139e+01
4.500108e+01
4.500086e+01
4.500071e+01
4.500062e+01
4.500056e+01
4.500053e+01
4.500051e+01
4.500050e+01
4.500049e+01
4.500048e+01
4.500048e+01
4.500047e+01
4.500047e+01

4.500047e+01
4.500047e+01
4.500047e+01
4.500048e+01
4.500049e+01
4.500050e+01
4.500051e+01
4.500053e+01
4.500057e+01
4.500063e+01
4.500074e+01
4.500091e+01
4.500118e+01
4.500156e+01
4.500206e+01
4.500265e+01
4.500325e+01
4.500365e+01
4.500364e+01
4.500295e+01
4.500145e+01
4.499912e+01
4.499612e+01
4.499271e+01
4.498866e+01
4.498355e+01
4.497733e+01
4.497007e+01
4.496208e+01
4.495398e+01
4.494663e+01
4.494104e+01
4.493807e+01
4.493822e+01
4.494144e+01
4.494717e+01
4.495453e+01
4.496253e+01
4.497035e+01
4.497742e+01
4.498346e+01
4.498841e+01
4.499235e+01
4.499567e+01
4.499861e+01
4.500092e+01
4.500244e+01
4.500317e+01
4.500326e+01
4.500293e+01
4.500242e+01
4.500190e+01
4.500145e+01
4.500111e+01
4.500087e+01
4.500072e+01
4.500062e+01
4.500056e+01
4.500053e+01
4.500051e+01
4.500050e+01
4.500049e+01
4.500048e+01
4.500048e+01
4.500047e+01
4.500047e+01

4.500047e+01
4.500047e+01
4.500047e+01
4.500048e+01
4.500049e+01
4.500050e+01
4.500051e+01
4.500053e+01
4.500057e+01
4.500064e+01
4.500074e+01
4.500092e+01
4.500120e+01
4.500160e+01
4.500215e+01
4.500284e+01
4.500359e+01
4.500425e+01
4.500459e+01
4.500435e+01
4.500331e+01
4.500140e+01
4.499871e+01
4.499546e+01
4.499141e+01
4.498606e+01
4.497926e+01
4.497096e+01
4.496145e+01
4.495144e+01
4.494209e+01
4.493483e+01
4.493096e+01
4.493121e+01
4.493551e+01
4.494300e+01
4.495236e+01
4.496220e+01
4.497144e+01
4.497946e+01
4.498602e+01
4.499116e+01
4.499507e+01
4.499822e+01
4.500084e+01
4.500272e+01
4.500379e+01
4.500410e+01
4.500384e+01
4.500327e+01
4.500260e+01
4.500198e+01
4.500149e+01
4.500113e+01
4.500088e+01
4.500072e+01
4.500062e+01
4.500057e+01
4.500053e+01
4.500051e+01
4.500050e+01
4.500049e+01
4.500048e+01
4.500048e+01
4.500047e+01
4.500047e+01

4.500047e+01
4.500047e+01
4.500047e+01
4.500048e+01
4.500049e+01
4.500050e+01
4.500051e+01
4.500053e+01
4.500057e+01
4.500064e+01
4.500075e+01
4.500093e+01
4.500122e+01
4.500164e+01
4.500224e+01
4.500301e+01
4.500393e+01
4.500485e+01
4.500557e+01
4.500583e+01
4.500538e+01
4.500407e+01
4.500192e+01
4.499908e+01
4.499531e+01
4.499006e+01
4.498302e+01
4.497399e+01
4.496313e+01
4.495120e+01
4.493967e+01
4.493051e+01
4.492559e+01
4.492599e+01
4.493159e+01
4.494110e+01
4.495261e+01
4.496425e+01
4.497470e+01
4.498333e+01
4.499004e+01
4.499504e+01
4.499864e+01
4.500136e+01
4.500345e+01
4.500474e+01
4.500523e+01
4.500505e+01
4.500442e+01
4.500359e+01
4.500277e+01
4.500207e+01
4.500153e+01
4.500114e+01
4.500089e+01
4.500072e+01
4.500062e+01
4.500057e+01
4.500053e+01
4.500051e+01
4.500050e+01
4.500049e+01
4.500048e+01
4.500048e+01
4.500047e+01
4.500047e+01

4.500047e+01
4.500047e+01
4.500047e+01
4.500048e+01
4.500049e+01
4.500050e+01
4.500051e+01
4.500053e+01
4.500057e+01
4.500064e+01
4.500075e+01
4.500094e+01
4.500123e+01
4.500168e+01
4.500232e+01
4.500318e+01
4.500424e+01
4.500542e+01
4.500655e+01
4.500737e+01
4.500760e+01
4.500707e+01
4.500569e+01
4.500356e+01
4.500043e+01
4.499575e+01
4.498905e+01
4.497993e+01
4.496835e+01
4.495502e+01
4.494168e+01
4.493083e+01
4.492497e+01
4.492555e+01
4.493239e+01
4.494370e+01
4.495696e+01
4.496984e+01
4.498084e+01
4.498943e+01
4.499572e+01
4.500011e+01
4.500305e+01
4.500506e+01
4.500638e+01
4.500691e+01
4.500672e+01
4.500600e+01
4.500497e+01
4.500390e+01
4.500293e+01
4.500214e+01
4.500156e+01
4.500116e+01
4.500089e+01
4.500073e+01
4.500063e+01
4.500057e+01
4.500053e+01
4.500051e+01
4.500050e+01
4.500049e+01
4.500048e+01
4.500048e+01
4.500047e+01
4.500047e+01

4.500047e+01
4.500047e+01
4.500047e+01
4.500048e+01
4.500049e+01
4.500050e+01
4.500051e+01
4.500053e+01
4.500057e+01
4.500064e+01
4.500075e+01
4.500094e+01
4.500125e+01
4.500171e+01
4.500239e+01
4.500332e+01
4.500453e+01
4.500596e+01
4.500749e+01
4.500889e+01
4.500990e+01
4.501028e+01
4.500990e+01
4.500876e+01
4.500666e+01
4.500310e+01
4.499751e+01
4.498929e+01
4.497816e+01
4.496469e+01
4.495065e+01
4.493893e+01
4.493256e+01
4.493330e+01
4.494089e+01
4.495315e+01
4.496703e+01
4.497989e+01
4.499029e+01
4.499787e+01
4.500300e+01
4.500625e+01
4.500816e+01
4.500918e+01
4.500952e+01
4.500915e+01
4.500821e+01
4.500691e+01
4.500550e+01
4.500418e+01
4.500307e+01
4.500221e+01
4.500159e+01
4.500117e+01
4.500090e+01
4.500073e+01
4.500063e+01
4.500057e+01
4.500053e+01
4.500051e+01
4.500050e+01
4.500049e+01
4.500048e+01
4.500048e+01
4.500047e+01
4.500047e+01

4.500047e+01
4.500047e+01
4.500047e+01
4.500048e+01
4.500049e+01
4.500050e+01
4.500051e+01
4.500053e+01
4.500057e+01
4.500064e+01
4.500076e+01
4.500095e+01
4.500126e+01
4.500174e+01
4.500245e+01
4.500345e+01
4.500479e+01
4.500645e+01
4.500836e+01
4.501034e+01
4.501215e+01
4.501354e+01
4.501431e+01
4.501439e+01
4.501367e+01
4.501176e+01
4.500807e+01
4.500189e+01
4.499273e+01
4.498086e+01
4.496792e+01
4.495682e+01
4.495067e+01
4.495146e+01
4.495888e+01
4.497052e+01
4.498324e+01
4.499442e+01
4.500278e+01
4.500829e+01
4.501152e+01
4.501313e+01
4.501367e+01
4.501350e+01
4.501270e+01
4.501135e+01
4.500963e+01
4.500776e+01
4.500597e+01
4.500442e+01
4.500319e+01
4.500227e+01
4.500162e+01
4.500118e+01
4.500090e+01
4.500073e+01
4.500063e+01
4.500057e+01
4.500053e+01
4.500051e+01
4.500050e+01
4.500049e+01
4.500048e+01
4.500048e+01
4.500047e+01
4.500047e+01

4.500047e+01
4.500047e+01
4.500047e+01
4.500048e+01
4.500049e+01
4.500050e+01
4.500051e+01
4.500053e+01
4.500057e+01
4.500064e+01
4.500076e+01
4.500095e+01
4.500127e+01
4.500176e+01
4.500250e+01
4.500356e+01
4.500500e+01
4.500687e+01
4.500913e+01
4.501165e+01
4.501423e+01
4.501663e+01
4.501861e+01
4.502003e+01
4.502089e+01
4.502099e+01
4.501979e+01
4.501657e+01
4.501068e+01
4.500208e+01
4.499192e+01
4.498273e+01
4.497752e+01
4.497821e+01
4.498451e+01
4.499413e+01
4.500404e+01
4.501198e+01
4.501714e+01
4.501975e+01
4.502054e+01
4.502018e+01
4.501919e+01
4.501770e+01
4.501572e+01
4.501338e+01
4.501090e+01
4.500850e+01
4.500638e+01
4.500463e+01
4.500329e+01
4.500231e+01
4.500164e+01
4.500119e+01
4.500091e+01
4.500073e+01
4.500063e+01
4.500057e+01
4.500053e+01
4.500051e+01
4.500050e+01
4.500049e+01
4.500048e+01
4.500048e+01
4.500047e+01
4.500047e+01

4.500047e+01
4.500047e+01
4.500047e+01
4.500048e+01
4.500049e+01
4.500050e+01
4.500051e+01
4.500053e+01
4.500057e+01
4.500064e+01
4.500076e+01
4.500096e+01
4.500128e+01
4.500178e+01
4.500254e+01
4.500364e+01
4.500518e+01
4.500721e+01
4.500976e+01
4.501275e+01
4.501601e+01
4.501932e+01
4.502244e+01
4.502516e+01
4.502759e+01
4.502976e+01
4.503123e+01
4.503133e+01
4.502929e+01
4.502473e+01
4.501826e+01
4.501183e+01
4.500795e+01
4.500842e+01
4.501302e+01
4.501972e+01
4.502596e+01
4.503000e+01
4.503146e+01
4.503089e+01
4.502910e+01
4.502673e+01
4.502420e+01
4.502145e+01
4.501836e+01
4.501512e+01
4.501197e+01
4.500912e+01
4.500671e+01
4.500480e+01
4.500337e+01
4.500235e+01
4.500166e+01
4.500120e+01
4.500091e+01
4.500073e+01
4.500063e+01
4.500057e+01
4.500053e+01
4.500051e+01
4.500050e+01
4.500049e+01
4.500048e+01
4.500048e+01
4.500047e+01
4.500047e+01

4.500047e+01
4.500047e+01
4.500047e+01
4.500048e+01
4.500049e+01
4.500050e+01
4.500051e+01
4.500053e+01
4.500057e+01
4.500064e+01
4.500076e+01
4.500096e+01
4.500128e+01
4.500179e+01
4.500256e+01
4.500370e+01
4.500530e+01
4.500746e+01
4.501022e+01
4.501356e+01
4.501736e+01
4.502141e+01
4.502545e+01
4.502925e+01
4.503303e+01
4.503701e+01
4.504084e+01
4.504393e+01
4.504543e+01
4.504464e+01
4.504167e+01
4.503783e+01
4.503524e+01
4.503547e+01
4.503842e+01
4.504236e+01
4.504514e+01
4.504556e+01
4.504365e+01
4.504022e+01
4.503616e+01
4.503205e+01
4.502821e+01
4.502440e+01
4.502040e+01
4.501644e+01
4.501277e+01
4.500957e+01
4.500695e+01
4.500492e+01
4.500343e+01
4.500238e+01
4.500167e+01
4.500121e+01
4.500091e+01
4.500073e+01
4.500063e+01
4.500057e+01
4.500053e+01
4.500051e+01
4.500050e+01
4.500049e+01
4.500048e+01
4.500048e+01
4.500047e+01
4.500047e+01

4.500047e+01
4.500047e+01
4.500047e+01
4.500048e+01
4.500049e+01
4.500050e+01
4.500051e+01
4.500053e+01
4.500057e+01
4.500064e+01
4.500076e+01
4.500096e+01
4.500129e+01
4.500180e+01
4.500258e+01
4.500373e+01
4.500537e+01
4.500760e+01
4.501049e+01
4.501405e+01
4.501819e+01
4.502270e+01
4.502735e+01
4.503188e+01
4.503657e+01
4.504179e+01
4.504728e+01
4.505251e+01
4.505658e+01
4.505860e+01
4.505831e+01
4.505657e+01
4.505506e+01
4.505516e+01
4.505681e+01
4.505856e+01
4.505869e+01
4.505638e+01
4.505201e+01
4.504652e+01
4.504084e+01
4.503553e+01
4.503080e+01
4.502628e+01
4.502168e+01
4.501726e+01
4.501325e+01
4.500984e+01
4.500709e+01
4.500499e+01
4.500346e+01
4.500239e+01
4.500168e+01
4.500121e+01
4.500091e+01
4.500074e+01
4.500063e+01
4.500057e+01
4.500053e+01
4.500051e+01
4.500050e+01
4.500049e+01
4.500048e+01
4.500048e+01
4.500047e+01
4.500047e+01

4.500047e+01
4.500047e+01
4.500047e+01
4.500048e+01
4.500049e+01
4.500050e+01
4.500051e+01
4.500053e+01
4.500057e+01
4.500064e+01
4.500076e+01
4.500096e+01
4.500129e+01
4.500180e+01
4.500258e+01
4.500374e+01
4.500539e+01
4.500764e+01
4.501057e+01
4.501419e+01
4.501843e+01
4.502310e+01
4.502797e+01
4.503275e+01
4.503779e+01
4.504351e+01
4.504972e+01
4.505594e+01
4.506131e+01
4.506492e+01
4.506630e+01
4.506600e+01
4.506534e+01
4.506544e+01
4.506625e+01
4.506657e+01
4.506504e+01
4.506116e+01
4.505548e+01
4.504900e+01
4.504260e+01
4.503677e+01
4.503169e+01
4.502691e+01
4.502209e+01
4.501751e+01
4.501339e+01
4.500991e+01
4.500712e+01
4.500501e+01
4.500347e+01
4.500240e+01
4.500168e+01
4.500121e+01
4.500091e+01
4.500074e+01
4.500063e+01
4.500057e+01
4.500053e+01
4.500051e+01
4.500050e+01
4.500049e+01
4.500048e+01
4.500048e+01
4.500047e+01
4.500047e+01

4.500047e+01
4.500047e+01
4.500047e+01
4.500048e+01
4.500049e+01
4.500050e+01
4.500051e+01
4.500053e+01
4.500057e+01
4.500064e+01
4.500076e+01
4.500096e+01
4.500128e+01
4.500180e+01
4.500258e+01
4.500373e+01
4.500535e+01
4.500757e+01
4.501044e+01
4.501397e+01
4.501808e+01
4.502259e+01
4.502725e+01
4.503181e+01
4.503660e+01
4.504203e+01
4.504793e+01
4.505389e+01
4.505917e+01
4.506297e+01
4.506484e+01
4.506520e+01
4.506507e+01
4.506531e+01
4.506582e+01
4.506559e+01
4.506355e+01
4.505941e+01
4.505372e+01
4.504741e+01
4.504126e+01
4.503569e+01
4.503082e+01
4.502624e+01
4.502161e+01
4.501718e+01
4.501319e+01
4.500979e+01
4.500706e+01
4.500497e+01
4.500345e+01
4.500239e+01
4.500167e+01
4.500121e+01
4.500091e+01
4.500074e+01
4.500063e+01
4.500057e+01
4.500053e+01
4.500051e+01
4.500050e+01
4.500049e+01
4.500048e+01
4.500048e+01
4.500047e+01
4.500047e+01

4.500047e+01
4.500047e+01
4.500047e+01
4.500048e+01
4.500049e+01
4.500050e+01
4.500051e+01
4.500053e+01
4.500057e+01
4.500064e+01
4.500076e+01
4.500096e+01
4.500128e+01
4.500179e+01
4.500256e+01
4.500368e+01
4.500527e+01
4.500739e+01
4.501012e+01
4.501342e+01
4.501718e+01
4.502121e+01
4.502530e+01
4.502922e+01
4.503323e+01
4.503765e+01
4.504232e+01
4.504685e+01
4.505065e+01
4.505314e+01
4.505412e+01
4.505409e+01
4.505397e+01
4.505443e+01
4.505529e+01
4.505561e+01
4.505444e+01
4.505147e+01
4.504711e+01
4.504211e+01
4.503711e+01
4.503247e+01
4.502834e+01
4.502437e+01
4.502029e+01
4.501631e+01
4.501265e+01
4.500948e+01
4.500689e+01
4.500489e+01
4.500341e+01
4.500237e+01
4.500166e+01
4.500120e+01
4.500091e+01
4.500073e+01
4.500063e+01
4.500057e+01
4.500053e+01
4.500051e+01
4.500050e+01
4.500049e+01
4.500048e+01
4.500048e+01
4.500047e+01
4.500047e+01

4.500047e+01
4.500047e+01
4.500047e+01
4.500048e+01
4.500049e+01
4.500050e+01
4.500051e+01
4.500053e+01
4.500057e+01
4.500064e+01
4.500076e+01
4.500096e+01
4.500127e+01
4.500177e+01
4.500252e+01
4.500361e+01
4.500513e+01
4.500712e+01
4.500962e+01
4.501255e+01
4.501579e+01
4.501912e+01
4.502236e+01
4.502531e+01
4.502816e+01
4.503108e+01
4.503386e+01
4.503611e+01
4.503739e+01
4.503737e+01
4.503621e+01
4.503470e+01
4.503396e+01
4.503463e+01
4.503645e+01
4.503841e+01
4.503937e+01
4.503879e+01
4.503683e+01
4.503398e+01
4.503078e+01
4.502758e+01
4.502457e+01
4.502153e+01
4.501827e+01
4.501497e+01
4.501182e+01
4.500900e+01
4.500663e+01
4.500475e+01
4.500335e+01
4.500234e+01
4.500165e+01
4.500120e+01
4.500091e+01
4.500073e+01
4.500063e+01
4.500057e+01
4.500053e+01
4.500051e+01
4.500050e+01
4.500049e+01
4.500048e+01
4.500048e+01
4.500047e+01
4.500047e+01

4.500047e+01
4.500047e+01
4.500047e+01
4.500048e+01
4.500049e+01
4.500050e+01
4.500051e+01
4.500053e+01
4.500057e+01
4.500064e+01
4.500076e+01
4.500095e+01
4.500127e+01
4.500175e+01
4.500248e+01
4.500352e+01
4.500494e+01
4.500677e+01
4.500897e+01
4.501145e+01
4.501403e+01
4.501651e+01
4.501873e+01
4.502055e+01
4.502206e+01
4.502328e+01
4.502392e+01
4.502361e+01
4.502203e+01
4.501910e+01
4.501539e+01
4.501205e+01
4.501038e+01
4.501115e+01
4.501406e+01
4.501794e+01
4.502148e+01
4.502379e+01
4.502463e+01
4.502430e+01
4.502318e+01
4.502165e+01
4.501994e+01
4.501801e+01
4.501574e+01
4.501326e+01
4.501074e+01
4.500837e+01
4.500628e+01
4.500457e+01
4.500326e+01
4.500230e+01
4.500163e+01
4.500119e+01
4.500091e+01
4.500073e+01
4.500063e+01
4.500057e+01
4.500053e+01
4.500051e+01
4.500050e+01
4.500049e+01
4.500048e+01
4.500048e+01
4.500047e+01
4.500047e+01

4.500047e+01
4.500047e+01
4.500047e+01
4.500048e+01
4.500049e+01
4.500050e+01
4.500051e+01
4.500053e+01
4.500057e+01
4.500064e+01
4.500076e+01
4.500095e+01
4.500126e+01
4.500173e+01
4.500243e+01
4.500341e+01
4.500472e+01
4.500633e+01
4.500820e+01
4.501016e+01
4.501202e+01
4.501360e+01
4.501476e+01
4.501544e+01
4.501564e+01
4.501524e+01
4.501392e+01
4.501137e+01
4.500738e+01
4.500213e+01
4.499641e+01
4.499160e+01
4.498916e+01
4.498988e+01
4.499350e+01
4.499886e+01
4.500446e+01
4.500917e+01
4.501249e+01
4.501443e+01
4.501528e+01
4.501536e+01
4.501495e+01
4.501413e+01
4.501290e+01
4.501131e+01
4.500949e+01
4.500762e+01
4.500586e+01
4.500435e+01
4.500315e+01
4.500225e+01
4.500161e+01
4.500118e+01
4.500090e+01
4.500073e+01
4.500063e+01
4.500057e+01
4.500053e+01
4.500051e+01
4.500050e+01
4.500049e+01
4.500048e+01
4.500048e+01
4.500047e+01
4.500047e+01

4.500047e+01
4.500047e+01
4.500047e+01
4.500048e+01
4.500049e+01
4.500050e+01
4.500051e+01
4.500053e+01
4.500057e+01
4.500064e+01
4.500075e+01
4.500094e+01
4.500124e+01
4.500170e+01
4.500237e+01
4.500328e+01
4.500445e+01
4.500584e+01
4.500734e+01
4.500876e+01
4.500990e+01
4.501059e+01
4.501076e+01
4.501042e+01
4.500951e+01
4.500779e+01
4.500501e+01
4.500091e+01
4.499545e+01
4.498897e+01
4.498238e+01
4.497704e+01
4.497427e+01
4.497485e+01
4.497856e+01
4.498438e+01
4.499092e+01
4.499700e+01
4.500193e+01
4.500552e+01
4.500790e+01
4.500931e+01
4.501002e+01
4.501022e+01
4.500996e+01
4.500924e+01
4.500813e+01
4.500678e+01
4.500539e+01
4.500410e+01
4.500302e+01
4.500219e+01
4.500158e+01
4.500117e+01
4.500090e+01
4.500073e+01
4.500063e+01
4.500057e+01
4.500053e+01
4.500051e+01
4.500050e+01
4.500049e+01
4.500048e+01
4.500048e+01
4.500047e+01
4.500047e+01

4.500047e+01
4.500047e+01
4.500047e+01
4.500048e+01
4.500049e+01
4.500050e+01
4.500051e+01
4.500053e+01
4.500057e+01
4.500064e+01
4.500075e+01
4.500094e+01
4.500123e+01
4.500167e+01
4.500230e+01
4.500313e+01
4.500416e+01
4.500531e+01
4.500642e+01
4.500731e+01
4.500776e+01
4.500767e+01
4.500700e+01
4.500585e+01
4.500410e+01
4.500149e+01
4.499781e+01
4.499295e+01
4.498698e+01
4.498034e+01
4.497389e+01
4.496878e+01
4.496612e+01
4.496652e+01
4.496985e+01
4.497532e+01
4.498179e+01
4.498818e+01
4.499377e+01
4.499824e+01
4.500158e+01
4.500394e+01
4.500550e+01
4.500653e+01
4.500710e+01
4.500716e+01
4.500672e+01
4.500590e+01
4.500487e+01
4.500382e+01
4.500288e+01
4.500212e+01
4.500155e+01
4.500115e+01
4.500089e+01
4.500073e+01
4.500063e+01
4.500057e+01
4.500053e+01
4.500051e+01
4.500050e+01
4.500049e+01
4.500048e+01
4.500048e+01
4.500047e+01
4.500047e+01

4.500047e+01
4.500047e+01
4.500047e+01
4.500048e+01
4.500049e+01
4.500050e+01
4.500051e+01
4.500053e+01
4.500057e+01
4.500064e+01
4.500075e+01
4.500093e+01
4.500121e+01
4.500163e+01
4.500222e+01
4.500297e+01
4.500385e+01
4.500475e+01
4.500549e+01
4.500587e+01
4.500572e+01
4.500497e+01
4.500366e+01
4.500192e+01
4.499963e+01
4.499653e+01
4.499249e+01
4.498750e+01
4.498171e+01
4.497560e+01
4.496987e+01
4.496545e+01
4.496313e+01
4.496339e+01
4.496614e+01
4.497082e+01
4.497657e+01
4.498255e+01
4.498808e+01
4.499280e+01
4.499659e+01
4.499948e+01
4.500161e+01
4.500323e+01
4.500446e+01
4.500517e+01
4.500532e+01
4.500499e+01
4.500432e+01
4.500351e+01
4.500272e+01
4.500204e+01
4.500151e+01
4.500114e+01
4.500088e+01
4.500072e+01
4.500062e+01
4.500057e+01
4.500053e+01
4.500051e+01
4.500050e+01
4.500049e+01
4.500048e+01
4.500048e+01
4.500047e+01
4.500047e+01

4.500047e+01
4.500047e+01
4.500047e+01
4.500048e+01
4.500049e+01
4.500050e+01
4.500051e+01
4.500053e+01
4.500057e+01
4.500064e+01
4.500074e+01
4.500092e+01
4.500119e+01
4.500159e+01
4.500213e+01
4.500280e+01
4.500352e+01
4.500417e+01
4.500456e+01
4.500449e+01
4.500384e+01
4.500258e+01
4.500081e+01
4.499871e+01
4.499617e+01
4.499290e+01
4.498888e+01
4.498416e+01
4.497893e+01
4.497363e+01
4.496881e+01
4.496517e+01
4.496326e+01
4.496341e+01
4.496559e+01
4.496940e+01
4.497424e+01
4.497947e+01
4.498453e+01
4.498907e+01
4.499290e+01
4.499601e+01
4.499843e+01
4.500042e+01
4.500211e+01
4.500333e+01
4.500398e+01
4.500409e+01
4.500377e+01
4.500320e+01
4.500255e+01
4.500196e+01
4.500147e+01
4.500112e+01
4.500088e+01
4.500072e+01
4.500062e+01
4.500057e+01
4.500053e+01
4.500051e+01
4.500050e+01
4.500049e+01
4.500048e+01
4.500048e+01
4.500047e+01
4.500047e+01

4.500047e+01
4.500047e+01
4.500047e+01
4.500048e+01
4.500049e+01
4.500050e+01
4.500051e+01
4.500053e+01
4.500057e+01
4.500063e+01
4.500074e+01
4.500091e+01
4.500117e+01
4.500154e+01
4.500202e+01
4.500259e+01
4.500314e+01
4.500353e+01
4.500356e+01
4.500306e+01
4.500197e+01
4.500031e+01
4.499825e+01
4.499598e+01
4.499337e+01
4.499020e+01
4.498648e+01
4.498229e+01
4.497785e+01
4.497350e+01
4.496967e+01
4.496681e+01
4.496532e+01
4.496540e+01
4.496704e+01
4.496999e+01
4.497384e+01
4.497814e+01
4.498248e+01
4.498654e+01
4.499014e+01
4.499320e+01
4.499570e+01
4.499790e+01
4.499989e+01
4.500150e+01
4.500259e+01
4.500312e+01
4.500314e+01
4.500283e+01
4.500235e+01
4.500185e+01
4.500143e+01
4.500110e+01
4.500087e+01
4.500072e+01
4.500062e+01
4.500056e+01
4.500053e+01
4.500051e+01
4.500050e+01
4.500049e+01
4.500048e+01
4.500048e+01
4.500047e+01
4.500047e+01

4.500047e+01
4.500047e+01
4.500047e+01
4.500048e+01
4.500049e+01
4.500050e+01
4.500051e+01
4.500053e+01
4.500057e+01
4.500063e+01
4.500073e+01
4.500090e+01
4.500114e+01
4.500147e+01
4.500188e+01
4.500232e+01
4.500266e+01
4.500275e+01
4.500240e+01
4.500150e+01
4.500003e+01
4.499811e+01
4.499592e+01
4.499366e+01
4.499121e+01
4.498836e+01
4.498517e+01
4.498175e+01
4.497826e+01
4.497495e+01
4.497211e+01
4.497004e+01
4.496896e+01
4.496899e+01
4.497014e+01
4.497224e+01
4.497508e+01
4.497835e+01
4.498178e+01
4.498513e+01
4.498824e+01
4.499101e+01
4.499340e+01
4.499560e+01
4.499773e+01
4.499962e+01
4.500107e+01
4.500199e+01
4.500239e+01
4.500237e+01
4.500209e+01
4.500172e+01
4.500136e+01
4.500107e+01
4.500085e+01
4.500071e+01
4.500062e+01
4.500056e+01
4.500053e+01
4.500051e+01
4.500050e+01
4.500049e+01
4.500048e+01
4.500048e+01
4.500047e+01
4.500047e+01

4.500047e+01
4.500047e+01
4.500047e+01
4.500048e+01
4.500049e+01
4.500050e+01
4.500051e+01
4.500053e+01
4.500057e+01
4.500063e+01
4.500073e+01
4.500088e+01
4.500110e+01
4.500138e+01
4.500170e+01
4.500198e+01
4.500208e+01
4.500185e+01
4.500114e+01
4.499991e+01
4.499822e+01
4.499623e+01
4.499412e+01
4.499208e+01
4.498997e+01
4.498764e+01
4.498514e+01
4.498257e+01
4.498005e+01
4.497774e+01
4.497581e+01
4.497442e+01
4.497369e+01
4.497370e+01
4.497443e+01
4.497582e+01
4.497774e+01
4.498002e+01
4.498250e+01
4.498503e+01
4.498748e+01
4.498976e+01
4.499182e+01
4.499383e+01
4.499589e+01
4.499786e+01
4.499954e+01
4.500078e+01
4.500152e+01
4.500181e+01
4.500176e+01
4.500154e+01
4.500127e+01
4.500103e+01
4.500084e+01
4.500070e+01
4.500062e+01
4.500056e+01
4.500053e+01
4.500051e+01
4.500050e+01
4.500049e+01
4.500048e+01
4.500048e+01
4.500047e+01
4.500047e+01

4.500047e+01
4.500047e+01
4.500047e+01
4.500048e+01
4.500049e+01
4.500050e+01
4.500051e+01
4.500053e+01
4.500057e+01
4.500062e+01
4.500072e+01
4.500085e+01
4.500104e+01
4.500126e+01
4.500147e+01
4.500156e+01
4.500141e+01
4.500088e+01
4.499989e+01
4.499847e+01
4.499676e+01
4.499491e+01
4.499310e+01
4.499143e+01
4.498979e+01
4.498806e+01
4.498628e+01
4.498452e+01
4.498286e+01
4.498137e+01
4.498016e+01
4.497930e+01
4.497885e+01
4.497885e+01
4.497928e+01
4.498012e+01
4.498131e+01
4.498277e+01
4.498441e+01
4.498614e+01
4.498789e+01
4.498959e+01
4.499120e+01
4.499284e+01
4.499463e+01
4.499645e+01
4.499816e+01
4.499958e+01
4.500059e+01
4.500116e+01
4.500136e+01
4.500132e+01
4.500115e+01
4.500097e+01
4.500081e+01
4.500069e+01
4.500061e+01
4.500056e+01
4.500053e+01
4.500051e+01
4.500050e+01
4.500049e+01
4.500048e+01
4.500048e+01
4.500047e+01
4.500047e+01

4.500047e+01
4.500047e+01
4.500047e+01
4.500048e+01
4.500049e+01
4.500050e+01
4.500051e+01
4.500053e+01
4.500056e+01
4.500062e+01
4.500070e+01
4.500082e+01
4.500096e+01
4.500110e+01
4.500117e+01
4.500107e+01
4.500068e+01
4.499992e+01
4.499880e+01
4.499739e+01
4.499585e+01
4.499433e+01
4.499293e+01
4.499171e+01
4.499057e+01
4.498941e+01
4.498825e+01
4.498715e+01
4.498614e+01
4.498526e+01
4.498456e+01
4.498407e+01
4.498381e+01
4.498380e+01
4.498404e+01
4.498451e+01
4.498519e+01
4.498605e+01
4.498704e+01
4.498812e+01
4.498925e+01
4.499039e+01
4.499151e+01
4.499271e+01
4.499410e+01
4.499560e+01
4.499713e+01
4.499854e+01
4.499968e+01
4.500047e+01
4.500089e+01
4.500104e+01
4.500100e+01
4.500089e+01
4.500077e+01
4.500067e+01
4.500060e+01
4.500056e+01
4.500053e+01
4.500051e+01
4.500050e+01
4.500049e+01
4.500048e+01
4.500048e+01
4.500047e+01
4.500047e+01

4.500047e+01
4.500047e+01
4.500047e+01
4.500048e+01
4.500049e+01
4.500050e+01
4.500051e+01
4.500053e+01
4.500056e+01
4.500061e+01
4.500068e+01
4.500077e+01
4.500086e+01
4.500091e+01
4.500084e+01
4.500055e+01
4.499999e+01
4.499912e+01
4.499802e+01
4.499680e+01
4.499559e+01
4.499447e+01
4.499350e+01
4.499270e+01
4.499198e+01
4.499127e+01
4.499059e+01
4.498996e+01
4.498939e+01
4.498891e+01
4.498853e+01
4.498826e+01
4.498812e+01
4.498812e+01
4.498824e+01
4.498848e+01
4.498885e+01
4.498931e+01
4.498986e+01
4.499048e+01
4.499114e+01
4.499184e+01
4.499255e+01
4.499334e+01
4.499429e+01
4.499539e+01
4.499660e+01
4.499782e+01
4.499892e+01
4.499981e+01
4.500040e+01
4.500071e+01
4.500081e+01
4.500079e+01
4.500073e+01
4.500065e+01
4.500059e+01
4.500055e+01
4.500053e+01
4.500051e+01
4.500050e+01
4.500049e+01
4.500048e+01
4.500048e+01
4.500047e+01
4.500047e+01

4.500047e+01
4.500047e+01
4.500047e+01
4.500048e+01
4.500049e+01
4.500050e+01
4.500051e+01
4.500053e+01
4.500055e+01
4.500059e+01
4.500065e+01
4.500070e+01
4.500073e+01
4.500067e+01
4.500047e+01
4.500006e+01
4.499942e+01
4.499859e+01
4.499766e+01
4.499673e+01
4.499588e+01
4.499515e+01
4.499455e+01
4.499407e+01
4.499365e+01
4.499326e+01
4.499288e+01
4.499255e+01
4.499225e+01
4.499200e+01
4.499180e+01
4.499167e+01
4.499160e+01
4.499159e+01
4.499165e+01
4.499177e+01
4.499195e+01
4.499219e+01
4.499248e+01
4.499280e+01
4.499316e+01
4.499355e+01
4.499396e+01
4.499443e+01
4.499502e+01
4.499574e+01
4.499658e+01
4.499750e+01
4.499843e+01
4.499927e+01
4.499993e+01
4.500037e+01
4.500059e+01
4.500067e+01
4.500066e+01
4.500062e+01
4.500058e+01
4.500055e+01
4.500053e+01
4.500051e+01
4.500050e+01
4.500049e+01
4.500048e+01
4.500048e+01
4.500047e+01
4.500047e+01

4.500047e+01
4.500047e+01
4.500047e+01
4.500048e+01
4.500049e+01
4.500049e+01
4.500051e+01
4.500052e+01
4.500054e+01
4.500057e+01
4.500060e+01
4.500062e+01
4.500057e+01
4.500043e+01
4.500013e+01
4.499967e+01
4.499906e+01
4.499837e+01
4.499769e+01
4.499706e+01
4.499653e+01
4.499610e+01
4.499576e+01
4.499550e+01
4.499528e+01
4.499507e+01
4.499488e+01
4.499471e+01
4.499456e+01
4.499444e+01
4.499435e+01
4.499428e+01
4.499425e+01
4.499424e+01
4.499427e+01
4.499432e+01
4.499441e+01
4.499453e+01
4.499467e+01
4.499483e+01
4.499501e+01
4.499521e+01
4.499543e+01
4.499568e+01
4.499602e+01
4.499644e+01
4.499696e+01
4.499758e+01
4.499826e+01
4.499895e+01
4.499957e+01
4.500005e+01
4.500036e+01
4.500052e+01
4.500058e+01
4.500058e+01
4.500056e+01
4.500054e+01
4.500052e+01
4.500051e+01
4.500050e+01
4.500049e+01
4.500048e+01
4.500048e+01
4.500047e+01
4.500047e+01

4.500047e+01
4.500047e+01
4.500047e+01
4.500048e+01
4.500049e+01
4.500049e+01
4.500050e+01
4.500052e+01
4.500053e+01
4.500055e+01
4.500055e+01
4.500052e+01
4.500041e+01
4.500020e+01
4.499987e+01
4.499943e+01
4.499894e+01
4.499845e+01
4.499801e+01
4.499763e+01
4.499733e+01
4.499710e+01
4.499692e+01
4.499679e+01
4.499668e+01
4.499657e+01
4.499648e+01
4.499640e+01
4.499633e+01
4.499627e+01
4.499623e+01
4.499620e+01
4.499618e+01
4.499618e+01
4.499619e+01
4.499621e+01
4.499625e+01
4.499631e+01
4.499637e+01
4.499645e+01
4.499654e+01
4.499664e+01
4.499674e+01
4.499687e+01
4.499705e+01
4.499727e+01
4.499757e+01
4.499794e+01
4.499838e+01
4.499887e+01
4.499936e+01
4.499980e+01
4.500015e+01
4.500037e+01
4.500049e+01
4.500053e+01
4.500054e+01
4.500053e+01
4.500052e+01
4.500051e+01
4.500050e+01
4.500049e+01
4.500048e+01
4.500048e+01
4.500047e+01
4.500047e+01

4.500047e+01
4.500047e+01
4.500047e+01
4.500048e+01
4.500049e+01
4.500049e+01
4.500050e+01
4.500051e+01
4.500052e+01
4.500052e+01
4.500049e+01
4.500041e+01
4.500027e+01
4.500003e+01
4.499972e+01
4.499938e+01
4.499904e+01
4.499873e+01
4.499847e+01
4.499826e+01
4.499811e+01
4.499799e+01
4.499790e+01
4.499784e+01
4.499778e+01
4.499773e+01
4.499769e+01
4.499765e+01
4.499762e+01
4.499759e+01
4.499757e+01
4.499756e+01
4.499755e+01
4.499755e+01
4.499756e+01
4.499757e+01
4.499758e+01
4.499761e+01
4.499764e+01
4.499767e+01
4.499771e+01
4.499776e+01
4.499781e+01
4.499787e+01
4.499796e+01
4.499807e+01
4.499822e+01
4.499843e+01
4.499868e+01
4.499899e+01
4.499933e+01
4.499968e+01
4.499999e+01
4.500023e+01
4.500039e+01
4.500047e+01
4.500051e+01
4.500051e+01
4.500051e+01
4.500050e+01
4.500049e+01
4.500049e+01
4.500048e+01
4.500048e+01
4.500047e+01
4.500047e+01

4.500047e+01
4.500047e+01
4.500047e+01
4.500048e+01
4.500048e+01
4.500049e+01
4.500050e+01
4.500050e+01
4.500050e+01
4.500048e+01
4.500042e+01
4.500032e+01
4.500016e+01
4.499995e+01
4.499971e+01
4.499947e+01
4.499926e+01
4.499908e+01
4.499895e+01
4.499884e+01
4.499876e+01
4.499871e+01
4.499867e+01
4.499864e+01
4.499861e+01
4.499859e+01
4.499857e+01
4.499855e+01
4.499854e+01
4.499853e+01
4.499852e+01
4.499851e+01
4.499851e+01
4.499851e+01
4.499851e+01
4.499851e+01
4.499852e+01
4.499853e+01
4.499854e+01
4.499856e+01
4.499858e+01
4.499860e+01
4.499862e+01
4.499865e+01
4.499869e+01
4.499875e+01
4.499882e+01
4.499892e+01
4.499906e+01
4.499923e+01
4.499944e+01
4.499968e+01
4.499992e+01
4.500014e+01
4.500030e+01
4.500041e+01
4.500047e+01
4.500050e+01
4.500050e+01
4.500050e+01
4.500049e+01
4.500049e+01
4.500048e+01
4.500047e+01
4.500047e+01
4.500047e+01

4.500047e+01
4.500047e+01
4.500047e+01
4.500048e+01
4.500048e+01
4.500049e+01
4.500049e+01
4.500049e+01
4.500048e+01
4.500044e+01
4.500037e+01
4.500026e+01
4.500011e+01
4.499995e+01
4.499979e+01
4.499964e+01
4.499953e+01
4.499944e+01
4.499937e+01
4.499932e+01
4.499928e+01
4.499926e+01
4.499924e+01
4.499922e+01
4.499921e+01
4.499920e+01
4.499919e+01
4.499919e+01
4.499918e+01
4.499917e+01
4.499917e+01
4.499917e+01
4.499917e+01
4.499917e+01
4.499917e+01
4.499917e+01
4.499917e+01
4.499918e+01
4.499918e+01
4.499919e+01
4.499920e+01
4.499921e+01
4.499922e+01
4.499923e+01
4.499925e+01
4.499927e+01
4.499931e+01
4.499936e+01
4.499942e+01
4.499951e+01
4.499963e+01
4.499977e+01
4.499993e+01
4.500010e+01
4.500024e+01
4.500036e+01
4.500043e+01
4.500047e+01
4.500049e+01
4.500049e+01
4.500049e+01
4.500049e+01
4.500048e+01
4.500047e+01
4.500047e+01
4.500047e+01

4.500047e+01
4.500047e+01
4.500047e+01
4.500048e+01
4.500048e+01
4.500049e+01
4.500049e+01
4.500048e+01
4.500045e+01
4.500041e+01
4.500033e+01
4.500023e+01
4.500013e+01
4.500002e+01
4.499992e+01
4.499984e+01
4.499978e+01
4.499974e+01
4.499971e+01
4.499969e+01
4.499967e+01
4.499966e+01
4.499965e+01
4.499964e+01
4.499964e+01
4.499963e+01
4.499963e+01
4.499963e+01
4.499962e+01
4.499962e+01
4.499962e+01
4.499962e+01
4.499962e+01
4.499962e+01
4.499962e+01
4.499962e+01
4.499962e+01
4.499962e+01
4.499963e+01
4.499963e+01
4.499963e+01
4.499964e+01
4.499964e+01
4.499965e+01
4.499965e+01
4.499967e+01
4.499968e+01
4.499970e+01
4.499973e+01
4.499978e+01
4.499984e+01
4.499991e+01
4.500001e+01
4.500012e+01
4.500023e+01
4.500033e+01
4.500040e+01
4.500045e+01
4.500048e+01
4.500049e+01
4.500049e+01
4.500048e+01
4.500048e+01
4.500047e+01
4.500047e+01
4.500047e+01

4.500047e+01
4.500047e+01
4.500047e+01
4.500048e+01
4.500048e+01
4.500048e+01
4.500048e+01
4.500046e+01
4.500044e+01
4.500039e+01
4.500032e+01
4.500025e+01
4.500018e+01
4.500012e+01
4.500007e+01
4.500003e+01
4.500000e+01
4.499998e+01
4.499997e+01
4.499996e+01
4.499995e+01
4.499994e+01
4.499994e+01
4.499994e+01
4.499994e+01
4.499993e+01
4.499993e+01
4.499993e+01
4.499993e+01
4.499993e+01
4.499993e+01
4.499993e+01
4.499993e+01
4.499993e+01
4.499993e+01
4.499993e+01
4.499993e+01
4.499993e+01
4.499993e+01
4.499993e+01
4.499993e+01
4.499994e+01
4.499994e+01
4.499994e+01
4.499994e+01
4.499995e+01
4.499995e+01
4.499996e+01
4.499998e+01
4.500000e+01
4.500003e+01
4.500006e+01
4.500011e+01
4.500018e+01
4.500025e+01
4.500032e+01
4.500039e+01
4.500044e+01
4.500047e+01
4.500048e+01
4.500048e+01
4.500048e+01
4.500048e+01
4.500047e+01
4.500047e+01
4.500047e+01

4.500047e+01
4.500047e+01
4.500047e+01
4.500048e+01
4.500048e+01
4.500048e+01
4.500047e+01
4.500045e+01
4.500043e+01
4.500039e+01
4.500034e+01
4.500029e+01
4.500025e+01
4.500022e+01
4.500020e+01
4.500018e+01
4.500017e+01
4.500016e+01
4.500015e+01
4.500015e+01
4.500014e+01
4.500014e+01
4.500014e+01
4.500014e+01
4.500014e+01
4.500014e+01
4.500014e+01
4.500014e+01
4.500014e+01
4.500014e+01
4.500014e+01
4.500014e+01
4.500014e+01
4.500014e+01
4.500014e+01
4.500014e+01
4.500014e+01
4.500014e+01
4.500014e+01
4.500014e+01
4.500014e+01
4.500014e+01
4.500014e+01
4.500014e+01
4.500014e+01
4.500014e+01
4.500015e+01
4.500015e+01
4.500016e+01
4.500017e+01
4.500018e+01
4.500020e+01
4.500022e+01
4.500025e+01
4.500029e+01
4.500034e+01
4.500039e+01
4.500043e+01
4.500046e+01
4.500047e+01
4.500048e+01
4.500048e+01
4.500048e+01
4.500047e+01
4.500047e+01
4.500047e+01

4.500047e+01
4.500047e+01
4.500047e+01
4.500048e+01
4.500048e+01
4.500047e+01
4.500047e+01
4.500045e+01
4.500043e+01
4.500040e+01
4.500037e+01
4.500035e+01
4.500033e+01
4.500031e+01
4.500030e+01
4.500029e+01
4.500029e+01
4.500028e+01
4.500028e+01
4.500028e+01
4.500028e+01
4.500028e+01
4.500028e+01
4.500028e+01
4.500028e+01
4.500028e+01
4.500028e+01
4.500028e+01
4.500028e+01
4.500027e+01
4.500027e+01
4.500027e+01
4.500027e+01
4.500027e+01
4.500027e+01
4.500027e+01
4.500027e+01
4.500028e+01
4.500028e+01
4.500028e+01
4.500028e+01
4.500028e+01
4.500028e+01
4.500028e+01
4.500028e+01
4.500028e+01
4.500028e+01
4.500028e+01
4.500028e+01
4.500029e+01
4.500029e+01
4.500030e+01
4.500031e+01
4.500033e+01
4.500035e+01
4.500037e+01
4.500040e+01
4.500043e+01
4.500045e+01
4.500047e+01
4.500048e+01
4.500048e+01
4.500048e+01
4.500047e+01
4.500047e+01
4.500047e+01

4.500047e+01
4.500047e+01
4.500047e+01
4.500047e+01
4.500047e+01
4.500047e+01
4.500046e+01
4.500045e+01
4.500044e+01
4.500042e+01
4.500041e+01
4.500039e+01
4.500039e+01
4.500038e+01
4.500037e+01
4.500037e+01
4.500037e+01
4.500037e+01
4.500037e+01
4.500037e+01
4.500037e+01
4.500037e+01
4.500037e+01
4.500036e+01
4.500036e+01
4.500036e+01
4.500036e+01
4.500036e+01
4.500036e+01
4.500036e+01
4.500036e+01
4.500036e+01
4.500036e+01
4.500036e+01
4.500036e+01
4.500036e+01
4.500036e+01
4.500036e+01
4.500036e+01
4.500036e+01
4.500036e+01
4.500036e+01
4.500037e+01
4.500037e+01
4.500037e+01
4.500037e+01
4.500037e+01
4.500037e+01
4.500037e+01
4.500037e+01
4.500037e+01
4.500037e+01
4.500038e+01
4.500039e+01
4.500039e+01
4.500041e+01
4.500042e+01
4.500044e+01
4.500045e+01
4.500047e+01
4.500047e+01
4.500048e+01
4.500048e+01
4.500047e+01
4.500047e+01
4.500047e+01

4.500047e+01
4.500047e+01
4.500047e+01
4.500047e+01
4.500047e+01
4.500047e+01
4.500046e+01
4.500046e+01
4.500045e+01
4.500044e+01
4.500044e+01
4.500043e+01
4.500043e+01
4.500042e+01
4.500042e+01
4.500042e+01
4.500042e+01
4.500042e+01
4.500042e+01
4.500042e+01
4.500042e+01
4.500042e+01
4.500042e+01
4.500042e+01
4.500042e+01
4.500042e+01
4.500042e+01
4.500042e+01
4.500042e+01
4.500042e+01
4.500042e+01
4.500042e+01
4.500042e+01
4.500042e+01
4.500042e+01
4.500042e+01
4.500042e+01
4.500042e+01
4.500042e+01
4.500042e+01
4.500042e+01
4.500042e+01
4.500042e+01
4.500042e+01
4.500042e+01
4.500042e+01
4.500042e+01
4.500042e+01
4.500042e+01
4.500042e+01
4.500042e+01
4.500042e+01
4.500042e+01
4.500043e+01
4.500043e+01
4.500044e+01
4.500044e+01
4.500045e+01
4.500046e+01
4.500047e+01
4.500047e+01
4.500047e+01
4.500047e+01
4.500047e+01
4.500047e+01
4.500047e+01

4.500047e+01
4.500047e+01
4.500047e+01
4.500047e+01
4.500047e+01
4.500047e+01
4.500047e+01
4.500046e+01
4.500046e+01
4.500046e+01
4.500046e+01
4.500045e+01
4.500045e+01
4.500045e+01
4.500045e+01
4.500045e+01
4.500045e+01
4.500045e+01
4.500045e+01
4.500045e+01
4.500045e+01
4.500045e+01
4.500045e+01
4.500045e+01
4.500045e+01
4.500045e+01
4.500045e+01
4.500045e+01
4.500045e+01
4.500045e+01
4.500045e+01
4.500045e+01
4.500045e+01
4.500045e+01
4.500045e+01
4.500045e+01
4.500045e+01
4.500045e+01
4.500045e+01
4.500045e+01
4.500045e+01
4.500045e+01
4.500045e+01
4.500045e+01
4.500045e+01
4.500045e+01
4.500045e+01
4.500045e+01
4.500045e+01
4.500045e+01
4.500045e+01
4.500045e+01
4.500045e+01
4.500045e+01
4.500045e+01
4.500046e+01
4.500046e+01
4.500046e+01
4.500046e+01
4.500047e+01
4.500047e+01
4.500047e+01
4.500047e+01
4.500047e+01
4.500047e+01
4.500047e+01

4.500047e+01
4.500047e+01
4.500047e+01
4.500047e+01
4.500047e+01
4.500047e+01
4.500047e+01
4.500047e+01
4.500047e+01
4.500047e+01
4.500047e+01
4.500047e+01
4.500047e+01
4.500047e+01
4.500047e+01
4.500046e+01
4.500046e+01
4.500046e+01
4.500046e+01
4.500046e+01
4.500046e+01
4.500046e+01
4.500046e+01
4.500046e+01
4.500046e+01
4.500046e+01
4.500046e+01
4.500046e+01
4.500046e+01
4.500046e+01
4.500046e+01
4.500046e+01
4.500046e+01
4.500046e+01
4.500046e+01
4.500046e+01
4.500046e+01
4.500046e+01
4.500046e+01
4.500046e+01
4.500046e+01
4.500046e+01
4.500046e+01
4.500046e+01
4.500046e+01
4.500046e+01
4.500046e+01
4.500046e+01
4.500046e+01
4.500047e+01
4.500047e+01
4.500047e+01
4.500047e+01
4.500047e+01
4.500047e+01
4.500047e+01
4.500047e+01
4.500047e+01
4.500047e+01
4.500047e+01
4.500047e+01
4.500047e+01
4.500047e+01
4.500047e+01
4.500047e+01
4.500047e+01

4.500047e+01
4.500047e+01
4.500047e+01
4.500047e+01
4.500047e+01
4.500047e+01
4.500047e+01
4.500047e+01
4.500047e+01
4.500047e+01
4.500047e+01
4.500047e+01
4.500047e+01
4.500047e+01
4.500047e+01
4.500047e+01
4.500047e+01
4.500047e+01
4.500047e+01
4.500047e+01
4.500047e+01
4.500047e+01
4.500047e+01
4.500047e+01
4.500047e+01
4.500047e+01
4.500047e+01
4.500047e+01
4.500047e+01
4.500047e+01
4.500047e+01
4.500047e+01
4.500047e+01
4.500047e+01
4.500047e+01
4.500047e+01
4.500047e+01
4.500047e+01
4.500047e+01
4.500047e+01
4.500047e+01
4.500047e+01
4.500047e+01
4.500047e+01
4.500047e+01
4.500047e+01
4.500047e+01
4.500047e+01
4.500047e+01
4.500047e+01
4.500047e+01
4.500047e+01
4.500047e+01
4.500047e+01
4.500047e+01
4.500047e+01
4.500047e+01
4.500047e+01
4.500047e+01
4.500047e+01
4.500047e+01
4.500047e+01
4.500047e+01
4.500047e+01
4.500047e+01
4.500047e+01

4.500047e+01
4.500047e+01
4.500047e+01
4.500047e+01
4.500047e+01
4.500047e+01
4.500047e+01
4.500047e+01
4.500047e+01
4.500047e+01
4.500047e+01
4.500047e+01
4.500047e+01
4.500047e+01
4.500047e+01
4.500047e+01
4.500047e+01
4.500047e+01
4.500047e+01
4.500047e+01
4.500047e+01
4.500047e+01
4.500047e+01
4.500047e+01
4.500047e+01
4.500047e+01
4.500047e+01
4.500047e+01
4.500047e+01
4.500047e+01
4.500047e+01
4.500047e+01
4.500047e+01
4.500047e+01
4.500047e+01
4.500047e+01
4.500047e+01
4.500047e+01
4.500047e+01
4.500047e+01
4.500047e+01
4.500047e+01
4.500047e+01
4.500047e+01
4.500047e+01
4.500047e+01
4.500047e+01
4.500047e+01
4.500047e+01
4.500047e+01
4.500047e+01
4.500047e+01
4.500047e+01
4.500047e+01
4.500047e+01
4.500047e+01
4.500047e+01
4.500047e+01
4.500047e+01
4.500047e+01
4.500047e+01
4.500047e+01
4.500047e+01
4.500047e+01
4.500047e+01
4.500047e+01

4.500047e+01
4.500047e+01
4.500047e+01
4.500047e+01
4.500047e+01
4.500047e+01
4.500047e+01
4.500047e+01
4.500047e+01
4.500047e+01
4.500047e+01
4.500047e+01
4.500047e+01
4.500047e+01
4.500047e+01
4.500047e+01
4.500047e+01
4.500047e+01
4.500047e+01
4.500047e+01
4.500047e+01
4.500047e+01
4.500047e+01
4.500047e+01
4.500047e+01
4.500047e+01
4.500047e+01
4.500047e+01
4.500047e+01
4.500047e+01
4.500047e+01
4.500047e+01
4.500047e+01
4.500047e+01
4.500047e+01
4.500047e+01
4.500047e+01
4.500047e+01
4.500047e+01
4.500047e+01
4.500047e+01
4.500047e+01
4.500047e+01
4.500047e+01
4.500047e+01
4.500047e+01
4.500047e+01
4.500047e+01
4.500047e+01
4.500047e+01
4.500047e+01
4.500047e+01
4.500047e+01
4.500047e+01
4.500047e+01
4.500047e+01
4.500047e+01
4.500047e+01
4.500047e+01
4.500047e+01
4.500047e+01
4.500047e+01
4.500047e+01
4.500047e+01
4.500047e+01
4.500047e+01

