1.000000e+02 
1.000000e+02 
1.000000e+02 
1.000000e+02 
1.000000e+02 
1.000000e+02 
1.000000e+02 
1.000000e+02 
1.000000e+02 
1.000000e+02 
1.000000e+02 
1.000000e+02 
1.000000e+02 
1.000000e+02 
1.000000e+02 
1.000000e+02 
1.000000e+02 
1.000000e+02 
1.000000e+02 
1.000000e+02 
1.000000e+02 
1.000000e+02 
1.000000e+02 
1.000000e+02 
1.000000e+02 
1.000000e+02 
1.000000e+02 
1.000000e+02 
1.000000e+02 
1.000000e+02 
1.000000e+02 
1.000000e+02 
1.000000e+02 
1.000000e+02 
1.000000e+02 
1.000000e+02 
1.000000e+02 
1.000000e+02 
1.000000e+02 
1.000000e+02 
1.000000e+02 
1.000000e+02 
1.000000e+02 
1.000000e+02 
1.000000e+02 
1.000000e+02 
1.000000e+02 
1.000000e+02 
1.000000e+02 
1.000000e+02 
1.000000e+02 
1.000000e+02 
1.000000e+02 
1.000000e+02 
1.000000e+02 
1.000000e+02 
1.000000e+02 
1.000000e+02 
1.000000e+02 
1.000000e+02 
1.000000e+02 
1.000000e+02 
1.000000e+02 
1.000000e+02 
1.000000e+02 
1.000000e+02 

1.000000e+02 
1.000000e+02 
1.000000e+02 
1.000000e+02 
1.000000e+02 
1.000000e+02 
1.000000e+02 
1.000000e+02 
1.000000e+02 
1.000000e+02 
1.000000e+02 
1.000000e+02 
1.000000e+02 
1.000000e+02 
1.000000e+02 
1.000000e+02 
1.000000e+02 
1.000000e+02 
1.000000e+02 
1.000000e+02 
1.000000e+02 
1.000000e+02 
1.000000e+02 
1.000000e+02 
1.000000e+02 
1.000000e+02 
1.000000e+02 
1.000000e+02 
1.000000e+02 
1.000000e+02 
1.000000e+02 
1.000000e+02 
1.000000e+02 
1.000000e+02 
1.000000e+02 
1.000000e+02 
1.000000e+02 
1.000000e+02 
1.000000e+02 
1.000000e+02 
1.000000e+02 
1.000000e+02 
1.000000e+02 
1.000000e+02 
1.000000e+02 
1.000000e+02 
1.000000e+02 
1.000000e+02 
1.000000e+02 
1.000000e+02 
1.000000e+02 
1.000000e+02 
1.000000e+02 
1.000000e+02 
1.000000e+02 
1.000000e+02 
1.000000e+02 
1.000000e+02 
1.000000e+02 
1.000000e+02 
1.000000e+02 
1.000000e+02 
1.000000e+02 
1.000000e+02 
1.000000e+02 
1.000000e+02 

1.000000e+02 
1.000000e+02 
1.000000e+02 
1.000000e+02 
1.000000e+02 
1.000000e+02 
1.000000e+02 
1.000000e+02 
9.999999e+01 
9.999999e+01 
9.999999e+01 
9.999999e+01 
9.999999e+01 
9.999999e+01 
9.999999e+01 
9.999999e+01 
9.999999e+01 
9.999999e+01 
9.999999e+01 
9.999999e+01 
9.999999e+01 
9.999999e+01 
9.999999e+01 
9.999999e+01 
9.999999e+01 
9.999999e+01 
9.999999e+01 
9.999999e+01 
9.999999e+01 
9.999999e+01 
9.999999e+01 
9.999999e+01 
9.999999e+01 
9.999999e+01 
9.999999e+01 
9.999999e+01 
9.999999e+01 
9.999999e+01 
9.999999e+01 
9.999999e+01 
9.999999e+01 
9.999999e+01 
9.999999e+01 
9.999999e+01 
9.999999e+01 
9.999999e+01 
9.999999e+01 
9.999999e+01 
9.999999e+01 
9.999999e+01 
9.999999e+01 
9.999999e+01 
9.999999e+01 
9.999999e+01 
9.999999e+01 
9.999999e+01 
9.999999e+01 
9.999999e+01 
1.000000e+02 
1.000000e+02 
1.000000e+02 
1.000000e+02 
1.000000e+02 
1.000000e+02 
1.000000e+02 
1.000000e+02 

1.000000e+02 
1.000000e+02 
1.000000e+02 
1.000000e+02 
1.000000e+02 
9.999999e+01 
9.999999e+01 
9.999999e+01 
9.999999e+01 
9.999999e+01 
9.999999e+01 
9.999999e+01 
9.999999e+01 
9.999999e+01 
9.999999e+01 
9.999999e+01 
9.999999e+01 
9.999999e+01 
9.999999e+01 
9.999999e+01 
9.999999e+01 
9.999999e+01 
9.999999e+01 
9.999999e+01 
9.999999e+01 
9.999999e+01 
9.999999e+01 
9.999999e+01 
9.999999e+01 
9.999999e+01 
9.999999e+01 
9.999999e+01 
9.999999e+01 
9.999999e+01 
9.999999e+01 
9.999999e+01 
9.999999e+01 
9.999999e+01 
9.999999e+01 
9.999999e+01 
9.999999e+01 
9.999999e+01 
9.999999e+01 
9.999999e+01 
9.999999e+01 
9.999999e+01 
9.999999e+01 
9.999999e+01 
9.999999e+01 
9.999999e+01 
9.999999e+01 
9.999999e+01 
9.999999e+01 
9.999999e+01 
9.999999e+01 
9.999999e+01 
9.999999e+01 
9.999999e+01 
9.999999e+01 
9.999999e+01 
9.999999e+01 
1.000000e+02 
1.000000e+02 
1.000000e+02 
1.000000e+02 
1.000000e+02 

1.000000e+02 
1.000000e+02 
1.000000e+02 
1.000000e+02 
9.999999e+01 
9.999999e+01 
9.999999e+01 
9.999999e+01 
9.999999e+01 
9.999999e+01 
9.999999e+01 
9.999999e+01 
9.999999e+01 
1.000000e+02 
1.000000e+02 
1.000000e+02 
1.000000e+02 
1.000000e+02 
1.000000e+02 
1.000000e+02 
1.000000e+02 
1.000000e+02 
1.000000e+02 
1.000000e+02 
1.000000e+02 
1.000000e+02 
1.000000e+02 
1.000000e+02 
1.000000e+02 
1.000000e+02 
1.000000e+02 
1.000000e+02 
1.000000e+02 
1.000000e+02 
1.000000e+02 
1.000000e+02 
1.000000e+02 
1.000000e+02 
1.000000e+02 
1.000000e+02 
1.000000e+02 
1.000000e+02 
1.000000e+02 
1.000000e+02 
1.000000e+02 
1.000000e+02 
1.000000e+02 
1.000000e+02 
1.000000e+02 
1.000000e+02 
1.000000e+02 
1.000000e+02 
1.000000e+02 
9.999999e+01 
9.999999e+01 
9.999999e+01 
9.999999e+01 
9.999999e+01 
9.999999e+01 
9.999999e+01 
9.999999e+01 
9.999999e+01 
1.000000e+02 
1.000000e+02 
1.000000e+02 
1.000000e+02 

1.000000e+02 
1.000000e+02 
1.000000e+02 
1.000000e+02 
9.999999e+01 
9.999998e+01 
9.999998e+01 
9.999999e+01 
1.000000e+02 
1.000000e+02 
1.000000e+02 
1.000000e+02 
1.000000e+02 
1.000001e+02 
1.000001e+02 
1.000001e+02 
1.000001e+02 
1.000001e+02 
1.000001e+02 
1.000001e+02 
1.000001e+02 
1.000001e+02 
1.000001e+02 
1.000001e+02 
1.000001e+02 
1.000001e+02 
1.000001e+02 
1.000001e+02 
1.000001e+02 
1.000001e+02 
1.000001e+02 
1.000001e+02 
1.000001e+02 
1.000001e+02 
1.000001e+02 
1.000001e+02 
1.000001e+02 
1.000001e+02 
1.000001e+02 
1.000001e+02 
1.000001e+02 
1.000001e+02 
1.000001e+02 
1.000001e+02 
1.000001e+02 
1.000001e+02 
1.000001e+02 
1.000001e+02 
1.000001e+02 
1.000001e+02 
1.000001e+02 
1.000001e+02 
1.000001e+02 
1.000000e+02 
1.000000e+02 
1.000000e+02 
1.000000e+02 
1.000000e+02 
9.999999e+01 
9.999998e+01 
9.999998e+01 
9.999999e+01 
1.000000e+02 
1.000000e+02 
1.000000e+02 
1.000000e+02 

1.000000e+02 
1.000000e+02 
1.000000e+02 
9.999999e+01 
9.999998e+01 
9.999997e+01 
9.999997e+01 
9.999999e+01 
1.000000e+02 
1.000001e+02 
1.000001e+02 
1.000002e+02 
1.000002e+02 
1.000002e+02 
1.000002e+02 
1.000002e+02 
1.000003e+02 
1.000003e+02 
1.000003e+02 
1.000003e+02 
1.000003e+02 
1.000003e+02 
1.000003e+02 
1.000003e+02 
1.000003e+02 
1.000003e+02 
1.000003e+02 
1.000003e+02 
1.000003e+02 
1.000003e+02 
1.000003e+02 
1.000003e+02 
1.000003e+02 
1.000003e+02 
1.000003e+02 
1.000003e+02 
1.000003e+02 
1.000003e+02 
1.000003e+02 
1.000003e+02 
1.000003e+02 
1.000003e+02 
1.000003e+02 
1.000003e+02 
1.000003e+02 
1.000003e+02 
1.000003e+02 
1.000003e+02 
1.000003e+02 
1.000003e+02 
1.000002e+02 
1.000002e+02 
1.000002e+02 
1.000002e+02 
1.000002e+02 
1.000001e+02 
1.000001e+02 
1.000000e+02 
9.999999e+01 
9.999997e+01 
9.999997e+01 
9.999998e+01 
9.999999e+01 
1.000000e+02 
1.000000e+02 
1.000000e+02 

1.000000e+02 
1.000000e+02 
1.000000e+02 
9.999999e+01 
9.999998e+01 
9.999996e+01 
9.999995e+01 
9.999998e+01 
1.000000e+02 
1.000002e+02 
1.000003e+02 
1.000004e+02 
1.000005e+02 
1.000006e+02 
1.000006e+02 
1.000007e+02 
1.000007e+02 
1.000007e+02 
1.000008e+02 
1.000008e+02 
1.000008e+02 
1.000008e+02 
1.000008e+02 
1.000008e+02 
1.000008e+02 
1.000008e+02 
1.000008e+02 
1.000008e+02 
1.000008e+02 
1.000008e+02 
1.000008e+02 
1.000008e+02 
1.000008e+02 
1.000008e+02 
1.000008e+02 
1.000008e+02 
1.000008e+02 
1.000008e+02 
1.000008e+02 
1.000008e+02 
1.000008e+02 
1.000008e+02 
1.000008e+02 
1.000008e+02 
1.000008e+02 
1.000008e+02 
1.000008e+02 
1.000008e+02 
1.000007e+02 
1.000007e+02 
1.000007e+02 
1.000006e+02 
1.000006e+02 
1.000005e+02 
1.000004e+02 
1.000003e+02 
1.000001e+02 
1.000000e+02 
9.999997e+01 
9.999995e+01 
9.999995e+01 
9.999997e+01 
9.999999e+01 
1.000000e+02 
1.000000e+02 
1.000000e+02 

1.000000e+02 
1.000000e+02 
1.000000e+02 
9.999999e+01 
9.999997e+01 
9.999994e+01 
9.999992e+01 
9.999994e+01 
1.000000e+02 
1.000002e+02 
1.000005e+02 
1.000008e+02 
1.000010e+02 
1.000013e+02 
1.000015e+02 
1.000016e+02 
1.000017e+02 
1.000018e+02 
1.000018e+02 
1.000018e+02 
1.000019e+02 
1.000019e+02 
1.000019e+02 
1.000019e+02 
1.000019e+02 
1.000019e+02 
1.000019e+02 
1.000019e+02 
1.000019e+02 
1.000019e+02 
1.000019e+02 
1.000019e+02 
1.000019e+02 
1.000019e+02 
1.000019e+02 
1.000019e+02 
1.000019e+02 
1.000019e+02 
1.000019e+02 
1.000019e+02 
1.000019e+02 
1.000019e+02 
1.000019e+02 
1.000019e+02 
1.000019e+02 
1.000019e+02 
1.000018e+02 
1.000018e+02 
1.000018e+02 
1.000017e+02 
1.000016e+02 
1.000015e+02 
1.000013e+02 
1.000010e+02 
1.000008e+02 
1.000005e+02 
1.000002e+02 
1.000000e+02 
9.999993e+01 
9.999991e+01 
9.999994e+01 
9.999997e+01 
9.999999e+01 
1.000000e+02 
1.000000e+02 
1.000000e+02 

1.000000e+02 
1.000000e+02 
1.000000e+02 
9.999999e+01 
9.999996e+01 
9.999992e+01 
9.999988e+01 
9.999987e+01 
9.999995e+01 
1.000002e+02 
1.000006e+02 
1.000012e+02 
1.000018e+02 
1.000024e+02 
1.000029e+02 
1.000032e+02 
1.000035e+02 
1.000037e+02 
1.000039e+02 
1.000040e+02 
1.000041e+02 
1.000041e+02 
1.000042e+02 
1.000042e+02 
1.000042e+02 
1.000042e+02 
1.000042e+02 
1.000043e+02 
1.000043e+02 
1.000043e+02 
1.000043e+02 
1.000043e+02 
1.000043e+02 
1.000043e+02 
1.000043e+02 
1.000043e+02 
1.000043e+02 
1.000043e+02 
1.000043e+02 
1.000042e+02 
1.000042e+02 
1.000042e+02 
1.000042e+02 
1.000042e+02 
1.000041e+02 
1.000041e+02 
1.000040e+02 
1.000039e+02 
1.000037e+02 
1.000035e+02 
1.000032e+02 
1.000029e+02 
1.000024e+02 
1.000018e+02 
1.000012e+02 
1.000006e+02 
1.000002e+02 
9.999993e+01 
9.999985e+01 
9.999987e+01 
9.999992e+01 
9.999996e+01 
9.999999e+01 
1.000000e+02 
1.000000e+02 
1.000000e+02 

1.000000e+02 
1.000000e+02 
1.000000e+02 
9.999999e+01 
9.999996e+01 
9.999991e+01 
9.999984e+01 
9.999978e+01 
9.999980e+01 
1.000000e+02 
1.000005e+02 
1.000014e+02 
1.000026e+02 
1.000038e+02 
1.000050e+02 
1.000060e+02 
1.000068e+02 
1.000073e+02 
1.000078e+02 
1.000081e+02 
1.000083e+02 
1.000085e+02 
1.000086e+02 
1.000087e+02 
1.000087e+02 
1.000088e+02 
1.000088e+02 
1.000089e+02 
1.000089e+02 
1.000089e+02 
1.000090e+02 
1.000090e+02 
1.000090e+02 
1.000090e+02 
1.000090e+02 
1.000090e+02 
1.000089e+02 
1.000089e+02 
1.000089e+02 
1.000088e+02 
1.000088e+02 
1.000087e+02 
1.000087e+02 
1.000086e+02 
1.000085e+02 
1.000083e+02 
1.000081e+02 
1.000078e+02 
1.000074e+02 
1.000068e+02 
1.000060e+02 
1.000050e+02 
1.000038e+02 
1.000026e+02 
1.000014e+02 
1.000005e+02 
9.999999e+01 
9.999978e+01 
9.999976e+01 
9.999983e+01 
9.999990e+01 
9.999996e+01 
9.999999e+01 
1.000000e+02 
1.000000e+02 
1.000000e+02 

1.000000e+02 
1.000000e+02 
1.000000e+02 
9.999999e+01 
9.999996e+01 
9.999990e+01 
9.999980e+01 
9.999969e+01 
9.999961e+01 
9.999971e+01 
1.000002e+02 
1.000013e+02 
1.000030e+02 
1.000053e+02 
1.000077e+02 
1.000099e+02 
1.000119e+02 
1.000134e+02 
1.000145e+02 
1.000154e+02 
1.000160e+02 
1.000165e+02 
1.000168e+02 
1.000170e+02 
1.000172e+02 
1.000174e+02 
1.000176e+02 
1.000177e+02 
1.000178e+02 
1.000179e+02 
1.000180e+02 
1.000180e+02 
1.000180e+02 
1.000180e+02 
1.000180e+02 
1.000180e+02 
1.000179e+02 
1.000178e+02 
1.000177e+02 
1.000176e+02 
1.000174e+02 
1.000172e+02 
1.000171e+02 
1.000168e+02 
1.000165e+02 
1.000161e+02 
1.000154e+02 
1.000146e+02 
1.000134e+02 
1.000119e+02 
1.000099e+02 
1.000077e+02 
1.000053e+02 
1.000030e+02 
1.000013e+02 
1.000002e+02 
9.999967e+01 
9.999958e+01 
9.999967e+01 
9.999979e+01 
9.999989e+01 
9.999995e+01 
9.999999e+01 
1.000000e+02 
1.000000e+02 
1.000000e+02 

1.000000e+02 
1.000000e+02 
1.000000e+02 
9.999999e+01 
9.999995e+01 
9.999989e+01 
9.999978e+01 
9.999961e+01 
9.999942e+01 
9.999932e+01 
9.999958e+01 
1.000006e+02 
1.000027e+02 
1.000060e+02 
1.000103e+02 
1.000147e+02 
1.000190e+02 
1.000226e+02 
1.000255e+02 
1.000277e+02 
1.000294e+02 
1.000306e+02 
1.000315e+02 
1.000322e+02 
1.000327e+02 
1.000332e+02 
1.000336e+02 
1.000340e+02 
1.000343e+02 
1.000345e+02 
1.000347e+02 
1.000349e+02 
1.000349e+02 
1.000349e+02 
1.000349e+02 
1.000347e+02 
1.000345e+02 
1.000343e+02 
1.000340e+02 
1.000336e+02 
1.000332e+02 
1.000327e+02 
1.000322e+02 
1.000315e+02 
1.000306e+02 
1.000294e+02 
1.000278e+02 
1.000255e+02 
1.000226e+02 
1.000190e+02 
1.000148e+02 
1.000103e+02 
1.000060e+02 
1.000027e+02 
1.000005e+02 
9.999953e+01 
9.999927e+01 
9.999938e+01 
9.999958e+01 
9.999976e+01 
9.999988e+01 
9.999995e+01 
9.999998e+01 
1.000000e+02 
1.000000e+02 
1.000000e+02 

1.000000e+02 
1.000000e+02 
1.000000e+02 
9.999999e+01 
9.999995e+01 
9.999988e+01 
9.999976e+01 
9.999955e+01 
9.999925e+01 
9.999893e+01 
9.999881e+01 
9.999939e+01 
1.000014e+02 
1.000054e+02 
1.000115e+02 
1.000192e+02 
1.000273e+02 
1.000350e+02 
1.000416e+02 
1.000469e+02 
1.000511e+02 
1.000542e+02 
1.000566e+02 
1.000583e+02 
1.000597e+02 
1.000610e+02 
1.000622e+02 
1.000632e+02 
1.000641e+02 
1.000648e+02 
1.000653e+02 
1.000657e+02 
1.000659e+02 
1.000659e+02 
1.000657e+02 
1.000654e+02 
1.000648e+02 
1.000641e+02 
1.000633e+02 
1.000623e+02 
1.000611e+02 
1.000598e+02 
1.000584e+02 
1.000566e+02 
1.000543e+02 
1.000512e+02 
1.000470e+02 
1.000417e+02 
1.000351e+02 
1.000274e+02 
1.000192e+02 
1.000115e+02 
1.000054e+02 
1.000013e+02 
9.999932e+01 
9.999874e+01 
9.999887e+01 
9.999920e+01 
9.999952e+01 
9.999974e+01 
9.999987e+01 
9.999995e+01 
9.999998e+01 
1.000000e+02 
1.000000e+02 
1.000000e+02 

1.000000e+02 
1.000000e+02 
1.000000e+02 
9.999999e+01 
9.999995e+01 
9.999988e+01 
9.999974e+01 
9.999950e+01 
9.999912e+01 
9.999858e+01 
9.999803e+01 
9.999791e+01 
9.999913e+01 
1.000029e+02 
1.000102e+02 
1.000212e+02 
1.000346e+02 
1.000489e+02 
1.000623e+02 
1.000740e+02 
1.000836e+02 
1.000911e+02 
1.000969e+02 
1.001012e+02 
1.001049e+02 
1.001082e+02 
1.001113e+02 
1.001140e+02 
1.001163e+02 
1.001182e+02 
1.001196e+02 
1.001206e+02 
1.001211e+02 
1.001211e+02 
1.001206e+02 
1.001196e+02 
1.001182e+02 
1.001163e+02 
1.001140e+02 
1.001113e+02 
1.001083e+02 
1.001050e+02 
1.001013e+02 
1.000970e+02 
1.000912e+02 
1.000837e+02 
1.000741e+02 
1.000624e+02 
1.000489e+02 
1.000347e+02 
1.000212e+02 
1.000102e+02 
1.000028e+02 
9.999902e+01 
9.999780e+01 
9.999793e+01 
9.999851e+01 
9.999906e+01 
9.999946e+01 
9.999972e+01 
9.999987e+01 
9.999995e+01 
9.999998e+01 
1.000000e+02 
1.000000e+02 
1.000000e+02 

1.000000e+02 
1.000000e+02 
1.000000e+02 
9.999999e+01 
9.999995e+01 
9.999987e+01 
9.999973e+01 
9.999947e+01 
9.999901e+01 
9.999830e+01 
9.999733e+01 
9.999641e+01 
9.999636e+01 
9.999880e+01 
1.000057e+02 
1.000187e+02 
1.000374e+02 
1.000602e+02 
1.000842e+02 
1.001070e+02 
1.001269e+02 
1.001434e+02 
1.001565e+02 
1.001667e+02 
1.001754e+02 
1.001836e+02 
1.001911e+02 
1.001979e+02 
1.002037e+02 
1.002086e+02 
1.002123e+02 
1.002148e+02 
1.002161e+02 
1.002161e+02 
1.002148e+02 
1.002123e+02 
1.002086e+02 
1.002038e+02 
1.001979e+02 
1.001912e+02 
1.001836e+02 
1.001755e+02 
1.001668e+02 
1.001566e+02 
1.001434e+02 
1.001270e+02 
1.001070e+02 
1.000843e+02 
1.000602e+02 
1.000374e+02 
1.000185e+02 
1.000056e+02 
9.999863e+01 
9.999619e+01 
9.999625e+01 
9.999721e+01 
9.999821e+01 
9.999895e+01 
9.999943e+01 
9.999971e+01 
9.999986e+01 
9.999995e+01 
9.999998e+01 
1.000000e+02 
1.000000e+02 
1.000000e+02 

1.000000e+02 
1.000000e+02 
1.000000e+02 
9.999999e+01 
9.999995e+01 
9.999987e+01 
9.999972e+01 
9.999944e+01 
9.999894e+01 
9.999809e+01 
9.999677e+01 
9.999506e+01 
9.999356e+01 
9.999382e+01 
9.999854e+01 
1.000108e+02 
1.000327e+02 
1.000637e+02 
1.001007e+02 
1.001396e+02 
1.001764e+02 
1.002087e+02 
1.002359e+02 
1.002578e+02 
1.002769e+02 
1.002954e+02 
1.003128e+02 
1.003287e+02 
1.003427e+02 
1.003544e+02 
1.003635e+02 
1.003697e+02 
1.003729e+02 
1.003729e+02 
1.003697e+02 
1.003634e+02 
1.003543e+02 
1.003426e+02 
1.003286e+02 
1.003126e+02 
1.002952e+02 
1.002767e+02 
1.002575e+02 
1.002356e+02 
1.002085e+02 
1.001761e+02 
1.001393e+02 
1.001004e+02 
1.000634e+02 
1.000324e+02 
1.000105e+02 
9.999822e+01 
9.999354e+01 
9.999332e+01 
9.999487e+01 
9.999663e+01 
9.999799e+01 
9.999887e+01 
9.999940e+01 
9.999970e+01 
9.999986e+01 
9.999994e+01 
9.999998e+01 
1.000000e+02 
1.000000e+02 
1.000000e+02 

1.000000e+02 
1.000000e+02 
1.000000e+02 
9.999999e+01 
9.999995e+01 
9.999987e+01 
9.999972e+01 
9.999943e+01 
9.999889e+01 
9.999793e+01 
9.999633e+01 
9.999396e+01 
9.999105e+01 
9.998878e+01 
9.998989e+01 
9.999868e+01 
1.000196e+02 
1.000552e+02 
1.001041e+02 
1.001614e+02 
1.002210e+02 
1.002775e+02 
1.003276e+02 
1.003700e+02 
1.004085e+02 
1.004467e+02 
1.004838e+02 
1.005185e+02 
1.005498e+02 
1.005764e+02 
1.005974e+02 
1.006118e+02 
1.006192e+02 
1.006191e+02 
1.006115e+02 
1.005969e+02 
1.005757e+02 
1.005489e+02 
1.005175e+02 
1.004827e+02 
1.004456e+02 
1.004073e+02 
1.003688e+02 
1.003264e+02 
1.002763e+02 
1.002199e+02 
1.001604e+02 
1.001031e+02 
1.000544e+02 
1.000189e+02 
9.999806e+01 
9.998938e+01 
9.998837e+01 
9.999074e+01 
9.999373e+01 
9.999617e+01 
9.999782e+01 
9.999882e+01 
9.999938e+01 
9.999969e+01 
9.999986e+01 
9.999994e+01 
9.999998e+01 
1.000000e+02 
1.000000e+02 
1.000000e+02 

1.000000e+02 
1.000000e+02 
1.000000e+02 
9.999999e+01 
9.999995e+01 
9.999987e+01 
9.999971e+01 
9.999941e+01 
9.999885e+01 
9.999782e+01 
9.999601e+01 
9.999311e+01 
9.998897e+01 
9.998423e+01 
9.998112e+01 
9.998421e+01 
9.999990e+01 
1.000341e+02 
1.000892e+02 
1.001625e+02 
1.002466e+02 
1.003331e+02 
1.004151e+02 
1.004881e+02 
1.005575e+02 
1.006291e+02 
1.007010e+02 
1.007706e+02 
1.008350e+02 
1.008912e+02 
1.009363e+02 
1.009678e+02 
1.009838e+02 
1.009834e+02 
1.009666e+02 
1.009345e+02 
1.008888e+02 
1.008321e+02 
1.007673e+02 
1.006975e+02 
1.006255e+02 
1.005538e+02 
1.004845e+02 
1.004116e+02 
1.003299e+02 
1.002437e+02 
1.001600e+02 
1.000872e+02 
1.000325e+02 
9.999862e+01 
9.998325e+01 
9.998040e+01 
9.998371e+01 
9.998860e+01 
9.999285e+01 
9.999584e+01 
9.999770e+01 
9.999878e+01 
9.999937e+01 
9.999969e+01 
9.999986e+01 
9.999994e+01 
9.999998e+01 
1.000000e+02 
1.000000e+02 
1.000000e+02 

1.000000e+02 
1.000000e+02 
1.000000e+02 
9.999999e+01 
9.999995e+01 
9.999987e+01 
9.999971e+01 
9.999941e+01 
9.999882e+01 
9.999773e+01 
9.999578e+01 
9.999246e+01 
9.998735e+01 
9.998043e+01 
9.997316e+01 
9.996957e+01 
9.997674e+01 
1.000034e+02 
1.000565e+02 
1.001375e+02 
1.002411e+02 
1.003573e+02 
1.004755e+02 
1.005870e+02 
1.006984e+02 
1.008187e+02 
1.009445e+02 
1.010711e+02 
1.011923e+02 
1.013012e+02 
1.013906e+02 
1.014540e+02 
1.014865e+02 
1.014854e+02 
1.014507e+02 
1.013854e+02 
1.012944e+02 
1.011844e+02 
1.010625e+02 
1.009356e+02 
1.008099e+02 
1.006899e+02 
1.005789e+02 
1.004680e+02 
1.003506e+02 
1.002354e+02 
1.001329e+02 
1.000530e+02 
1.000008e+02 
9.997485e+01 
9.996824e+01 
9.997224e+01 
9.997980e+01 
9.998692e+01 
9.999218e+01 
9.999559e+01 
9.999761e+01 
9.999875e+01 
9.999936e+01 
9.999969e+01 
9.999986e+01 
9.999994e+01 
9.999998e+01 
1.000000e+02 
1.000000e+02 
1.000000e+02 

1.000000e+02 
1.000000e+02 
1.000000e+02 
9.999999e+01 
9.999995e+01 
9.999987e+01 
9.999971e+01 
9.999940e+01 
9.999880e+01 
9.999768e+01 
9.999561e+01 
9.999199e+01 
9.998611e+01 
9.997742e+01 
9.996647e+01 
9.995624e+01 
9.995341e+01 
9.996808e+01 
1.000110e+02 
1.000889e+02 
1.002010e+02 
1.003386e+02 
1.004893e+02 
1.006403e+02 
1.007996e+02 
1.009800e+02 
1.011775e+02 
1.013850e+02 
1.015918e+02 
1.017840e+02 
1.019462e+02 
1.020635e+02 
1.021240e+02 
1.021212e+02 
1.020554e+02 
1.019336e+02 
1.017681e+02 
1.015737e+02 
1.013661e+02 
1.011587e+02 
1.009619e+02 
1.007828e+02 
1.006251e+02 
1.004758e+02 
1.003272e+02 
1.001917e+02 
1.000818e+02 
1.000058e+02 
9.996439e+01 
9.995089e+01 
9.995456e+01 
9.996537e+01 
9.997670e+01 
9.998564e+01 
9.999169e+01 
9.999541e+01 
9.999755e+01 
9.999873e+01 
9.999935e+01 
9.999968e+01 
9.999986e+01 
9.999994e+01 
9.999998e+01 
1.000000e+02 
1.000000e+02 
1.000000e+02 

1.000000e+02 
1.000000e+02 
1.000000e+02 
9.999999e+01 
9.999995e+01 
9.999987e+01 
9.999971e+01 
9.999940e+01 
9.999879e+01 
9.999764e+01 
9.999549e+01 
9.999165e+01 
9.998519e+01 
9.997511e+01 
9.996110e+01 
9.994492e+01 
9.993210e+01 
9.993270e+01 
9.995974e+01 
1.000247e+02 
1.001321e+02 
1.002776e+02 
1.004492e+02 
1.006320e+02 
1.008357e+02 
1.010781e+02 
1.013569e+02 
1.016638e+02 
1.019830e+02 
1.022912e+02 
1.025594e+02 
1.027574e+02 
1.028603e+02 
1.028543e+02 
1.027401e+02 
1.025330e+02 
1.022587e+02 
1.019475e+02 
1.016279e+02 
1.013226e+02 
1.010466e+02 
1.008075e+02 
1.006072e+02 
1.004280e+02 
1.002603e+02 
1.001187e+02 
1.000147e+02 
9.995274e+01 
9.992796e+01 
9.992899e+01 
9.994293e+01 
9.995984e+01 
9.997431e+01 
9.998468e+01 
9.999133e+01 
9.999528e+01 
9.999751e+01 
9.999871e+01 
9.999935e+01 
9.999968e+01 
9.999986e+01 
9.999994e+01 
9.999998e+01 
1.000000e+02 
1.000000e+02 
1.000000e+02 

1.000000e+02 
1.000000e+02 
1.000000e+02 
9.999999e+01 
9.999995e+01 
9.999987e+01 
9.999971e+01 
9.999939e+01 
9.999878e+01 
9.999761e+01 
9.999540e+01 
9.999140e+01 
9.998451e+01 
9.997336e+01 
9.995691e+01 
9.993572e+01 
9.991382e+01 
9.990030e+01 
9.990882e+01 
9.995401e+01 
1.000457e+02 
1.001845e+02 
1.003616e+02 
1.005621e+02 
1.007980e+02 
1.010930e+02 
1.014495e+02 
1.018612e+02 
1.023091e+02 
1.027590e+02 
1.031632e+02 
1.034685e+02 
1.036286e+02 
1.036171e+02 
1.034359e+02 
1.031144e+02 
1.027006e+02 
1.022475e+02 
1.018013e+02 
1.013945e+02 
1.010444e+02 
1.007560e+02 
1.005263e+02 
1.003319e+02 
1.001610e+02 
1.000280e+02 
9.994132e+01 
9.990014e+01 
9.989460e+01 
9.991019e+01 
9.993345e+01 
9.995551e+01 
9.997250e+01 
9.998397e+01 
9.999107e+01 
9.999519e+01 
9.999748e+01 
9.999870e+01 
9.999935e+01 
9.999968e+01 
9.999986e+01 
9.999994e+01 
9.999998e+01 
1.000000e+02 
1.000000e+02 
1.000000e+02 

1.000000e+02 
1.000000e+02 
1.000000e+02 
9.999999e+01 
9.999995e+01 
9.999987e+01 
9.999971e+01 
9.999939e+01 
9.999878e+01 
9.999759e+01 
9.999534e+01 
9.999122e+01 
9.998401e+01 
9.997205e+01 
9.995369e+01 
9.992843e+01 
9.989879e+01 
9.987234e+01 
9.986224e+01 
9.988471e+01 
9.995348e+01 
1.000742e+02 
1.002422e+02 
1.004445e+02 
1.006957e+02 
1.010254e+02 
1.014433e+02 
1.019493e+02 
1.025248e+02 
1.031263e+02 
1.036846e+02 
1.041159e+02 
1.043440e+02 
1.043244e+02 
1.040609e+02 
1.036040e+02 
1.030326e+02 
1.024293e+02 
1.018598e+02 
1.013641e+02 
1.009576e+02 
1.006389e+02 
1.003973e+02 
1.002040e+02 
1.000446e+02 
9.993173e+01 
9.986948e+01 
9.985205e+01 
9.986579e+01 
9.989471e+01 
9.992594e+01 
9.995218e+01 
9.997113e+01 
9.998345e+01 
9.999087e+01 
9.999512e+01 
9.999745e+01 
9.999869e+01 
9.999934e+01 
9.999968e+01 
9.999986e+01 
9.999994e+01 
9.999998e+01 
1.000000e+02 
1.000000e+02 
1.000000e+02 

1.000000e+02 
1.000000e+02 
1.000000e+02 
9.999999e+01 
9.999995e+01 
9.999987e+01 
9.999971e+01 
9.999939e+01 
9.999877e+01 
9.999757e+01 
9.999529e+01 
9.999107e+01 
9.998359e+01 
9.997096e+01 
9.995098e+01 
9.992215e+01 
9.988544e+01 
9.984655e+01 
9.981728e+01 
9.981416e+01 
9.985362e+01 
9.994577e+01 
1.000908e+02 
1.002791e+02 
1.005273e+02 
1.008706e+02 
1.013286e+02 
1.019116e+02 
1.026075e+02 
1.033667e+02 
1.040968e+02 
1.046749e+02 
1.049829e+02 
1.049511e+02 
1.045868e+02 
1.039708e+02 
1.032247e+02 
1.024678e+02 
1.017856e+02 
1.012209e+02 
1.007813e+02 
1.004544e+02 
1.002198e+02 
1.000437e+02 
9.991006e+01 
9.982783e+01 
9.979644e+01 
9.980564e+01 
9.983920e+01 
9.988094e+01 
9.991945e+01 
9.994937e+01 
9.997000e+01 
9.998301e+01 
9.999071e+01 
9.999507e+01 
9.999744e+01 
9.999869e+01 
9.999934e+01 
9.999968e+01 
9.999986e+01 
9.999994e+01 
9.999998e+01 
1.000000e+02 
1.000000e+02 
1.000000e+02 

1.000000e+02 
1.000000e+02 
1.000000e+02 
9.999999e+01 
9.999995e+01 
9.999987e+01 
9.999971e+01 
9.999939e+01 
9.999877e+01 
9.999756e+01 
9.999524e+01 
9.999094e+01 
9.998322e+01 
9.996995e+01 
9.994844e+01 
9.991616e+01 
9.987238e+01 
9.982052e+01 
9.977015e+01 
9.973688e+01 
9.973857e+01 
9.978927e+01 
9.989432e+01 
1.000487e+02 
1.002704e+02 
1.005983e+02 
1.010638e+02 
1.016926e+02 
1.024862e+02 
1.033964e+02 
1.043079e+02 
1.050495e+02 
1.054469e+02 
1.053962e+02 
1.049108e+02 
1.041146e+02 
1.031861e+02 
1.022873e+02 
1.015200e+02 
1.009213e+02 
1.004836e+02 
1.001791e+02 
9.997591e+01 
9.983739e+01 
9.974682e+01 
9.970842e+01 
9.971649e+01 
9.975698e+01 
9.981234e+01 
9.986745e+01 
9.991325e+01 
9.994674e+01 
9.996895e+01 
9.998262e+01 
9.999057e+01 
9.999502e+01 
9.999742e+01 
9.999868e+01 
9.999934e+01 
9.999968e+01 
9.999986e+01 
9.999994e+01 
9.999998e+01 
1.000000e+02 
1.000000e+02 
1.000000e+02 

1.000000e+02 
1.000000e+02 
1.000000e+02 
9.999999e+01 
9.999995e+01 
9.999987e+01 
9.999971e+01 
9.999939e+01 
9.999876e+01 
9.999754e+01 
9.999520e+01 
9.999082e+01 
9.998288e+01 
9.996904e+01 
9.994612e+01 
9.991057e+01 
9.985991e+01 
9.979495e+01 
9.972224e+01 
9.965516e+01 
9.961147e+01 
9.960790e+01 
9.965460e+01 
9.975211e+01 
9.991720e+01 
1.001883e+02 
1.006072e+02 
1.012165e+02 
1.020367e+02 
1.030291e+02 
1.040607e+02 
1.049180e+02 
1.053773e+02 
1.053014e+02 
1.047125e+02 
1.037801e+02 
1.027325e+02 
1.017659e+02 
1.009897e+02 
1.004257e+02 
1.000458e+02 
9.980584e+01 
9.966472e+01 
9.958717e+01 
9.955828e+01 
9.957671e+01 
9.963197e+01 
9.970747e+01 
9.978591e+01 
9.985454e+01 
9.990744e+01 
9.994431e+01 
9.996799e+01 
9.998226e+01 
9.999044e+01 
9.999497e+01 
9.999740e+01 
9.999868e+01 
9.999934e+01 
9.999968e+01 
9.999986e+01 
9.999994e+01 
9.999998e+01 
1.000000e+02 
1.000000e+02 
1.000000e+02 

1.000000e+02 
1.000000e+02 
1.000000e+02 
9.999999e+01 
9.999995e+01 
9.999987e+01 
9.999971e+01 
9.999939e+01 
9.999876e+01 
9.999753e+01 
9.999516e+01 
9.999071e+01 
9.998258e+01 
9.996824e+01 
9.994403e+01 
9.990547e+01 
9.984831e+01 
9.977057e+01 
9.967519e+01 
9.957210e+01 
9.947732e+01 
9.940862e+01 
9.937997e+01 
9.939754e+01 
9.947358e+01 
9.963949e+01 
9.994148e+01 
1.004332e+02 
1.011529e+02 
1.020753e+02 
1.030754e+02 
1.039252e+02 
1.043708e+02 
1.042672e+02 
1.036467e+02 
1.027008e+02 
1.016876e+02 
1.008071e+02 
1.001507e+02 
9.972029e+01 
9.946880e+01 
9.934188e+01 
9.929526e+01 
9.930178e+01 
9.935164e+01 
9.943782e+01 
9.954605e+01 
9.965880e+01 
9.976067e+01 
9.984252e+01 
9.990213e+01 
9.994212e+01 
9.996714e+01 
9.998194e+01 
9.999033e+01 
9.999493e+01 
9.999739e+01 
9.999867e+01 
9.999934e+01 
9.999968e+01 
9.999986e+01 
9.999994e+01 
9.999998e+01 
1.000000e+02 
1.000000e+02 
1.000000e+02 

1.000000e+02 
1.000000e+02 
1.000000e+02 
9.999999e+01 
9.999995e+01 
9.999987e+01 
9.999971e+01 
9.999939e+01 
9.999876e+01 
9.999752e+01 
9.999513e+01 
9.999062e+01 
9.998233e+01 
9.996754e+01 
9.994220e+01 
9.990096e+01 
9.983789e+01 
9.974819e+01 
9.963085e+01 
9.949148e+01 
9.934287e+01 
9.920214e+01 
9.908570e+01 
9.900491e+01 
9.896389e+01 
9.897985e+01 
9.909423e+01 
9.936136e+01 
9.982643e+01 
1.004877e+02 
1.012404e+02 
1.018857e+02 
1.022113e+02 
1.020852e+02 
1.015482e+02 
1.007878e+02 
1.000222e+02 
9.941569e+01 
9.902924e+01 
9.883684e+01 
9.878275e+01 
9.881276e+01 
9.888817e+01 
9.899693e+01 
9.913786e+01 
9.929865e+01 
9.946258e+01 
9.961285e+01 
9.973743e+01 
9.983167e+01 
9.989743e+01 
9.994020e+01 
9.996640e+01 
9.998167e+01 
9.999023e+01 
9.999490e+01 
9.999738e+01 
9.999867e+01 
9.999934e+01 
9.999968e+01 
9.999985e+01 
9.999994e+01 
9.999998e+01 
1.000000e+02 
1.000000e+02 
1.000000e+02 

1.000000e+02 
1.000000e+02 
1.000000e+02 
9.999999e+01 
9.999995e+01 
9.999987e+01 
9.999971e+01 
9.999939e+01 
9.999875e+01 
9.999751e+01 
9.999511e+01 
9.999055e+01 
9.998212e+01 
9.996696e+01 
9.994068e+01 
9.989714e+01 
9.982893e+01 
9.972856e+01 
9.959112e+01 
9.941745e+01 
9.921613e+01 
9.900221e+01 
9.879320e+01 
9.860481e+01 
9.843054e+01 
9.826802e+01 
9.814661e+01 
9.811042e+01 
9.820674e+01 
9.845045e+01 
9.879102e+01 
9.910118e+01 
9.922559e+01 
9.908698e+01 
9.872952e+01 
9.829152e+01 
9.793495e+01 
9.775014e+01 
9.774037e+01 
9.785944e+01 
9.804798e+01 
9.826186e+01 
9.847467e+01 
9.869444e+01 
9.893095e+01 
9.916736e+01 
9.938579e+01 
9.957157e+01 
9.971699e+01 
9.982229e+01 
9.989341e+01 
9.993858e+01 
9.996577e+01 
9.998144e+01 
9.999015e+01 
9.999487e+01 
9.999737e+01 
9.999867e+01 
9.999934e+01 
9.999968e+01 
9.999985e+01 
9.999994e+01 
9.999998e+01 
1.000000e+02 
1.000000e+02 
1.000000e+02 

1.000000e+02 
1.000000e+02 
1.000000e+02 
9.999999e+01 
9.999995e+01 
9.999987e+01 
9.999971e+01 
9.999939e+01 
9.999875e+01 
9.999751e+01 
9.999509e+01 
9.999049e+01 
9.998195e+01 
9.996650e+01 
9.993946e+01 
9.989408e+01 
9.982165e+01 
9.971241e+01 
9.955785e+01 
9.935421e+01 
9.910558e+01 
9.882413e+01 
9.852743e+01 
9.823465e+01 
9.792797e+01 
9.758406e+01 
9.721752e+01 
9.685965e+01 
9.655589e+01 
9.634582e+01 
9.622978e+01 
9.615817e+01 
9.606734e+01 
9.592585e+01 
9.577642e+01 
9.571219e+01 
9.580596e+01 
9.607217e+01 
9.646357e+01 
9.690754e+01 
9.734515e+01 
9.774418e+01 
9.809263e+01 
9.841964e+01 
9.874647e+01 
9.905258e+01 
9.931997e+01 
9.953683e+01 
9.970006e+01 
9.981462e+01 
9.989015e+01 
9.993728e+01 
9.996527e+01 
9.998125e+01 
9.999008e+01 
9.999485e+01 
9.999736e+01 
9.999866e+01 
9.999933e+01 
9.999968e+01 
9.999985e+01 
9.999994e+01 
9.999998e+01 
1.000000e+02 
1.000000e+02 
1.000000e+02 

1.000000e+02 
1.000000e+02 
1.000000e+02 
9.999999e+01 
9.999995e+01 
9.999987e+01 
9.999971e+01 
9.999938e+01 
9.999875e+01 
9.999750e+01 
9.999508e+01 
9.999045e+01 
9.998184e+01 
9.996617e+01 
9.993858e+01 
9.989184e+01 
9.981628e+01 
9.970034e+01 
9.953263e+01 
9.930556e+01 
9.901916e+01 
9.868272e+01 
9.831326e+01 
9.793249e+01 
9.751259e+01 
9.701186e+01 
9.643217e+01 
9.579504e+01 
9.514699e+01 
9.454947e+01 
9.405305e+01 
9.367561e+01 
9.341240e+01 
9.327152e+01 
9.329410e+01 
9.353123e+01 
9.399878e+01 
9.464747e+01 
9.538113e+01 
9.610505e+01 
9.675793e+01 
9.731634e+01 
9.778043e+01 
9.819772e+01 
9.859946e+01 
9.896243e+01 
9.926902e+01 
9.951030e+01 
9.968728e+01 
9.980888e+01 
9.988774e+01 
9.993631e+01 
9.996491e+01 
9.998112e+01 
9.999003e+01 
9.999483e+01 
9.999736e+01 
9.999866e+01 
9.999933e+01 
9.999968e+01 
9.999985e+01 
9.999994e+01 
9.999998e+01 
1.000000e+02 
1.000000e+02 
1.000000e+02 

1.000000e+02 
1.000000e+02 
1.000000e+02 
9.999999e+01 
9.999995e+01 
9.999987e+01 
9.999971e+01 
9.999938e+01 
9.999875e+01 
9.999750e+01 
9.999507e+01 
9.999043e+01 
9.998176e+01 
9.996597e+01 
9.993804e+01 
9.989047e+01 
9.981296e+01 
9.969281e+01 
9.951672e+01 
9.927449e+01 
9.896328e+01 
9.859016e+01 
9.817149e+01 
9.773044e+01 
9.723206e+01 
9.662161e+01 
9.589185e+01 
9.505792e+01 
9.416835e+01 
9.330102e+01 
9.253949e+01 
9.194676e+01 
9.156333e+01 
9.142302e+01 
9.156532e+01 
9.201442e+01 
9.274240e+01 
9.365708e+01 
9.463071e+01 
9.555180e+01 
9.635618e+01 
9.702613e+01 
9.757048e+01 
9.804976e+01 
9.850238e+01 
9.890347e+01 
9.923600e+01 
9.949324e+01 
9.967911e+01 
9.980523e+01 
9.988620e+01 
9.993570e+01 
9.996467e+01 
9.998103e+01 
9.999000e+01 
9.999482e+01 
9.999735e+01 
9.999866e+01 
9.999933e+01 
9.999968e+01 
9.999985e+01 
9.999994e+01 
9.999998e+01 
1.000000e+02 
1.000000e+02 
1.000000e+02 

1.000000e+02 
1.000000e+02 
1.000000e+02 
9.999999e+01 
9.999995e+01 
9.999987e+01 
9.999971e+01 
9.999938e+01 
9.999875e+01 
9.999750e+01 
9.999507e+01 
9.999042e+01 
9.998174e+01 
9.996590e+01 
9.993786e+01 
9.988999e+01 
9.981177e+01 
9.969008e+01 
9.951086e+01 
9.926284e+01 
9.894197e+01 
9.855423e+01 
9.811546e+01 
9.764920e+01 
9.711709e+01 
9.645794e+01 
9.565883e+01 
9.472920e+01 
9.371501e+01 
9.269964e+01 
9.178434e+01 
9.106127e+01 
9.060214e+01 
9.046075e+01 
9.067631e+01 
9.125296e+01 
9.213233e+01 
9.319384e+01 
9.429212e+01 
9.530976e+01 
9.618471e+01 
9.690462e+01 
9.748385e+01 
9.798943e+01 
9.846322e+01 
9.887989e+01 
9.922286e+01 
9.948646e+01 
9.967585e+01 
9.980376e+01 
9.988557e+01 
9.993544e+01 
9.996457e+01 
9.998099e+01 
9.998998e+01 
9.999481e+01 
9.999735e+01 
9.999866e+01 
9.999933e+01 
9.999968e+01 
9.999985e+01 
9.999994e+01 
9.999998e+01 
1.000000e+02 
1.000000e+02 
1.000000e+02 

1.000000e+02 
1.000000e+02 
1.000000e+02 
9.999999e+01 
9.999995e+01 
9.999987e+01 
9.999971e+01 
9.999938e+01 
9.999875e+01 
9.999750e+01 
9.999507e+01 
9.999043e+01 
9.998177e+01 
9.996597e+01 
9.993803e+01 
9.989041e+01 
9.981275e+01 
9.969222e+01 
9.951525e+01 
9.927112e+01 
9.895633e+01 
9.857709e+01 
9.814900e+01 
9.769484e+01 
9.717688e+01 
9.653468e+01 
9.575324e+01 
9.483667e+01 
9.382267e+01 
9.278766e+01 
9.183481e+01 
9.106857e+01 
9.057878e+01 
9.043530e+01 
9.067822e+01 
9.129643e+01 
9.221342e+01 
9.329564e+01 
9.439485e+01 
9.540032e+01 
9.625824e+01 
9.696164e+01 
9.752707e+01 
9.802088e+01 
9.848435e+01 
9.889289e+01 
9.923016e+01 
9.949018e+01 
9.967758e+01 
9.980450e+01 
9.988586e+01 
9.993554e+01 
9.996460e+01 
9.998100e+01 
9.998999e+01 
9.999481e+01 
9.999735e+01 
9.999866e+01 
9.999933e+01 
9.999968e+01 
9.999985e+01 
9.999994e+01 
9.999998e+01 
1.000000e+02 
1.000000e+02 
1.000000e+02 

1.000000e+02 
1.000000e+02 
1.000000e+02 
9.999999e+01 
9.999995e+01 
9.999987e+01 
9.999971e+01 
9.999939e+01 
9.999875e+01 
9.999751e+01 
9.999508e+01 
9.999045e+01 
9.998184e+01 
9.996617e+01 
9.993855e+01 
9.989171e+01 
9.981584e+01 
9.969911e+01 
9.952951e+01 
9.929843e+01 
9.900443e+01 
9.865509e+01 
9.826594e+01 
9.785803e+01 
9.739812e+01 
9.683358e+01 
9.615219e+01 
9.535629e+01 
9.447451e+01 
9.356810e+01 
9.272038e+01 
9.202339e+01 
9.156796e+01 
9.142361e+01 
9.163102e+01 
9.218109e+01 
9.299544e+01 
9.395087e+01 
9.491851e+01 
9.580286e+01 
9.655984e+01 
9.718466e+01 
9.769126e+01 
9.813820e+01 
9.856226e+01 
9.894064e+01 
9.925702e+01 
9.950405e+01 
9.968417e+01 
9.980740e+01 
9.988705e+01 
9.993600e+01 
9.996477e+01 
9.998106e+01 
9.999001e+01 
9.999482e+01 
9.999735e+01 
9.999866e+01 
9.999933e+01 
9.999968e+01 
9.999985e+01 
9.999994e+01 
9.999998e+01 
1.000000e+02 
1.000000e+02 
1.000000e+02 

1.000000e+02 
1.000000e+02 
1.000000e+02 
9.999999e+01 
9.999995e+01 
9.999987e+01 
9.999971e+01 
9.999939e+01 
9.999875e+01 
9.999751e+01 
9.999509e+01 
9.999050e+01 
9.998196e+01 
9.996650e+01 
9.993941e+01 
9.989387e+01 
9.982094e+01 
9.971040e+01 
9.955275e+01 
9.934259e+01 
9.908163e+01 
9.877942e+01 
9.845136e+01 
9.811592e+01 
9.774735e+01 
9.730656e+01 
9.678926e+01 
9.620194e+01 
9.556877e+01 
9.492947e+01 
9.433754e+01 
9.384611e+01 
9.350279e+01 
9.336163e+01 
9.346411e+01 
9.381492e+01 
9.437686e+01 
9.506525e+01 
9.578139e+01 
9.645336e+01 
9.704264e+01 
9.754080e+01 
9.795387e+01 
9.832663e+01 
9.868821e+01 
9.901851e+01 
9.930131e+01 
9.952718e+01 
9.969530e+01 
9.981236e+01 
9.988911e+01 
9.993681e+01 
9.996507e+01 
9.998116e+01 
9.999004e+01 
9.999483e+01 
9.999735e+01 
9.999866e+01 
9.999933e+01 
9.999968e+01 
9.999985e+01 
9.999994e+01 
9.999998e+01 
1.000000e+02 
1.000000e+02 
1.000000e+02 

1.000000e+02 
1.000000e+02 
1.000000e+02 
9.999999e+01 
9.999995e+01 
9.999987e+01 
9.999971e+01 
9.999939e+01 
9.999876e+01 
9.999752e+01 
9.999511e+01 
9.999056e+01 
9.998213e+01 
9.996695e+01 
9.994060e+01 
9.989682e+01 
9.982788e+01 
9.972560e+01 
9.958364e+01 
9.940044e+01 
9.918126e+01 
9.893759e+01 
9.868425e+01 
9.843635e+01 
9.817707e+01 
9.788368e+01 
9.756227e+01 
9.722754e+01 
9.690106e+01 
9.660666e+01 
9.635256e+01 
9.613495e+01 
9.595544e+01 
9.582663e+01 
9.578604e+01 
9.587530e+01 
9.610195e+01 
9.643991e+01 
9.684034e+01 
9.725080e+01 
9.763713e+01 
9.798265e+01 
9.828269e+01 
9.856506e+01 
9.884967e+01 
9.911981e+01 
9.935983e+01 
9.955824e+01 
9.971048e+01 
9.981922e+01 
9.989200e+01 
9.993795e+01 
9.996550e+01 
9.998132e+01 
9.999009e+01 
9.999485e+01 
9.999736e+01 
9.999866e+01 
9.999933e+01 
9.999968e+01 
9.999985e+01 
9.999994e+01 
9.999998e+01 
1.000000e+02 
1.000000e+02 
1.000000e+02 

1.000000e+02 
1.000000e+02 
1.000000e+02 
9.999999e+01 
9.999995e+01 
9.999987e+01 
9.999971e+01 
9.999939e+01 
9.999876e+01 
9.999753e+01 
9.999514e+01 
9.999063e+01 
9.998234e+01 
9.996752e+01 
9.994209e+01 
9.990051e+01 
9.983644e+01 
9.974409e+01 
9.962054e+01 
9.946818e+01 
9.929555e+01 
9.911540e+01 
9.894111e+01 
9.878375e+01 
9.863503e+01 
9.848765e+01 
9.835613e+01 
9.826080e+01 
9.822164e+01 
9.824295e+01 
9.830283e+01 
9.835010e+01 
9.832857e+01 
9.822069e+01 
9.805716e+01 
9.790046e+01 
9.781352e+01 
9.782384e+01 
9.792163e+01 
9.807888e+01 
9.826506e+01 
9.845729e+01 
9.864168e+01 
9.882970e+01 
9.903222e+01 
9.923668e+01 
9.942877e+01 
9.959558e+01 
9.972906e+01 
9.982776e+01 
9.989565e+01 
9.993941e+01 
9.996605e+01 
9.998151e+01 
9.999016e+01 
9.999487e+01 
9.999737e+01 
9.999867e+01 
9.999933e+01 
9.999968e+01 
9.999985e+01 
9.999994e+01 
9.999998e+01 
1.000000e+02 
1.000000e+02 
1.000000e+02 

1.000000e+02 
1.000000e+02 
1.000000e+02 
9.999999e+01 
9.999995e+01 
9.999987e+01 
9.999971e+01 
9.999939e+01 
9.999876e+01 
9.999754e+01 
9.999517e+01 
9.999072e+01 
9.998259e+01 
9.996821e+01 
9.994387e+01 
9.990486e+01 
9.984638e+01 
9.976515e+01 
9.966165e+01 
9.954184e+01 
9.941663e+01 
9.929892e+01 
9.919964e+01 
9.912532e+01 
9.907433e+01 
9.905090e+01 
9.907285e+01 
9.916008e+01 
9.932583e+01 
9.956121e+01 
9.982089e+01 
1.000299e+02 
1.001131e+02 
1.000312e+02 
9.980614e+01 
9.950884e+01 
9.922118e+01 
9.900306e+01 
9.887740e+01 
9.883600e+01 
9.885669e+01 
9.891646e+01 
9.899719e+01 
9.909771e+01 
9.922166e+01 
9.936108e+01 
9.950407e+01 
9.963737e+01 
9.975033e+01 
9.983773e+01 
9.989998e+01 
9.994117e+01 
9.996672e+01 
9.998176e+01 
9.999025e+01 
9.999490e+01 
9.999738e+01 
9.999867e+01 
9.999934e+01 
9.999968e+01 
9.999985e+01 
9.999994e+01 
9.999998e+01 
1.000000e+02 
1.000000e+02 
1.000000e+02 

1.000000e+02 
1.000000e+02 
1.000000e+02 
9.999999e+01 
9.999995e+01 
9.999987e+01 
9.999971e+01 
9.999939e+01 
9.999877e+01 
9.999755e+01 
9.999521e+01 
9.999083e+01 
9.998289e+01 
9.996901e+01 
9.994591e+01 
9.990978e+01 
9.985741e+01 
9.978803e+01 
9.970517e+01 
9.961757e+01 
9.953734e+01 
9.947621e+01 
9.944177e+01 
9.943585e+01 
9.946107e+01 
9.952829e+01 
9.965354e+01 
9.985096e+01 
1.001242e+02 
1.004541e+02 
1.007907e+02 
1.010591e+02 
1.011846e+02 
1.011270e+02 
1.009000e+02 
1.005644e+02 
1.002005e+02 
9.987509e+01 
9.962522e+01 
9.945844e+01 
9.936402e+01 
9.932453e+01 
9.932293e+01 
9.935037e+01 
9.940567e+01 
9.948568e+01 
9.958180e+01 
9.968178e+01 
9.977353e+01 
9.984884e+01 
9.990489e+01 
9.994319e+01 
9.996750e+01 
9.998205e+01 
9.999035e+01 
9.999493e+01 
9.999739e+01 
9.999867e+01 
9.999934e+01 
9.999968e+01 
9.999985e+01 
9.999994e+01 
9.999998e+01 
1.000000e+02 
1.000000e+02 
1.000000e+02 

1.000000e+02 
1.000000e+02 
1.000000e+02 
9.999999e+01 
9.999995e+01 
9.999987e+01 
9.999971e+01 
9.999939e+01 
9.999877e+01 
9.999756e+01 
9.999525e+01 
9.999095e+01 
9.998322e+01 
9.996990e+01 
9.994818e+01 
9.991516e+01 
9.986926e+01 
9.981197e+01 
9.974940e+01 
9.969202e+01 
9.965187e+01 
9.963836e+01 
9.965522e+01 
9.969999e+01 
9.977732e+01 
9.990068e+01 
1.000814e+02 
1.003262e+02 
1.006304e+02 
1.009698e+02 
1.012981e+02 
1.015536e+02 
1.016780e+02 
1.016394e+02 
1.014455e+02 
1.011405e+02 
1.007873e+02 
1.004445e+02 
1.001515e+02 
9.992518e+01 
9.976522e+01 
9.966187e+01 
9.960245e+01 
9.957471e+01 
9.957494e+01 
9.960445e+01 
9.965852e+01 
9.972708e+01 
9.979791e+01 
9.986082e+01 
9.991029e+01 
9.994544e+01 
9.996839e+01 
9.998237e+01 
9.999047e+01 
9.999497e+01 
9.999740e+01 
9.999868e+01 
9.999934e+01 
9.999968e+01 
9.999985e+01 
9.999994e+01 
9.999998e+01 
1.000000e+02 
1.000000e+02 
1.000000e+02 

1.000000e+02 
1.000000e+02 
1.000000e+02 
9.999999e+01 
9.999995e+01 
9.999987e+01 
9.999971e+01 
9.999939e+01 
9.999877e+01 
9.999758e+01 
9.999530e+01 
9.999108e+01 
9.998360e+01 
9.997089e+01 
9.995064e+01 
9.992091e+01 
9.988163e+01 
9.983629e+01 
9.979286e+01 
9.976251e+01 
9.975606e+01 
9.977984e+01 
9.983374e+01 
9.991183e+01 
1.000194e+02 
1.001700e+02 
1.003698e+02 
1.006195e+02 
1.009095e+02 
1.012159e+02 
1.015004e+02 
1.017167e+02 
1.018234e+02 
1.017977e+02 
1.016438e+02 
1.013917e+02 
1.010864e+02 
1.007731e+02 
1.004867e+02 
1.002471e+02 
1.000603e+02 
9.992350e+01 
9.982895e+01 
9.976387e+01 
9.972357e+01 
9.971304e+01 
9.973146e+01 
9.977173e+01 
9.982273e+01 
9.987336e+01 
9.991609e+01 
9.994791e+01 
9.996936e+01 
9.998274e+01 
9.999060e+01 
9.999502e+01 
9.999741e+01 
9.999868e+01 
9.999934e+01 
9.999968e+01 
9.999985e+01 
9.999994e+01 
9.999998e+01 
1.000000e+02 
1.000000e+02 
1.000000e+02 

1.000000e+02 
1.000000e+02 
1.000000e+02 
9.999999e+01 
9.999995e+01 
9.999987e+01 
9.999971e+01 
9.999939e+01 
9.999878e+01 
9.999760e+01 
9.999536e+01 
9.999125e+01 
9.998406e+01 
9.997210e+01 
9.995361e+01 
9.992769e+01 
9.989583e+01 
9.986329e+01 
9.983925e+01 
9.983451e+01 
9.985752e+01 
9.991088e+01 
9.999077e+01 
1.000887e+02 
1.002100e+02 
1.003668e+02 
1.005609e+02 
1.007890e+02 
1.010398e+02 
1.012929e+02 
1.015197e+02 
1.016885e+02 
1.017720e+02 
1.017554e+02 
1.016409e+02 
1.014475e+02 
1.012044e+02 
1.009436e+02 
1.006921e+02 
1.004684e+02 
1.002815e+02 
1.001332e+02 
1.000207e+02 
9.993200e+01 
9.986233e+01 
9.981943e+01 
9.980629e+01 
9.981957e+01 
9.985038e+01 
9.988781e+01 
9.992294e+01 
9.995089e+01 
9.997057e+01 
9.998320e+01 
9.999076e+01 
9.999507e+01 
9.999743e+01 
9.999869e+01 
9.999934e+01 
9.999968e+01 
9.999986e+01 
9.999994e+01 
9.999998e+01 
1.000000e+02 
1.000000e+02 
1.000000e+02 

1.000000e+02 
1.000000e+02 
1.000000e+02 
9.999999e+01 
9.999995e+01 
9.999987e+01 
9.999971e+01 
9.999940e+01 
9.999879e+01 
9.999762e+01 
9.999544e+01 
9.999148e+01 
9.998469e+01 
9.997373e+01 
9.995753e+01 
9.993641e+01 
9.991345e+01 
9.989539e+01 
9.989171e+01 
9.991151e+01 
9.995958e+01 
1.000344e+02 
1.001288e+02 
1.002334e+02 
1.003530e+02 
1.004978e+02 
1.006665e+02 
1.008538e+02 
1.010496e+02 
1.012389e+02 
1.014028e+02 
1.015222e+02 
1.015812e+02 
1.015713e+02 
1.014936e+02 
1.013585e+02 
1.011830e+02 
1.009869e+02 
1.007883e+02 
1.006016e+02 
1.004359e+02 
1.002955e+02 
1.001809e+02 
1.000821e+02 
9.999454e+01 
9.992730e+01 
9.988679e+01 
9.987392e+01 
9.988337e+01 
9.990579e+01 
9.993178e+01 
9.995484e+01 
9.997219e+01 
9.998382e+01 
9.999099e+01 
9.999515e+01 
9.999746e+01 
9.999869e+01 
9.999934e+01 
9.999968e+01 
9.999986e+01 
9.999994e+01 
9.999998e+01 
1.000000e+02 
1.000000e+02 
1.000000e+02 

1.000000e+02 
1.000000e+02 
1.000000e+02 
9.999999e+01 
9.999995e+01 
9.999987e+01 
9.999971e+01 
9.999940e+01 
9.999880e+01 
9.999766e+01 
9.999555e+01 
9.999181e+01 
9.998556e+01 
9.997591e+01 
9.996264e+01 
9.994733e+01 
9.993449e+01 
9.993155e+01 
9.994693e+01 
9.998657e+01 
1.000509e+02 
1.001347e+02 
1.002295e+02 
1.003263e+02 
1.004298e+02 
1.005480e+02 
1.006783e+02 
1.008158e+02 
1.009530e+02 
1.010804e+02 
1.011874e+02 
1.012636e+02 
1.013011e+02 
1.012956e+02 
1.012476e+02 
1.011621e+02 
1.010477e+02 
1.009152e+02 
1.007749e+02 
1.006364e+02 
1.005065e+02 
1.003898e+02 
1.002886e+02 
1.001948e+02 
1.001041e+02 
1.000250e+02 
9.996594e+01 
9.993148e+01 
9.992070e+01 
9.992734e+01 
9.994289e+01 
9.996000e+01 
9.997438e+01 
9.998468e+01 
9.999131e+01 
9.999526e+01 
9.999750e+01 
9.999871e+01 
9.999935e+01 
9.999968e+01 
9.999986e+01 
9.999994e+01 
9.999998e+01 
1.000000e+02 
1.000000e+02 
1.000000e+02 

1.000000e+02 
1.000000e+02 
1.000000e+02 
9.999999e+01 
9.999995e+01 
9.999987e+01 
9.999971e+01 
9.999941e+01 
9.999882e+01 
9.999772e+01 
9.999571e+01 
9.999225e+01 
9.998673e+01 
9.997879e+01 
9.996911e+01 
9.996046e+01 
9.995817e+01 
9.996914e+01 
9.999926e+01 
1.000503e+02 
1.001190e+02 
1.001982e+02 
1.002800e+02 
1.003579e+02 
1.004363e+02 
1.005213e+02 
1.006105e+02 
1.007003e+02 
1.007863e+02 
1.008634e+02 
1.009263e+02 
1.009703e+02 
1.009918e+02 
1.009889e+02 
1.009619e+02 
1.009128e+02 
1.008456e+02 
1.007651e+02 
1.006767e+02 
1.005855e+02 
1.004957e+02 
1.004108e+02 
1.003330e+02 
1.002562e+02 
1.001762e+02 
1.000997e+02 
1.000341e+02 
9.998652e+01 
9.995977e+01 
9.995172e+01 
9.995630e+01 
9.996656e+01 
9.997728e+01 
9.998586e+01 
9.999175e+01 
9.999542e+01 
9.999755e+01 
9.999872e+01 
9.999935e+01 
9.999968e+01 
9.999986e+01 
9.999994e+01 
9.999998e+01 
1.000000e+02 
1.000000e+02 
1.000000e+02 

1.000000e+02 
1.000000e+02 
1.000000e+02 
9.999999e+01 
9.999995e+01 
9.999987e+01 
9.999972e+01 
9.999942e+01 
9.999885e+01 
9.999780e+01 
9.999594e+01 
9.999287e+01 
9.998830e+01 
9.998247e+01 
9.997694e+01 
9.997524e+01 
9.998252e+01 
1.000038e+02 
1.000414e+02 
1.000936e+02 
1.001549e+02 
1.002187e+02 
1.002797e+02 
1.003343e+02 
1.003863e+02 
1.004402e+02 
1.004942e+02 
1.005465e+02 
1.005949e+02 
1.006369e+02 
1.006704e+02 
1.006934e+02 
1.007046e+02 
1.007032e+02 
1.006892e+02 
1.006636e+02 
1.006278e+02 
1.005838e+02 
1.005338e+02 
1.004803e+02 
1.004255e+02 
1.003712e+02 
1.003191e+02 
1.002647e+02 
1.002043e+02 
1.001415e+02 
1.000818e+02 
1.000316e+02 
9.999614e+01 
9.997696e+01 
9.997147e+01 
9.997454e+01 
9.998101e+01 
9.998744e+01 
9.999237e+01 
9.999564e+01 
9.999763e+01 
9.999875e+01 
9.999936e+01 
9.999969e+01 
9.999986e+01 
9.999994e+01 
9.999998e+01 
1.000000e+02 
1.000000e+02 
1.000000e+02 

1.000000e+02 
1.000000e+02 
1.000000e+02 
9.999999e+01 
9.999995e+01 
9.999987e+01 
9.999972e+01 
9.999943e+01 
9.999888e+01 
9.999791e+01 
9.999625e+01 
9.999370e+01 
9.999032e+01 
9.998695e+01 
9.998575e+01 
9.999029e+01 
1.000044e+02 
1.000304e+02 
1.000673e+02 
1.001115e+02 
1.001579e+02 
1.002022e+02 
1.002416e+02 
1.002750e+02 
1.003054e+02 
1.003356e+02 
1.003648e+02 
1.003922e+02 
1.004167e+02 
1.004376e+02 
1.004538e+02 
1.004649e+02 
1.004701e+02 
1.004695e+02 
1.004628e+02 
1.004505e+02 
1.004330e+02 
1.004111e+02 
1.003857e+02 
1.003575e+02 
1.003277e+02 
1.002970e+02 
1.002664e+02 
1.002328e+02 
1.001934e+02 
1.001494e+02 
1.001035e+02 
1.000603e+02 
1.000245e+02 
9.999989e+01 
9.998704e+01 
9.998357e+01 
9.998557e+01 
9.998948e+01 
9.999320e+01 
9.999596e+01 
9.999773e+01 
9.999878e+01 
9.999937e+01 
9.999969e+01 
9.999986e+01 
9.999994e+01 
9.999998e+01 
1.000000e+02 
1.000000e+02 
1.000000e+02 

1.000000e+02 
1.000000e+02 
1.000000e+02 
9.999999e+01 
9.999995e+01 
9.999987e+01 
9.999972e+01 
9.999944e+01 
9.999893e+01 
9.999806e+01 
9.999667e+01 
9.999477e+01 
9.999280e+01 
9.999201e+01 
9.999468e+01 
1.000035e+02 
1.000204e+02 
1.000450e+02 
1.000749e+02 
1.001065e+02 
1.001366e+02 
1.001632e+02 
1.001855e+02 
1.002035e+02 
1.002192e+02 
1.002344e+02 
1.002487e+02 
1.002617e+02 
1.002731e+02 
1.002826e+02 
1.002899e+02 
1.002948e+02 
1.002971e+02 
1.002968e+02 
1.002938e+02 
1.002883e+02 
1.002804e+02 
1.002704e+02 
1.002585e+02 
1.002450e+02 
1.002304e+02 
1.002149e+02 
1.001989e+02 
1.001807e+02 
1.001583e+02 
1.001316e+02 
1.001016e+02 
1.000703e+02 
1.000409e+02 
1.000170e+02 
1.000009e+02 
9.999279e+01 
9.999075e+01 
9.999200e+01 
9.999429e+01 
9.999638e+01 
9.999789e+01 
9.999883e+01 
9.999939e+01 
9.999969e+01 
9.999986e+01 
9.999994e+01 
9.999998e+01 
1.000000e+02 
1.000000e+02 
1.000000e+02 

1.000000e+02 
1.000000e+02 
1.000000e+02 
9.999999e+01 
9.999995e+01 
9.999988e+01 
9.999973e+01 
9.999947e+01 
9.999901e+01 
9.999827e+01 
9.999723e+01 
9.999610e+01 
9.999560e+01 
9.999710e+01 
1.000024e+02 
1.000128e+02 
1.000284e+02 
1.000475e+02 
1.000678e+02 
1.000871e+02 
1.001040e+02 
1.001180e+02 
1.001291e+02 
1.001378e+02 
1.001452e+02 
1.001521e+02 
1.001584e+02 
1.001641e+02 
1.001690e+02 
1.001731e+02 
1.001761e+02 
1.001781e+02 
1.001791e+02 
1.001789e+02 
1.001777e+02 
1.001754e+02 
1.001720e+02 
1.001678e+02 
1.001626e+02 
1.001567e+02 
1.001501e+02 
1.001430e+02 
1.001355e+02 
1.001266e+02 
1.001153e+02 
1.001012e+02 
1.000842e+02 
1.000650e+02 
1.000448e+02 
1.000260e+02 
1.000108e+02 
1.000009e+02 
9.999601e+01 
9.999487e+01 
9.999564e+01 
9.999695e+01 
9.999810e+01 
9.999891e+01 
9.999941e+01 
9.999970e+01 
9.999986e+01 
9.999994e+01 
9.999998e+01 
1.000000e+02 
1.000000e+02 
1.000000e+02 

1.000000e+02 
1.000000e+02 
1.000000e+02 
9.999999e+01 
9.999995e+01 
9.999988e+01 
9.999974e+01 
9.999950e+01 
9.999911e+01 
9.999855e+01 
9.999792e+01 
9.999761e+01 
9.999842e+01 
1.000014e+02 
1.000076e+02 
1.000170e+02 
1.000286e+02 
1.000410e+02 
1.000528e+02 
1.000630e+02 
1.000713e+02 
1.000779e+02 
1.000829e+02 
1.000867e+02 
1.000898e+02 
1.000928e+02 
1.000954e+02 
1.000977e+02 
1.000997e+02 
1.001013e+02 
1.001025e+02 
1.001033e+02 
1.001036e+02 
1.001036e+02 
1.001031e+02 
1.001021e+02 
1.001008e+02 
1.000991e+02 
1.000970e+02 
1.000946e+02 
1.000918e+02 
1.000888e+02 
1.000855e+02 
1.000816e+02 
1.000765e+02 
1.000699e+02 
1.000614e+02 
1.000512e+02 
1.000394e+02 
1.000271e+02 
1.000156e+02 
1.000065e+02 
1.000006e+02 
9.999778e+01 
9.999718e+01 
9.999765e+01 
9.999838e+01 
9.999901e+01 
9.999944e+01 
9.999971e+01 
9.999986e+01 
9.999995e+01 
9.999998e+01 
1.000000e+02 
1.000000e+02 
1.000000e+02 

1.000000e+02 
1.000000e+02 
1.000000e+02 
9.999999e+01 
9.999995e+01 
9.999988e+01 
9.999976e+01 
9.999955e+01 
9.999925e+01 
9.999890e+01 
9.999870e+01 
9.999911e+01 
1.000008e+02 
1.000043e+02 
1.000097e+02 
1.000165e+02 
1.000237e+02 
1.000306e+02 
1.000365e+02 
1.000412e+02 
1.000449e+02 
1.000477e+02 
1.000498e+02 
1.000514e+02 
1.000526e+02 
1.000538e+02 
1.000548e+02 
1.000557e+02 
1.000564e+02 
1.000570e+02 
1.000575e+02 
1.000578e+02 
1.000579e+02 
1.000579e+02 
1.000577e+02 
1.000573e+02 
1.000568e+02 
1.000561e+02 
1.000553e+02 
1.000544e+02 
1.000533e+02 
1.000521e+02 
1.000508e+02 
1.000492e+02 
1.000471e+02 
1.000442e+02 
1.000404e+02 
1.000356e+02 
1.000297e+02 
1.000228e+02 
1.000156e+02 
1.000089e+02 
1.000036e+02 
1.000003e+02 
9.999874e+01 
9.999845e+01 
9.999874e+01 
9.999915e+01 
9.999949e+01 
9.999973e+01 
9.999987e+01 
9.999995e+01 
9.999998e+01 
1.000000e+02 
1.000000e+02 
1.000000e+02 

1.000000e+02 
1.000000e+02 
1.000000e+02 
9.999999e+01 
9.999995e+01 
9.999989e+01 
9.999978e+01 
9.999961e+01 
9.999941e+01 
9.999929e+01 
9.999948e+01 
1.000004e+02 
1.000023e+02 
1.000053e+02 
1.000091e+02 
1.000132e+02 
1.000170e+02 
1.000203e+02 
1.000229e+02 
1.000249e+02 
1.000264e+02 
1.000275e+02 
1.000284e+02 
1.000289e+02 
1.000294e+02 
1.000298e+02 
1.000302e+02 
1.000305e+02 
1.000308e+02 
1.000310e+02 
1.000312e+02 
1.000313e+02 
1.000313e+02 
1.000313e+02 
1.000313e+02 
1.000311e+02 
1.000309e+02 
1.000307e+02 
1.000304e+02 
1.000300e+02 
1.000296e+02 
1.000292e+02 
1.000287e+02 
1.000281e+02 
1.000272e+02 
1.000261e+02 
1.000245e+02 
1.000225e+02 
1.000198e+02 
1.000165e+02 
1.000126e+02 
1.000086e+02 
1.000048e+02 
1.000019e+02 
1.000000e+02 
9.999926e+01 
9.999914e+01 
9.999932e+01 
9.999956e+01 
9.999975e+01 
9.999987e+01 
9.999995e+01 
9.999998e+01 
1.000000e+02 
1.000000e+02 
1.000000e+02 

1.000000e+02 
1.000000e+02 
1.000000e+02 
9.999999e+01 
9.999996e+01 
9.999990e+01 
9.999981e+01 
9.999969e+01 
9.999961e+01 
9.999968e+01 
1.000001e+02 
1.000011e+02 
1.000027e+02 
1.000048e+02 
1.000070e+02 
1.000091e+02 
1.000109e+02 
1.000123e+02 
1.000133e+02 
1.000141e+02 
1.000147e+02 
1.000151e+02 
1.000154e+02 
1.000156e+02 
1.000158e+02 
1.000159e+02 
1.000161e+02 
1.000162e+02 
1.000163e+02 
1.000163e+02 
1.000164e+02 
1.000164e+02 
1.000164e+02 
1.000164e+02 
1.000164e+02 
1.000164e+02 
1.000163e+02 
1.000162e+02 
1.000161e+02 
1.000160e+02 
1.000158e+02 
1.000157e+02 
1.000155e+02 
1.000153e+02 
1.000149e+02 
1.000145e+02 
1.000139e+02 
1.000131e+02 
1.000120e+02 
1.000106e+02 
1.000088e+02 
1.000067e+02 
1.000045e+02 
1.000024e+02 
1.000009e+02 
9.999993e+01 
9.999955e+01 
9.999952e+01 
9.999964e+01 
9.999978e+01 
9.999988e+01 
9.999995e+01 
9.999999e+01 
1.000000e+02 
1.000000e+02 
1.000000e+02 

1.000000e+02 
1.000000e+02 
1.000000e+02 
9.999999e+01 
9.999996e+01 
9.999991e+01 
9.999984e+01 
9.999978e+01 
9.999979e+01 
9.999999e+01 
1.000005e+02 
1.000013e+02 
1.000024e+02 
1.000035e+02 
1.000046e+02 
1.000056e+02 
1.000063e+02 
1.000068e+02 
1.000072e+02 
1.000075e+02 
1.000077e+02 
1.000079e+02 
1.000080e+02 
1.000080e+02 
1.000081e+02 
1.000081e+02 
1.000082e+02 
1.000082e+02 
1.000083e+02 
1.000083e+02 
1.000083e+02 
1.000083e+02 
1.000083e+02 
1.000083e+02 
1.000083e+02 
1.000083e+02 
1.000083e+02 
1.000082e+02 
1.000082e+02 
1.000081e+02 
1.000081e+02 
1.000080e+02 
1.000080e+02 
1.000079e+02 
1.000078e+02 
1.000076e+02 
1.000074e+02 
1.000071e+02 
1.000067e+02 
1.000061e+02 
1.000054e+02 
1.000045e+02 
1.000034e+02 
1.000022e+02 
1.000011e+02 
1.000003e+02 
9.999988e+01 
9.999972e+01 
9.999973e+01 
9.999981e+01 
9.999990e+01 
9.999995e+01 
9.999999e+01 
1.000000e+02 
1.000000e+02 
1.000000e+02 

1.000000e+02 
1.000000e+02 
1.000000e+02 
9.999999e+01 
9.999996e+01 
9.999993e+01 
9.999988e+01 
9.999987e+01 
9.999994e+01 
1.000002e+02 
1.000006e+02 
1.000011e+02 
1.000017e+02 
1.000022e+02 
1.000027e+02 
1.000031e+02 
1.000033e+02 
1.000035e+02 
1.000037e+02 
1.000038e+02 
1.000038e+02 
1.000039e+02 
1.000039e+02 
1.000039e+02 
1.000039e+02 
1.000040e+02 
1.000040e+02 
1.000040e+02 
1.000040e+02 
1.000040e+02 
1.000040e+02 
1.000040e+02 
1.000040e+02 
1.000040e+02 
1.000040e+02 
1.000040e+02 
1.000040e+02 
1.000040e+02 
1.000040e+02 
1.000040e+02 
1.000039e+02 
1.000039e+02 
1.000039e+02 
1.000039e+02 
1.000038e+02 
1.000038e+02 
1.000037e+02 
1.000036e+02 
1.000035e+02 
1.000033e+02 
1.000030e+02 
1.000026e+02 
1.000021e+02 
1.000016e+02 
1.000010e+02 
1.000005e+02 
1.000001e+02 
9.999988e+01 
9.999983e+01 
9.999986e+01 
9.999991e+01 
9.999996e+01 
9.999999e+01 
1.000000e+02 
1.000000e+02 
1.000000e+02 

1.000000e+02 
1.000000e+02 
1.000000e+02 
9.999999e+01 
9.999997e+01 
9.999994e+01 
9.999992e+01 
9.999994e+01 
1.000000e+02 
1.000002e+02 
1.000004e+02 
1.000007e+02 
1.000010e+02 
1.000012e+02 
1.000014e+02 
1.000015e+02 
1.000016e+02 
1.000017e+02 
1.000017e+02 
1.000017e+02 
1.000018e+02 
1.000018e+02 
1.000018e+02 
1.000018e+02 
1.000018e+02 
1.000018e+02 
1.000018e+02 
1.000018e+02 
1.000018e+02 
1.000018e+02 
1.000018e+02 
1.000018e+02 
1.000018e+02 
1.000018e+02 
1.000018e+02 
1.000018e+02 
1.000018e+02 
1.000018e+02 
1.000018e+02 
1.000018e+02 
1.000018e+02 
1.000018e+02 
1.000018e+02 
1.000018e+02 
1.000018e+02 
1.000017e+02 
1.000017e+02 
1.000017e+02 
1.000016e+02 
1.000016e+02 
1.000015e+02 
1.000013e+02 
1.000012e+02 
1.000009e+02 
1.000007e+02 
1.000004e+02 
1.000002e+02 
9.999998e+01 
9.999991e+01 
9.999990e+01 
9.999993e+01 
9.999996e+01 
9.999999e+01 
1.000000e+02 
1.000000e+02 
1.000000e+02 

1.000000e+02 
1.000000e+02 
1.000000e+02 
9.999999e+01 
9.999998e+01 
9.999996e+01 
9.999995e+01 
9.999998e+01 
1.000000e+02 
1.000001e+02 
1.000003e+02 
1.000004e+02 
1.000005e+02 
1.000006e+02 
1.000006e+02 
1.000007e+02 
1.000007e+02 
1.000007e+02 
1.000007e+02 
1.000007e+02 
1.000007e+02 
1.000007e+02 
1.000007e+02 
1.000007e+02 
1.000007e+02 
1.000007e+02 
1.000007e+02 
1.000007e+02 
1.000007e+02 
1.000007e+02 
1.000007e+02 
1.000007e+02 
1.000007e+02 
1.000007e+02 
1.000007e+02 
1.000007e+02 
1.000007e+02 
1.000007e+02 
1.000007e+02 
1.000007e+02 
1.000007e+02 
1.000007e+02 
1.000007e+02 
1.000007e+02 
1.000007e+02 
1.000007e+02 
1.000007e+02 
1.000007e+02 
1.000007e+02 
1.000007e+02 
1.000006e+02 
1.000006e+02 
1.000005e+02 
1.000005e+02 
1.000004e+02 
1.000002e+02 
1.000001e+02 
1.000000e+02 
9.999996e+01 
9.999994e+01 
9.999995e+01 
9.999997e+01 
9.999999e+01 
1.000000e+02 
1.000000e+02 
1.000000e+02 

1.000000e+02 
1.000000e+02 
1.000000e+02 
9.999999e+01 
9.999998e+01 
9.999997e+01 
9.999997e+01 
9.999999e+01 
1.000000e+02 
1.000001e+02 
1.000001e+02 
1.000002e+02 
1.000002e+02 
1.000002e+02 
1.000002e+02 
1.000002e+02 
1.000002e+02 
1.000002e+02 
1.000003e+02 
1.000003e+02 
1.000003e+02 
1.000003e+02 
1.000003e+02 
1.000003e+02 
1.000003e+02 
1.000003e+02 
1.000003e+02 
1.000003e+02 
1.000003e+02 
1.000003e+02 
1.000003e+02 
1.000003e+02 
1.000003e+02 
1.000003e+02 
1.000003e+02 
1.000003e+02 
1.000003e+02 
1.000003e+02 
1.000003e+02 
1.000003e+02 
1.000003e+02 
1.000003e+02 
1.000003e+02 
1.000003e+02 
1.000003e+02 
1.000003e+02 
1.000003e+02 
1.000002e+02 
1.000002e+02 
1.000002e+02 
1.000002e+02 
1.000002e+02 
1.000002e+02 
1.000002e+02 
1.000001e+02 
1.000001e+02 
1.000001e+02 
1.000000e+02 
9.999998e+01 
9.999996e+01 
9.999997e+01 
9.999998e+01 
9.999999e+01 
1.000000e+02 
1.000000e+02 
1.000000e+02 

1.000000e+02 
1.000000e+02 
1.000000e+02 
1.000000e+02 
9.999999e+01 
9.999998e+01 
9.999998e+01 
9.999999e+01 
1.000000e+02 
1.000000e+02 
1.000000e+02 
1.000000e+02 
1.000000e+02 
1.000000e+02 
1.000001e+02 
1.000001e+02 
1.000001e+02 
1.000001e+02 
1.000001e+02 
1.000001e+02 
1.000001e+02 
1.000001e+02 
1.000001e+02 
1.000001e+02 
1.000001e+02 
1.000001e+02 
1.000001e+02 
1.000001e+02 
1.000001e+02 
1.000001e+02 
1.000001e+02 
1.000001e+02 
1.000001e+02 
1.000001e+02 
1.000001e+02 
1.000001e+02 
1.000001e+02 
1.000001e+02 
1.000001e+02 
1.000001e+02 
1.000001e+02 
1.000001e+02 
1.000001e+02 
1.000001e+02 
1.000001e+02 
1.000001e+02 
1.000001e+02 
1.000001e+02 
1.000001e+02 
1.000001e+02 
1.000001e+02 
1.000000e+02 
1.000000e+02 
1.000000e+02 
1.000000e+02 
1.000000e+02 
1.000000e+02 
9.999999e+01 
9.999998e+01 
9.999998e+01 
9.999998e+01 
9.999999e+01 
9.999999e+01 
1.000000e+02 
1.000000e+02 
1.000000e+02 

1.000000e+02 
1.000000e+02 
1.000000e+02 
1.000000e+02 
9.999999e+01 
9.999999e+01 
9.999999e+01 
9.999999e+01 
9.999999e+01 
9.999999e+01 
9.999999e+01 
9.999999e+01 
1.000000e+02 
1.000000e+02 
1.000000e+02 
1.000000e+02 
1.000000e+02 
1.000000e+02 
1.000000e+02 
1.000000e+02 
1.000000e+02 
1.000000e+02 
1.000000e+02 
1.000000e+02 
1.000000e+02 
1.000000e+02 
1.000000e+02 
1.000000e+02 
1.000000e+02 
1.000000e+02 
1.000000e+02 
1.000000e+02 
1.000000e+02 
1.000000e+02 
1.000000e+02 
1.000000e+02 
1.000000e+02 
1.000000e+02 
1.000000e+02 
1.000000e+02 
1.000000e+02 
1.000000e+02 
1.000000e+02 
1.000000e+02 
1.000000e+02 
1.000000e+02 
1.000000e+02 
1.000000e+02 
1.000000e+02 
1.000000e+02 
1.000000e+02 
9.999999e+01 
9.999999e+01 
9.999999e+01 
9.999999e+01 
9.999999e+01 
9.999999e+01 
9.999999e+01 
9.999998e+01 
9.999999e+01 
9.999999e+01 
9.999999e+01 
1.000000e+02 
1.000000e+02 
1.000000e+02 
1.000000e+02 

1.000000e+02 
1.000000e+02 
1.000000e+02 
1.000000e+02 
1.000000e+02 
9.999999e+01 
9.999999e+01 
9.999999e+01 
9.999999e+01 
9.999999e+01 
9.999999e+01 
9.999999e+01 
9.999999e+01 
9.999999e+01 
9.999999e+01 
9.999999e+01 
9.999999e+01 
9.999999e+01 
9.999999e+01 
9.999999e+01 
9.999999e+01 
9.999999e+01 
9.999999e+01 
9.999999e+01 
9.999999e+01 
9.999999e+01 
9.999999e+01 
9.999999e+01 
9.999999e+01 
9.999999e+01 
9.999999e+01 
9.999999e+01 
9.999999e+01 
9.999999e+01 
9.999999e+01 
9.999999e+01 
9.999999e+01 
9.999999e+01 
9.999999e+01 
9.999999e+01 
9.999999e+01 
9.999999e+01 
9.999999e+01 
9.999999e+01 
9.999999e+01 
9.999999e+01 
9.999999e+01 
9.999999e+01 
9.999999e+01 
9.999999e+01 
9.999999e+01 
9.999999e+01 
9.999999e+01 
9.999999e+01 
9.999999e+01 
9.999999e+01 
9.999999e+01 
9.999999e+01 
9.999999e+01 
9.999999e+01 
9.999999e+01 
1.000000e+02 
1.000000e+02 
1.000000e+02 
1.000000e+02 
1.000000e+02 

1.000000e+02 
1.000000e+02 
1.000000e+02 
1.000000e+02 
1.000000e+02 
1.000000e+02 
1.000000e+02 
1.000000e+02 
9.999999e+01 
9.999999e+01 
9.999999e+01 
9.999999e+01 
9.999999e+01 
9.999999e+01 
9.999999e+01 
9.999999e+01 
9.999999e+01 
9.999999e+01 
9.999999e+01 
9.999999e+01 
9.999999e+01 
9.999999e+01 
9.999999e+01 
9.999999e+01 
9.999999e+01 
9.999999e+01 
9.999999e+01 
9.999999e+01 
9.999999e+01 
9.999999e+01 
9.999999e+01 
9.999999e+01 
9.999999e+01 
9.999999e+01 
9.999999e+01 
9.999999e+01 
9.999999e+01 
9.999999e+01 
9.999999e+01 
9.999999e+01 
9.999999e+01 
9.999999e+01 
9.999999e+01 
9.999999e+01 
9.999999e+01 
9.999999e+01 
9.999999e+01 
9.999999e+01 
9.999999e+01 
9.999999e+01 
9.999999e+01 
9.999999e+01 
9.999999e+01 
9.999999e+01 
9.999999e+01 
9.999999e+01 
9.999999e+01 
9.999999e+01 
1.000000e+02 
1.000000e+02 
1.000000e+02 
1.000000e+02 
1.000000e+02 
1.000000e+02 
1.000000e+02 
1.000000e+02 

1.000000e+02 
1.000000e+02 
1.000000e+02 
1.000000e+02 
1.000000e+02 
1.000000e+02 
1.000000e+02 
1.000000e+02 
1.000000e+02 
1.000000e+02 
1.000000e+02 
1.000000e+02 
1.000000e+02 
1.000000e+02 
1.000000e+02 
1.000000e+02 
1.000000e+02 
1.000000e+02 
1.000000e+02 
1.000000e+02 
1.000000e+02 
1.000000e+02 
1.000000e+02 
1.000000e+02 
1.000000e+02 
1.000000e+02 
1.000000e+02 
1.000000e+02 
1.000000e+02 
1.000000e+02 
1.000000e+02 
1.000000e+02 
1.000000e+02 
1.000000e+02 
1.000000e+02 
1.000000e+02 
1.000000e+02 
1.000000e+02 
1.000000e+02 
1.000000e+02 
1.000000e+02 
1.000000e+02 
1.000000e+02 
1.000000e+02 
1.000000e+02 
1.000000e+02 
1.000000e+02 
1.000000e+02 
1.000000e+02 
1.000000e+02 
1.000000e+02 
1.000000e+02 
1.000000e+02 
1.000000e+02 
1.000000e+02 
1.000000e+02 
1.000000e+02 
1.000000e+02 
1.000000e+02 
1.000000e+02 
1.000000e+02 
1.000000e+02 
1.000000e+02 
1.000000e+02 
1.000000e+02 
1.000000e+02 

1.000000e+02 
1.000000e+02 
1.000000e+02 
1.000000e+02 
1.000000e+02 
1.000000e+02 
1.000000e+02 
1.000000e+02 
1.000000e+02 
1.000000e+02 
1.000000e+02 
1.000000e+02 
1.000000e+02 
1.000000e+02 
1.000000e+02 
1.000000e+02 
1.000000e+02 
1.000000e+02 
1.000000e+02 
1.000000e+02 
1.000000e+02 
1.000000e+02 
1.000000e+02 
1.000000e+02 
1.000000e+02 
1.000000e+02 
1.000000e+02 
1.000000e+02 
1.000000e+02 
1.000000e+02 
1.000000e+02 
1.000000e+02 
1.000000e+02 
1.000000e+02 
1.000000e+02 
1.000000e+02 
1.000000e+02 
1.000000e+02 
1.000000e+02 
1.000000e+02 
1.000000e+02 
1.000000e+02 
1.000000e+02 
1.000000e+02 
1.000000e+02 
1.000000e+02 
1.000000e+02 
1.000000e+02 
1.000000e+02 
1.000000e+02 
1.000000e+02 
1.000000e+02 
1.000000e+02 
1.000000e+02 
1.000000e+02 
1.000000e+02 
1.000000e+02 
1.000000e+02 
1.000000e+02 
1.000000e+02 
1.000000e+02 
1.000000e+02 
1.000000e+02 
1.000000e+02 
1.000000e+02 
1.000000e+02 

