5.976637e+01 
4.130946e+01 
-1.177087e+01 
1.542719e+01 
3.310197e+01 
4.228468e+01 
4.499851e+01 
4.499862e+01 
4.499871e+01 
4.499877e+01 
4.499880e+01 
4.499882e+01 
4.499882e+01 
4.499882e+01 
4.499882e+01 
4.499882e+01 
4.499882e+01 
4.499883e+01 
4.499884e+01 
4.499885e+01 
4.499886e+01 
4.499887e+01 
4.499887e+01 
4.499885e+01 
4.499882e+01 
4.499877e+01 
4.265443e+01 
3.481001e+01 
1.990922e+01 
-2.802896e+00 
1.899154e+01 
5.345309e+01 

6.030765e+01 
-7.352840e+01 
-6.206149e+01 
-5.352821e+01 
-1.972256e+01 
3.066583e+01 
4.498785e+01 
4.498764e+01 
4.498750e+01 
4.498743e+01 
4.498742e+01 
4.498747e+01 
4.498754e+01 
4.498763e+01 
4.498771e+01 
4.498777e+01 
4.498780e+01 
4.498781e+01 
4.498778e+01 
4.498772e+01 
4.498763e+01 
4.498754e+01 
4.498745e+01 
4.498737e+01 
4.498732e+01 
4.498731e+01 
2.969870e+01 
-1.590305e+01 
-4.630886e+01 
-5.771956e+01 
-6.600488e+01 
5.236535e+01 

6.517582e+01 
1.349616e+01 
-1.848297e+01 
-7.175309e+01 
8.879970e+01 
-1.793458e+01 
4.497081e+01 
4.497001e+01 
4.496902e+01 
4.496784e+01 
4.496649e+01 
4.496502e+01 
4.496348e+01 
4.496193e+01 
4.496044e+01 
4.495903e+01 
4.495777e+01 
4.495667e+01 
4.495578e+01 
4.495513e+01 
4.495475e+01 
4.495463e+01 
4.495479e+01 
4.495521e+01 
4.495585e+01 
4.495669e+01 
-4.104885e+01 
-8.818033e+01 
-7.372645e+01 
-2.900084e+01 
1.903569e+00 
5.892788e+01 

7.097272e+01 
3.690788e+01 
-3.364101e+00 
-6.490134e+01 
6.614314e+01 
6.134311e+01 
4.496628e+01 
4.496629e+01 
4.496611e+01 
4.496546e+01 
4.496407e+01 
4.496172e+01 
4.495833e+01 
4.495396e+01 
4.494890e+01 
4.494360e+01 
4.493858e+01 
4.493432e+01 
4.493119e+01 
4.492937e+01 
4.492884e+01 
4.492947e+01 
4.493104e+01 
4.493332e+01 
4.493614e+01 
4.493933e+01 
5.819581e+01 
6.359571e+01 
-7.903129e+01 
-2.587398e+01 
2.665651e+01 
6.473619e+01 

7.332278e+01 
4.327459e+01 
1.805812e+01 
-1.940537e+01 
-7.950196e+01 
-5.604252e+01 
4.497218e+01 
4.497366e+01 
4.497584e+01 
4.497832e+01 
4.498054e+01 
4.498188e+01 
4.498181e+01 
4.498003e+01 
4.497659e+01 
4.497193e+01 
4.496674e+01 
4.496177e+01 
4.495761e+01 
4.495455e+01 
4.495267e+01 
4.495185e+01 
4.495194e+01 
4.495280e+01 
4.495435e+01 
4.495654e+01 
4.435712e+01 
5.418624e+01 
-8.118637e+01 
-3.389788e+00 
3.400812e+01 
6.696292e+01 

7.395597e+01 
4.540074e+01 
2.394595e+01 
1.161682e+01 
1.203029e+01 
2.422021e+01 
4.497844e+01 
4.497807e+01 
4.497886e+01 
4.498112e+01 
4.498492e+01 
4.499000e+01 
4.499562e+01 
4.500076e+01 
4.500427e+01 
4.500533e+01 
4.500364e+01 
4.499957e+01 
4.499400e+01 
4.498804e+01 
4.498272e+01 
4.497877e+01 
4.497647e+01 
4.497579e+01 
4.497640e+01 
4.497794e+01 
8.663156e+01 
-7.633682e+01 
-1.524298e+01 
1.054011e+01 
3.626280e+01 
6.757378e+01 

7.417617e+01 
4.635877e+01 
2.560567e+01 
1.486907e+01 
1.698202e+01 
2.759206e+01 
4.499025e+01 
4.499094e+01 
4.499220e+01 
4.499415e+01 
4.499688e+01 
4.500038e+01 
4.500447e+01 
4.500877e+01 
4.501267e+01 
4.501554e+01 
4.501689e+01 
4.501653e+01 
4.501466e+01 
4.501177e+01 
4.500843e+01 
4.500511e+01 
4.500217e+01 
4.499976e+01 
4.499793e+01 
4.499665e+01 
3.664635e+01 
8.121785e+00 
2.116717e+00 
1.414826e+01 
3.723699e+01 
6.780212e+01 

7.440325e+01 
4.730815e+01 
2.660351e+01 
1.539895e+01 
1.649975e+01 
2.632891e+01 
4.498647e+01 
4.498682e+01 
4.498784e+01 
4.498977e+01 
4.499283e+01 
4.499717e+01 
4.500268e+01 
4.500885e+01 
4.501475e+01 
4.501927e+01 
4.502146e+01 
4.502099e+01 
4.501822e+01 
4.501400e+01 
4.500929e+01 
4.500484e+01 
4.500109e+01 
4.499821e+01 
4.499615e+01 
4.499483e+01 
3.261591e+01 
8.998894e+00 
3.623278e+00 
1.539153e+01 
3.820526e+01 
6.805341e+01 

7.458314e+01 
4.815235e+01 
2.748250e+01 
1.582525e+01 
1.601889e+01 
2.527786e+01 
4.498216e+01 
4.498200e+01 
4.498257e+01 
4.498422e+01 
4.498738e+01 
4.499245e+01 
4.499951e+01 
4.500801e+01 
4.501659e+01 
4.502340e+01 
4.502682e+01 
4.502622e+01 
4.502222e+01 
4.501627e+01 
4.500988e+01 
4.500414e+01 
4.499956e+01 
4.499623e+01 
4.499402e+01 
4.499272e+01 
2.966956e+01 
9.423979e+00 
4.809114e+00 
1.647579e+01 
3.906909e+01 
6.825676e+01 

7.472351e+01 
4.888886e+01 
2.824786e+01 
1.616469e+01 
1.555065e+01 
2.438733e+01 
4.497740e+01 
4.497655e+01 
4.497640e+01 
4.497745e+01 
4.498036e+01 
4.498591e+01 
4.499455e+01 
4.500584e+01 
4.501791e+01 
4.502788e+01 
4.503304e+01 
4.503229e+01 
4.502668e+01 
4.501852e+01 
4.501011e+01 
4.500294e+01 
4.499754e+01 
4.499385e+01 
4.499157e+01 
4.499037e+01 
2.749050e+01 
9.586231e+00 
5.737649e+00 
1.740908e+01 
3.982544e+01 
6.841841e+01 

7.483156e+01 
4.951637e+01 
2.890288e+01 
1.643024e+01 
1.510948e+01 
2.362757e+01 
4.497238e+01 
4.497068e+01 
4.496957e+01 
4.496966e+01 
4.497191e+01 
4.497757e+01 
4.498771e+01 
4.500213e+01 
4.501851e+01 
4.503253e+01 
4.503997e+01 
4.503909e+01 
4.503146e+01 
4.502064e+01 
4.500994e+01 
4.500127e+01 
4.499511e+01 
4.499115e+01 
4.498891e+01 
4.498790e+01 
2.585625e+01 
9.593909e+00 
6.455173e+00 
1.819739e+01 
4.047203e+01 
6.854437e+01 

7.491351e+01 
5.003487e+01 
2.944907e+01 
1.663229e+01 
1.471042e+01 
2.298525e+01 
4.496738e+01 
4.496472e+01 
4.496248e+01 
4.496137e+01 
4.496262e+01 
4.496806e+01 
4.497951e+01 
4.499723e+01 
4.501836e+01 
4.503706e+01 
4.504721e+01 
4.504622e+01 
4.503633e+01 
4.502256e+01 
4.500945e+01 
4.499930e+01 
4.499246e+01 
4.498835e+01 
4.498622e+01 
4.498545e+01 
2.462436e+01 
9.516050e+00 
6.996195e+00 
1.884480e+01 
4.100753e+01 
6.864006e+01 

7.497439e+01 
5.044556e+01 
2.988644e+01 
1.677941e+01 
1.436754e+01 
2.245801e+01 
4.496272e+01 
4.495912e+01 
4.495573e+01 
4.495334e+01 
4.495345e+01 
4.495852e+01 
4.497104e+01 
4.499192e+01 
4.501772e+01 
4.504118e+01 
4.505412e+01 
4.505304e+01 
4.504092e+01 
4.502426e+01 
4.500884e+01 
4.499731e+01 
4.498990e+01 
4.498571e+01 
4.498373e+01 
4.498322e+01 
2.370904e+01 
9.399625e+00 
7.386786e+00 
1.935368e+01 
4.143146e+01 
6.871003e+01 

7.501794e+01 
5.075050e+01 
3.021399e+01 
1.687869e+01 
1.409302e+01 
2.204958e+01 
4.495879e+01 
4.495435e+01 
4.494993e+01 
4.494640e+01 
4.494550e+01 
4.495019e+01 
4.496363e+01 
4.498715e+01 
4.501699e+01 
4.504456e+01 
4.505997e+01 
4.505888e+01 
4.504484e+01 
4.502572e+01 
4.500833e+01 
4.499564e+01 
4.498777e+01 
4.498351e+01 
4.498168e+01 
4.498139e+01 
2.306132e+01 
9.277423e+00 
7.646520e+00 
1.972501e+01 
4.174402e+01 
6.875782e+01 

7.504669e+01 
5.095205e+01 
3.043024e+01 
1.693581e+01 
1.389656e+01 
2.176583e+01 
4.495591e+01 
4.495085e+01 
4.494566e+01 
4.494129e+01 
4.493966e+01 
4.494410e+01 
4.495822e+01 
4.498363e+01 
4.501637e+01 
4.504689e+01 
4.506414e+01 
4.506311e+01 
4.504777e+01 
4.502692e+01 
4.500812e+01 
4.499458e+01 
4.498634e+01 
4.498202e+01 
4.498028e+01 
4.498014e+01 
2.265498e+01 
9.171835e+00 
7.789418e+00 
1.995883e+01 
4.194575e+01 
6.878596e+01 

7.506222e+01 
5.105231e+01 
3.053384e+01 
1.695486e+01 
1.378491e+01 
2.161214e+01 
4.495433e+01 
4.494893e+01 
4.494332e+01 
4.493851e+01 
4.493651e+01 
4.494083e+01 
4.495529e+01 
4.498165e+01 
4.501585e+01 
4.504792e+01 
4.506619e+01 
4.506534e+01 
4.504946e+01 
4.502781e+01 
4.500828e+01 
4.499427e+01 
4.498580e+01 
4.498140e+01 
4.497967e+01 
4.497960e+01 
2.247779e+01 
9.096557e+00 
7.824238e+00 
2.005462e+01 
4.203713e+01 
6.879604e+01 

7.506530e+01 
5.105255e+01 
3.052411e+01 
1.693812e+01 
1.376155e+01 
2.159170e+01 
4.495419e+01 
4.494878e+01 
4.494315e+01 
4.493832e+01 
4.493630e+01 
4.494058e+01 
4.495498e+01 
4.498125e+01 
4.501537e+01 
4.504747e+01 
4.506594e+01 
4.506538e+01 
4.504979e+01 
4.502829e+01 
4.500880e+01 
4.499475e+01 
4.498620e+01 
4.498173e+01 
4.497994e+01 
4.497981e+01 
2.252668e+01 
9.057085e+00 
7.754366e+00 
2.001170e+01 
4.201826e+01 
6.878881e+01 

7.505604e+01 
5.095296e+01 
3.040129e+01 
1.688588e+01 
1.382652e+01 
2.170480e+01 
4.495551e+01 
4.495040e+01 
4.494515e+01 
4.494073e+01 
4.493904e+01 
4.494338e+01 
4.495732e+01 
4.498248e+01 
4.501502e+01 
4.504564e+01 
4.506342e+01 
4.506323e+01 
4.504868e+01 
4.502831e+01 
4.500961e+01 
4.499595e+01 
4.498750e+01 
4.498296e+01 
4.498104e+01 
4.498077e+01 
2.280624e+01 
9.050436e+00 
7.577517e+00 
1.982935e+01 
4.188871e+01 
6.876421e+01 

7.503390e+01 
5.075257e+01 
3.016661e+01 
1.679656e+01 
1.397654e+01 
2.194868e+01 
4.495816e+01 
4.495364e+01 
4.494913e+01 
4.494552e+01 
4.494451e+01 
4.494906e+01 
4.496224e+01 
4.498541e+01 
4.501498e+01 
4.504271e+01 
4.505891e+01 
4.505906e+01 
4.504620e+01 
4.502779e+01 
4.501058e+01 
4.499772e+01 
4.498954e+01 
4.498497e+01 
4.498287e+01 
4.498237e+01 
2.333007e+01 
9.064171e+00 
7.285330e+00 
1.950679e+01 
4.164752e+01 
6.872134e+01 

7.499755e+01 
5.044962e+01 
2.982204e+01 
1.666692e+01 
1.420530e+01 
2.231820e+01 
4.496190e+01 
4.495819e+01 
4.495469e+01 
4.495219e+01 
4.495218e+01 
4.495708e+01 
4.496932e+01 
4.498982e+01 
4.501537e+01 
4.503904e+01 
4.505293e+01 
4.505328e+01 
4.504252e+01 
4.502670e+01 
4.501152e+01 
4.499982e+01 
4.499208e+01 
4.498753e+01 
4.498524e+01 
4.498448e+01 
2.412564e+01 
9.074482e+00 
6.862809e+00 
1.904288e+01 
4.129345e+01 
6.865843e+01 

7.494464e+01 
5.004205e+01 
2.936978e+01 
1.649238e+01 
1.450400e+01 
2.280722e+01 
4.496640e+01 
4.496364e+01 
4.496127e+01 
4.496004e+01 
4.496115e+01 
4.496642e+01 
4.497761e+01 
4.499501e+01 
4.501598e+01 
4.503498e+01 
4.504610e+01 
4.504651e+01 
4.503797e+01 
4.502507e+01 
4.501224e+01 
4.500197e+01 
4.499482e+01 
4.499036e+01 
4.498792e+01 
4.498689e+01 
2.524438e+01 
9.042510e+00 
6.287453e+00 
1.843562e+01 
4.082532e+01 
6.857275e+01 

7.487163e+01 
4.952813e+01 
2.881182e+01 
1.626738e+01 
1.486186e+01 
2.341095e+01 
4.497132e+01 
4.496949e+01 
4.496826e+01 
4.496822e+01 
4.497034e+01 
4.497584e+01 
4.498578e+01 
4.500001e+01 
4.501635e+01 
4.503074e+01 
4.503908e+01 
4.503944e+01 
4.503299e+01 
4.502295e+01 
4.501257e+01 
4.500385e+01 
4.499745e+01 
4.499320e+01 
4.499067e+01 
4.498942e+01 
2.678045e+01 
8.907098e+00 
5.527712e+00 
1.768167e+01 
4.024240e+01 
6.846051e+01 

7.477366e+01 
4.890699e+01 
2.814934e+01 
1.598549e+01 
1.526685e+01 
2.412933e+01 
4.497629e+01 
4.497533e+01 
4.497506e+01 
4.497598e+01 
4.497878e+01 
4.498420e+01 
4.499273e+01 
4.500394e+01 
4.501612e+01 
4.502650e+01 
4.503242e+01 
4.503267e+01 
4.502800e+01 
4.502050e+01 
4.501242e+01 
4.500527e+01 
4.499972e+01 
4.499581e+01 
4.499330e+01 
4.499189e+01 
2.890392e+01 
8.569690e+00 
4.540300e+00 
1.677577e+01 
3.954474e+01 
6.831690e+01 

7.464458e+01 
4.817897e+01 
2.738233e+01 
1.563920e+01 
1.570647e+01 
2.497117e+01 
4.498105e+01 
4.498079e+01 
4.498125e+01 
4.498280e+01 
4.498587e+01 
4.499087e+01 
4.499788e+01 
4.500641e+01 
4.501518e+01 
4.502239e+01 
4.502644e+01 
4.502660e+01 
4.502332e+01 
4.501790e+01 
4.501181e+01 
4.500614e+01 
4.500150e+01 
4.499803e+01 
4.499564e+01 
4.499417e+01 
3.191833e+01 
7.859902e+00 
3.265642e+00 
1.571029e+01 
3.873335e+01 
6.813628e+01 

7.447722e+01 
4.734578e+01 
2.650935e+01 
1.521947e+01 
1.616913e+01 
2.595868e+01 
4.498540e+01 
4.498566e+01 
4.498660e+01 
4.498845e+01 
4.499145e+01 
4.499576e+01 
4.500129e+01 
4.500756e+01 
4.501368e+01 
4.501856e+01 
4.502125e+01 
4.502134e+01 
4.501910e+01 
4.501530e+01 
4.501085e+01 
4.500651e+01 
4.500276e+01 
4.499979e+01 
4.499762e+01 
4.499617e+01 
3.635375e+01 
6.445496e+00 
1.620351e+00 
1.447494e+01 
3.781018e+01 
6.791244e+01 

7.426383e+01 
4.641038e+01 
2.552741e+01 
1.471490e+01 
1.664624e+01 
2.713159e+01 
4.498924e+01 
4.498987e+01 
4.499107e+01 
4.499297e+01 
4.499567e+01 
4.499919e+01 
4.500334e+01 
4.500777e+01 
4.501188e+01 
4.501506e+01 
4.501678e+01 
4.501684e+01 
4.501536e+01 
4.501279e+01 
4.500966e+01 
4.500647e+01 
4.500356e+01 
4.500113e+01 
4.499923e+01 
4.499786e+01 
4.308114e+01 
3.545408e+00 
-5.149859e-01 
1.305654e+01 
3.677800e+01 
6.763904e+01 

7.403576e+01 
4.562687e+01 
2.504047e+01 
1.438621e+01 
1.589682e+01 
2.658601e+01 
4.498416e+01 
4.498432e+01 
4.498531e+01 
4.498727e+01 
4.499019e+01 
4.499383e+01 
4.499771e+01 
4.500119e+01 
4.500365e+01 
4.500465e+01 
4.500405e+01 
4.500204e+01 
4.499905e+01 
4.499564e+01 
4.499237e+01 
4.498966e+01 
4.498779e+01 
4.498681e+01 
4.498663e+01 
4.498709e+01 
1.613396e+01 
-8.390082e+01 
-1.325575e+01 
1.089905e+01 
3.594326e+01 
6.738118e+01 

7.336422e+01 
4.420557e+01 
2.491818e+01 
1.078161e+01 
4.265475e+00 
2.934214e+01 
4.498950e+01 
4.499075e+01 
4.499192e+01 
4.499257e+01 
4.499223e+01 
4.499051e+01 
4.498723e+01 
4.498260e+01 
4.497717e+01 
4.497181e+01 
4.496737e+01 
4.496447e+01 
4.496333e+01 
4.496372e+01 
4.496516e+01 
4.496713e+01 
4.496921e+01 
4.497119e+01 
4.497302e+01 
4.497478e+01 
3.860628e+01 
5.254617e+01 
-7.270556e+01 
3.089187e+00 
3.440722e+01 
6.671796e+01 

7.104095e+01 
3.997470e+01 
1.247252e+01 
-6.978195e+01 
5.782832e+01 
4.075144e+01 
4.498706e+01 
4.498570e+01 
4.498358e+01 
4.498049e+01 
4.497625e+01 
4.497082e+01 
4.496438e+01 
4.495733e+01 
4.495026e+01 
4.494389e+01 
4.493886e+01 
4.493565e+01 
4.493442e+01 
4.493505e+01 
4.493722e+01 
4.494044e+01 
4.494428e+01 
4.494835e+01 
4.495240e+01 
4.495628e+01 
5.322087e+01 
6.158571e+01 
-7.189233e+01 
-1.663172e+01 
2.894966e+01 
6.451816e+01 

6.596075e+01 
2.002825e+01 
-3.125831e+01 
-8.281774e+01 
8.056858e+01 
3.675079e+00 
4.497844e+01 
4.497671e+01 
4.497473e+01 
4.497252e+01 
4.497016e+01 
4.496774e+01 
4.496534e+01 
4.496307e+01 
4.496100e+01 
4.495919e+01 
4.495771e+01 
4.495657e+01 
4.495582e+01 
4.495548e+01 
4.495555e+01 
4.495602e+01 
4.495683e+01 
4.495794e+01 
4.495926e+01 
4.496072e+01 
-4.119776e+01 
8.831665e+01 
-7.292751e+01 
-2.130322e+01 
5.816526e+00 
5.942234e+01 

6.280324e+01 
-7.639476e+01 
-6.968608e+01 
-5.827695e+01 
-2.041410e+01 
3.125361e+01 
4.498821e+01 
4.498794e+01 
4.498775e+01 
4.498764e+01 
4.498760e+01 
4.498762e+01 
4.498766e+01 
4.498771e+01 
4.498776e+01 
4.498778e+01 
4.498777e+01 
4.498772e+01 
4.498763e+01 
4.498751e+01 
4.498736e+01 
4.498720e+01 
4.498704e+01 
4.498690e+01 
4.498681e+01 
4.498677e+01 
2.904670e+01 
-1.902010e+01 
-4.973091e+01 
-5.956374e+01 
-7.254195e+01 
5.412123e+01 

6.116236e+01 
5.456219e+01 
-1.193027e+01 
1.534565e+01 
3.312982e+01 
4.229712e+01 
4.499851e+01 
4.499863e+01 
4.499871e+01 
4.499877e+01 
4.499881e+01 
4.499882e+01 
4.499883e+01 
4.499883e+01 
4.499882e+01 
4.499882e+01 
4.499882e+01 
4.499883e+01 
4.499883e+01 
4.499885e+01 
4.499886e+01 
4.499886e+01 
4.499886e+01 
4.499885e+01 
4.499881e+01 
4.499875e+01 
4.260029e+01 
3.450521e+01 
1.865353e+01 
-7.342398e+00 
1.391584e+01 
5.435640e+01 

