6.154190e+01
5.957232e+01
6.256727e+01
6.689774e+01
6.885705e+01
6.935752e+01
6.950263e+01
6.963832e+01
6.973321e+01
6.979863e+01
6.984430e+01
6.987746e+01
6.990256e+01
6.992166e+01
6.993508e+01
6.994239e+01
6.994319e+01
6.993758e+01
6.992615e+01
6.990957e+01
6.988771e+01
6.985874e+01
6.981833e+01
6.975934e+01
6.967206e+01
6.954507e+01
6.938622e+01
6.884028e+01
6.692800e+01
6.342374e+01
6.211873e+01
6.325962e+01

7.201409e+01
-5.836412e+01
1.850014e+01
3.407174e+01
3.915620e+01
4.102488e+01
4.191677e+01
4.285867e+01
4.368768e+01
4.439930e+01
4.499243e+01
4.546972e+01
4.583711e+01
4.610266e+01
4.627477e+01
4.636037e+01
4.636339e+01
4.628391e+01
4.611816e+01
4.585933e+01
4.549910e+01
4.502951e+01
4.444473e+01
4.374232e+01
4.292365e+01
4.199354e+01
4.129514e+01
4.025438e+01
3.779551e+01
2.974918e+01
-5.320771e+01
-8.208530e+01

-3.102481e+01
-4.841530e+01
-1.106971e+01
-1.725559e+00
1.434994e+01
1.936962e+01
2.112940e+01
2.226086e+01
2.328372e+01
2.419852e+01
2.500224e+01
2.568901e+01
2.625128e+01
2.668112e+01
2.697138e+01
2.711674e+01
2.711438e+01
2.696442e+01
2.666989e+01
2.623649e+01
2.567194e+01
2.498491e+01
2.418389e+01
2.327588e+01
2.226529e+01
2.115321e+01
2.087920e+01
2.222955e+01
2.273354e+01
-1.932419e+01
-6.223258e+01
-3.498423e+01

5.360357e+00
-5.123948e+01
-5.415701e+01
-6.039374e+01
-2.384195e+01
5.128645e+00
9.382688e+00
1.019738e+01
1.091764e+01
1.156012e+01
1.212973e+01
1.262347e+01
1.303349e+01
1.334996e+01
1.356338e+01
1.366658e+01
1.365612e+01
1.353292e+01
1.330228e+01
1.297305e+01
1.255627e+01
1.206335e+01
1.150395e+01
1.088365e+01
1.020136e+01
9.446515e+00
9.346691e+00
9.466926e+00
-5.211649e+01
-7.021348e+01
-5.955483e+01
4.513319e+00

2.818601e+01
-3.253319e+01
-8.729970e+01
7.026795e+01
8.388625e+01
4.603876e+00
1.279029e+01
1.239315e+01
1.196057e+01
1.153648e+01
1.115196e+01
1.082515e+01
1.056340e+01
1.036701e+01
1.023309e+01
1.015857e+01
1.014196e+01
1.018405e+01
1.028781e+01
1.045760e+01
1.069745e+01
1.100834e+01
1.138495e+01
1.181279e+01
1.226708e+01
1.271421e+01
1.199475e+01
-2.160907e+00
5.943308e+01
8.132531e+01
-3.627243e+01
2.805763e+01

4.101041e+01
2.425259e+01
-5.373550e+01
5.977279e+01
6.483829e+01
2.111389e+01
2.680441e+01
2.511335e+01
2.371685e+01
2.252261e+01
2.148430e+01
2.058678e+01
1.983479e+01
1.924358e+01
1.883115e+01
1.861264e+01
1.859654e+01
1.878308e+01
1.916412e+01
1.972472e+01
2.044648e+01
2.131276e+01
2.231553e+01
2.346325e+01
2.478988e+01
2.636552e+01
2.634285e+01
2.949448e+01
4.181311e+01
-4.092757e+01
2.497714e+01
4.099983e+01

4.499746e+01
4.498292e+01
4.495709e+01
4.494859e+01
4.496099e+01
4.497644e+01
4.499039e+01
4.498584e+01
4.498029e+01
4.497365e+01
4.496598e+01
4.495760e+01
4.494910e+01
4.494136e+01
4.493540e+01
4.493211e+01
4.493203e+01
4.493514e+01
4.494092e+01
4.494847e+01
4.495680e+01
4.496506e+01
4.497265e+01
4.497928e+01
4.498485e+01
4.498945e+01
4.498610e+01
4.498931e+01
4.498219e+01
4.497002e+01
4.498347e+01
4.499745e+01

4.499760e+01
4.498257e+01
4.495573e+01
4.494672e+01
4.496073e+01
4.497666e+01
4.499210e+01
4.498753e+01
4.498176e+01
4.497461e+01
4.496607e+01
4.495640e+01
4.494630e+01
4.493687e+01
4.492947e+01
4.492536e+01
4.492529e+01
4.492924e+01
4.493644e+01
4.494566e+01
4.495556e+01
4.496507e+01
4.497352e+01
4.498065e+01
4.498646e+01
4.499111e+01
4.498693e+01
4.498868e+01
4.497810e+01
4.496710e+01
4.498302e+01
4.499759e+01

4.499771e+01
4.498229e+01
4.495436e+01
4.494520e+01
4.496162e+01
4.497821e+01
4.499456e+01
4.499024e+01
4.498457e+01
4.497725e+01
4.496810e+01
4.495731e+01
4.494558e+01
4.493427e+01
4.492520e+01
4.492011e+01
4.492006e+01
4.492502e+01
4.493389e+01
4.494493e+01
4.495640e+01
4.496701e+01
4.497605e+01
4.498337e+01
4.498910e+01
4.499351e+01
4.498852e+01
4.498782e+01
4.497334e+01
4.496406e+01
4.498267e+01
4.499771e+01

4.499780e+01
4.498208e+01
4.495299e+01
4.494388e+01
4.496345e+01
4.498123e+01
4.499774e+01
4.499403e+01
4.498891e+01
4.498193e+01
4.497278e+01
4.496143e+01
4.494856e+01
4.493574e+01
4.492522e+01
4.491924e+01
4.491921e+01
4.492506e+01
4.493534e+01
4.494784e+01
4.496040e+01
4.497153e+01
4.498059e+01
4.498759e+01
4.499281e+01
4.499665e+01
4.499087e+01
4.498655e+01
4.496791e+01
4.496097e+01
4.498239e+01
4.499780e+01

4.499787e+01
4.498193e+01
4.495163e+01
4.494258e+01
4.496581e+01
4.498565e+01
4.500153e+01
4.499881e+01
4.499474e+01
4.498882e+01
4.498056e+01
4.496975e+01
4.495695e+01
4.494372e+01
4.493257e+01
4.492614e+01
4.492606e+01
4.493227e+01
4.494311e+01
4.495596e+01
4.496845e+01
4.497907e+01
4.498730e+01
4.499330e+01
4.499752e+01
4.500041e+01
4.499387e+01
4.498472e+01
4.496190e+01
4.495789e+01
4.498219e+01
4.499787e+01

4.499792e+01
4.498184e+01
4.495027e+01
4.494112e+01
4.496821e+01
4.499106e+01
4.500568e+01
4.500429e+01
4.500177e+01
4.499763e+01
4.499129e+01
4.498245e+01
4.497137e+01
4.495949e+01
4.494921e+01
4.494308e+01
4.494286e+01
4.494852e+01
4.495836e+01
4.496986e+01
4.498070e+01
4.498949e+01
4.499590e+01
4.500022e+01
4.500295e+01
4.500457e+01
4.499727e+01
4.498228e+01
4.495550e+01
4.495492e+01
4.498206e+01
4.499793e+01

4.499796e+01
4.498180e+01
4.494896e+01
4.493939e+01
4.497015e+01
4.499679e+01
4.500988e+01
4.501001e+01
4.500937e+01
4.500753e+01
4.500398e+01
4.499829e+01
4.499052e+01
4.498162e+01
4.497350e+01
4.496844e+01
4.496798e+01
4.497221e+01
4.497971e+01
4.498828e+01
4.499599e+01
4.500183e+01
4.500563e+01
4.500776e+01
4.500868e+01
4.500882e+01
4.500071e+01
4.497932e+01
4.494900e+01
4.495214e+01
4.498197e+01
4.499796e+01

4.499798e+01
4.498178e+01
4.494771e+01
4.493730e+01
4.497117e+01
4.500197e+01
4.501372e+01
4.501537e+01
4.501667e+01
4.501731e+01
4.501685e+01
4.501484e+01
4.501107e+01
4.500600e+01
4.500088e+01
4.499733e+01
4.499662e+01
4.499895e+01
4.500331e+01
4.500815e+01
4.501209e+01
4.501447e+01
4.501534e+01
4.501509e+01
4.501413e+01
4.501276e+01
4.500374e+01
4.497604e+01
4.494278e+01
4.494964e+01
4.498191e+01
4.499798e+01

4.499799e+01
4.498179e+01
4.494656e+01
4.493487e+01
4.497103e+01
4.500574e+01
4.501679e+01
4.501974e+01
4.502274e+01
4.502558e+01
4.502792e+01
4.502928e+01
4.502924e+01
4.502776e+01
4.502545e+01
4.502338e+01
4.502252e+01
4.502313e+01
4.502463e+01
4.502599e+01
4.502638e+01
4.502555e+01
4.502373e+01
4.502133e+01
4.501869e+01
4.501601e+01
4.500595e+01
4.497275e+01
4.493723e+01
4.494751e+01
4.498187e+01
4.499799e+01

4.499800e+01
4.498181e+01
4.494555e+01
4.493219e+01
4.496961e+01
4.500746e+01
4.501877e+01
4.502261e+01
4.502678e+01
4.503118e+01
4.503555e+01
4.503939e+01
4.504213e+01
4.504341e+01
4.504337e+01
4.504258e+01
4.504172e+01
4.504109e+01
4.504039e+01
4.503909e+01
4.503678e+01
4.503352e+01
4.502968e+01
4.502569e+01
4.502184e+01
4.501822e+01
4.500704e+01
4.496979e+01
4.493275e+01
4.494582e+01
4.498182e+01
4.499800e+01

4.499801e+01
4.498183e+01
4.494471e+01
4.492942e+01
4.496703e+01
4.500679e+01
4.501942e+01
4.502362e+01
4.502829e+01
4.503340e+01
4.503874e+01
4.504388e+01
4.504822e+01
4.505124e+01
4.505276e+01
4.505299e+01
4.505231e+01
4.505098e+01
4.504893e+01
4.504597e+01
4.504203e+01
4.503739e+01
4.503247e+01
4.502768e+01
4.502323e+01
4.501918e+01
4.500686e+01
4.496746e+01
4.492966e+01
4.494461e+01
4.498178e+01
4.499801e+01

4.499801e+01
4.498185e+01
4.494406e+01
4.492675e+01
4.496354e+01
4.500385e+01
4.501872e+01
4.502271e+01
4.502714e+01
4.503201e+01
4.503719e+01
4.504232e+01
4.504692e+01
4.505049e+01
4.505272e+01
4.505359e+01
4.505324e+01
4.505182e+01
4.504937e+01
4.504592e+01
4.504161e+01
4.503678e+01
4.503183e+01
4.502711e+01
4.502276e+01
4.501881e+01
4.500547e+01
4.496597e+01
4.492814e+01
4.494393e+01
4.498171e+01
4.499801e+01

4.499801e+01
4.498187e+01
4.494364e+01
4.492441e+01
4.495951e+01
4.499913e+01
4.501679e+01
4.502006e+01
4.502359e+01
4.502738e+01
4.503130e+01
4.503511e+01
4.503850e+01
4.504118e+01
4.504301e+01
4.504394e+01
4.504400e+01
4.504321e+01
4.504153e+01
4.503899e+01
4.503570e+01
4.503193e+01
4.502800e+01
4.502416e+01
4.502056e+01
4.501722e+01
4.500310e+01
4.496541e+01
4.492827e+01
4.494379e+01
4.498164e+01
4.499801e+01

4.499801e+01
4.498189e+01
4.494345e+01
4.492263e+01
4.495538e+01
4.499341e+01
4.501389e+01
4.501607e+01
4.501825e+01
4.502034e+01
4.502221e+01
4.502367e+01
4.502463e+01
4.502512e+01
4.502536e+01
4.502565e+01
4.502611e+01
4.502661e+01
4.502686e+01
4.502652e+01
4.502547e+01
4.502380e+01
4.502169e+01
4.501937e+01
4.501699e+01
4.501463e+01
4.500012e+01
4.496573e+01
4.492993e+01
4.494418e+01
4.498157e+01
4.499801e+01

4.499800e+01
4.498193e+01
4.494352e+01
4.492157e+01
4.495163e+01
4.498760e+01
4.501039e+01
4.501132e+01
4.501194e+01
4.501209e+01
4.501161e+01
4.501036e+01
4.500842e+01
4.500622e+01
4.500444e+01
4.500372e+01
4.500444e+01
4.500638e+01
4.500890e+01
4.501129e+01
4.501303e+01
4.501391e+01
4.501400e+01
4.501349e+01
4.501257e+01
4.501138e+01
4.499696e+01
4.496680e+01
4.493294e+01
4.494507e+01
4.498151e+01
4.499799e+01

4.499797e+01
4.498199e+01
4.494384e+01
4.492139e+01
4.494867e+01
4.498249e+01
4.500667e+01
4.500637e+01
4.500551e+01
4.500388e+01
4.500131e+01
4.499773e+01
4.499339e+01
4.498895e+01
4.498543e+01
4.498383e+01
4.498463e+01
4.498761e+01
4.499197e+01
4.499665e+01
4.500079e+01
4.500398e+01
4.500611e+01
4.500733e+01
4.500785e+01
4.500786e+01
4.499402e+01
4.496842e+01
4.493700e+01
4.494642e+01
4.498146e+01
4.499797e+01

4.499794e+01
4.498207e+01
4.494442e+01
4.492217e+01
4.494685e+01
4.497865e+01
4.500309e+01
4.500174e+01
4.499968e+01
4.499670e+01
4.499266e+01
4.498760e+01
4.498188e+01
4.497630e+01
4.497196e+01
4.496987e+01
4.497061e+01
4.497397e+01
4.497915e+01
4.498503e+01
4.499065e+01
4.499539e+01
4.499903e+01
4.500162e+01
4.500334e+01
4.500439e+01
4.499161e+01
4.497042e+01
4.494178e+01
4.494818e+01
4.498146e+01
4.499793e+01

4.499788e+01
4.498220e+01
4.494526e+01
4.492394e+01
4.494639e+01
4.497636e+01
4.499991e+01
4.499780e+01
4.499491e+01
4.499111e+01
4.498632e+01
4.498068e+01
4.497461e+01
4.496888e+01
4.496449e+01
4.496235e+01
4.496295e+01
4.496616e+01
4.497129e+01
4.497736e+01
4.498344e+01
4.498888e+01
4.499336e+01
4.499684e+01
4.499941e+01
4.500125e+01
4.498990e+01
4.497265e+01
4.494700e+01
4.495026e+01
4.498150e+01
4.499787e+01

4.499781e+01
4.498237e+01
4.494635e+01
4.492665e+01
4.494737e+01
4.497557e+01
4.499730e+01
4.499471e+01
4.499140e+01
4.498726e+01
4.498231e+01
4.497674e+01
4.497098e+01
4.496572e+01
4.496177e+01
4.495984e+01
4.496030e+01
4.496309e+01
4.496767e+01
4.497327e+01
4.497911e+01
4.498459e+01
4.498933e+01
4.499322e+01
4.499628e+01
4.499863e+01
4.498891e+01
4.497501e+01
4.495238e+01
4.495261e+01
4.498161e+01
4.499778e+01

4.499771e+01
4.498259e+01
4.494769e+01
4.493025e+01
4.494968e+01
4.497602e+01
4.499533e+01
4.499254e+01
4.498911e+01
4.498501e+01
4.498028e+01
4.497515e+01
4.497002e+01
4.496545e+01
4.496207e+01
4.496042e+01
4.496079e+01
4.496311e+01
4.496701e+01
4.497190e+01
4.497716e+01
4.498227e+01
4.498687e+01
4.499079e+01
4.499402e+01
4.499660e+01
4.498857e+01
4.497746e+01
4.495774e+01
4.495514e+01
4.498180e+01
4.499768e+01

4.134068e+01
2.389376e+01
-5.951072e+01
5.814474e+01
4.559077e+01
8.654371e+01
3.280925e+01
2.851297e+01
2.561340e+01
2.351899e+01
2.192632e+01
2.068287e+01
1.971742e+01
1.900215e+01
1.853064e+01
1.830492e+01
1.832842e+01
1.860305e+01
1.912983e+01
1.991343e+01
2.097245e+01
2.235935e+01
2.419845e+01
2.676365e+01
3.065720e+01
3.727490e+01
6.788874e+01
3.740072e+01
5.073504e+01
-6.297453e+01
2.278432e+01
4.125130e+01

2.965152e+01
-2.883987e+01
-8.684516e+01
6.611011e+01
5.611159e+01
-5.652340e+01
4.327675e+00
5.705964e+00
6.395065e+00
6.721502e+00
6.854658e+00
6.887796e+00
6.872499e+00
6.836599e+00
6.794624e+00
6.753768e+00
6.716820e+00
6.682920e+00
6.646595e+00
6.594883e+00
6.501660e+00
6.317269e+00
5.949462e+00
5.225453e+00
3.803222e+00
9.145036e-01
-4.057493e+01
5.619190e+01
6.332363e+01
8.843914e+01
-3.298888e+01
2.921805e+01

9.202829e+00
-4.779820e+01
-6.079784e+01
-7.735024e+01
-6.837824e+01
-1.189659e+01
2.271780e-01
1.850106e+00
3.191550e+00
4.309159e+00
5.237023e+00
5.993586e+00
6.587237e+00
7.020383e+00
7.292415e+00
7.401779e+00
7.347206e+00
7.128129e+00
6.744301e+00
6.194610e+00
5.475124e+00
4.576242e+00
3.478753e+00
2.148280e+00
5.271998e-01
-1.477618e+00
-7.062292e+00
-3.979229e+01
-6.766861e+01
-5.910491e+01
-5.174379e+01
7.586763e+00

-2.176879e+01
-4.944404e+01
-2.457757e+01
-2.200781e+01
1.506719e+00
1.080062e+01
1.360146e+01
1.490965e+01
1.607681e+01
1.710639e+01
1.799832e+01
1.874962e+01
1.935539e+01
1.980990e+01
2.010767e+01
2.024437e+01
2.021751e+01
2.002674e+01
1.967391e+01
1.916265e+01
1.849765e+01
1.768365e+01
1.672413e+01
1.562017e+01
1.436933e+01
1.296489e+01
1.200191e+01
1.043090e+01
-1.481699e+00
-1.635599e+01
-5.077633e+01
-2.797479e+01

2.750346e+01
-5.615899e+01
8.592057e+00
2.737424e+01
3.328145e+01
3.526136e+01
3.617425e+01
3.713957e+01
3.799455e+01
3.873441e+01
3.935700e+01
3.986316e+01
4.025640e+01
4.054201e+01
4.072570e+01
4.081214e+01
4.080381e+01
4.070029e+01
4.049832e+01
4.019252e+01
3.977665e+01
3.924511e+01
3.859426e+01
3.782332e+01
3.693454e+01
3.593282e+01
3.521524e+01
3.417305e+01
3.110569e+01
1.788688e+01
-6.514355e+01
2.672925e+01

5.717120e+01
5.480722e+01
5.857137e+01
6.299999e+01
6.495909e+01
6.547933e+01
6.564345e+01
6.580572e+01
6.592488e+01
6.601087e+01
6.607252e+01
6.611684e+01
6.614862e+01
6.617066e+01
6.618419e+01
6.618956e+01
6.618678e+01
6.617591e+01
6.615694e+01
6.612949e+01
6.609220e+01
6.604205e+01
6.597390e+01
6.588041e+01
6.575245e+01
6.557988e+01
6.539411e+01
6.483447e+01
6.296017e+01
5.945941e+01
5.728124e+01
5.891999e+01

