2.448931e+02 
1.153710e+01 
7.436000e+01 
1.190157e+02 
1.143645e+02 
1.037847e+02 
1.000055e+02 
1.000054e+02 
1.000053e+02 
1.000051e+02 
1.000049e+02 
1.000048e+02 
1.000047e+02 
1.000046e+02 
1.000045e+02 
1.000045e+02 
1.000045e+02 
1.000045e+02 
1.000045e+02 
1.000045e+02 
1.000046e+02 
1.000046e+02 
1.000047e+02 
1.000048e+02 
1.000049e+02 
1.000050e+02 
1.036522e+02 
1.147761e+02 
1.268847e+02 
1.020946e+02 
2.913040e+01 
2.482632e+02 

7.263138e+02 
1.708122e+03 
2.630186e+03 
5.506327e+02 
1.117638e+02 
8.242622e+01 
9.999153e+01 
9.999279e+01 
9.999412e+01 
9.999542e+01 
9.999663e+01 
9.999771e+01 
9.999862e+01 
9.999937e+01 
9.999997e+01 
1.000005e+02 
1.000009e+02 
1.000012e+02 
1.000015e+02 
1.000016e+02 
1.000017e+02 
1.000015e+02 
1.000012e+02 
1.000008e+02 
1.000002e+02 
9.999940e+01 
9.097318e+01 
1.589095e+02 
7.603357e+02 
3.288085e+03 
2.056256e+03 
7.131222e+02 

1.432601e+03 
5.021969e+03 
3.134495e+04 
1.576418e+04 
1.280559e+03 
2.245302e+01 
9.988785e+01 
9.988404e+01 
9.988055e+01 
9.987757e+01 
9.987527e+01 
9.987374e+01 
9.987297e+01 
9.987285e+01 
9.987315e+01 
9.987364e+01 
9.987407e+01 
9.987426e+01 
9.987414e+01 
9.987373e+01 
9.987315e+01 
9.987256e+01 
9.987214e+01 
9.987205e+01 
9.987239e+01 
9.987321e+01 
4.504150e+01 
2.418703e+03 
2.462314e+04 
4.958554e+04 
5.511611e+03 
1.338519e+03 

1.686240e+03 
6.011664e+03 
1.941437e+04 
6.123166e+04 
8.587991e+03 
9.172795e+01 
9.969516e+01 
9.967527e+01 
9.965369e+01 
9.962993e+01 
9.960374e+01 
9.957527e+01 
9.954512e+01 
9.951437e+01 
9.948446e+01 
9.945707e+01 
9.943385e+01 
9.941628e+01 
9.940546e+01 
9.940198e+01 
9.940587e+01 
9.941666e+01 
9.943351e+01 
9.945533e+01 
9.948103e+01 
9.950959e+01 
4.570215e+02 
2.141103e+04 
1.205172e+05 
2.533286e+04 
4.751540e+03 
1.523897e+03 

1.707597e+03 
6.793418e+03 
1.780189e+04 
1.101838e+04 
1.327632e+03 
1.277717e+01 
9.979696e+01 
9.972931e+01 
9.965319e+01 
9.956724e+01 
9.947001e+01 
9.936078e+01 
9.924084e+01 
9.911471e+01 
9.899059e+01 
9.887954e+01 
9.879331e+01 
9.874154e+01 
9.872945e+01 
9.875686e+01 
9.881893e+01 
9.890781e+01 
9.901464e+01 
9.913104e+01 
9.924997e+01 
9.936598e+01 
5.519776e+02 
1.174281e+04 
1.380056e+04 
9.617232e+03 
4.820828e+03 
1.535477e+03 

1.697246e+03 
6.992485e+03 
2.084277e+04 
2.387019e+04 
7.316465e+03 
6.866071e+02 
1.002543e+02 
1.001736e+02 
1.000589e+02 
9.990549e+01 
9.971126e+01 
9.947911e+01 
9.921941e+01 
9.895139e+01 
9.870203e+01 
9.850176e+01 
9.837747e+01 
9.834526e+01 
9.840593e+01 
9.854527e+01 
9.873887e+01 
9.895908e+01 
9.918131e+01 
9.938767e+01 
9.956768e+01 
9.971718e+01 
2.483131e+00 
3.268716e+02 
4.234929e+03 
9.185933e+03 
4.814855e+03 
1.525824e+03 

1.688697e+03 
7.054058e+03 
2.233607e+04 
3.129114e+04 
1.469165e+04 
1.664854e+03 
1.005608e+02 
1.005090e+02 
1.004081e+02 
1.002430e+02 
1.000010e+02 
9.967873e+01 
9.929009e+01 
9.887236e+01 
9.848345e+01 
9.818837e+01 
9.803850e+01 
9.805379e+01 
9.821723e+01 
9.848389e+01 
9.879867e+01 
9.911315e+01 
9.939491e+01 
9.962842e+01 
9.981082e+01 
9.994655e+01 
1.197240e+02 
9.318025e+02 
6.185300e+03 
9.621774e+03 
4.827667e+03 
1.517892e+03 

1.679638e+03 
7.139155e+03 
2.384700e+04 
3.714690e+04 
2.052268e+04 
2.534955e+03 
1.007733e+02 
1.007469e+02 
1.006631e+02 
1.004968e+02 
1.002220e+02 
9.982148e+01 
9.930285e+01 
9.871338e+01 
9.814206e+01 
9.769761e+01 
9.746992e+01 
9.749416e+01 
9.773968e+01 
9.812889e+01 
9.857163e+01 
9.899520e+01 
9.935732e+01 
9.964325e+01 
9.985594e+01 
1.000064e+02 
2.001007e+02 
1.595570e+03 
7.621976e+03 
1.031401e+04 
4.891954e+03 
1.509101e+03 

1.672053e+03 
7.207446e+03 
2.525448e+04 
4.310624e+04 
2.744156e+04 
3.735546e+03 
1.010277e+02 
1.010428e+02 
1.009956e+02 
1.008487e+02 
1.005566e+02 
1.000772e+02 
9.939873e+01 
9.857444e+01 
9.773630e+01 
9.706611e+01 
9.672003e+01 
9.675933e+01 
9.712941e+01 
9.769631e+01 
9.831459e+01 
9.887808e+01 
9.933563e+01 
9.967860e+01 
9.992071e+01 
1.000829e+02 
3.212926e+02 
2.461646e+03 
9.118500e+03 
1.096403e+04 
4.944790e+03 
1.501341e+03 

1.665976e+03 
7.260646e+03 
2.653488e+04 
4.895822e+04 
3.518354e+04 
5.292021e+03 
1.013192e+02 
1.013935e+02 
1.014064e+02 
1.013076e+02 
1.010256e+02 
1.004786e+02 
9.961529e+01 
9.848223e+01 
9.727310e+01 
9.627763e+01 
9.575994e+01 
9.582360e+01 
9.637213e+01 
9.718554e+01 
9.803442e+01 
9.876947e+01 
9.933484e+01 
9.973633e+01 
1.000048e+02 
1.001743e+02 
4.888961e+02 
3.495193e+03 
1.061264e+04 
1.155924e+04 
4.986992e+03 
1.494692e+03 

1.661344e+03 
7.300814e+03 
2.766774e+04 
5.448464e+04 
4.332675e+04 
7.170100e+03 
1.016361e+02 
1.017856e+02 
1.018820e+02 
1.018624e+02 
1.016250e+02 
1.010323e+02 
9.996662e+01 
9.845899e+01 
9.676958e+01 
9.534771e+01 
9.460406e+01 
9.469987e+01 
9.548467e+01 
9.661102e+01 
9.774258e+01 
9.867545e+01 
9.935582e+01 
9.981394e+01 
1.001040e+02 
1.002762e+02 
6.999104e+02 
4.627864e+03 
1.203751e+04 
1.208811e+04 
5.019610e+03 
1.489159e+03 

1.658019e+03 
7.330188e+03 
2.863614e+04 
5.947302e+04 
5.133684e+04 
9.258163e+03 
1.019597e+02 
1.021948e+02 
1.023913e+02 
1.024752e+02 
1.023130e+02 
1.016959e+02 
1.004264e+02 
9.849747e+01 
9.625818e+01 
9.433936e+01 
9.333306e+01 
9.346870e+01 
9.452469e+01 
9.600948e+01 
9.745332e+01 
9.859772e+01 
9.939321e+01 
9.990346e+01 
1.002102e+02 
1.003809e+02 
9.395475e+02 
5.765699e+03 
1.332623e+04 
1.254047e+04 
5.043828e+03 
1.484692e+03 

1.655821e+03 
7.351007e+03 
2.942681e+04 
6.372849e+04 
5.863634e+04 
1.137002e+04 
1.022659e+02 
1.025880e+02 
1.028891e+02 
1.030851e+02 
1.030114e+02 
1.023824e+02 
1.009209e+02 
9.856780e+01 
9.577978e+01 
9.335809e+01 
9.208919e+01 
9.226633e+01 
9.359034e+01 
9.543323e+01 
9.718332e+01 
9.853282e+01 
9.943602e+01 
9.999246e+01 
1.003119e+02 
1.004790e+02 
1.181545e+03 
6.803189e+03 
1.441643e+04 
1.290777e+04 
5.060855e+03 
1.481202e+03 

1.654554e+03 
7.365331e+03 
3.002987e+04 
6.708396e+04 
6.467965e+04 
1.327207e+04 
1.025283e+02 
1.029282e+02 
1.033236e+02 
1.036214e+02 
1.036274e+02 
1.029906e+02 
1.013579e+02 
9.864091e+01 
9.537449e+01 
9.252488e+01 
9.103196e+01 
9.123998e+01 
9.279301e+01 
9.493696e+01 
9.695020e+01 
9.847525e+01 
9.947116e+01 
1.000669e+02 
1.003965e+02 
1.005599e+02 
1.392738e+03 
7.639410e+03 
1.525430e+04 
1.318311e+04 
5.071821e+03 
1.478587e+03 

1.654039e+03 
7.374882e+03 
3.043845e+04 
6.940820e+04 
6.901561e+04 
1.472763e+04 
1.027225e+02 
1.031812e+02 
1.036477e+02 
1.040210e+02 
1.040834e+02 
1.034379e+02 
1.016761e+02 
9.869575e+01 
9.508747e+01 
9.193642e+01 
9.028272e+01 
9.050736e+01 
9.221551e+01 
9.456820e+01 
9.676921e+01 
9.842212e+01 
9.948807e+01 
1.001145e+02 
1.004529e+02 
1.006145e+02 
1.540555e+03 
8.192131e+03 
1.579785e+04 
1.336132e+04 
5.077669e+03 
1.476747e+03 

1.654141e+03 
7.380908e+03 
3.064840e+04 
7.061172e+04 
7.132828e+04 
1.554458e+04 
1.028297e+02 
1.033208e+02 
1.038263e+02 
1.042403e+02 
1.043320e+02 
1.036807e+02 
1.018517e+02 
9.873555e+01 
9.495441e+01 
9.164736e+01 
8.990576e+01 
9.012879e+01 
9.190435e+01 
9.435728e+01 
9.665318e+01 
9.837489e+01 
9.948145e+01 
1.001277e+02 
1.004736e+02 
1.006363e+02 
1.600775e+03 
8.407414e+03 
1.601942e+04 
1.343895e+04 
5.079074e+03 
1.475608e+03 

1.654784e+03 
7.384083e+03 
3.065788e+04 
7.065049e+04 
7.145703e+04 
1.561305e+04 
1.028393e+02 
1.033327e+02 
1.038408e+02 
1.042576e+02 
1.043524e+02 
1.037048e+02 
1.018809e+02 
9.877005e+01 
9.499111e+01 
9.167849e+01 
8.992153e+01 
9.012299e+01 
9.187834e+01 
9.431891e+01 
9.661215e+01 
9.833794e+01 
9.945125e+01 
1.001042e+02 
1.004556e+02 
1.006225e+02 
1.563131e+03 
8.264437e+03 
1.590713e+04 
1.341433e+04 
5.076375e+03 
1.475133e+03 

1.655965e+03 
7.384452e+03 
3.046726e+04 
6.952756e+04 
6.940249e+04 
1.492587e+04 
1.027507e+02 
1.032158e+02 
1.036896e+02 
1.040710e+02 
1.041422e+02 
1.035073e+02 
1.017596e+02 
9.879427e+01 
9.519218e+01 
9.202491e+01 
9.032734e+01 
9.049059e+01 
9.214109e+01 
9.445864e+01 
9.665196e+01 
9.831641e+01 
9.940143e+01 
1.000467e+02 
1.004008e+02 
1.005746e+02 
1.433492e+03 
7.776568e+03 
1.546558e+04 
1.328752e+04 
5.069546e+03 
1.475326e+03 

1.657754e+03 
7.381424e+03 
3.007906e+04 
6.729261e+04 
6.532479e+04 
1.357959e+04 
1.025729e+02 
1.029826e+02 
1.033892e+02 
1.036992e+02 
1.037182e+02 
1.030971e+02 
1.014848e+02 
9.878938e+01 
9.553125e+01 
9.265652e+01 
9.109747e+01 
9.121353e+01 
9.268063e+01 
9.477218e+01 
9.677367e+01 
9.831533e+01 
9.933923e+01 
9.996272e+01 
1.003157e+02 
1.004975e+02 
1.232446e+03 
6.989772e+03 
1.471557e+04 
1.306044e+04 
5.058192e+03 
1.476235e+03 

1.660283e+03 
7.373822e+03 
2.949811e+04 
6.403939e+04 
5.953428e+04 
1.175590e+04 
1.023236e+02 
1.026579e+02 
1.029728e+02 
1.031838e+02 
1.031256e+02 
1.025149e+02 
1.010757e+02 
9.874620e+01 
9.596434e+01 
9.351090e+01 
9.216293e+01 
9.223204e+01 
9.345600e+01 
9.523699e+01 
9.697250e+01 
9.833988e+01 
9.927482e+01 
9.986344e+01 
1.002105e+02 
1.003997e+02 
9.906842e+02 
5.978502e+03 
1.369307e+04 
1.273683e+04 
5.041592e+03 
1.477943e+03 

1.663733e+03 
7.359966e+03 
2.873178e+04 
5.990119e+04 
5.246995e+04 
9.685673e+03 
1.020267e+02 
1.022752e+02 
1.024867e+02 
1.025866e+02 
1.024409e+02 
1.018419e+02 
1.005932e+02 
9.868322e+01 
9.644470e+01 
9.448914e+01 
9.340138e+01 
9.342915e+01 
9.438553e+01 
9.580817e+01 
9.723504e+01 
9.839476e+01 
9.922019e+01 
9.976219e+01 
1.000971e+02 
1.002911e+02 
7.420968e+02 
4.838357e+03 
1.244724e+04 
1.232233e+04 
5.018760e+03 
1.480552e+03 

1.668304e+03 
7.337808e+03 
2.779037e+04 
5.504436e+04 
4.465943e+04 
7.602464e+03 
1.017084e+02 
1.018713e+02 
1.019827e+02 
1.019787e+02 
1.017571e+02 
1.011803e+02 
1.001306e+02 
9.863338e+01 
9.693716e+01 
9.547597e+01 
9.465733e+01 
9.465795e+01 
9.535530e+01 
9.642582e+01 
9.753893e+01 
9.848177e+01 
9.918618e+01 
9.967188e+01 
9.998774e+01 
1.001820e+02 
5.162658e+02 
3.674854e+03 
1.103775e+04 
1.182449e+04 
4.988543e+03 
1.484167e+03 

1.674187e+03 
7.305091e+03 
2.668735e+04 
4.965992e+04 
3.666000e+04 
5.697950e+03 
1.013931e+02 
1.014801e+02 
1.015067e+02 
1.014220e+02 
1.011536e+02 
1.006189e+02 
9.976496e+01 
9.863387e+01 
9.741051e+01 
9.637647e+01 
9.579521e+01 
9.578235e+01 
9.626119e+01 
9.702793e+01 
9.785828e+01 
9.859717e+01 
9.917920e+01 
9.960214e+01 
9.989207e+01 
1.000810e+02 
3.326310e+02 
2.588947e+03 
9.531179e+03 
1.125267e+04 
4.949730e+03 
1.488873e+03 

1.681532e+03 
7.259523e+03 
2.543957e+04 
4.395352e+04 
2.898900e+04 
4.093200e+03 
1.011001e+02 
1.011265e+02 
1.010911e+02 
1.009559e+02 
1.006743e+02 
1.002029e+02 
9.952793e+01 
9.869872e+01 
9.784243e+01 
9.713699e+01 
9.674006e+01 
9.672140e+01 
9.703888e+01 
9.756887e+01 
9.816952e+01 
9.873201e+01 
9.919942e+01 
9.955754e+01 
9.981624e+01 
9.999427e+01 
1.982791e+02 
1.661944e+03 
7.996862e+03 
1.061796e+04 
4.901162e+03 
1.494713e+03 

1.690417e+03 
7.198964e+03 
2.406719e+04 
3.813403e+04 
2.205993e+04 
2.833305e+03 
1.008420e+02 
1.008251e+02 
1.007508e+02 
1.005933e+02 
1.003257e+02 
9.992932e+01 
9.940970e+01 
9.881155e+01 
9.822129e+01 
9.774664e+01 
9.747961e+01 
9.746108e+01 
9.766781e+01 
9.802841e+01 
9.845536e+01 
9.887499e+01 
9.924183e+01 
9.953757e+01 
9.976224e+01 
9.992500e+01 
1.097287e+02 
9.438285e+02 
6.502218e+03 
9.932861e+03 
4.841848e+03 
1.501667e+03 

1.700825e+03 
7.121598e+03 
2.259320e+04 
3.240161e+04 
1.614090e+04 
1.902466e+03 
1.006243e+02 
1.005800e+02 
1.004863e+02 
1.003274e+02 
1.000897e+02 
9.976837e+01 
9.937599e+01 
9.894822e+01 
9.854187e+01 
9.822207e+01 
9.804220e+01 
9.802594e+01 
9.816074e+01 
9.840539e+01 
9.870663e+01 
9.901584e+01 
9.929893e+01 
9.953819e+01 
9.972874e+01 
9.987355e+01 
5.725811e+01 
4.486080e+02 
5.108040e+03 
9.210968e+03 
4.771056e+03 
1.509641e+03 

1.708767e+03 
7.017928e+03 
2.120230e+04 
2.696391e+04 
1.007804e+04 
1.009443e+03 
1.003677e+02 
1.002984e+02 
1.001920e+02 
1.000414e+02 
9.984239e+01 
9.959670e+01 
9.931535e+01 
9.902050e+01 
9.874390e+01 
9.852103e+01 
9.838228e+01 
9.834447e+01 
9.840642e+01 
9.855049e+01 
9.874896e+01 
9.897206e+01 
9.919455e+01 
9.939889e+01 
9.957551e+01 
9.972109e+01 
7.187364e-01 
1.982415e+02 
3.690088e+03 
8.741616e+03 
4.713596e+03 
1.515116e+03 

1.714105e+03 
6.649107e+03 
1.782359e+04 
1.409998e+04 
1.369859e+03 
1.305679e+02 
9.999140e+01 
9.992748e+01 
9.984711e+01 
9.974767e+01 
9.962755e+01 
9.948751e+01 
9.933220e+01 
9.917108e+01 
9.901789e+01 
9.888850e+01 
9.879729e+01 
9.875363e+01 
9.875970e+01 
9.881065e+01 
9.889660e+01 
9.900564e+01 
9.912643e+01 
9.924975e+01 
9.936904e+01 
9.948008e+01 
2.814384e+02 
7.050444e+03 
8.120643e+03 
8.453311e+03 
4.561188e+03 
1.515636e+03 

1.677014e+03 
5.463881e+03 
1.002749e+04 
1.136297e+04 
1.906058e+03 
2.051388e+00 
9.980015e+01 
9.977252e+01 
9.974083e+01 
9.970489e+01 
9.966503e+01 
9.962219e+01 
9.957800e+01 
9.953461e+01 
9.949450e+01 
9.946013e+01 
9.943362e+01 
9.941650e+01 
9.940951e+01 
9.941253e+01 
9.942467e+01 
9.944442e+01 
9.947000e+01 
9.949956e+01 
9.953149e+01 
9.956452e+01 
2.830757e+02 
1.570581e+04 
8.559298e+04 
1.611481e+04 
4.134365e+03 
1.478318e+03 

1.396576e+03 
3.192347e+03 
1.501320e+04 
7.540182e+03 
6.819183e+02 
1.593260e+01 
9.989345e+01 
9.988844e+01 
9.988393e+01 
9.988016e+01 
9.987729e+01 
9.987537e+01 
9.987433e+01 
9.987394e+01 
9.987390e+01 
9.987388e+01 
9.987359e+01 
9.987287e+01 
9.987169e+01 
9.987016e+01 
9.986851e+01 
9.986703e+01 
9.986599e+01 
9.986558e+01 
9.986594e+01 
9.986709e+01 
3.332791e+01 
2.147469e+03 
2.185268e+04 
3.497394e+04 
4.295477e+03 
1.257048e+03 

7.406163e+02 
5.610169e+02 
1.634235e+03 
4.216123e+02 
9.432501e+01 
8.022913e+01 
9.998962e+01 
9.999121e+01 
9.999283e+01 
9.999442e+01 
9.999589e+01 
9.999718e+01 
9.999827e+01 
9.999916e+01 
9.999987e+01 
1.000004e+02 
1.000009e+02 
1.000012e+02 
1.000015e+02 
1.000016e+02 
1.000015e+02 
1.000012e+02 
1.000007e+02 
9.999995e+01 
9.999900e+01 
9.999789e+01 
8.903247e+01 
1.577286e+02 
7.835993e+02 
3.493941e+03 
2.355250e+03 
6.642760e+02 

2.541369e+02 
1.378717e+01 
6.579565e+01 
1.164267e+02 
1.137819e+02 
1.036816e+02 
1.000054e+02 
1.000053e+02 
1.000052e+02 
1.000050e+02 
1.000049e+02 
1.000047e+02 
1.000046e+02 
1.000046e+02 
1.000045e+02 
1.000045e+02 
1.000045e+02 
1.000045e+02 
1.000045e+02 
1.000046e+02 
1.000046e+02 
1.000047e+02 
1.000048e+02 
1.000050e+02 
1.000052e+02 
1.000053e+02 
1.039553e+02 
1.163058e+02 
1.309536e+02 
1.053314e+02 
1.828321e+01 
2.329895e+02 

