3.521395e+02 
1.050917e+03 
1.765235e+03 
2.018462e+03 
2.031088e+03 
2.014953e+03 
2.003738e+03 
1.991856e+03 
1.982513e+03 
1.975609e+03 
1.970858e+03 
1.967856e+03 
1.966162e+03 
1.965366e+03 
1.965139e+03 
1.965254e+03 
1.965596e+03 
1.966158e+03 
1.967045e+03 
1.968477e+03 
1.970782e+03 
1.974378e+03 
1.979717e+03 
1.987220e+03 
1.997193e+03 
2.009756e+03 
2.019254e+03 
2.026757e+03 
1.988344e+03 
1.698048e+03 
1.043834e+03 
3.591159e+02 

3.678145e+00 
1.429966e+03 
5.407083e+03 
7.504576e+03 
8.323738e+03 
8.469963e+03 
8.488861e+03 
8.527925e+03 
8.547882e+03 
8.552839e+03 
8.547364e+03 
8.535968e+03 
8.522614e+03 
8.510404e+03 
8.501479e+03 
8.497124e+03 
8.497945e+03 
8.504011e+03 
8.514837e+03 
8.529235e+03 
8.545115e+03 
8.559382e+03 
8.568036e+03 
8.566505e+03 
8.550132e+03 
8.514720e+03 
8.425699e+03 
8.034154e+03 
6.773296e+03 
3.904406e+03 
2.687649e+02 
8.530407e+00 

1.179081e+02 
6.385798e+03 
3.429928e+04 
2.180814e+04 
2.303560e+04 
2.560162e+04 
2.696182e+04 
2.851704e+04 
2.994444e+04 
3.121842e+04 
3.231930e+04 
3.323474e+04 
3.395996e+04 
3.449656e+04 
3.484998e+04 
3.502637e+04 
3.502966e+04 
3.485989e+04 
3.451319e+04 
3.398364e+04 
3.326618e+04 
3.235972e+04 
3.126960e+04 
3.000863e+04 
2.859678e+04 
2.705961e+04 
2.576911e+04 
2.302791e+04 
1.448537e+04 
1.069092e+04 
3.795945e+03 
1.027505e+02 

1.447729e+02 
1.417564e+03 
3.374978e+04 
8.137114e+04 
1.529715e+04 
2.702130e+04 
3.489073e+04 
4.148674e+04 
4.827863e+04 
5.505597e+04 
6.157759e+04 
6.758099e+04 
7.279788e+04 
7.697475e+04 
7.989568e+04 
8.140397e+04 
8.141885e+04 
7.994434e+04 
7.706870e+04 
7.295437e+04 
6.782035e+04 
6.192008e+04 
5.551853e+04 
4.887209e+04 
4.221371e+04 
3.574431e+04 
3.071608e+04 
2.026909e+04 
8.676073e+03 
1.444739e+04 
1.087563e+03 
1.411704e+02 

1.211046e+02 
2.132858e+02 
3.488242e+03 
1.958167e+04 
3.303982e+03 
5.945677e+03 
1.345419e+04 
1.977060e+04 
2.763842e+04 
3.693128e+04 
4.729259e+04 
5.810816e+04 
6.853161e+04 
7.757818e+04 
8.427930e+04 
8.786295e+04 
8.790960e+04 
8.443789e+04 
7.789559e+04 
6.906043e+04 
5.888126e+04 
4.830586e+04 
3.814012e+04 
2.896682e+04 
2.112729e+04 
1.474963e+04 
9.085166e+03 
1.310828e+03 
3.655929e+03 
1.771261e+03 
1.741882e+02 
1.203709e+02 

1.047557e+02 
8.058013e+01 
4.409682e+01 
3.275197e+02 
9.807222e+01 
4.051026e+02 
1.316064e+03 
2.229816e+03 
3.642866e+03 
5.705088e+03 
8.510294e+03 
1.201279e+04 
1.594838e+04 
1.981424e+04 
2.295400e+04 
2.474233e+04 
2.479699e+04 
2.311741e+04 
2.008072e+04 
1.629984e+04 
1.241635e+04 
8.924831e+03 
6.092463e+03 
3.976925e+03 
2.499175e+03 
1.521542e+03 
7.374707e+02 
5.867554e+01 
3.215127e+01 
1.422164e+01 
7.592456e+01 
1.046302e+02 

1.000073e+02 
9.998867e+01 
9.984584e+01 
9.956465e+01 
9.962037e+01 
1.000934e+02 
1.004183e+02 
1.006508e+02 
1.009549e+02 
1.013400e+02 
1.018065e+02 
1.023383e+02 
1.028968e+02 
1.034203e+02 
1.038332e+02 
1.040651e+02 
1.040734e+02 
1.038578e+02 
1.034603e+02 
1.029502e+02 
1.024019e+02 
1.018762e+02 
1.014118e+02 
1.010253e+02 
1.007171e+02 
1.004791e+02 
1.002342e+02 
9.989079e+01 
9.971989e+01 
9.985331e+01 
9.998485e+01 
1.000072e+02 

1.000074e+02 
9.998997e+01 
9.984035e+01 
9.952765e+01 
9.950318e+01 
9.993735e+01 
1.002651e+02 
1.004923e+02 
1.008049e+02 
1.012212e+02 
1.017508e+02 
1.023840e+02 
1.030781e+02 
1.037521e+02 
1.042974e+02 
1.046075e+02 
1.046161e+02 
1.043236e+02 
1.037960e+02 
1.031384e+02 
1.024570e+02 
1.018313e+02 
1.013036e+02 
1.008847e+02 
1.005663e+02 
1.003318e+02 
1.000886e+02 
9.977543e+01 
9.967139e+01 
9.984618e+01 
9.998676e+01 
1.000073e+02 

1.000074e+02 
9.999130e+01 
9.983525e+01 
9.949170e+01 
9.937972e+01 
9.974464e+01 
1.000510e+02 
1.002500e+02 
1.005426e+02 
1.009569e+02 
1.015162e+02 
1.022231e+02 
1.030375e+02 
1.038617e+02 
1.045484e+02 
1.049443e+02 
1.049526e+02 
1.045748e+02 
1.039088e+02 
1.031052e+02 
1.023070e+02 
1.016091e+02 
1.010511e+02 
1.006322e+02 
1.003316e+02 
1.001231e+02 
9.990106e+01 
9.964209e+01 
9.962017e+01 
9.983975e+01 
9.998868e+01 
1.000073e+02 

1.000073e+02 
9.999262e+01 
9.983065e+01 
9.945702e+01 
9.925327e+01 
9.951957e+01 
9.977506e+01 
9.991686e+01 
1.001493e+02 
1.005083e+02 
1.010305e+02 
1.017348e+02 
1.025912e+02 
1.034918e+02 
1.042613e+02 
1.047128e+02 
1.047220e+02 
1.042915e+02 
1.035466e+02 
1.026710e+02 
1.018338e+02 
1.011385e+02 
1.006154e+02 
1.002487e+02 
1.000052e+02 
9.985139e+01 
9.967388e+01 
9.949325e+01 
9.956711e+01 
9.983416e+01 
9.999055e+01 
1.000072e+02 

1.000072e+02 
9.999387e+01 
9.982667e+01 
9.942386e+01 
9.912726e+01 
9.927117e+01 
9.944512e+01 
9.949878e+01 
9.962441e+01 
9.985942e+01 
1.002471e+02 
1.008186e+02 
1.015565e+02 
1.023695e+02 
1.030876e+02 
1.035149e+02 
1.035291e+02 
1.031314e+02 
1.024449e+02 
1.016602e+02 
1.009401e+02 
1.003738e+02 
9.998024e+01 
9.973274e+01 
9.959215e+01 
9.952368e+01 
9.941499e+01 
9.933334e+01 
9.951350e+01 
9.982947e+01 
9.999230e+01 
1.000071e+02 

1.000071e+02 
9.999502e+01 
9.982339e+01 
9.939256e+01 
9.900521e+01 
9.901291e+01 
9.907989e+01 
9.901886e+01 
9.899499e+01 
9.903790e+01 
9.918605e+01 
9.947087e+01 
9.989588e+01 
1.003989e+02 
1.008610e+02 
1.011539e+02 
1.011795e+02 
1.009359e+02 
1.005141e+02 
1.000378e+02 
9.962353e+01 
9.933402e+01 
9.917138e+01 
9.910950e+01 
9.911414e+01 
9.915776e+01 
9.913800e+01 
9.916890e+01 
9.946095e+01 
9.982570e+01 
9.999389e+01 
1.000070e+02 

1.000070e+02 
9.999604e+01 
9.982084e+01 
9.936353e+01 
9.889074e+01 
9.876147e+01 
9.870804e+01 
9.851723e+01 
9.831713e+01 
9.812246e+01 
9.795572e+01 
9.784379e+01 
9.780312e+01 
9.783397e+01 
9.791042e+01 
9.798422e+01 
9.802570e+01 
9.802553e+01 
9.799979e+01 
9.799109e+01 
9.802883e+01 
9.812224e+01 
9.826367e+01 
9.843263e+01 
9.860975e+01 
9.878134e+01 
9.886141e+01 
9.900828e+01 
9.941136e+01 
9.982276e+01 
9.999528e+01 
1.000069e+02 

1.000069e+02 
9.999690e+01 
9.981900e+01 
9.933729e+01 
9.878766e+01 
9.853486e+01 
9.836455e+01 
9.804536e+01 
9.766725e+01 
9.722776e+01 
9.673187e+01 
9.619848e+01 
9.566620e+01 
9.519186e+01 
9.484366e+01 
9.468440e+01 
9.473972e+01 
9.499414e+01 
9.539964e+01 
9.588872e+01 
9.640423e+01 
9.690568e+01 
9.736699e+01 
9.777583e+01 
9.812898e+01 
9.842867e+01 
9.860651e+01 
9.886103e+01 
9.936677e+01 
9.982054e+01 
9.999644e+01 
1.000068e+02 

1.000068e+02 
9.999759e+01 
9.981785e+01 
9.931448e+01 
9.869996e+01 
9.835034e+01 
9.808498e+01 
9.765649e+01 
9.712534e+01 
9.647449e+01 
9.569586e+01 
9.480514e+01 
9.386081e+01 
9.297384e+01 
9.228956e+01 
9.194148e+01 
9.200228e+01 
9.245327e+01 
9.319467e+01 
9.408924e+01 
9.500719e+01 
9.585806e+01 
9.659797e+01 
9.721715e+01 
9.772424e+01 
9.813501e+01 
9.839464e+01 
9.873690e+01 
9.932917e+01 
9.981889e+01 
9.999737e+01 
1.000068e+02 

1.000068e+02 
9.999812e+01 
9.981732e+01 
9.929580e+01 
9.863175e+01 
9.822246e+01 
9.789926e+01 
9.739554e+01 
9.675819e+01 
9.596010e+01 
9.498507e+01 
9.384859e+01 
9.262425e+01 
9.145717e+01 
9.054150e+01 
9.006050e+01 
9.011641e+01 
9.069061e+01 
9.165458e+01 
9.282256e+01 
9.401702e+01 
9.511372e+01 
9.605267e+01 
9.682305e+01 
9.744065e+01 
9.793071e+01 
9.824423e+01 
9.864466e+01 
9.930035e+01 
9.981765e+01 
9.999806e+01 
1.000068e+02 

1.000067e+02 
9.999847e+01 
9.981734e+01 
9.928202e+01 
9.858692e+01 
9.816142e+01 
9.782654e+01 
9.729126e+01 
9.660807e+01 
9.574419e+01 
9.467764e+01 
9.342101e+01 
9.205268e+01 
9.073405e+01 
8.968618e+01 
8.912150e+01 
8.916265e+01 
8.979458e+01 
9.087391e+01 
9.218734e+01 
9.352843e+01 
9.475286e+01 
9.579253e+01 
9.663746e+01 
9.730840e+01 
9.783609e+01 
9.816823e+01 
9.859094e+01 
9.928170e+01 
9.981670e+01 
9.999851e+01 
1.000068e+02 

1.000067e+02 
9.999865e+01 
9.981783e+01 
9.927383e+01 
9.856880e+01 
9.817189e+01 
9.787221e+01 
9.735194e+01 
9.668755e+01 
9.584525e+01 
9.479932e+01 
9.355566e+01 
9.218549e+01 
9.084816e+01 
8.976916e+01 
8.917090e+01 
8.918921e+01 
8.981574e+01 
9.090339e+01 
9.223067e+01 
9.358182e+01 
9.480729e+01 
9.584077e+01 
9.667649e+01 
9.733831e+01 
9.785833e+01 
9.817230e+01 
9.857939e+01 
9.927404e+01 
9.981600e+01 
9.999871e+01 
1.000068e+02 

1.000068e+02 
9.999866e+01 
9.981876e+01 
9.927184e+01 
9.857965e+01 
9.825236e+01 
9.802720e+01 
9.756445e+01 
9.697839e+01 
9.623990e+01 
9.532469e+01 
9.423321e+01 
9.302204e+01 
9.182420e+01 
9.083965e+01 
9.027775e+01 
9.026832e+01 
9.081141e+01 
9.177902e+01 
9.296422e+01 
9.416908e+01 
9.526084e+01 
9.618094e+01 
9.692669e+01 
9.752051e+01 
9.799054e+01 
9.825407e+01 
9.861016e+01 
9.927761e+01 
9.981554e+01 
9.999866e+01 
1.000068e+02 

1.000068e+02 
9.999849e+01 
9.982008e+01 
9.927648e+01 
9.862018e+01 
9.839507e+01 
9.826981e+01 
9.789670e+01 
9.743393e+01 
9.686279e+01 
9.616765e+01 
9.535001e+01 
9.444616e+01 
9.355153e+01 
9.280927e+01 
9.236618e+01 
9.232912e+01 
9.270772e+01 
9.340963e+01 
9.429120e+01 
9.520279e+01 
9.603907e+01 
9.675558e+01 
9.734655e+01 
9.782620e+01 
9.821317e+01 
9.840342e+01 
9.867993e+01 
9.929199e+01 
9.981541e+01 
9.999836e+01 
1.000069e+02 

1.000068e+02 
9.999816e+01 
9.982179e+01 
9.928794e+01 
9.868929e+01 
9.858674e+01 
9.856975e+01 
9.830350e+01 
9.798700e+01 
9.761457e+01 
9.718424e+01 
9.670103e+01 
9.618817e+01 
9.568687e+01 
9.526278e+01 
9.499561e+01 
9.493919e+01 
9.511009e+01 
9.547701e+01 
9.596468e+01 
9.649522e+01 
9.700948e+01 
9.747238e+01 
9.787319e+01 
9.821289e+01 
9.849763e+01 
9.860406e+01 
9.878247e+01 
9.931621e+01 
9.981572e+01 
9.999780e+01 
1.000070e+02 

1.000069e+02 
9.999767e+01 
9.982389e+01 
9.930617e+01 
9.878390e+01 
9.881027e+01 
9.889372e+01 
9.873545e+01 
9.856382e+01 
9.838434e+01 
9.820574e+01 
9.803791e+01 
9.788685e+01 
9.775611e+01 
9.764410e+01 
9.754995e+01 
9.748722e+01 
9.747372e+01 
9.752255e+01 
9.763820e+01 
9.780789e+01 
9.800983e+01 
9.822420e+01 
9.843515e+01 
9.863263e+01 
9.881158e+01 
9.883603e+01 
9.890949e+01 
9.934887e+01 
9.981662e+01 
9.999698e+01 
1.000071e+02 

1.000070e+02 
9.999702e+01 
9.982638e+01 
9.933086e+01 
9.889917e+01 
9.904710e+01 
9.921114e+01 
9.914844e+01 
9.910032e+01 
9.907812e+01 
9.909443e+01 
9.915756e+01 
9.926228e+01 
9.938188e+01 
9.947474e+01 
9.950181e+01 
9.944485e+01 
9.931928e+01 
9.916562e+01 
9.902744e+01 
9.893561e+01 
9.890084e+01 
9.891646e+01 
9.896814e+01 
9.904131e+01 
9.912453e+01 
9.907879e+01 
9.905178e+01 
9.938830e+01 
9.981825e+01 
9.999592e+01 
1.000072e+02 

1.000070e+02 
9.999625e+01 
9.982929e+01 
9.936144e+01 
9.902893e+01 
9.927989e+01 
9.949866e+01 
9.951079e+01 
9.955390e+01 
9.963972e+01 
9.977831e+01 
9.997171e+01 
1.002053e+02 
1.004424e+02 
1.006294e+02 
1.007138e+02 
1.006685e+02 
1.005044e+02 
1.002650e+02 
1.000071e+02 
9.977773e+01 
9.960314e+01 
9.948884e+01 
9.942731e+01 
9.940598e+01 
9.941242e+01 
9.931411e+01 
9.920034e+01 
9.943271e+01 
9.982071e+01 
9.999465e+01 
1.000073e+02 

1.000070e+02 
9.999537e+01 
9.983259e+01 
9.939714e+01 
9.916636e+01 
9.949472e+01 
9.974214e+01 
9.980588e+01 
9.990668e+01 
1.000533e+02 
1.002506e+02 
1.004940e+02 
1.007637e+02 
1.010226e+02 
1.012222e+02 
1.013175e+02 
1.012842e+02 
1.011291e+02 
1.008871e+02 
1.006070e+02 
1.003347e+02 
1.001011e+02 
9.992004e+01 
9.979148e+01 
9.970808e+01 
9.965995e+01 
9.952822e+01 
9.934722e+01 
9.948038e+01 
9.982406e+01 
9.999319e+01 
1.000074e+02 

1.000070e+02 
9.999442e+01 
9.983627e+01 
9.943707e+01 
9.930478e+01 
9.968233e+01 
9.993623e+01 
1.000304e+02 
1.001606e+02 
1.003317e+02 
1.005439e+02 
1.007884e+02 
1.010449e+02 
1.012813e+02 
1.014596e+02 
1.015458e+02 
1.015219e+02 
1.013918e+02 
1.011804e+02 
1.009246e+02 
1.006618e+02 
1.004208e+02 
1.002183e+02 
1.000595e+02 
9.994229e+01 
9.986049e+01 
9.971261e+01 
9.948611e+01 
9.952973e+01 
9.982829e+01 
9.999161e+01 
1.000075e+02 

1.047090e+02 
8.687180e+01 
7.207721e+01 
6.932430e+02 
6.973697e+02 
4.972015e+00 
1.521004e+02 
3.078871e+02 
5.761891e+02 
9.982804e+02 
1.601704e+03 
2.377081e+03 
3.256877e+03 
4.111745e+03 
4.776357e+03 
5.100730e+03 
5.005125e+03 
4.511185e+03 
3.733399e+03 
2.835764e+03 
1.975638e+03 
1.260768e+03 
7.346989e+02 
3.883541e+02 
1.838411e+02 
7.640521e+01 
1.265233e-01 
2.327448e+02 
3.419332e+02 
4.666497e+01 
8.376185e+01 
1.052451e+02 

1.210194e+02 
2.489799e+02 
4.632520e+03 
3.133282e+04 
1.259493e+04 
5.373921e+02 
1.922878e+03 
3.361091e+03 
5.295228e+03 
7.696710e+03 
1.045826e+04 
1.338666e+04 
1.621436e+04 
1.863371e+04 
2.034925e+04 
2.113555e+04 
2.088427e+04 
1.962698e+04 
1.752781e+04 
1.484877e+04 
1.189778e+04 
8.973470e+03 
6.320221e+03 
4.102126e+03 
2.397318e+03 
1.208298e+03 
3.365640e+02 
4.667994e+03 
1.831109e+04 
3.814902e+03 
2.526970e+02 
1.239735e+02 

1.469160e+02 
1.598766e+03 
4.441610e+04 
1.252157e+05 
1.274872e+04 
8.723439e+03 
1.204052e+04 
1.471509e+04 
1.751500e+04 
2.034104e+04 
2.307876e+04 
2.560368e+04 
2.778911e+04 
2.951610e+04 
3.068438e+04 
3.122250e+04 
3.109564e+04 
3.030964e+04 
2.891044e+04 
2.697913e+04 
2.462340e+04 
2.196701e+04 
1.913900e+04 
1.626416e+04 
1.345598e+04 
1.081202e+04 
8.599123e+03 
6.736375e+03 
5.774911e+04 
3.201159e+04 
1.646430e+03 
1.569468e+02 

1.290822e+02 
6.955009e+03 
5.044913e+04 
2.127146e+04 
1.463206e+04 
1.515175e+04 
1.580223e+04 
1.677651e+04 
1.768128e+04 
1.849896e+04 
1.921474e+04 
1.981756e+04 
2.030034e+04 
2.065970e+04 
2.089483e+04 
2.100616e+04 
2.099405e+04 
2.085806e+04 
2.059707e+04 
2.021022e+04 
1.969827e+04 
1.906506e+04 
1.831845e+04 
1.747053e+04 
1.653720e+04 
1.553711e+04 
1.486192e+04 
1.376829e+04 
1.233948e+04 
2.521965e+04 
6.867618e+03 
1.478448e+02 

1.161147e+01 
1.693966e+03 
5.099591e+03 
6.227940e+03 
6.654314e+03 
6.695623e+03 
6.698577e+03 
6.741052e+03 
6.768388e+03 
6.783247e+03 
6.788702e+03 
6.787889e+03 
6.783673e+03 
6.778398e+03 
6.773775e+03 
6.770883e+03 
6.770237e+03 
6.771835e+03 
6.775150e+03 
6.779055e+03 
6.781762e+03 
6.780823e+03 
6.773281e+03 
6.755944e+03 
6.725733e+03 
6.680043e+03 
6.611294e+03 
6.346736e+03 
5.516108e+03 
3.783665e+03 
1.335341e+03 
1.720890e+00 

3.495228e+02 
1.008201e+03 
1.666428e+03 
1.884618e+03 
1.894885e+03 
1.880340e+03 
1.869637e+03 
1.857792e+03 
1.847995e+03 
1.840233e+03 
1.834338e+03 
1.830039e+03 
1.827020e+03 
1.824976e+03 
1.823654e+03 
1.822878e+03 
1.822562e+03 
1.822710e+03 
1.823419e+03 
1.824876e+03 
1.827344e+03 
1.831138e+03 
1.836575e+03 
1.843922e+03 
1.853332e+03 
1.864794e+03 
1.872806e+03 
1.876436e+03 
1.835332e+03 
1.577499e+03 
9.641183e+02 
3.323635e+02 

