 -8.224001574575206E-018
 -6.589868994470443E-018
 -5.274827391545898E-018
 -4.230529648046995E-018
 -3.392190626182598E-018
 -2.721132631749043E-018
 -2.184479624673218E-018
 -1.755157219012558E-018
 -1.411892682955048E-018
 -1.137281054109040E-018
 -9.177851395032520E-019
 -7.418016308765852E-019
 -6.015949893883065E-019
 -4.894296761976836E-019
 -3.994073429386577E-019
 -3.273701374843352E-019
 -2.696436788853681E-019
 -2.236172227830090E-019
 -1.867767190540200E-019
 -1.572849772237269E-019
 -1.336915837594924E-019
 -1.148362078352066E-019
 -9.975190709577804E-020
 -8.766512765713333E-020
 -7.799570410621756E-020
 -6.832628055530179E-020
 -5.865685700438602E-020
 -4.898743345347025E-020
 -4.128951949821799E-020
 -3.752899748465662E-020
 -3.574241873958712E-020
 -3.397534589955947E-020
 -3.222767402841693E-020
 -3.049929797817418E-020
 -2.879011239991269E-020
 -2.710001175455574E-020
 -2.542889032352407E-020
 -2.377664221927225E-020
 -2.214316139570698E-020
 -2.052834165848746E-020
 -1.893207667520901E-020
 -1.735425998547036E-020
 -1.579478501082494E-020
 -1.425354506461756E-020
 -1.235247545151145E-020
 -1.001935698821247E-020
 -7.163922203442436E-021
 -3.685237349124925E-021
  5.179813975490910E-022
  5.546358596272856E-021
  1.149019651586434E-020
  1.843029234670939E-020
  2.631988830879717E-020
  3.503846133493066E-020
  4.424774142670321E-020
  5.340628346944311E-020
  6.163184870402634E-020
  6.758047579434962E-020
  6.969344116811791E-020
  6.639436480835595E-020
  5.675583333274736E-020
  4.142748907239740E-020
  2.339068930197707E-020
  7.628800209328083E-021
 -1.314352822596225E-021
 -2.869160654003372E-021
 -1.013787678689637E-021
