  2.497567002256215E-019
  2.497567002256215E-019
  2.497567002256215E-019
  2.497567002256215E-019
  2.497567002256215E-019
  2.497567002256215E-019
  2.497567002256215E-019
  2.497567002256215E-019
  2.497567002256215E-019
  2.497567002256215E-019
  2.497567002256215E-019
  2.497567002256215E-019
  2.497567002256215E-019
  2.497567002256215E-019
  2.497567002256215E-019
  2.497567002256215E-019
  2.497567002256215E-019
  2.497567002256215E-019
  2.497567002256215E-019
  2.497567002256215E-019
  2.497567002256215E-019
  2.497567002256215E-019
  2.497567002256215E-019
  2.497567002256215E-019
  2.497567002256215E-019
  2.497567002256215E-019
  2.497567002256215E-019
  2.497567002256215E-019
  2.493927650702539E-019
  2.483716298771142E-019
  2.470454085364935E-019
  2.457163649592626E-019
  2.443846386685910E-019
  2.430503676558106E-019
  2.417136883887174E-019
  2.403747358198899E-019
  2.390336433950219E-019
  2.376905430612694E-019
  2.363455652756117E-019
  2.349988390132235E-019
  2.336504917758605E-019
  2.323006496002544E-019
  2.309494370665187E-019
  2.295969773065640E-019
  2.279048339487002E-019
  2.257909278131006E-019
  2.231458885778103E-019
  2.198332658496956E-019
  2.156902326365948E-019
  2.105157070902549E-019
  2.040604920653604E-019
  1.959945412363364E-019
  1.860036716326902E-019
  1.736838545718108E-019
  1.586743619428408E-019
  1.405812378047346E-019
  1.191359509466049E-019
  9.465486039783497E-020
  6.789330258813672E-020
  4.063935937527522E-020
  1.572528299355727E-020
 -3.255754997453855E-021
 -1.322174385005027E-020
 -1.358857978201048E-020
 -7.796077400208974E-021
 -1.756185954335209E-021
  5.705314382216644E-022
