6.212260e+01
5.715686e+01
5.860047e+01
6.460268e+01
6.845534e+01
6.987040e+01
7.042058e+01
7.090371e+01
7.126374e+01
7.151360e+01
7.166780e+01
7.174065e+01
7.174472e+01
7.168985e+01
7.158285e+01
7.142769e+01
7.122589e+01
7.097676e+01
7.067724e+01
7.032150e+01
6.990050e+01
6.940204e+01
6.881145e+01
6.811326e+01
6.729320e+01
6.634042e+01
6.560588e+01
6.439813e+01
6.134350e+01
5.715849e+01
5.606654e+01
6.156862e+01

-5.441959e+01
6.621386e+01
-3.170821e+00
5.679298e+00
1.353674e+01
1.828134e+01
2.127045e+01
2.426455e+01
2.697117e+01
2.932709e+01
3.128404e+01
3.281319e+01
3.390526e+01
3.456705e+01
3.481561e+01
3.467224e+01
3.415807e+01
3.329254e+01
3.209492e+01
3.058796e+01
2.880185e+01
2.677658e+01
2.456100e+01
2.220890e+01
1.977298e+01
1.729897e+01
1.601938e+01
1.544913e+01
1.343450e+01
1.346408e+01
5.270050e+01
-4.987127e+01

6.445953e+01
6.161146e+01
-3.789423e+01
-3.429950e+01
-3.507857e+01
-3.290138e+01
-3.233328e+01
-3.472563e+01
-3.705535e+01
-3.906966e+01
-4.049076e+01
-4.105101e+01
-4.054136e+01
-3.886669e+01
-3.609287e+01
-3.245881e+01
-2.832831e+01
-2.409118e+01
-2.006497e+01
-1.644725e+01
-1.332413e+01
-1.070689e+01
-8.568831e+00
-6.870721e+00
-5.574625e+00
-4.650055e+00
-6.243894e+00
-9.814712e+00
-9.572253e+00
-2.650370e-01
-8.377589e+00
5.907383e+01

-4.363263e+01
8.935550e+01
-5.619070e+01
-5.903207e+01
-5.344348e+01
-3.880638e+01
-3.455696e+01
-4.591240e+01
-5.763880e+01
-6.827258e+01
-7.681623e+01
-8.293589e+01
-8.667692e+01
-8.814054e+01
-8.729680e+01
-8.389975e+01
-7.748587e+01
-6.757536e+01
-5.432924e+01
-3.940496e+01
-2.546362e+01
-1.425112e+01
-5.953430e+00
-1.024295e-02
4.199901e+00
7.142956e+00
-1.845855e+00
-1.666789e+01
-1.815106e+01
-4.320047e+00
3.772182e+01
-4.923773e+01

8.087796e+00
-4.327150e+01
-5.695205e+01
-6.908082e+01
-5.416712e+01
-1.935813e+01
-1.871192e+00
-1.355734e+01
-2.950460e+01
-4.809405e+01
-6.509062e+01
-7.750857e+01
-8.522590e+01
-8.911574e+01
-8.976328e+01
-8.713311e+01
-8.044444e+01
-6.818088e+01
-4.938827e+01
-2.747263e+01
-9.115047e+00
3.347573e+00
1.134271e+01
1.655519e+01
2.007798e+01
2.256140e+01
6.951384e+00
-1.495081e+01
-1.782074e+01
-3.086600e+00
7.947442e+01
4.564701e+00

3.678986e+01
3.273269e+01
-2.602838e+01
-5.607760e+01
-3.139962e+01
8.185294e+00
2.629237e+01
2.215090e+01
1.747774e+01
1.182978e+01
4.826708e+00
-3.548067e+00
-1.242808e+01
-1.985669e+01
-2.359332e+01
-2.232101e+01
-1.626650e+01
-7.260584e+00
2.133644e+00
1.015343e+01
1.634044e+01
2.096928e+01
2.449267e+01
2.732209e+01
2.979183e+01
3.217820e+01
1.945415e+01
2.660541e+00
3.300881e+00
2.922540e+01
2.526376e+01
3.580846e+01

4.499065e+01
4.498298e+01
4.488653e+01
4.467225e+01
4.464157e+01
4.491047e+01
4.498863e+01
4.498226e+01
4.497438e+01
4.496487e+01
4.495384e+01
4.494175e+01
4.492951e+01
4.491843e+01
4.491000e+01
4.490554e+01
4.490578e+01
4.491066e+01
4.491934e+01
4.493047e+01
4.494259e+01
4.495444e+01
4.496519e+01
4.497443e+01
4.498207e+01
4.498826e+01
4.494141e+01
4.487132e+01
4.490162e+01
4.497359e+01
4.497362e+01
4.499009e+01

4.499081e+01
4.498070e+01
4.487762e+01
4.466945e+01
4.452057e+01
4.489079e+01
4.499204e+01
4.498568e+01
4.497751e+01
4.496726e+01
4.495490e+01
4.494083e+01
4.492610e+01
4.491239e+01
4.490178e+01
4.489612e+01
4.489650e+01
4.490280e+01
4.491379e+01
4.492754e+01
4.494206e+01
4.495576e+01
4.496773e+01
4.497761e+01
4.498548e+01
4.499161e+01
4.493460e+01
4.483914e+01
4.487772e+01
4.496581e+01
4.497012e+01
4.499047e+01

4.499103e+01
4.497800e+01
4.487252e+01
4.470652e+01
4.444792e+01
4.486927e+01
4.499665e+01
4.499074e+01
4.498277e+01
4.497228e+01
4.495900e+01
4.494318e+01
4.492591e+01
4.490929e+01
4.489611e+01
4.488905e+01
4.488964e+01
4.489770e+01
4.491140e+01
4.492803e+01
4.494493e+01
4.496019e+01
4.497290e+01
4.498290e+01
4.499050e+01
4.499614e+01
4.492916e+01
4.480169e+01
4.485365e+01
4.495747e+01
4.496687e+01
4.499084e+01

4.499128e+01
4.497501e+01
4.487198e+01
4.475806e+01
4.449933e+01
4.484930e+01
4.500242e+01
4.499750e+01
4.499041e+01
4.498050e+01
4.496721e+01
4.495050e+01
4.493138e+01
4.491232e+01
4.489688e+01
4.488854e+01
4.488938e+01
4.489913e+01
4.491527e+01
4.493425e+01
4.495277e+01
4.496868e+01
4.498122e+01
4.499054e+01
4.499719e+01
4.500181e+01
4.492699e+01
4.476707e+01
4.483764e+01
4.494911e+01
4.496398e+01
4.499118e+01

4.499153e+01
4.497192e+01
4.487590e+01
4.480438e+01
4.462803e+01
4.483752e+01
4.500917e+01
4.500581e+01
4.500040e+01
4.499215e+01
4.498022e+01
4.496424e+01
4.494502e+01
4.492507e+01
4.490846e+01
4.489946e+01
4.490053e+01
4.491129e+01
4.492870e+01
4.494846e+01
4.496686e+01
4.498182e+01
4.499285e+01
4.500043e+01
4.500537e+01
4.500843e+01
4.493074e+01
4.475664e+01
4.484105e+01
4.494146e+01
4.496156e+01
4.499149e+01

4.499178e+01
4.496891e+01
4.488350e+01
4.484056e+01
4.474763e+01
4.484297e+01
4.501651e+01
4.501520e+01
4.501223e+01
4.500674e+01
4.499777e+01
4.498464e+01
4.496774e+01
4.494941e+01
4.493373e+01
4.492507e+01
4.492622e+01
4.493672e+01
4.495321e+01
4.497126e+01
4.498721e+01
4.499923e+01
4.500726e+01
4.501207e+01
4.501459e+01
4.501560e+01
4.494312e+01
4.479609e+01
4.486706e+01
4.493520e+01
4.495965e+01
4.499175e+01

4.499201e+01
4.496612e+01
4.489360e+01
4.486877e+01
4.483424e+01
4.487231e+01
4.502387e+01
4.502492e+01
4.502488e+01
4.502298e+01
4.501824e+01
4.500976e+01
4.499752e+01
4.498316e+01
4.497020e+01
4.496290e+01
4.496391e+01
4.497282e+01
4.498644e+01
4.500049e+01
4.501183e+01
4.501928e+01
4.502315e+01
4.502444e+01
4.502409e+01
4.502279e+01
4.496503e+01
4.487519e+01
4.490175e+01
4.493058e+01
4.495828e+01
4.499197e+01

4.499221e+01
4.496366e+01
4.490472e+01
4.489236e+01
4.489607e+01
4.492251e+01
4.503058e+01
4.503398e+01
4.503695e+01
4.503888e+01
4.503885e+01
4.503584e+01
4.502931e+01
4.502016e+01
4.501112e+01
4.500571e+01
4.500641e+01
4.501294e+01
4.502242e+01
4.503129e+01
4.503710e+01
4.503929e+01
4.503863e+01
4.503621e+01
4.503293e+01
4.502933e+01
4.499281e+01
4.494689e+01
4.492745e+01
4.492716e+01
4.495745e+01
4.499212e+01

4.499238e+01
4.496157e+01
4.491503e+01
4.491369e+01
4.494373e+01
4.497871e+01
4.503596e+01
4.504136e+01
4.504694e+01
4.505226e+01
4.505648e+01
4.505847e+01
4.505728e+01
4.505306e+01
4.504768e+01
4.504409e+01
4.504448e+01
4.504868e+01
4.505427e+01
4.505827e+01
4.505895e+01
4.505637e+01
4.505164e+01
4.504595e+01
4.504013e+01
4.503458e+01
4.501724e+01
4.498451e+01
4.493744e+01
4.492380e+01
4.495714e+01
4.499223e+01

4.499251e+01
4.495988e+01
4.492250e+01
4.493325e+01
4.498270e+01
4.502096e+01
4.503942e+01
4.504618e+01
4.505358e+01
4.506128e+01
4.506854e+01
4.507417e+01
4.507695e+01
4.507652e+01
4.507409e+01
4.507202e+01
4.507222e+01
4.507460e+01
4.507711e+01
4.507736e+01
4.507420e+01
4.506812e+01
4.506045e+01
4.505246e+01
4.504487e+01
4.503798e+01
4.502713e+01
4.498998e+01
4.493349e+01
4.491934e+01
4.495730e+01
4.499229e+01

4.499260e+01
4.495861e+01
4.492557e+01
4.494861e+01
4.501066e+01
4.503521e+01
4.504061e+01
4.504790e+01
4.505603e+01
4.506477e+01
4.507345e+01
4.508094e+01
4.508595e+01
4.508788e+01
4.508749e+01
4.508662e+01
4.508682e+01
4.508801e+01
4.508850e+01
4.508641e+01
4.508102e+01
4.507308e+01
4.506399e+01
4.505495e+01
4.504661e+01
4.503919e+01
4.501609e+01
4.497072e+01
4.491909e+01
4.491323e+01
4.495790e+01
4.499230e+01

4.499265e+01
4.495775e+01
4.492433e+01
4.495275e+01
4.501202e+01
4.502099e+01
4.503944e+01
4.504639e+01
4.505411e+01
4.506242e+01
4.507075e+01
4.507812e+01
4.508342e+01
4.508606e+01
4.508659e+01
4.508647e+01
4.508686e+01
4.508761e+01
4.508732e+01
4.508450e+01
4.507872e+01
4.507076e+01
4.506191e+01
4.505322e+01
4.504523e+01
4.503811e+01
4.498712e+01
4.492932e+01
4.489637e+01
4.490583e+01
4.495893e+01
4.499226e+01

4.499266e+01
4.495733e+01
4.492097e+01
4.493447e+01
4.495761e+01
4.499035e+01
4.503612e+01
4.504193e+01
4.504822e+01
4.505478e+01
4.506110e+01
4.506640e+01
4.506987e+01
4.507126e+01
4.507126e+01
4.507112e+01
4.507181e+01
4.507306e+01
4.507353e+01
4.507193e+01
4.506780e+01
4.506171e+01
4.505469e+01
4.504763e+01
4.504099e+01
4.503495e+01
4.495127e+01
4.486326e+01
4.486581e+01
4.489822e+01
4.496034e+01
4.499218e+01

4.499263e+01
4.495737e+01
4.491841e+01
4.489007e+01
4.485116e+01
4.495840e+01
4.503111e+01
4.503521e+01
4.503934e+01
4.504321e+01
4.504632e+01
4.504806e+01
4.504800e+01
4.504637e+01
4.504428e+01
4.504327e+01
4.504425e+01
4.504682e+01
4.504960e+01
4.505099e+01
4.505023e+01
4.504752e+01
4.504356e+01
4.503907e+01
4.503450e+01
4.503011e+01
4.492132e+01
4.477067e+01
4.482725e+01
4.489177e+01
4.496210e+01
4.499205e+01

4.499255e+01
4.495790e+01
4.491860e+01
4.484228e+01
4.477132e+01
4.493472e+01
4.502500e+01
4.502712e+01
4.502879e+01
4.502961e+01
4.502909e+01
4.502678e+01
4.502260e+01
4.501736e+01
4.501268e+01
4.501035e+01
4.501145e+01
4.501557e+01
4.502106e+01
4.502609e+01
4.502941e+01
4.503069e+01
4.503030e+01
4.502879e+01
4.502664e+01
4.502419e+01
4.490488e+01
4.466707e+01
4.478242e+01
4.488781e+01
4.496418e+01
4.499188e+01

4.499242e+01
4.495893e+01
4.492190e+01
4.482051e+01
4.475677e+01
4.492182e+01
4.501845e+01
4.501863e+01
4.501794e+01
4.501596e+01
4.501223e+01
4.500648e+01
4.499899e+01
4.499089e+01
4.498409e+01
4.498066e+01
4.498169e+01
4.498682e+01
4.499442e+01
4.500239e+01
4.500914e+01
4.501394e+01
4.501681e+01
4.501813e+01
4.501833e+01
4.501780e+01
4.490209e+01
4.460154e+01
4.473917e+01
4.488728e+01
4.496649e+01
4.499168e+01

4.499225e+01
4.496047e+01
4.492766e+01
4.482614e+01
4.477834e+01
4.491803e+01
4.501205e+01
4.501057e+01
4.500796e+01
4.500384e+01
4.499787e+01
4.498999e+01
4.498071e+01
4.497132e+01
4.496373e+01
4.495981e+01
4.496063e+01
4.496592e+01
4.497421e+01
4.498357e+01
4.499231e+01
4.499945e+01
4.500470e+01
4.500823e+01
4.501039e+01
4.501154e+01
4.490865e+01
4.461529e+01
4.471329e+01
4.489049e+01
4.496893e+01
4.499145e+01

4.499204e+01
4.496247e+01
4.493490e+01
4.484527e+01
4.480950e+01
4.492046e+01
4.500626e+01
4.500354e+01
4.499960e+01
4.499416e+01
4.498704e+01
4.497838e+01
4.496879e+01
4.495951e+01
4.495219e+01
4.494838e+01
4.494896e+01
4.495376e+01
4.496163e+01
4.497095e+01
4.498020e+01
4.498834e+01
4.499491e+01
4.499987e+01
4.500342e+01
4.500584e+01
4.491972e+01
4.468364e+01
4.471862e+01
4.489704e+01
4.497141e+01
4.499121e+01

4.499179e+01
4.496488e+01
4.494273e+01
4.486759e+01
4.483968e+01
4.492648e+01
4.500135e+01
4.499784e+01
4.499317e+01
4.498716e+01
4.497979e+01
4.497130e+01
4.496236e+01
4.495402e+01
4.494759e+01
4.494424e+01
4.494462e+01
4.494864e+01
4.495547e+01
4.496388e+01
4.497263e+01
4.498077e+01
4.498775e+01
4.499338e+01
4.499774e+01
4.500100e+01
4.493184e+01
4.475955e+01
4.475207e+01
4.490600e+01
4.497380e+01
4.499097e+01

4.499152e+01
4.496761e+01
4.495049e+01
4.488853e+01
4.486594e+01
4.493417e+01
4.499745e+01
4.499355e+01
4.498864e+01
4.498263e+01
4.497558e+01
4.496782e+01
4.495993e+01
4.495278e+01
4.494737e+01
4.494455e+01
4.494480e+01
4.494806e+01
4.495375e+01
4.496098e+01
4.496877e+01
4.497631e+01
4.498307e+01
4.498880e+01
4.499346e+01
4.499715e+01
4.494318e+01
4.482145e+01
4.479744e+01
4.491627e+01
4.497604e+01
4.499075e+01

3.686575e+01
1.765013e+01
2.321772e+00
-1.373005e+01
-1.184741e+01
7.235682e+00
3.908386e+01
3.312004e+01
2.782032e+01
2.261683e+01
1.696116e+01
1.040688e+01
2.815371e+00
-5.268951e+00
-1.238770e+01
-1.665703e+01
-1.678361e+01
-1.272008e+01
-5.687875e+00
2.437378e+00
1.015636e+01
1.690017e+01
2.284183e+01
2.854083e+01
3.477368e+01
4.250183e+01
8.596556e+00
-2.550419e+01
-3.947954e+01
-1.649700e+01
2.597090e+01
3.659262e+01

1.041368e+01
-7.850440e+01
-7.371517e+01
-4.535022e+01
-3.860694e+01
-1.854308e+01
1.128760e+01
7.580376e+00
1.736323e+00
-7.082449e+00
-1.975321e+01
-3.598489e+01
-5.285869e+01
-6.653295e+01
-7.543617e+01
-7.990135e+01
-8.050592e+01
-7.737029e+01
-7.010692e+01
-5.827060e+01
-4.267518e+01
-2.647950e+01
-1.313928e+01
-3.850602e+00
1.713286e+00
3.678498e+00
-2.602848e+01
-5.789451e+01
-6.995860e+01
-6.618386e+01
-6.188691e+01
8.221602e+00

-3.339746e+01
6.697092e+01
-6.151651e+01
-4.127638e+01
-3.724949e+01
-2.242236e+01
-9.605508e+00
-1.329409e+01
-1.899912e+01
-2.692802e+01
-3.699627e+01
-4.840696e+01
-5.961302e+01
-6.903713e+01
-7.581283e+01
-7.977559e+01
-8.105490e+01
-7.978125e+01
-7.600789e+01
-6.980162e+01
-6.147041e+01
-5.180849e+01
-4.205879e+01
-3.346082e+01
-2.681380e+01
-2.247427e+01
-3.476933e+01
-5.470800e+01
-6.227309e+01
-6.848409e+01
7.630082e+01
-3.969642e+01

8.911494e+01
5.307111e+01
-3.024948e+01
-2.541885e+01
-2.288016e+01
-1.794539e+01
-1.566228e+01
-1.647582e+01
-1.773362e+01
-1.942108e+01
-2.151193e+01
-2.395570e+01
-2.666324e+01
-2.949466e+01
-3.225837e+01
-3.472999e+01
-3.669215e+01
-3.798291e+01
-3.853234e+01
-3.837285e+01
-3.762339e+01
-3.645824e+01
-3.507345e+01
-3.365990e+01
-3.238733e+01
-3.139886e+01
-3.367234e+01
-3.796059e+01
-3.807782e+01
-4.235839e+01
4.641063e+01
7.600154e+01

-4.548062e+01
1.525931e+01
-1.076164e+00
5.429440e+00
1.012938e+01
1.133024e+01
1.257914e+01
1.502452e+01
1.736391e+01
1.955123e+01
2.153706e+01
2.327401e+01
2.472125e+01
2.584680e+01
2.662698e+01
2.704377e+01
2.708147e+01
2.672451e+01
2.595775e+01
2.476965e+01
2.315765e+01
2.113380e+01
1.872867e+01
1.599145e+01
1.298555e+01
9.780566e+00
7.392779e+00
4.582613e+00
-6.337306e-01
-5.594972e+00
-8.898274e+01
-4.221541e+01

5.284144e+01
4.859970e+01
5.171052e+01
5.675221e+01
5.971893e+01
6.078359e+01
6.144818e+01
6.234305e+01
6.311522e+01
6.377356e+01
6.432970e+01
6.479625e+01
6.518519e+01
6.550657e+01
6.576790e+01
6.597409e+01
6.612768e+01
6.622897e+01
6.627606e+01
6.626449e+01
6.618698e+01
6.603328e+01
6.579072e+01
6.544523e+01
6.498293e+01
6.439183e+01
6.382131e+01
6.254232e+01
5.903841e+01
5.367912e+01
5.229527e+01
5.742233e+01

