6.885548e+01 
-6.535502e+01 
2.847468e+01 
-3.134612e+01 
1.625614e+01 
3.856992e+01 
4.499285e+01 
4.499316e+01 
4.499350e+01 
4.499384e+01 
4.499417e+01 
4.499446e+01 
4.499470e+01 
4.499489e+01 
4.499504e+01 
4.499515e+01 
4.499522e+01 
4.499527e+01 
4.499528e+01 
4.499525e+01 
4.499517e+01 
4.499504e+01 
4.499485e+01 
4.499459e+01 
4.499428e+01 
4.499392e+01 
3.878884e+01 
1.830578e+01 
-1.842667e+01 
-7.354658e+01 
-7.628782e+01 
5.428008e+01 

6.866142e+01 
7.334624e+01 
5.540571e+01 
7.229713e+01 
6.864813e+01 
4.806189e+01 
4.499826e+01 
4.499470e+01 
4.499076e+01 
4.498675e+01 
4.498292e+01 
4.497948e+01 
4.497652e+01 
4.497408e+01 
4.497213e+01 
4.497062e+01 
4.496951e+01 
4.496878e+01 
4.496845e+01 
4.496857e+01 
4.496918e+01 
4.497035e+01 
4.497207e+01 
4.497430e+01 
4.497693e+01 
4.497983e+01 
3.117840e+01 
-4.463695e+01 
7.944223e+01 
-5.503240e+01 
2.570820e+01 
5.180896e+01 

6.853657e+01 
1.533109e+01 
-9.697985e+00 
-1.881303e+01 
-1.646346e+01 
2.450953e+00 
4.490549e+01 
4.489940e+01 
4.489600e+01 
4.489629e+01 
4.490073e+01 
4.490885e+01 
4.491898e+01 
4.492862e+01 
4.493531e+01 
4.493784e+01 
4.493697e+01 
4.493490e+01 
4.493386e+01 
4.493507e+01 
4.493860e+01 
4.494380e+01 
4.494982e+01 
4.495594e+01 
4.496167e+01 
4.496675e+01 
2.152587e+01 
-1.251410e+01 
-1.982778e+01 
-1.367381e+01 
7.711298e+00 
5.520590e+01 

7.366902e+01 
1.520242e+01 
-2.556443e+01 
-4.555483e+01 
-4.873487e+01 
-3.463128e+01 
4.461127e+01 
4.455582e+01 
4.454340e+01 
4.457725e+01 
4.463921e+01 
4.470938e+01 
4.477698e+01 
4.483829e+01 
4.489180e+01 
4.493431e+01 
4.495815e+01 
4.495095e+01 
4.490633e+01 
4.484564e+01 
4.480749e+01 
4.480393e+01 
4.482132e+01 
4.484542e+01 
4.486902e+01 
4.488961e+01 
-1.976391e+00 
-2.745308e+01 
-3.009453e+01 
-1.733667e+01 
1.199749e+01 
5.984402e+01 

7.753918e+01 
1.939394e+01 
-3.437420e+01 
-5.069246e+01 
-4.601669e+01 
-2.126432e+01 
4.461483e+01 
4.444556e+01 
4.427056e+01 
4.421638e+01 
4.433755e+01 
4.452293e+01 
4.468376e+01 
4.480622e+01 
4.490017e+01 
4.497239e+01 
4.501618e+01 
4.499982e+01 
4.488072e+01 
4.472486e+01 
4.466974e+01 
4.469821e+01 
4.474828e+01 
4.479501e+01 
4.483334e+01 
4.486382e+01 
-4.450211e+00 
-2.952177e+01 
-3.147426e+01 
-1.716413e+01 
1.317345e+01 
6.296047e+01 

7.910425e+01 
2.253537e+01 
-3.616904e+01 
-4.121377e+01 
-1.914428e+01 
9.162325e+00 
4.489946e+01 
4.486680e+01 
4.482250e+01 
4.476543e+01 
4.470157e+01 
4.465364e+01 
4.466153e+01 
4.474869e+01 
4.488370e+01 
4.500012e+01 
4.504305e+01 
4.500670e+01 
4.494005e+01 
4.489139e+01 
4.487207e+01 
4.487315e+01 
4.488434e+01 
4.489911e+01 
4.491414e+01 
4.492796e+01 
8.541177e+00 
-1.489896e+01 
-1.947431e+01 
-1.492905e+01 
1.142613e+01 
6.425748e+01 

7.975770e+01 
2.525597e+01 
-3.820401e+01 
-3.975032e+01 
-3.530065e+00 
2.575669e+01 
4.498789e+01 
4.498959e+01 
4.499227e+01 
4.499614e+01 
4.500133e+01 
4.500781e+01 
4.501526e+01 
4.502297e+01 
4.502992e+01 
4.503497e+01 
4.503728e+01 
4.503654e+01 
4.503310e+01 
4.502781e+01 
4.502166e+01 
4.501551e+01 
4.500996e+01 
4.500530e+01 
4.500161e+01 
4.499885e+01 
4.136076e+01 
1.552170e+01 
-7.888351e+00 
-1.534900e+01 
1.168640e+01 
6.513719e+01 

8.032739e+01 
2.866897e+01 
-4.359755e+01 
-5.408528e+01 
-1.733236e+01 
2.219688e+01 
4.498255e+01 
4.498378e+01 
4.498616e+01 
4.499006e+01 
4.499584e+01 
4.500369e+01 
4.501337e+01 
4.502401e+01 
4.503403e+01 
4.504158e+01 
4.504512e+01 
4.504411e+01 
4.503919e+01 
4.503175e+01 
4.502341e+01 
4.501545e+01 
4.500860e+01 
4.500315e+01 
4.499906e+01 
4.499618e+01 
3.623131e+01 
1.026406e+01 
-1.246553e+01 
-1.716142e+01 
1.408035e+01 
6.633147e+01 

8.076295e+01 
3.179049e+01 
-4.891460e+01 
-6.724637e+01 
-3.509830e+01 
1.825635e+01 
4.497638e+01 
4.497687e+01 
4.497860e+01 
4.498214e+01 
4.498816e+01 
4.499721e+01 
4.500934e+01 
4.502359e+01 
4.503773e+01 
4.504876e+01 
4.505409e+01 
4.505277e+01 
4.504583e+01 
4.503562e+01 
4.502461e+01 
4.501459e+01 
4.500641e+01 
4.500024e+01 
4.499588e+01 
4.499301e+01 
3.135895e+01 
3.330367e+00 
-1.939766e+01 
-1.971553e+01 
1.643033e+01 
6.739497e+01 

8.107377e+01 
3.452506e+01 
-5.368236e+01 
-7.766446e+01 
-5.360227e+01 
1.381103e+01 
4.496954e+01 
4.496898e+01 
4.496965e+01 
4.497232e+01 
4.497801e+01 
4.498784e+01 
4.500243e+01 
4.502095e+01 
4.504038e+01 
4.505614e+01 
4.506399e+01 
4.506229e+01 
4.505275e+01 
4.503908e+01 
4.502497e+01 
4.501275e+01 
4.500330e+01 
4.499658e+01 
4.499211e+01 
4.498940e+01 
2.659132e+01 
-6.207480e+00 
-2.893052e+01 
-2.305811e+01 
1.869727e+01 
6.833213e+01 

8.127018e+01 
3.679549e+01 
-5.744428e+01 
-8.506819e+01 
-6.859402e+01 
8.882353e+00 
4.496229e+01 
4.496044e+01 
4.495966e+01 
4.496091e+01 
4.496563e+01 
4.497564e+01 
4.499247e+01 
4.501565e+01 
4.504144e+01 
4.506314e+01 
4.507426e+01 
4.507221e+01 
4.505954e+01 
4.504185e+01 
4.502431e+01 
4.500989e+01 
4.499935e+01 
4.499228e+01 
4.498791e+01 
4.498550e+01 
2.175235e+01 
-1.895674e+01 
-4.074110e+01 
-2.719509e+01 
2.083270e+01 
6.914969e+01 

8.136262e+01 
3.854894e+01 
-5.982374e+01 
-8.985265e+01 
-7.866303e+01 
3.756247e+00 
4.495506e+01 
4.495175e+01 
4.494927e+01 
4.494872e+01 
4.495193e+01 
4.496160e+01 
4.498029e+01 
4.500824e+01 
4.504091e+01 
4.506933e+01 
4.508425e+01 
4.508186e+01 
4.506578e+01 
4.504378e+01 
4.502277e+01 
4.500628e+01 
4.499488e+01 
4.498768e+01 
4.498355e+01 
4.498157e+01 
1.674821e+01 
-3.424118e+01 
-5.349533e+01 
-3.204610e+01 
2.278110e+01 
6.985575e+01 

8.136087e+01 
3.975820e+01 
-6.054382e+01 
8.752084e+01 
-8.454894e+01 
-9.500800e-01 
4.494837e+01 
4.494361e+01 
4.493939e+01 
4.493693e+01 
4.493844e+01 
4.494751e+01 
4.496771e+01 
4.500015e+01 
4.503946e+01 
4.507458e+01 
4.509333e+01 
4.509062e+01 
4.507120e+01 
4.504502e+01 
4.502078e+01 
4.500246e+01 
4.499039e+01 
4.498320e+01 
4.497942e+01 
4.497789e+01 
1.166685e+01 
-4.948280e+01 
-6.526590e+01 
-3.739630e+01 
2.448319e+01 
7.045878e+01 

8.127333e+01 
4.041919e+01 
-5.942187e+01 
8.675814e+01 
-8.721073e+01 
-4.397936e+00 
4.494276e+01 
4.493674e+01 
4.493097e+01 
4.492683e+01 
4.492686e+01 
4.493538e+01 
4.495688e+01 
4.499308e+01 
4.503808e+01 
4.507891e+01 
4.510094e+01 
4.509796e+01 
4.507563e+01 
4.504589e+01 
4.501890e+01 
4.499906e+01 
4.498647e+01 
4.497935e+01 
4.497590e+01 
4.497480e+01 
6.848913e+00 
-6.187888e+01 
-7.467441e+01 
-4.287705e+01 
2.587932e+01 
7.096675e+01 

8.110641e+01 
4.054676e+01 
-5.637884e+01 
8.778596e+01 
-8.716031e+01 
-5.831993e+00 
4.493872e+01 
4.493177e+01 
4.492489e+01 
4.491954e+01 
4.491855e+01 
4.492677e+01 
4.494932e+01 
4.498825e+01 
4.503732e+01 
4.508218e+01 
4.510653e+01 
4.510334e+01 
4.507892e+01 
4.504660e+01 
4.501761e+01 
4.499665e+01 
4.498366e+01 
4.497657e+01 
4.497337e+01 
4.497258e+01 
2.867523e+00 
-7.035712e+01 
-8.135048e+01 
-4.801061e+01 
2.691273e+01 
7.138637e+01 

8.086418e+01 
4.017038e+01 
-5.149295e+01 
-8.923053e+01 
-8.438256e+01 
-4.905223e+00 
4.493662e+01 
4.492918e+01 
4.492174e+01 
4.491580e+01 
4.491436e+01 
4.492251e+01 
4.494566e+01 
4.498602e+01 
4.503712e+01 
4.508400e+01 
4.510951e+01 
4.510625e+01 
4.508083e+01 
4.504722e+01 
4.501716e+01 
4.499555e+01 
4.498230e+01 
4.497519e+01 
4.497209e+01 
4.497145e+01 
3.712879e-01 
-7.517758e+01 
-8.550841e+01 
-5.231632e+01 
2.753207e+01 
7.172256e+01 

8.054805e+01 
3.933067e+01 
-4.508327e+01 
-8.386493e+01 
-7.830931e+01 
-1.830268e+00 
4.493664e+01 
4.492923e+01 
4.492183e+01 
4.491596e+01 
4.491460e+01 
4.492283e+01 
4.494602e+01 
4.498632e+01 
4.503728e+01 
4.508401e+01 
4.510952e+01 
4.510641e+01 
4.508117e+01 
4.504766e+01 
4.501759e+01 
4.499590e+01 
4.498255e+01 
4.497536e+01 
4.497220e+01 
4.497152e+01 
-1.545002e-01 
-7.682968e+01 
-8.746551e+01 
-5.542280e+01 
2.769365e+01 
7.197809e+01 

8.015666e+01 
3.807716e+01 
-3.774196e+01 
-7.545373e+01 
-6.784058e+01 
2.707917e+00 
4.493878e+01 
4.493190e+01 
4.492514e+01 
4.491999e+01 
4.491926e+01 
4.492772e+01 
4.495038e+01 
4.498915e+01 
4.503782e+01 
4.508230e+01 
4.510662e+01 
4.510382e+01 
4.507991e+01 
4.504787e+01 
4.501883e+01 
4.499762e+01 
4.498436e+01 
4.497704e+01 
4.497367e+01 
4.497278e+01 
1.421030e+00 
-7.551807e+01 
-8.741950e+01 
-5.712770e+01 
2.736341e+01 
7.215336e+01 

7.968589e+01 
3.646664e+01 
-3.021793e+01 
-6.339289e+01 
-5.202094e+01 
7.838507e+00 
4.494284e+01 
4.493692e+01 
4.493135e+01 
4.492750e+01 
4.492792e+01 
4.493684e+01 
4.495855e+01 
4.499455e+01 
4.503899e+01 
4.507928e+01 
4.510125e+01 
4.509880e+01 
4.507714e+01 
4.504775e+01 
4.502068e+01 
4.500048e+01 
4.498749e+01 
4.498002e+01 
4.497634e+01 
4.497508e+01 
4.824382e+00 
-7.105539e+01 
-8.539286e+01 
-5.739772e+01 
2.651949e+01 
7.224636e+01 

7.912905e+01 
3.456156e+01 
-2.318247e+01 
-4.806320e+01 
-3.235184e+01 
1.283251e+01 
4.494844e+01 
4.494382e+01 
4.493982e+01 
4.493771e+01 
4.493969e+01 
4.494924e+01 
4.496972e+01 
4.500198e+01 
4.504071e+01 
4.507524e+01 
4.509390e+01 
4.509170e+01 
4.507297e+01 
4.504713e+01 
4.502278e+01 
4.500405e+01 
4.499153e+01 
4.498396e+01 
4.497991e+01 
4.497821e+01 
9.492973e+00 
-6.296685e+01 
-8.125349e+01 
-5.634049e+01 
2.515538e+01 
7.225273e+01 

7.847731e+01 
3.242772e+01 
-1.704967e+01 
-3.176303e+01 
-1.375046e+01 
1.727461e+01 
4.495510e+01 
4.495192e+01 
4.494967e+01 
4.494946e+01 
4.495313e+01 
4.496328e+01 
4.498226e+01 
4.501007e+01 
4.504224e+01 
4.507012e+01 
4.508494e+01 
4.508296e+01 
4.506745e+01 
4.504574e+01 
4.502462e+01 
4.500777e+01 
4.499595e+01 
4.498840e+01 
4.498402e+01 
4.498186e+01 
1.481180e+01 
-5.099359e+01 
-7.481400e+01 
-5.417528e+01 
2.328342e+01 
7.216597e+01 

7.772032e+01 
3.013111e+01 
-1.196058e+01 
-1.747833e+01 
2.330847e-01 
2.103951e+01 
4.496227e+01 
4.496052e+01 
4.495995e+01 
4.496149e+01 
4.496659e+01 
4.497699e+01 
4.499404e+01 
4.501712e+01 
4.504251e+01 
4.506380e+01 
4.507483e+01 
4.507306e+01 
4.506080e+01 
4.504333e+01 
4.502573e+01 
4.501105e+01 
4.500020e+01 
4.499285e+01 
4.498827e+01 
4.498572e+01 
2.034679e+01 
-3.618882e+01 
-6.608026e+01 
-5.120622e+01 
2.093763e+01 
7.197783e+01 

7.684712e+01 
2.773418e+01 
-7.875112e+00 
-6.578689e+00 
9.711527e+00 
2.418193e+01 
4.496943e+01 
4.496896e+01 
4.496977e+01 
4.497265e+01 
4.497860e+01 
4.498868e+01 
4.500339e+01 
4.502181e+01 
4.504097e+01 
4.505645e+01 
4.506423e+01 
4.506271e+01 
4.505344e+01 
4.503995e+01 
4.502583e+01 
4.501347e+01 
4.500383e+01 
4.499692e+01 
4.499231e+01 
4.498950e+01 
2.595387e+01 
-2.136303e+01 
-5.565193e+01 
-4.778890e+01 
1.817426e+01 
7.167880e+01 

7.584723e+01 
2.529209e+01 
-4.672679e+00 
1.212699e+00 
1.605069e+01 
2.683904e+01 
4.497619e+01 
4.497672e+01 
4.497853e+01 
4.498220e+01 
4.498836e+01 
4.499752e+01 
4.500968e+01 
4.502384e+01 
4.503779e+01 
4.504865e+01 
4.505394e+01 
4.505272e+01 
4.504595e+01 
4.503589e+01 
4.502494e+01 
4.501488e+01 
4.500661e+01 
4.500035e+01 
4.499591e+01 
4.499298e+01 
3.175107e+01 
-9.190330e+00 
-4.492389e+01 
-4.428594e+01 
1.506887e+01 
7.125883e+01 

7.471184e+01 
2.284983e+01 
-2.216531e+00 
6.677452e+00 
2.039559e+01 
2.917335e+01 
4.498226e+01 
4.498350e+01 
4.498591e+01 
4.498986e+01 
4.499569e+01 
4.500356e+01 
4.501321e+01 
4.502375e+01 
4.503365e+01 
4.504108e+01 
4.504460e+01 
4.504366e+01 
4.503886e+01 
4.503154e+01 
4.502329e+01 
4.501535e+01 
4.500850e+01 
4.500302e+01 
4.499891e+01 
4.499602e+01 
3.800672e+01 
-5.265662e-01 
-3.559519e+01 
-4.102138e+01 
1.170934e+01 
7.070810e+01 

7.343500e+01 
2.044057e+01 
-3.834789e-01 
1.050302e+01 
2.349594e+01 
3.134576e+01 
4.498752e+01 
4.498920e+01 
4.499188e+01 
4.499573e+01 
4.500091e+01 
4.500735e+01 
4.501474e+01 
4.502236e+01 
4.502920e+01 
4.503419e+01 
4.503647e+01 
4.503578e+01 
4.503244e+01 
4.502725e+01 
4.502120e+01 
4.501512e+01 
4.500961e+01 
4.500498e+01 
4.500131e+01 
4.499857e+01 
4.496129e+01 
4.877325e+00 
-2.889453e+01 
-3.825005e+01 
8.185888e+00 
7.001782e+01 

7.246988e+01 
1.954725e+01 
-1.078870e+00 
7.118407e-01 
6.245281e+00 
1.695338e+01 
4.491901e+01 
4.490175e+01 
4.488193e+01 
4.486126e+01 
4.484447e+01 
4.484138e+01 
4.486589e+01 
4.492388e+01 
4.499258e+01 
4.502524e+01 
4.499182e+01 
4.490719e+01 
4.482153e+01 
4.477880e+01 
4.478306e+01 
4.481289e+01 
4.484883e+01 
4.488143e+01 
4.490798e+01 
4.492865e+01 
5.645087e+00 
-2.767246e+01 
-3.908514e+01 
-3.801672e+01 
5.990434e+00 
6.934397e+01 

7.095034e+01 
2.036757e+01 
-3.991095e+00 
-1.399062e+01 
-1.364389e+01 
2.131555e+00 
4.482592e+01 
4.477419e+01 
4.470609e+01 
4.462639e+01 
4.456583e+01 
4.459111e+01 
4.472534e+01 
4.487719e+01 
4.496815e+01 
4.499059e+01 
4.495573e+01 
4.486620e+01 
4.471821e+01 
4.452939e+01 
4.438538e+01 
4.438555e+01 
4.449729e+01 
4.462599e+01 
4.472861e+01 
4.480197e+01 
-1.855908e+01 
-5.189163e+01 
-5.453809e+01 
-3.865910e+01 
4.581072e+00 
6.788499e+01 

6.730124e+01 
2.062282e+01 
-3.483966e+00 
-1.370295e+01 
-1.236202e+01 
4.686810e+00 
4.487373e+01 
4.484409e+01 
4.481147e+01 
4.478382e+01 
4.477610e+01 
4.480180e+01 
4.485470e+01 
4.490848e+01 
4.494022e+01 
4.494222e+01 
4.491610e+01 
4.486596e+01 
4.479719e+01 
4.471954e+01 
4.465111e+01 
4.461487e+01 
4.462301e+01 
4.466598e+01 
4.472309e+01 
4.477845e+01 
-2.444687e+01 
-5.294974e+01 
-5.374806e+01 
-3.420505e+01 
2.849189e+00 
6.412116e+01 

6.280755e+01 
2.158002e+01 
6.602667e+00 
7.609032e+00 
1.781481e+01 
3.408150e+01 
4.499028e+01 
4.498601e+01 
4.498055e+01 
4.497398e+01 
4.496665e+01 
4.495905e+01 
4.495180e+01 
4.494529e+01 
4.493955e+01 
4.493415e+01 
4.492857e+01 
4.492265e+01 
4.491683e+01 
4.491202e+01 
4.490913e+01 
4.490871e+01 
4.491078e+01 
4.491492e+01 
4.492052e+01 
4.492692e+01 
3.675158e+00 
-2.683184e+01 
-3.377041e+01 
-2.457106e+01 
3.818290e+00 
5.897520e+01 

6.151086e+01 
5.259211e+01 
7.795625e+01 
-3.081086e+01 
-6.244862e+01 
3.913059e+01 
4.498580e+01 
4.498204e+01 
4.497848e+01 
4.497532e+01 
4.497269e+01 
4.497068e+01 
4.496930e+01 
4.496850e+01 
4.496823e+01 
4.496840e+01 
4.496898e+01 
4.496994e+01 
4.497131e+01 
4.497309e+01 
4.497531e+01 
4.497794e+01 
4.498089e+01 
4.498401e+01 
4.498711e+01 
4.498997e+01 
3.975324e+01 
2.266469e+01 
-5.825657e+00 
-1.796506e+01 
6.182047e+01 
5.840288e+01 

6.501563e+01 
-6.161241e+01 
5.965690e+01 
-3.355804e+01 
1.354711e+01 
3.787370e+01 
4.499261e+01 
4.499306e+01 
4.499350e+01 
4.499389e+01 
4.499422e+01 
4.499449e+01 
4.499469e+01 
4.499484e+01 
4.499493e+01 
4.499499e+01 
4.499500e+01 
4.499498e+01 
4.499492e+01 
4.499483e+01 
4.499469e+01 
4.499450e+01 
4.499427e+01 
4.499400e+01 
4.499370e+01 
4.499341e+01 
3.876009e+01 
1.775691e+01 
-2.181027e+01 
7.772163e+01 
-6.810302e+01 
5.996257e+01 

