6.109436e+02 
1.932665e+03 
3.633100e+03 
4.609830e+03 
4.758122e+03 
4.697149e+03 
4.636717e+03 
4.575578e+03 
4.519015e+03 
4.468804e+03 
4.425950e+03 
4.390745e+03 
4.362930e+03 
4.341924e+03 
4.327059e+03 
4.317779e+03 
4.313780e+03 
4.315059e+03 
4.321898e+03 
4.334752e+03 
4.354057e+03 
4.379978e+03 
4.412130e+03 
4.449353e+03 
4.489588e+03 
4.529911e+03 
4.546465e+03 
4.490953e+03 
4.174076e+03 
3.242565e+03 
1.786846e+03 
5.425319e+02 

1.020968e+02 
2.505161e+01 
4.413760e+03 
1.539977e+04 
2.461132e+04 
2.857388e+04 
3.013833e+04 
3.161162e+04 
3.263168e+04 
3.319556e+04 
3.334228e+04 
3.313873e+04 
3.266171e+04 
3.198234e+04 
3.115609e+04 
3.021893e+04 
2.918806e+04 
2.806534e+04 
2.684239e+04 
2.550696e+04 
2.405006e+04 
2.247295e+04 
2.079175e+04 
1.903798e+04 
1.725453e+04 
1.548853e+04 
1.440156e+04 
1.297107e+04 
9.135354e+03 
3.396059e+03 
2.715651e+02 
9.720929e+01 

8.353749e+01 
5.140087e+02 
4.445227e+03 
2.016054e+04 
3.901462e+04 
5.202469e+04 
6.436428e+04 
8.360902e+04 
1.061739e+05 
1.312796e+05 
1.574044e+05 
1.821874e+05 
2.024561e+05 
2.145838e+05 
2.154526e+05 
2.039258e+05 
1.818845e+05 
1.536876e+05 
1.242455e+05 
9.722649e+04 
7.445588e+04 
5.629225e+04 
4.228573e+04 
3.169185e+04 
2.375642e+04 
1.783309e+04 
1.659483e+04 
1.620000e+04 
9.563381e+03 
1.901466e+03 
7.078596e+01 
1.277544e+02 

7.586086e+01 
2.242130e+02 
4.232926e+03 
1.516776e+04 
2.460467e+04 
3.069090e+04 
4.072843e+04 
5.789117e+04 
7.338266e+04 
8.386948e+04 
8.950332e+04 
9.268143e+04 
9.582483e+04 
1.006214e+05 
1.081344e+05 
1.187818e+05 
1.314784e+05 
1.414384e+05 
1.389094e+05 
1.171329e+05 
8.443817e+04 
5.502591e+04 
3.445018e+04 
2.146686e+04 
1.349490e+04 
8.573262e+03 
8.746460e+03 
9.667576e+03 
4.917017e+03 
4.300300e+02 
1.897726e+02 
1.291326e+02 

7.841833e+01 
3.214189e+01 
1.826557e+03 
7.727035e+03 
1.156363e+04 
9.586569e+03 
1.098475e+04 
2.243200e+04 
4.075885e+04 
5.959611e+04 
6.873465e+04 
6.916376e+04 
6.761171e+04 
6.798941e+04 
7.198170e+04 
8.080942e+04 
9.542271e+04 
1.131831e+05 
1.183882e+05 
9.218008e+04 
5.441756e+04 
2.885165e+04 
1.526317e+04 
8.288291e+03 
4.608067e+03 
2.592065e+03 
2.986574e+03 
3.835510e+03 
1.722056e+03 
7.692077e+01 
4.581310e+01 
1.022201e+02 

9.296429e+01 
5.881940e+01 
1.891772e+02 
1.058863e+03 
1.798502e+03 
9.595558e+02 
8.833332e+02 
1.638292e+03 
3.081586e+03 
5.812444e+03 
1.075728e+04 
1.881190e+04 
2.961858e+04 
4.057167e+04 
4.828550e+04 
5.042370e+04 
4.571325e+04 
3.526717e+04 
2.345592e+04 
1.415449e+04 
8.174875e+03 
4.673421e+03 
2.686663e+03 
1.562322e+03 
9.206477e+02 
5.503305e+02 
6.182054e+02 
8.042588e+02 
3.789890e+02 
6.543144e+01 
3.943173e+01 
9.841539e+01 

1.000015e+02 
9.994865e+01 
9.994672e+01 
9.972793e+01 
1.004686e+02 
1.004925e+02 
1.004250e+02 
1.006729e+02 
1.009979e+02 
1.014097e+02 
1.019081e+02 
1.024750e+02 
1.030675e+02 
1.036174e+02 
1.040422e+02 
1.042667e+02 
1.042472e+02 
1.039875e+02 
1.035372e+02 
1.029741e+02 
1.023795e+02 
1.018184e+02 
1.013299e+02 
1.009293e+02 
1.006151e+02 
1.003768e+02 
1.004354e+02 
1.005405e+02 
1.002503e+02 
9.993869e+01 
9.992050e+01 
1.000088e+02 

1.000038e+02 
9.994425e+01 
9.991194e+01 
9.939807e+01 
1.001309e+02 
1.004053e+02 
1.002656e+02 
1.005104e+02 
1.008483e+02 
1.012988e+02 
1.018721e+02 
1.025562e+02 
1.033025e+02 
1.040201e+02 
1.045882e+02 
1.048908e+02 
1.048594e+02 
1.045009e+02 
1.038951e+02 
1.031614e+02 
1.024171e+02 
1.017463e+02 
1.011908e+02 
1.007584e+02 
1.004366e+02 
1.002054e+02 
1.003042e+02 
1.004358e+02 
1.001470e+02 
9.989817e+01 
9.992297e+01 
1.000105e+02 

1.000058e+02 
9.994097e+01 
9.987210e+01 
9.913165e+01 
9.947845e+01 
1.002654e+02 
1.000426e+02 
1.002610e+02 
1.005833e+02 
1.010405e+02 
1.016579e+02 
1.024371e+02 
1.033307e+02 
1.042256e+02 
1.049536e+02 
1.053436e+02 
1.052934e+02 
1.048164e+02 
1.040342e+02 
1.031221e+02 
1.022394e+02 
1.014859e+02 
1.008980e+02 
1.004681e+02 
1.001688e+02 
9.996886e+01 
1.001119e+02 
1.002472e+02 
9.998791e+01 
9.985187e+01 
9.992664e+01 
1.000117e+02 

1.000075e+02 
9.993923e+01 
9.983117e+01 
9.898326e+01 
9.876975e+01 
1.000581e+02 
9.975476e+01 
9.991705e+01 
1.001829e+02 
1.005937e+02 
1.011910e+02 
1.019952e+02 
1.029685e+02 
1.039804e+02 
1.048210e+02 
1.052712e+02 
1.051962e+02 
1.046179e+02 
1.037027e+02 
1.026746e+02 
1.017264e+02 
1.009651e+02 
1.004123e+02 
1.000400e+02 
9.980482e+01 
9.966635e+01 
9.985163e+01 
9.993990e+01 
9.976642e+01 
9.980072e+01 
9.993121e+01 
1.000126e+02 

1.000089e+02 
9.993920e+01 
9.979262e+01 
9.892590e+01 
9.836086e+01 
9.977385e+01 
9.941000e+01 
9.948424e+01 
9.964621e+01 
9.994125e+01 
1.004221e+02 
1.011263e+02 
1.020293e+02 
1.030085e+02 
1.038404e+02 
1.042760e+02 
1.041736e+02 
1.035648e+02 
1.026375e+02 
1.016447e+02 
1.007826e+02 
1.001405e+02 
9.972007e+01 
9.947490e+01 
9.935157e+01 
9.930662e+01 
9.952502e+01 
9.950332e+01 
9.950653e+01 
9.974693e+01 
9.993630e+01 
1.000132e+02 

1.000100e+02 
9.994073e+01 
9.975769e+01 
9.891740e+01 
9.823521e+01 
9.941962e+01 
9.902776e+01 
9.898637e+01 
9.900031e+01 
9.911016e+01 
9.936915e+01 
9.982162e+01 
1.004660e+02 
1.011998e+02 
1.018285e+02 
1.021448e+02 
1.020199e+02 
1.014940e+02 
1.007508e+02 
1.000036e+02 
9.941279e+01 
9.903773e+01 
9.885252e+01 
9.880236e+01 
9.883408e+01 
9.890979e+01 
9.914799e+01 
9.902376e+01 
9.927149e+01 
9.969441e+01 
9.994146e+01 
1.000136e+02 

1.000109e+02 
9.994344e+01 
9.972518e+01 
9.893065e+01 
9.823881e+01 
9.902773e+01 
9.863788e+01 
9.846489e+01 
9.830276e+01 
9.818001e+01 
9.813968e+01 
9.822803e+01 
9.845978e+01 
9.878591e+01 
9.908277e+01 
9.919956e+01 
9.906188e+01 
9.871346e+01 
9.828916e+01 
9.794647e+01 
9.777259e+01 
9.776974e+01 
9.789215e+01 
9.808155e+01 
9.829484e+01 
9.850637e+01 
9.875438e+01 
9.866556e+01 
9.911364e+01 
9.964856e+01 
9.994624e+01 
1.000138e+02 

1.000115e+02 
9.994682e+01 
9.969247e+01 
9.895140e+01 
9.828339e+01 
9.864851e+01 
9.827687e+01 
9.797314e+01 
9.763207e+01 
9.726757e+01 
9.690990e+01 
9.660338e+01 
9.638698e+01 
9.626186e+01 
9.618112e+01 
9.608471e+01 
9.594373e+01 
9.580062e+01 
9.574562e+01 
9.584799e+01 
9.611976e+01 
9.651316e+01 
9.695637e+01 
9.739164e+01 
9.778776e+01 
9.813335e+01 
9.839224e+01 
9.847681e+01 
9.902664e+01 
9.961496e+01 
9.995026e+01 
1.000139e+02 

1.000121e+02 
9.995034e+01 
9.965756e+01 
9.897084e+01 
9.833288e+01 
9.832782e+01 
9.798192e+01 
9.756636e+01 
9.707059e+01 
9.649585e+01 
9.586269e+01 
9.521641e+01 
9.461747e+01 
9.411660e+01 
9.373353e+01 
9.346647e+01 
9.332569e+01 
9.335223e+01 
9.359481e+01 
9.406642e+01 
9.471602e+01 
9.544744e+01 
9.616707e+01 
9.681486e+01 
9.736835e+01 
9.782827e+01 
9.810995e+01 
9.837396e+01 
9.897480e+01 
9.959721e+01 
9.995322e+01 
1.000138e+02 

1.000125e+02 
9.995348e+01 
9.962158e+01 
9.898060e+01 
9.836609e+01 
9.809677e+01 
9.778439e+01 
9.729128e+01 
9.668721e+01 
9.596440e+01 
9.513705e+01 
9.425240e+01 
9.338710e+01 
9.262442e+01 
9.202867e+01 
9.164271e+01 
9.150226e+01 
9.164682e+01 
9.209863e+01 
9.282740e+01 
9.373971e+01 
9.470814e+01 
9.562246e+01 
9.641986e+01 
9.708353e+01 
9.762283e+01 
9.794077e+01 
9.828741e+01 
9.893328e+01 
9.959561e+01 
9.995497e+01 
1.000137e+02 

1.000129e+02 
9.995583e+01 
9.959063e+01 
9.897152e+01 
9.835937e+01 
9.798145e+01 
9.770457e+01 
9.717804e+01 
9.652582e+01 
9.573448e+01 
9.481261e+01 
9.380489e+01 
9.279343e+01 
9.187899e+01 
9.115464e+01 
9.069399e+01 
9.055245e+01 
9.076925e+01 
9.134687e+01 
9.222506e+01 
9.328235e+01 
9.437389e+01 
9.538360e+01 
9.625073e+01 
9.696381e+01 
9.753767e+01 
9.789899e+01 
9.819891e+01 
9.889461e+01 
9.960787e+01 
9.995551e+01 
1.000136e+02 

1.000132e+02 
9.995709e+01 
9.957417e+01 
9.893945e+01 
9.829602e+01 
9.800520e+01 
9.774839e+01 
9.723572e+01 
9.660007e+01 
9.582600e+01 
9.491686e+01 
9.390922e+01 
9.287838e+01 
9.192703e+01 
9.116036e+01 
9.066975e+01 
9.052634e+01 
9.077011e+01 
9.138862e+01 
9.230379e+01 
9.338141e+01 
9.447385e+01 
9.547159e+01 
9.632201e+01 
9.701890e+01 
9.757921e+01 
9.798521e+01 
9.811945e+01 
9.886202e+01 
9.963106e+01 
9.995495e+01 
1.000133e+02 

1.000135e+02 
9.995712e+01 
9.957930e+01 
9.890613e+01 
9.823659e+01 
9.816989e+01 
9.790680e+01 
9.745132e+01 
9.689213e+01 
9.621659e+01 
9.542637e+01 
9.454917e+01 
9.364543e+01 
9.279826e+01 
9.210053e+01 
9.164442e+01 
9.150047e+01 
9.170917e+01 
9.226012e+01 
9.307357e+01 
9.402572e+01 
9.498812e+01 
9.586629e+01 
9.661714e+01 
9.723653e+01 
9.773881e+01 
9.818631e+01 
9.808056e+01 
9.884532e+01 
9.966287e+01 
9.995357e+01 
1.000130e+02 

1.000136e+02 
9.995591e+01 
9.960587e+01 
9.894249e+01 
9.838520e+01 
9.844327e+01 
9.815750e+01 
9.779209e+01 
9.735487e+01 
9.684109e+01 
9.625662e+01 
9.562491e+01 
9.498523e+01 
9.439131e+01 
9.389744e+01 
9.355283e+01 
9.341244e+01 
9.351742e+01 
9.387109e+01 
9.443465e+01 
9.512259e+01 
9.583637e+01 
9.650478e+01 
9.709011e+01 
9.758451e+01 
9.799442e+01 
9.847052e+01 
9.814555e+01 
9.886115e+01 
9.970159e+01 
9.995170e+01 
1.000126e+02 

1.000137e+02 
9.995362e+01 
9.964751e+01 
9.911231e+01 
9.880695e+01 
9.877253e+01 
9.846909e+01 
9.821153e+01 
9.791967e+01 
9.759912e+01 
9.726399e+01 
9.693532e+01 
9.663681e+01 
9.637746e+01 
9.615510e+01 
9.597315e+01 
9.584535e+01 
9.580876e+01 
9.590340e+01 
9.613495e+01 
9.647609e+01 
9.687767e+01 
9.728769e+01 
9.767262e+01 
9.801633e+01 
9.831459e+01 
9.879210e+01 
9.840961e+01 
9.893448e+01 
9.974537e+01 
9.994976e+01 
1.000121e+02 

1.000137e+02 
9.995051e+01 
9.969640e+01 
9.936653e+01 
9.927352e+01 
9.910753e+01 
9.880684e+01 
9.865844e+01 
9.851066e+01 
9.837757e+01 
9.827895e+01 
9.823443e+01 
9.824854e+01 
9.830043e+01 
9.834091e+01 
9.831591e+01 
9.820903e+01 
9.805057e+01 
9.790134e+01 
9.782209e+01 
9.783877e+01 
9.794091e+01 
9.810062e+01 
9.828780e+01 
9.848010e+01 
9.866406e+01 
9.910776e+01 
9.890201e+01 
9.909204e+01 
9.979151e+01 
9.994811e+01 
1.000114e+02 

1.000135e+02 
9.994695e+01 
9.974649e+01 
9.960934e+01 
9.963875e+01 
9.941351e+01 
9.913871e+01 
9.908686e+01 
9.906151e+01 
9.908008e+01 
9.916208e+01 
9.932058e+01 
9.954712e+01 
9.979764e+01 
9.999913e+01 
1.000784e+02 
9.999731e+01 
9.977747e+01 
9.948831e+01 
9.920964e+01 
9.899969e+01 
9.888045e+01 
9.884357e+01 
9.886711e+01 
9.892848e+01 
9.900994e+01 
9.938954e+01 
9.945131e+01 
9.933540e+01 
9.983658e+01 
9.994705e+01 
1.000105e+02 

1.000132e+02 
9.994332e+01 
9.979418e+01 
9.979934e+01 
9.989576e+01 
9.967232e+01 
9.944007e+01 
9.946358e+01 
9.952790e+01 
9.964878e+01 
9.984013e+01 
1.001056e+02 
1.004267e+02 
1.007545e+02 
1.010158e+02 
1.011375e+02 
1.010805e+02 
1.008581e+02 
1.005301e+02 
1.001748e+02 
9.985786e+01 
9.961513e+01 
9.945386e+01 
9.936339e+01 
9.932653e+01 
9.932652e+01 
9.962568e+01 
9.985117e+01 
9.961269e+01 
9.987724e+01 
9.994673e+01 
1.000093e+02 

1.000126e+02 
9.994001e+01 
9.983769e+01 
9.993738e+01 
1.000709e+02 
9.987835e+01 
9.969594e+01 
9.977103e+01 
9.989102e+01 
1.000671e+02 
1.003060e+02 
1.006030e+02 
1.009347e+02 
1.012556e+02 
1.015052e+02 
1.016266e+02 
1.015883e+02 
1.013979e+02 
1.010991e+02 
1.007532e+02 
1.004178e+02 
1.001315e+02 
9.991080e+01 
9.975517e+01 
9.965499e+01 
9.959771e+01 
9.981497e+01 
1.000733e+02 
9.984783e+01 
9.991123e+01 
9.994713e+01 
1.000078e+02 

1.000117e+02 
9.993733e+01 
9.987634e+01 
1.000349e+02 
1.001871e+02 
1.000340e+02 
9.990052e+01 
1.000056e+02 
1.001527e+02 
1.003481e+02 
1.005925e+02 
1.008766e+02 
1.011769e+02 
1.014558e+02 
1.016678e+02 
1.017722e+02 
1.017466e+02 
1.015952e+02 
1.013475e+02 
1.010477e+02 
1.007402e+02 
1.004595e+02 
1.002250e+02 
1.000424e+02 
9.990894e+01 
9.981686e+01 
9.996132e+01 
1.001828e+02 
1.000040e+02 
9.993785e+01 
9.994811e+01 
1.000060e+02 

1.019467e+02 
4.891950e+01 
3.790583e+01 
2.091404e+02 
4.035733e+02 
1.912175e+02 
1.038475e+02 
1.951510e+02 
3.720031e+02 
7.085165e+02 
1.330203e+03 
2.414695e+03 
4.108108e+03 
6.283823e+03 
8.340037e+03 
9.498945e+03 
9.341991e+03 
7.933353e+03 
5.774819e+03 
3.633386e+03 
2.042260e+03 
1.066957e+03 
5.333217e+02 
2.592612e+02 
1.239359e+02 
5.929078e+01 
1.198110e+02 
4.094674e+02 
3.560013e+02 
9.839315e+01 
5.581673e+01 
9.667939e+01 

1.157315e+02 
1.078263e+02 
1.547626e+02 
1.180825e+03 
2.356839e+03 
1.137118e+03 
5.015985e+02 
1.215105e+03 
2.710350e+03 
5.683312e+03 
1.089200e+04 
1.763386e+04 
2.255209e+04 
2.371974e+04 
2.281469e+04 
2.168341e+04 
2.103911e+04 
2.089999e+04 
2.075781e+04 
1.937368e+04 
1.536887e+04 
9.637403e+03 
4.910225e+03 
2.175934e+03 
8.566344e+02 
2.827305e+02 
6.863740e+02 
1.912799e+03 
1.816242e+03 
6.422712e+02 
6.376430e+01 
9.411442e+01 

1.529882e+02 
3.792655e+02 
4.375514e+02 
3.573589e+03 
6.794147e+03 
5.151514e+03 
4.128214e+03 
7.008999e+03 
1.160383e+04 
1.843464e+04 
2.725495e+04 
3.619015e+04 
4.248452e+04 
4.498871e+04 
4.476336e+04 
4.339151e+04 
4.183506e+04 
4.034239e+04 
3.862237e+04 
3.599036e+04 
3.167985e+04 
2.553594e+04 
1.854631e+04 
1.222444e+04 
7.470027e+03 
4.315643e+03 
4.411273e+03 
5.161827e+03 
3.701846e+03 
1.280568e+03 
3.438848e+02 
1.125314e+02 

1.294431e+02 
2.292281e+02 
1.372375e+03 
7.544872e+03 
1.285606e+04 
1.236633e+04 
1.254099e+04 
1.676621e+04 
2.226687e+04 
2.928112e+04 
3.794563e+04 
4.815362e+04 
5.937870e+04 
7.055027e+04 
8.012637e+04 
8.646587e+04 
8.839566e+04 
8.565251e+04 
7.892332e+04 
6.950617e+04 
5.884571e+04 
4.817598e+04 
3.835239e+04 
2.984044e+04 
2.279292e+04 
1.715544e+04 
1.510517e+04 
1.329515e+04 
7.505880e+03 
1.599059e+03 
5.067082e+02 
1.305687e+02 

1.776922e+01 
7.292715e+01 
2.709946e+03 
7.784235e+03 
1.068220e+04 
1.130457e+04 
1.189857e+04 
1.313325e+04 
1.434989e+04 
1.551646e+04 
1.660654e+04 
1.760292e+04 
1.849850e+04 
1.929438e+04 
1.999577e+04 
2.060725e+04 
2.112823e+04 
2.154944e+04 
2.185071e+04 
2.200064e+04 
2.195925e+04 
2.168454e+04 
2.114239e+04 
2.031769e+04 
1.922248e+04 
1.789741e+04 
1.678313e+04 
1.451575e+04 
9.122685e+03 
2.565937e+03 
2.417346e+01 
6.895708e+01 

4.802918e+02 
1.584861e+03 
2.924933e+03 
3.682497e+03 
3.905376e+03 
3.941434e+03 
3.929878e+03 
3.903536e+03 
3.877004e+03 
3.852504e+03 
3.831649e+03 
3.815423e+03 
3.804260e+03 
3.798207e+03 
3.797115e+03 
3.800815e+03 
3.809253e+03 
3.822568e+03 
3.841103e+03 
3.865357e+03 
3.895863e+03 
3.933024e+03 
3.976905e+03 
4.027053e+03 
4.082365e+03 
4.141045e+03 
4.183554e+03 
4.197337e+03 
4.016287e+03 
3.155227e+03 
1.697247e+03 
5.315372e+02 

