4.996257e+02 
1.446340e+02 
2.074659e+01 
3.248786e+01 
7.073612e+01 
9.334061e+01 
1.000007e+02 
1.000029e+02 
1.000046e+02 
1.000059e+02 
1.000069e+02 
1.000076e+02 
1.000082e+02 
1.000086e+02 
1.000089e+02 
1.000092e+02 
1.000095e+02 
1.000098e+02 
1.000102e+02 
1.000105e+02 
1.000108e+02 
1.000110e+02 
1.000111e+02 
1.000111e+02 
1.000108e+02 
1.000103e+02 
1.020685e+02 
1.065578e+02 
9.686925e+01 
4.017606e+01 
1.731914e+01 
3.574985e+02 

1.821300e+03 
3.855146e+02 
1.016884e+02 
6.355396e+01 
3.800996e+01 
7.045935e+01 
9.995166e+01 
9.994656e+01 
9.994409e+01 
9.994432e+01 
9.994690e+01 
9.995119e+01 
9.995639e+01 
9.996174e+01 
9.996658e+01 
9.997041e+01 
9.997291e+01 
9.997389e+01 
9.997329e+01 
9.997120e+01 
9.996790e+01 
9.996381e+01 
9.995951e+01 
9.995558e+01 
9.995257e+01 
9.995085e+01 
5.714788e+01 
1.827362e+01 
3.559458e+01 
1.316635e+01 
1.730271e+02 
1.354307e+03 

3.536412e+03 
5.011390e+03 
8.774851e+03 
7.060276e+03 
2.811733e+03 
4.265733e+02 
1.002500e+02 
1.002419e+02 
1.002189e+02 
1.001791e+02 
1.001221e+02 
1.000493e+02 
9.996423e+01 
9.987378e+01 
9.978839e+01 
9.972069e+01 
9.968120e+01 
9.967383e+01 
9.969483e+01 
9.973568e+01 
9.978706e+01 
9.984135e+01 
9.989330e+01 
9.993987e+01 
9.997958e+01 
1.000121e+02 
1.111088e+02 
2.971691e+02 
1.015322e+03 
2.404200e+03 
2.820924e+03 
2.656999e+03 

4.756766e+03 
1.834278e+04 
3.389746e+04 
2.980183e+04 
1.470513e+04 
2.019500e+03 
1.003228e+02 
1.000480e+02 
9.970869e+01 
9.941044e+01 
9.921902e+01 
9.913272e+01 
9.911760e+01 
9.913737e+01 
9.916170e+01 
9.916629e+01 
9.913742e+01 
9.909151e+01 
9.910151e+01 
9.925456e+01 
9.952624e+01 
9.980297e+01 
1.000154e+02 
1.001564e+02 
1.002417e+02 
1.002881e+02 
4.729031e+02 
2.690349e+03 
6.413264e+03 
9.158569e+03 
6.859199e+03 
3.495474e+03 

5.064167e+03 
3.119314e+04 
5.405932e+04 
4.163305e+04 
2.235736e+04 
3.229286e+03 
1.010001e+02 
1.008756e+02 
1.003384e+02 
9.941309e+01 
9.862719e+01 
9.829571e+01 
9.827615e+01 
9.838144e+01 
9.850656e+01 
9.858848e+01 
9.857421e+01 
9.845039e+01 
9.840419e+01 
9.878806e+01 
9.942084e+01 
9.990900e+01 
1.001963e+02 
1.003483e+02 
1.004196e+02 
1.004434e+02 
7.429324e+02 
4.318589e+03 
9.272077e+03 
1.216927e+04 
8.630381e+03 
3.843167e+03 

5.061693e+03 
3.767850e+04 
6.366774e+04 
4.413430e+04 
1.715602e+04 
1.595309e+03 
1.007641e+02 
1.008162e+02 
1.008406e+02 
1.008010e+02 
1.006380e+02 
1.002893e+02 
9.976341e+01 
9.919393e+01 
9.872339e+01 
9.837974e+01 
9.816964e+01 
9.817618e+01 
9.843583e+01 
9.883854e+01 
9.924486e+01 
9.958115e+01 
9.983096e+01 
1.000039e+02 
1.001170e+02 
1.001864e+02 
3.097632e+02 
1.649802e+03 
4.931217e+03 
9.090942e+03 
9.032402e+03 
3.932221e+03 

5.012919e+03 
4.089332e+04 
7.598237e+04 
5.314690e+04 
1.714499e+04 
1.213620e+03 
1.005806e+02 
1.005262e+02 
1.004200e+02 
1.002460e+02 
9.999064e+01 
9.965002e+01 
9.923884e+01 
9.879637e+01 
9.838387e+01 
9.807021e+01 
9.790999e+01 
9.792461e+01 
9.809631e+01 
9.837764e+01 
9.871029e+01 
9.904295e+01 
9.934123e+01 
9.958863e+01 
9.978208e+01 
9.992628e+01 
9.781194e+01 
3.203915e+02 
2.461547e+03 
8.117205e+03 
9.745797e+03 
3.936129e+03 

4.949808e+03 
4.425651e+04 
9.856524e+04 
6.938725e+04 
3.291960e+04 
2.040770e+03 
1.008086e+02 
1.007833e+02 
1.006982e+02 
1.005271e+02 
1.002426e+02 
9.982641e+01 
9.928596e+01 
9.867027e+01 
9.807211e+01 
9.760529e+01 
9.736418e+01 
9.738613e+01 
9.763965e+01 
9.804388e+01 
9.850458e+01 
9.894573e+01 
9.932299e+01 
9.962092e+01 
9.984253e+01 
9.999939e+01 
1.555333e+02 
7.395515e+02 
4.291949e+03 
1.122990e+04 
1.117818e+04 
3.918128e+03 

4.891254e+03 
4.686655e+04 
1.226860e+05 
7.806419e+04 
5.392738e+04 
3.431137e+03 
1.010816e+02 
1.011032e+02 
1.010614e+02 
1.009176e+02 
1.006245e+02 
1.001379e+02 
9.944478e+01 
9.859875e+01 
9.773500e+01 
9.704051e+01 
9.667707e+01 
9.670928e+01 
9.708228e+01 
9.765912e+01 
9.829010e+01 
9.886566e+01 
9.933284e+01 
9.968259e+01 
9.992900e+01 
1.000936e+02 
2.530862e+02 
1.587426e+03 
7.241931e+03 
1.543698e+04 
1.270717e+04 
3.897504e+03 

4.838805e+03 
4.861435e+04 
1.465055e+05 
7.975518e+04 
6.917536e+04 
5.676909e+03 
1.013942e+02 
1.014821e+02 
1.015100e+02 
1.014266e+02 
1.011588e+02 
1.006223e+02 
9.976281e+01 
9.862442e+01 
9.740054e+01 
9.638425e+01 
9.584470e+01 
9.589039e+01 
9.642734e+01 
9.723473e+01 
9.808100e+01 
9.881442e+01 
9.937772e+01 
9.977634e+01 
1.000413e+02 
1.002072e+02 
4.124564e+02 
3.180846e+03 
1.151918e+04 
2.097359e+04 
1.430355e+04 
3.876434e+03 

4.793514e+03 
4.948365e+04 
1.685789e+05 
7.847336e+04 
7.272159e+04 
9.056954e+03 
1.017331e+02 
1.019048e+02 
1.020281e+02 
1.020403e+02 
1.018392e+02 
1.012851e+02 
1.002558e+02 
9.877482e+01 
9.709565e+01 
9.566426e+01 
9.489444e+01 
9.495418e+01 
9.570016e+01 
9.679052e+01 
9.789116e+01 
9.879855e+01 
9.945798e+01 
9.989877e+01 
1.001745e+02 
1.003349e+02 
6.599798e+02 
5.744328e+03 
1.656080e+04 
2.794680e+04 
1.593105e+04 
3.856721e+03 

4.755978e+03 
4.953483e+04 
1.881476e+05 
7.728170e+04 
7.059399e+04 
1.360645e+04 
1.020775e+02 
1.023438e+02 
1.025802e+02 
1.027146e+02 
1.026150e+02 
1.020718e+02 
1.008817e+02 
9.902408e+01 
9.683117e+01 
9.492150e+01 
9.388596e+01 
9.396296e+01 
9.494441e+01 
9.635248e+01 
9.772708e+01 
9.881407e+01 
9.956411e+01 
1.000389e+02 
1.003180e+02 
1.004675e+02 
1.016690e+03 
8.758522e+03 
2.075087e+04 
3.615341e+04 
1.754938e+04 
3.839766e+03 

4.726420e+03 
4.887485e+04 
2.047903e+05 
7.768904e+04 
6.865130e+04 
1.881929e+04 
1.024007e+02 
1.027622e+02 
1.031152e+02 
1.033794e+02 
1.033937e+02 
1.028736e+02 
1.015346e+02 
9.929861e+01 
9.659469e+01 
9.420323e+01 
9.290485e+01 
9.300343e+01 
9.421939e+01 
9.594524e+01 
9.758691e+01 
9.884556e+01 
9.967733e+01 
1.001791e+02 
1.004571e+02 
1.005929e+02 
1.477525e+03 
1.085120e+04 
2.270878e+04 
4.490440e+04 
1.911768e+04 
3.826586e+03 

4.704798e+03 
4.762609e+04 
2.176830e+05 
8.043407e+04 
6.922374e+04 
2.359915e+04 
1.026739e+02 
1.031193e+02 
1.035755e+02 
1.039544e+02 
1.040672e+02 
1.035650e+02 
1.020866e+02 
9.952041e+01 
9.636747e+01 
9.356596e+01 
9.204743e+01 
9.216706e+01 
9.359087e+01 
9.559018e+01 
9.746542e+01 
9.887267e+01 
9.977503e+01 
1.002992e+02 
1.005749e+02 
1.006981e+02 
1.986320e+03 
1.139758e+04 
2.262441e+04 
5.304291e+04 
2.059710e+04 
3.817877e+03 

4.690913e+03 
4.590333e+04 
2.249150e+05 
8.606123e+04 
7.321153e+04 
2.666508e+04 
1.028710e+02 
1.033776e+02 
1.039089e+02 
1.043693e+02 
1.045469e+02 
1.040473e+02 
1.024540e+02 
9.964018e+01 
9.616089e+01 
9.307084e+01 
9.139972e+01 
9.153833e+01 
9.311319e+01 
9.531117e+01 
9.736000e+01 
9.887967e+01 
9.983784e+01 
1.003810e+02 
1.006566e+02 
1.007713e+02 
2.431905e+03 
1.101643e+04 
2.154587e+04 
5.929957e+04 
2.195163e+04 
3.814100e+03 

4.684523e+03 
4.380206e+04 
2.234490e+05 
9.510975e+04 
8.134180e+04 
2.712004e+04 
1.029718e+02 
1.035096e+02 
1.040780e+02 
1.045768e+02 
1.047809e+02 
1.042721e+02 
1.026089e+02 
9.965917e+01 
9.601119e+01 
9.277398e+01 
9.102672e+01 
9.117559e+01 
9.282730e+01 
9.513062e+01 
9.727483e+01 
9.886025e+01 
9.985431e+01 
1.004125e+02 
1.006913e+02 
1.008039e+02 
2.687164e+03 
1.040966e+04 
2.028874e+04 
6.281023e+04 
2.314662e+04 
3.815573e+03 

4.685408e+03 
4.139701e+04 
2.104344e+05 
1.078255e+05 
9.415134e+04 
2.483355e+04 
1.029662e+02 
1.035008e+02 
1.040643e+02 
1.045558e+02 
1.047496e+02 
1.042285e+02 
1.025538e+02 
9.959696e+01 
9.594695e+01 
9.271006e+01 
9.096147e+01 
9.110703e+01 
9.275721e+01 
9.506439e+01 
9.721822e+01 
9.881591e+01 
9.982153e+01 
1.003889e+02 
1.006745e+02 
1.007917e+02 
2.670404e+03 
9.895157e+03 
1.922137e+04 
6.338030e+04 
2.414571e+04 
3.822553e+03 

4.693400e+03 
3.874761e+04 
1.857346e+05 
1.228323e+05 
1.098807e+05 
2.054468e+04 
1.028546e+02 
1.033522e+02 
1.038693e+02 
1.043083e+02 
1.044560e+02 
1.039202e+02 
1.022926e+02 
9.945640e+01 
9.596994e+01 
9.287982e+01 
9.120557e+01 
9.133661e+01 
9.290902e+01 
9.512003e+01 
9.719746e+01 
9.875256e+01 
9.974376e+01 
1.003131e+02 
1.006078e+02 
1.007361e+02 
2.383953e+03 
9.529738e+03 
1.842978e+04 
6.133565e+04 
2.490754e+04 
3.835288e+03 

4.708345e+03 
3.590676e+04 
1.533781e+05 
1.340868e+05 
1.185415e+05 
1.553030e+04 
1.026483e+02 
1.030796e+02 
1.035140e+02 
1.038601e+02 
1.039265e+02 
1.033676e+02 
1.018339e+02 
9.922913e+01 
9.606050e+01 
9.325679e+01 
9.173482e+01 
9.184748e+01 
9.327382e+01 
9.529741e+01 
9.721836e+01 
9.867960e+01 
9.963159e+01 
1.001949e+02 
1.004995e+02 
1.006432e+02 
1.912244e+03 
9.211573e+03 
1.784474e+04 
5.720597e+04 
2.538418e+04 
3.854030e+03 

4.730016e+03 
3.292910e+04 
1.196639e+05 
1.298461e+05 
1.032325e+05 
1.093448e+04 
1.023678e+02 
1.027119e+02 
1.030381e+02 
1.032622e+02 
1.032198e+02 
1.026300e+02 
1.012208e+02 
9.893332e+01 
9.620394e+01 
9.380593e+01 
9.250462e+01 
9.260115e+01 
9.382813e+01 
9.558901e+01 
9.728801e+01 
9.861122e+01 
9.950165e+01 
1.000498e+02 
1.003623e+02 
1.005231e+02 
1.384190e+03 
8.663049e+03 
1.726884e+04 
5.152165e+04 
2.552327e+04 
3.879012e+03 

4.757975e+03 
2.987592e+04 
8.967231e+04 
1.048739e+05 
6.912548e+04 
7.328159e+03 
1.020401e+02 
1.022874e+02 
1.024950e+02 
1.025870e+02 
1.024285e+02 
1.018131e+02 
1.005492e+02 
9.863381e+01 
9.640870e+01 
9.448730e+01 
9.344901e+01 
9.352957e+01 
9.452933e+01 
9.597855e+01 
9.741304e+01 
9.856554e+01 
9.937480e+01 
9.989713e+01 
1.002124e+02 
1.003883e+02 
9.145915e+02 
7.436794e+03 
1.634986e+04 
4.478445e+04 
2.527509e+04 
3.910384e+03 

4.791427e+03 
2.681529e+04 
6.562724e+04 
7.199958e+04 
3.958553e+04 
4.764563e+03 
1.016938e+02 
1.018465e+02 
1.019419e+02 
1.019142e+02 
1.016593e+02 
1.010401e+02 
9.994414e+01 
9.840842e+01 
9.669531e+01 
9.524878e+01 
9.447562e+01 
9.454180e+01 
9.530899e+01 
9.643903e+01 
9.759350e+01 
9.855894e+01 
9.927134e+01 
9.975583e+01 
1.000656e+02 
1.002518e+02 
5.616093e+02 
5.336941e+03 
1.462260e+04 
3.751529e+04 
2.460442e+04 
3.948139e+03 

4.829077e+03 
2.381761e+04 
4.751671e+04 
4.528720e+04 
2.175485e+04 
3.048273e+03 
1.013553e+02 
1.014257e+02 
1.014286e+02 
1.013109e+02 
1.009986e+02 
1.004096e+02 
9.949662e+01 
9.831304e+01 
9.705846e+01 
9.602625e+01 
9.548246e+01 
9.553446e+01 
9.609026e+01 
9.693020e+01 
9.781923e+01 
9.859870e+01 
9.920517e+01 
9.964070e+01 
9.993552e+01 
1.001247e+02 
3.273959e+02 
3.034023e+03 
1.182621e+04 
3.026588e+04 
2.350423e+04 
3.992016e+03 

4.869030e+03 
2.094874e+04 
3.432397e+04 
2.776918e+04 
1.208083e+04 
1.938354e+03 
1.010448e+02 
1.010511e+02 
1.009883e+02 
1.008169e+02 
1.004894e+02 
9.996367e+01 
9.923108e+01 
9.835073e+01 
9.746207e+01 
9.675312e+01 
9.638480e+01 
9.642131e+01 
9.680845e+01 
9.740905e+01 
9.807090e+01 
9.868035e+01 
9.918041e+01 
9.955944e+01 
9.983046e+01 
1.000150e+02 
1.853791e+02 
1.393229e+03 
8.377996e+03 
2.355004e+04 
2.200642e+04 
4.041422e+03 

4.908748e+03 
1.826326e+04 
2.485471e+04 
1.710555e+04 
6.862362e+03 
1.234074e+03 
1.007749e+02 
1.007368e+02 
1.006349e+02 
1.004425e+02 
1.001325e+02 
9.968818e+01 
9.911965e+01 
9.847914e+01 
9.786194e+01 
9.738303e+01 
9.713695e+01 
9.716108e+01 
9.742394e+01 
9.784421e+01 
9.832609e+01 
9.879109e+01 
9.919234e+01 
9.951251e+01 
9.975358e+01 
9.992680e+01 
1.046100e+02 
5.332330e+02 
5.200822e+03 
1.774025e+04 
2.018402e+04 
4.095368e+03 

4.945094e+03 
1.579993e+04 
1.808328e+04 
1.068525e+04 
3.977473e+03 
7.914257e+02 
1.005506e+02 
1.004858e+02 
1.003666e+02 
1.001765e+02 
9.990249e+01 
9.954181e+01 
9.911076e+01 
9.865045e+01 
9.822371e+01 
9.790039e+01 
9.773555e+01 
9.775078e+01 
9.792824e+01 
9.822005e+01 
9.856688e+01 
9.891595e+01 
9.923131e+01 
9.949514e+01 
9.970352e+01 
9.986074e+01 
6.073389e+01 
1.627864e+02 
2.903368e+03 
1.300750e+04 
1.814219e+04 
4.152434e+03 

4.955366e+03 
1.435065e+04 
1.752688e+04 
1.261063e+04 
5.788730e+03 
1.146635e+03 
1.007588e+02 
1.007618e+02 
1.007153e+02 
1.005903e+02 
1.003525e+02 
9.997560e+01 
9.947239e+01 
9.892933e+01 
9.847881e+01 
9.820333e+01 
9.812046e+01 
9.824928e+01 
9.858219e+01 
9.901397e+01 
9.940703e+01 
9.969639e+01 
9.988750e+01 
1.000085e+02 
1.000842e+02 
1.001313e+02 
2.387824e+02 
1.294063e+03 
4.585386e+03 
1.214719e+04 
1.653688e+04 
4.187956e+03 

4.864168e+03 
1.280762e+04 
1.921531e+04 
1.653379e+04 
8.875411e+03 
1.813844e+03 
1.010217e+02 
1.010576e+02 
1.010077e+02 
1.007891e+02 
1.003048e+02 
9.960076e+01 
9.900795e+01 
9.873867e+01 
9.863909e+01 
9.853391e+01 
9.837176e+01 
9.818762e+01 
9.809183e+01 
9.828333e+01 
9.890611e+01 
9.970591e+01 
1.002570e+02 
1.004880e+02 
1.005339e+02 
1.005035e+02 
9.108619e+02 
4.571497e+03 
8.320721e+03 
1.315886e+04 
1.381903e+04 
4.170806e+03 

4.403168e+03 
9.360900e+03 
1.323304e+04 
1.022433e+04 
4.935854e+03 
1.004842e+03 
1.006512e+02 
1.006119e+02 
1.005057e+02 
1.003082e+02 
1.000198e+02 
9.969703e+01 
9.943249e+01 
9.927037e+01 
9.918217e+01 
9.912256e+01 
9.907001e+01 
9.903144e+01 
9.903571e+01 
9.912372e+01 
9.932518e+01 
9.962046e+01 
9.992965e+01 
1.001684e+02 
1.003063e+02 
1.003613e+02 
8.280577e+02 
4.597187e+03 
8.386467e+03 
1.048668e+04 
8.411832e+03 
3.898388e+03 

3.234426e+03 
3.927511e+03 
3.638016e+03 
1.812739e+03 
6.441086e+02 
2.006400e+02 
1.001096e+02 
1.000733e+02 
1.000270e+02 
9.997106e+01 
9.990765e+01 
9.984095e+01 
9.977750e+01 
9.972568e+01 
9.969398e+01 
9.968857e+01 
9.971104e+01 
9.975770e+01 
9.982089e+01 
9.989130e+01 
9.996019e+01 
1.000209e+02 
1.000694e+02 
1.001043e+02 
1.001263e+02 
1.001371e+02 
2.419411e+02 
1.249481e+03 
2.947121e+03 
3.700004e+03 
2.514208e+03 
2.894530e+03 

1.640257e+03 
4.455573e+02 
8.591901e+01 
2.547581e+01 
9.884404e-02 
4.988140e+01 
9.993337e+01 
9.993474e+01 
9.993809e+01 
9.994304e+01 
9.994901e+01 
9.995532e+01 
9.996128e+01 
9.996631e+01 
9.997004e+01 
9.997224e+01 
9.997289e+01 
9.997208e+01 
9.997006e+01 
9.996721e+01 
9.996405e+01 
9.996120e+01 
9.995930e+01 
9.995885e+01 
9.996014e+01 
9.996311e+01 
7.034118e+01 
2.379107e+01 
1.541502e+01 
2.316624e+01 
1.218746e+02 
1.467436e+03 

4.221485e+02 
8.119333e+01 
3.313090e+01 
6.921526e+01 
9.235882e+01 
9.869393e+01 
1.000076e+02 
1.000090e+02 
1.000099e+02 
1.000105e+02 
1.000107e+02 
1.000108e+02 
1.000107e+02 
1.000106e+02 
1.000104e+02 
1.000102e+02 
1.000100e+02 
1.000098e+02 
1.000096e+02 
1.000094e+02 
1.000091e+02 
1.000087e+02 
1.000082e+02 
1.000074e+02 
1.000062e+02 
1.000048e+02 
9.708826e+01 
8.521511e+01 
5.542137e+01 
1.603186e+01 
6.177996e+01 
4.081855e+02 

