6.624589e+01 
-6.810950e+01 
-3.863654e+00 
-7.958795e+01 
1.213530e+01 
3.831415e+01 
4.498969e+01 
4.498955e+01 
4.498960e+01 
4.498979e+01 
4.499006e+01 
4.499037e+01 
4.499067e+01 
4.499094e+01 
4.499116e+01 
4.499132e+01 
4.499141e+01 
4.499142e+01 
4.499136e+01 
4.499122e+01 
4.499099e+01 
4.499067e+01 
4.499028e+01 
4.498983e+01 
4.498937e+01 
4.498893e+01 
3.665386e+01 
8.222764e+00 
-4.240580e+01 
6.793306e+01 
-5.875076e+01 
4.957363e+01 

6.388148e+01 
8.500104e+01 
6.253426e+01 
4.637500e+01 
5.265720e+01 
4.668272e+01 
4.499971e+01 
4.499687e+01 
4.499290e+01 
4.498804e+01 
4.498264e+01 
4.497711e+01 
4.497186e+01 
4.496716e+01 
4.496323e+01 
4.496014e+01 
4.495797e+01 
4.495673e+01 
4.495647e+01 
4.495718e+01 
4.495885e+01 
4.496140e+01 
4.496467e+01 
4.496844e+01 
4.497246e+01 
4.497649e+01 
3.225737e+01 
-5.305856e+01 
7.413688e+01 
8.545228e+01 
2.213964e+01 
4.382331e+01 

6.160032e+01 
4.676869e+00 
-2.342063e+01 
-2.929416e+01 
-2.549769e+01 
-1.104797e+00 
4.489342e+01 
4.488656e+01 
4.488254e+01 
4.488246e+01 
4.488697e+01 
4.489579e+01 
4.490746e+01 
4.491937e+01 
4.492857e+01 
4.493299e+01 
4.493261e+01 
4.492940e+01 
4.492610e+01 
4.492473e+01 
4.492601e+01 
4.492958e+01 
4.493462e+01 
4.494030e+01 
4.494598e+01 
4.495128e+01 
1.602990e+01 
-2.756546e+01 
-3.584371e+01 
-2.884304e+01 
-5.785469e+00 
4.630636e+01 

6.545402e+01 
1.404047e+00 
-3.000888e+01 
-4.396155e+01 
-4.553973e+01 
-3.009509e+01 
4.467282e+01 
4.462188e+01 
4.459506e+01 
4.460315e+01 
4.464301e+01 
4.470213e+01 
4.476845e+01 
4.483430e+01 
4.489456e+01 
4.494292e+01 
4.496901e+01 
4.496035e+01 
4.491556e+01 
4.485837e+01 
4.482001e+01 
4.480985e+01 
4.481907e+01 
4.483688e+01 
4.485668e+01 
4.487544e+01 
-4.453139e+00 
-3.317086e+01 
-3.676199e+01 
-2.641813e+01 
-5.149239e-01 
5.040057e+01 

6.912957e+01 
4.404926e+00 
-3.389977e+01 
-4.324806e+01 
-3.729171e+01 
-1.507064e+01 
4.469535e+01 
4.458451e+01 
4.446089e+01 
4.437792e+01 
4.439734e+01 
4.450948e+01 
4.465186e+01 
4.478387e+01 
4.489497e+01 
4.498197e+01 
4.503124e+01 
4.501163e+01 
4.490915e+01 
4.479249e+01 
4.473872e+01 
4.474206e+01 
4.476985e+01 
4.480286e+01 
4.483378e+01 
4.486058e+01 
-4.440918e+00 
-3.107111e+01 
-3.403792e+01 
-2.310860e+01 
2.520550e+00 
5.277875e+01 

7.087223e+01 
6.773009e+00 
-3.398059e+01 
-3.265006e+01 
-1.205854e+01 
1.316113e+01 
4.491273e+01 
4.488893e+01 
4.485897e+01 
4.482394e+01 
4.478959e+01 
4.476987e+01 
4.478523e+01 
4.484723e+01 
4.493879e+01 
4.501768e+01 
4.504613e+01 
4.502030e+01 
4.496994e+01 
4.492682e+01 
4.490329e+01 
4.489694e+01 
4.490126e+01 
4.491080e+01 
4.492215e+01 
4.493345e+01 
1.255593e+01 
-1.506016e+01 
-2.070665e+01 
-1.804649e+01 
1.682596e+00 
5.377220e+01 

7.178243e+01 
9.160296e+00 
-3.545038e+01 
-3.092683e+01 
5.222508e-01 
2.667498e+01 
4.498540e+01 
4.498746e+01 
4.499072e+01 
4.499545e+01 
4.500182e+01 
4.500980e+01 
4.501900e+01 
4.502853e+01 
4.503714e+01 
4.504342e+01 
4.504632e+01 
4.504545e+01 
4.504125e+01 
4.503476e+01 
4.502719e+01 
4.501963e+01 
4.501279e+01 
4.500705e+01 
4.500250e+01 
4.499909e+01 
4.232013e+01 
1.912198e+01 
-6.480836e+00 
-1.646628e+01 
1.798750e+00 
5.477045e+01 

7.267844e+01 
1.226370e+01 
-4.014469e+01 
-4.288537e+01 
-9.751718e+00 
2.334824e+01 
4.497899e+01 
4.498047e+01 
4.498337e+01 
4.498812e+01 
4.499519e+01 
4.500480e+01 
4.501666e+01 
4.502970e+01 
4.504200e+01 
4.505128e+01 
4.505566e+01 
4.505449e+01 
4.504851e+01 
4.503945e+01 
4.502928e+01 
4.501954e+01 
4.501116e+01 
4.500447e+01 
4.499944e+01 
4.499588e+01 
3.753429e+01 
1.306751e+01 
-1.029428e+01 
-1.813739e+01 
3.722889e+00 
5.630956e+01 

7.340566e+01 
1.526201e+01 
-4.478588e+01 
-5.478272e+01 
-2.273868e+01 
1.986365e+01 
4.497158e+01 
4.497215e+01 
4.497424e+01 
4.497855e+01 
4.498587e+01 
4.499691e+01 
4.501171e+01 
4.502910e+01 
4.504637e+01 
4.505987e+01 
4.506643e+01 
4.506488e+01 
4.505648e+01 
4.504408e+01 
4.503070e+01 
4.501849e+01 
4.500851e+01 
4.500097e+01 
4.499561e+01 
4.499206e+01 
3.289892e+01 
6.419173e+00 
-1.599812e+01 
-2.054520e+01 
5.569096e+00 
5.771382e+01 

7.396733e+01 
1.806036e+01 
-4.897893e+01 
-6.508938e+01 
-3.729241e+01 
1.616339e+01 
4.496335e+01 
4.496264e+01 
4.496342e+01 
4.496663e+01 
4.497354e+01 
4.498549e+01 
4.500325e+01 
4.502579e+01 
4.504947e+01 
4.506871e+01 
4.507833e+01 
4.507635e+01 
4.506483e+01 
4.504826e+01 
4.503111e+01 
4.501625e+01 
4.500476e+01 
4.499655e+01 
4.499108e+01 
4.498772e+01 
2.841185e+01 
-1.646829e+00 
-2.367241e+01 
-2.368948e+01 
7.315572e+00 
5.897641e+01 

7.436905e+01 
2.055898e+01 
-5.233194e+01 
-7.297982e+01 
-5.090486e+01 
1.229446e+01 
4.495465e+01 
4.495232e+01 
4.495131e+01 
4.495278e+01 
4.495847e+01 
4.497062e+01 
4.499108e+01 
4.501928e+01 
4.505067e+01 
4.507712e+01 
4.509073e+01 
4.508834e+01 
4.507303e+01 
4.505160e+01 
4.503032e+01 
4.501280e+01 
4.499999e+01 
4.499137e+01 
4.498602e+01 
4.498304e+01 
2.402186e+01 
-1.155175e+01 
-3.308398e+01 
-2.752550e+01 
8.929448e+00 
6.009422e+01 

7.461798e+01 
2.266622e+01 
-5.450776e+01 
-7.834980e+01 
-6.143255e+01 
8.467726e+00 
4.494596e+01 
4.494184e+01 
4.493873e+01 
4.493797e+01 
4.494180e+01 
4.495351e+01 
4.497622e+01 
4.501019e+01 
4.504995e+01 
4.508456e+01 
4.510281e+01 
4.510003e+01 
4.508060e+01 
4.505395e+01 
4.502847e+01 
4.500844e+01 
4.499458e+01 
4.498581e+01 
4.498077e+01 
4.497831e+01 
1.971436e+01 
-2.303089e+01 
-4.343531e+01 
-3.192826e+01 
1.036710e+01 
6.106731e+01 

7.472192e+01 
2.431032e+01 
-5.524988e+01 
-8.140811e+01 
-6.822205e+01 
5.075492e+00 
4.493792e+01 
4.493200e+01 
4.492674e+01 
4.492364e+01 
4.492538e+01 
4.493635e+01 
4.496087e+01 
4.500031e+01 
4.504813e+01 
4.509089e+01 
4.511380e+01 
4.511065e+01 
4.508720e+01 
4.505547e+01 
4.502607e+01 
4.500382e+01 
4.498915e+01 
4.498041e+01 
4.497579e+01 
4.497389e+01 
1.558363e+01 
-3.486921e+01 
-5.347011e+01 
-3.666465e+01 
1.157583e+01 
6.189810e+01 

7.468839e+01 
2.544721e+01 
-5.438931e+01 
-8.235763e+01 
-7.150791e+01 
2.618715e+00 
4.493118e+01 
4.492369e+01 
4.491654e+01 
4.491137e+01 
4.491129e+01 
4.492157e+01 
4.494768e+01 
4.499167e+01 
4.504641e+01 
4.509613e+01 
4.512303e+01 
4.511957e+01 
4.509260e+01 
4.505655e+01 
4.502381e+01 
4.499972e+01 
4.498443e+01 
4.497576e+01 
4.497155e+01 
4.497018e+01 
1.186943e+01 
-4.534677e+01 
-6.201758e+01 
-4.139581e+01 
1.249718e+01 
6.259027e+01 

7.452365e+01 
2.606337e+01 
-5.185621e+01 
-8.125295e+01 
-7.158686e+01 
1.542852e+00 
4.492633e+01 
4.491769e+01 
4.490916e+01 
4.490251e+01 
4.490119e+01 
4.491110e+01 
4.493846e+01 
4.498579e+01 
4.504548e+01 
4.510009e+01 
4.512982e+01 
4.512612e+01 
4.509660e+01 
4.505745e+01 
4.502227e+01 
4.499681e+01 
4.498103e+01 
4.497241e+01 
4.496850e+01 
4.496751e+01 
8.932434e+00 
-5.319160e+01 
-6.843875e+01 
-4.572495e+01 
1.307169e+01 
6.314769e+01 

7.423194e+01 
2.617419e+01 
-4.771538e+01 
-7.795358e+01 
-6.846038e+01 
2.060111e+00 
4.492380e+01 
4.491457e+01 
4.490534e+01 
4.489797e+01 
4.489609e+01 
4.490591e+01 
4.493402e+01 
4.498308e+01 
4.504525e+01 
4.510230e+01 
4.513346e+01 
4.512967e+01 
4.509894e+01 
4.505821e+01 
4.502174e+01 
4.499550e+01 
4.497940e+01 
4.497076e+01 
4.496697e+01 
4.496616e+01 
7.160599e+00 
-5.793758e+01 
-7.259319e+01 
-4.927715e+01 
1.324478e+01 
6.357344e+01 

7.381497e+01 
2.581944e+01 
-4.221781e+01 
-7.213540e+01 
-6.180240e+01 
4.059262e+00 
4.492383e+01 
4.491463e+01 
4.490546e+01 
4.489817e+01 
4.489640e+01 
4.490632e+01 
4.493447e+01 
4.498347e+01 
4.504546e+01 
4.510235e+01 
4.513349e+01 
4.512989e+01 
4.509938e+01 
4.505877e+01 
4.502228e+01 
4.499594e+01 
4.497972e+01 
4.497097e+01 
4.496711e+01 
4.496625e+01 
6.838980e+00 
-5.957100e+01 
-7.456573e+01 
-5.177291e+01 
1.297313e+01 
6.386893e+01 

7.327172e+01 
2.505695e+01 
-3.582029e+01 
-6.342259e+01 
-5.125283e+01 
7.150360e+00 
4.492640e+01 
4.491786e+01 
4.490949e+01 
4.490308e+01 
4.490208e+01 
4.491229e+01 
4.493981e+01 
4.498695e+01 
4.504616e+01 
4.510032e+01 
4.513001e+01 
4.512678e+01 
4.509787e+01 
4.505903e+01 
4.502379e+01 
4.499803e+01 
4.498191e+01 
4.497300e+01 
4.496889e+01 
4.496776e+01 
8.045534e+00 
-5.812798e+01 
-7.445318e+01 
-5.306543e+01 
1.223079e+01 
6.403347e+01 

7.259865e+01 
2.395563e+01 
-2.911359e+01 
-5.179491e+01 
-3.726854e+01 
1.081617e+01 
4.493129e+01 
4.492394e+01 
4.491703e+01 
4.491222e+01 
4.491263e+01 
4.492341e+01 
4.494978e+01 
4.499357e+01 
4.504765e+01 
4.509671e+01 
4.512354e+01 
4.512070e+01 
4.509452e+01 
4.505889e+01 
4.502603e+01 
4.500149e+01 
4.498570e+01 
4.497662e+01 
4.497211e+01 
4.497054e+01 
1.062450e+01 
-5.355371e+01 
-7.228035e+01 
-5.314174e+01 
1.101396e+01 
6.406403e+01 

7.179043e+01 
2.258852e+01 
-2.266641e+01 
-3.822318e+01 
-2.199794e+01 
1.458544e+01 
4.493803e+01 
4.493228e+01 
4.492730e+01 
4.492464e+01 
4.492697e+01 
4.493853e+01 
4.496342e+01 
4.500267e+01 
4.504980e+01 
4.509186e+01 
4.511466e+01 
4.511212e+01 
4.508947e+01 
4.505814e+01 
4.502858e+01 
4.500583e+01 
4.499060e+01 
4.498138e+01 
4.497642e+01 
4.497430e+01 
1.425252e+01 
-4.585166e+01 
-6.802255e+01 
-5.210615e+01 
9.343671e+00 
6.395548e+01 

7.084084e+01 
2.102631e+01 
-1.688202e+01 
-2.470500e+01 
-8.298412e+00 
1.814146e+01 
4.494603e+01 
4.494208e+01 
4.493925e+01 
4.493893e+01 
4.494334e+01 
4.495565e+01 
4.497873e+01 
4.501257e+01 
4.505173e+01 
4.508571e+01 
4.510383e+01 
4.510154e+01 
4.508278e+01 
4.505645e+01 
4.503081e+01 
4.501033e+01 
4.499595e+01 
4.498674e+01 
4.498138e+01 
4.497869e+01 
1.856854e+01 
-3.550231e+01 
-6.173078e+01 
-5.016012e+01 
7.265021e+00 
6.370105e+01 

6.974409e+01 
1.933223e+01 
-1.195333e+01 
-1.307852e+01 
2.365312e+00 
2.133941e+01 
4.495464e+01 
4.495247e+01 
4.495171e+01 
4.495355e+01 
4.495972e+01 
4.497236e+01 
4.499311e+01 
4.502121e+01 
4.505215e+01 
4.507812e+01 
4.509161e+01 
4.508955e+01 
4.507472e+01 
4.505354e+01 
4.503216e+01 
4.501431e+01 
4.500109e+01 
4.499213e+01 
4.498650e+01 
4.498334e+01 
2.330259e+01 
-2.382328e+01 
-5.375288e+01 
-4.757936e+01 
4.842687e+00 
6.329311e+01 

6.849612e+01 
1.755848e+01 
-7.907551e+00 
-4.027722e+00 
1.012309e+01 
2.416695e+01 
4.496326e+01 
4.496266e+01 
4.496362e+01 
4.496711e+01 
4.497435e+01 
4.498662e+01 
4.500454e+01 
4.502700e+01 
4.505037e+01 
4.506928e+01 
4.507882e+01 
4.507704e+01 
4.506583e+01 
4.504945e+01 
4.503229e+01 
4.501724e+01 
4.500549e+01 
4.499705e+01 
4.499138e+01 
4.498789e+01 
2.834158e+01 
-1.257419e+01 
-4.492609e+01 
-4.468372e+01 
2.152824e+00 
6.272408e+01 

6.709583e+01 
1.574461e+01 
-4.679123e+00 
2.672609e+00 
1.568569e+01 
2.669239e+01 
4.497138e+01 
4.497202e+01 
4.497423e+01 
4.497869e+01 
4.498621e+01 
4.499740e+01 
4.501226e+01 
4.502955e+01 
4.504662e+01 
4.505992e+01 
4.506642e+01 
4.506500e+01 
4.505680e+01 
4.504456e+01 
4.503123e+01 
4.501896e+01 
4.500886e+01 
4.500118e+01 
4.499572e+01 
4.499208e+01 
3.371023e+01 
-2.949916e+00 
-3.648204e+01 
-4.180023e+01 
-7.270918e-01 
6.198732e+01 

6.554613e+01 
1.391745e+01 
-2.168063e+00 
7.539106e+00 
1.973663e+01 
2.902343e+01 
4.497868e+01 
4.498019e+01 
4.498314e+01 
4.498797e+01 
4.499511e+01 
4.500476e+01 
4.501661e+01 
4.502954e+01 
4.504170e+01 
4.505086e+01 
4.505521e+01 
4.505412e+01 
4.504828e+01 
4.503936e+01 
4.502927e+01 
4.501955e+01 
4.501114e+01 
4.500441e+01 
4.499934e+01 
4.499575e+01 
3.947741e+01 
4.910746e+00 
-2.964023e+01 
-3.922882e+01 
-3.728210e+00 
6.107811e+01 

6.385455e+01 
1.209241e+01 
-2.736216e-01 
1.105279e+01 
2.279563e+01 
3.127938e+01 
4.498499e+01 
4.498704e+01 
4.499031e+01 
4.499504e+01 
4.500141e+01 
4.500937e+01 
4.501850e+01 
4.502794e+01 
4.503644e+01 
4.504265e+01 
4.504552e+01 
4.504471e+01 
4.504062e+01 
4.503424e+01 
4.502678e+01 
4.501928e+01 
4.501248e+01 
4.500676e+01 
4.500222e+01 
4.499882e+01 
4.561043e+01 
1.192028e+01 
-2.533267e+01 
-3.722289e+01 
-6.797895e+00 
5.999440e+01 

6.267563e+01 
1.150030e+01 
-1.856329e+00 
1.815179e+00 
8.003425e+00 
1.921147e+01 
4.492475e+01 
4.491132e+01 
4.489724e+01 
4.488468e+01 
4.487804e+01 
4.488439e+01 
4.491119e+01 
4.495848e+01 
4.500921e+01 
4.503359e+01 
4.501222e+01 
4.495481e+01 
4.489323e+01 
4.485545e+01 
4.484765e+01 
4.486010e+01 
4.488095e+01 
4.490268e+01 
4.492195e+01 
4.493787e+01 
1.232947e+01 
-2.488624e+01 
-3.599811e+01 
-3.762985e+01 
-8.633885e+00 
5.907117e+01 

6.128143e+01 
1.223085e+01 
-6.425450e+00 
-1.258950e+01 
-1.055880e+01 
4.505359e+00 
4.483167e+01 
4.479148e+01 
4.474389e+01 
4.469528e+01 
4.466509e+01 
4.468671e+01 
4.477649e+01 
4.489408e+01 
4.497866e+01 
4.500338e+01 
4.496793e+01 
4.487751e+01 
4.474391e+01 
4.460496e+01 
4.452551e+01 
4.453839e+01 
4.461025e+01 
4.469391e+01 
4.476602e+01 
4.482187e+01 
-1.421317e+01 
-4.665772e+01 
-5.066784e+01 
-3.975519e+01 
-9.394339e+00 
5.754076e+01 

5.841211e+01 
1.204570e+01 
-7.800787e+00 
-1.485590e+01 
-1.221055e+01 
4.973248e+00 
4.486318e+01 
4.483929e+01 
4.481541e+01 
4.479789e+01 
4.479692e+01 
4.482126e+01 
4.486752e+01 
4.491703e+01 
4.494877e+01 
4.495176e+01 
4.492515e+01 
4.487357e+01 
4.480550e+01 
4.473467e+01 
4.467971e+01 
4.465674e+01 
4.466871e+01 
4.470476e+01 
4.475021e+01 
4.479470e+01 
-2.221514e+01 
-5.190054e+01 
-5.438414e+01 
-4.010474e+01 
-1.038684e+01 
5.406444e+01 

5.537405e+01 
1.414461e+01 
-4.271080e-01 
6.233714e-01 
1.056353e+01 
2.976113e+01 
4.497722e+01 
4.497350e+01 
4.496886e+01 
4.496345e+01 
4.495757e+01 
4.495163e+01 
4.494597e+01 
4.494061e+01 
4.493512e+01 
4.492878e+01 
4.492111e+01 
4.491237e+01 
4.490363e+01 
4.489636e+01 
4.489182e+01 
4.489065e+01 
4.489277e+01 
4.489759e+01 
4.490427e+01 
4.491199e+01 
-2.846392e-01 
-3.797641e+01 
-4.681820e+01 
-4.092649e+01 
-8.268660e+00 
5.004544e+01 

5.592507e+01 
5.508231e+01 
7.706257e+01 
-5.151155e+01 
-8.147846e+01 
4.412765e+01 
4.498873e+01 
4.498364e+01 
4.497831e+01 
4.497302e+01 
4.496811e+01 
4.496386e+01 
4.496049e+01 
4.495811e+01 
4.495678e+01 
4.495647e+01 
4.495713e+01 
4.495870e+01 
4.496110e+01 
4.496424e+01 
4.496795e+01 
4.497200e+01 
4.497611e+01 
4.497998e+01 
4.498337e+01 
4.498613e+01 
3.760318e+01 
6.413340e+00 
-4.783719e+01 
-8.895644e+01 
8.114210e+01 
5.123807e+01 

6.306648e+01 
-6.224631e+01 
1.806142e+01 
-7.154741e+01 
2.383922e+00 
3.609277e+01 
4.498745e+01 
4.498779e+01 
4.498825e+01 
4.498876e+01 
4.498927e+01 
4.498975e+01 
4.499016e+01 
4.499050e+01 
4.499074e+01 
4.499091e+01 
4.499099e+01 
4.499099e+01 
4.499092e+01 
4.499078e+01 
4.499058e+01 
4.499034e+01 
4.499008e+01 
4.498985e+01 
4.498967e+01 
4.498961e+01 
3.770635e+01 
1.130267e+01 
-4.766465e+01 
3.019944e+01 
-6.657564e+01 
5.569394e+01 

