5.773446e+01
5.130205e+01
5.106692e+01
5.685568e+01
6.102271e+01
6.283458e+01
6.369015e+01
6.449353e+01
6.514432e+01
6.564725e+01
6.601113e+01
6.624737e+01
6.636824e+01
6.638509e+01
6.630701e+01
6.614001e+01
6.588658e+01
6.554557e+01
6.511226e+01
6.457858e+01
6.393388e+01
6.316625e+01
6.226447e+01
6.122019e+01
6.002997e+01
5.869657e+01
5.777138e+01
5.665943e+01
5.408378e+01
5.072367e+01
5.083643e+01
5.860375e+01

-5.494930e+01
-4.740670e+01
-2.065553e+01
-8.224281e+00
-2.797694e-01
4.561932e+00
7.809608e+00
1.105823e+01
1.410495e+01
1.687522e+01
1.929562e+01
2.130379e+01
2.285572e+01
2.392857e+01
2.451929e+01
2.464065e+01
2.431697e+01
2.358117e+01
2.247374e+01
2.104248e+01
1.934169e+01
1.742955e+01
1.536344e+01
1.319451e+01
1.096299e+01
8.695551e+00
7.407745e+00
6.614664e+00
4.642183e+00
6.534393e+00
6.215367e+01
-5.352232e+01

3.570965e+01
3.612151e+01
-6.417388e+01
-4.194204e+01
-3.740015e+01
-3.365318e+01
-3.271378e+01
-3.480435e+01
-3.689542e+01
-3.876465e+01
-4.016444e+01
-4.084559e+01
-4.059450e+01
-3.928047e+01
-3.690281e+01
-3.361767e+01
-2.971971e+01
-2.557122e+01
-2.150878e+01
-1.777589e+01
-1.450632e+01
-1.174594e+01
-9.487096e+00
-7.697957e+00
-6.342021e+00
-5.389201e+00
-7.643888e+00
-1.244885e+01
-1.392063e+01
-8.087621e+00
-1.513950e+01
2.774518e+01

-7.522503e+01
7.400573e+01
-7.683932e+01
-6.214409e+01
-4.920563e+01
-3.312962e+01
-2.878531e+01
-3.778429e+01
-4.753370e+01
-5.701245e+01
-6.521906e+01
-7.149041e+01
-7.552490e+01
-7.720142e+01
-7.639301e+01
-7.286857e+01
-6.633272e+01
-5.670615e+01
-4.466903e+01
-3.192066e+01
-2.037533e+01
-1.105806e+01
-4.013512e+00
1.151597e+00
4.871765e+00
7.484504e+00
-9.491529e-01
-1.544325e+01
-1.979507e+01
-1.456382e+01
2.403455e+01
-8.472471e+01

-9.505829e-01
-6.547976e+01
-7.391034e+01
-6.931998e+01
-4.768830e+01
-1.403168e+01
5.987324e-01
-8.506827e+00
-2.039238e+01
-3.466515e+01
-4.930036e+01
-6.164165e+01
-7.021927e+01
-7.486490e+01
-7.576240e+01
-7.281120e+01
-6.546022e+01
-5.312366e+01
-3.668238e+01
-1.969160e+01
-5.770763e+00
4.208566e+00
1.107672e+01
1.584462e+01
1.925898e+01
2.182658e+01
8.523285e+00
-1.173330e+01
-1.763495e+01
-1.184546e+01
5.675068e+01
-1.216950e+01

3.614919e+01
2.846620e+01
-3.272873e+01
-5.233816e+01
-2.439137e+01
1.258634e+01
2.709910e+01
2.309071e+01
1.884600e+01
1.408553e+01
8.612931e+00
2.490117e+00
-3.718274e+00
-8.851459e+00
-1.151953e+01
-1.082198e+01
-6.886805e+00
-8.559815e-01
5.740564e+00
1.177011e+01
1.678404e+01
2.081406e+01
2.409250e+01
2.689288e+01
2.947201e+01
3.205752e+01
2.192312e+01
6.267732e+00
5.435670e+00
2.853183e+01
3.036396e+01
3.333964e+01

4.498670e+01
4.497524e+01
4.488905e+01
4.472801e+01
4.472718e+01
4.492302e+01
4.498629e+01
4.497861e+01
4.496912e+01
4.495766e+01
4.494439e+01
4.492985e+01
4.491515e+01
4.490185e+01
4.489174e+01
4.488639e+01
4.488667e+01
4.489253e+01
4.490295e+01
4.491632e+01
4.493088e+01
4.494514e+01
4.495809e+01
4.496922e+01
4.497844e+01
4.498590e+01
4.494581e+01
4.487922e+01
4.489944e+01
4.496768e+01
4.497206e+01
4.498356e+01

4.498634e+01
4.497363e+01
4.488072e+01
4.471340e+01
4.465104e+01
4.491031e+01
4.499051e+01
4.498284e+01
4.497298e+01
4.496060e+01
4.494567e+01
4.492868e+01
4.491089e+01
4.489434e+01
4.488152e+01
4.487469e+01
4.487516e+01
4.488278e+01
4.489606e+01
4.491268e+01
4.493021e+01
4.494677e+01
4.496122e+01
4.497316e+01
4.498267e+01
4.499006e+01
4.494192e+01
4.485686e+01
4.488161e+01
4.495992e+01
4.496694e+01
4.498379e+01

4.498613e+01
4.497146e+01
4.487553e+01
4.472820e+01
4.458919e+01
4.489812e+01
4.499618e+01
4.498905e+01
4.497942e+01
4.496672e+01
4.495064e+01
4.493148e+01
4.491055e+01
4.489041e+01
4.487444e+01
4.486588e+01
4.486661e+01
4.487638e+01
4.489301e+01
4.491317e+01
4.493365e+01
4.495214e+01
4.496754e+01
4.497966e+01
4.498885e+01
4.499567e+01
4.494016e+01
4.483449e+01
4.486568e+01
4.495176e+01
4.496188e+01
4.498412e+01

4.498606e+01
4.496864e+01
4.487414e+01
4.476304e+01
4.458243e+01
4.488933e+01
4.500329e+01
4.499733e+01
4.498874e+01
4.497672e+01
4.496059e+01
4.494030e+01
4.491709e+01
4.489396e+01
4.487521e+01
4.486509e+01
4.486613e+01
4.487797e+01
4.489759e+01
4.492065e+01
4.494313e+01
4.496246e+01
4.497769e+01
4.498900e+01
4.499706e+01
4.500267e+01
4.494214e+01
4.481854e+01
4.485741e+01
4.494380e+01
4.495708e+01
4.498450e+01

4.498610e+01
4.496522e+01
4.487666e+01
4.480255e+01
4.464227e+01
4.488828e+01
4.501161e+01
4.500751e+01
4.500093e+01
4.499088e+01
4.497637e+01
4.495695e+01
4.493360e+01
4.490936e+01
4.488919e+01
4.487826e+01
4.487958e+01
4.489267e+01
4.491384e+01
4.493786e+01
4.496023e+01
4.497843e+01
4.499185e+01
4.500109e+01
4.500711e+01
4.501083e+01
4.494972e+01
4.482046e+01
4.486349e+01
4.493674e+01
4.495271e+01
4.498490e+01

4.498622e+01
4.496138e+01
4.488270e+01
4.483818e+01
4.473246e+01
4.489980e+01
4.502065e+01
4.501902e+01
4.501535e+01
4.500864e+01
4.499769e+01
4.498170e+01
4.496116e+01
4.493889e+01
4.491984e+01
4.490935e+01
4.491076e+01
4.492354e+01
4.494360e+01
4.496556e+01
4.498496e+01
4.499961e+01
4.500941e+01
4.501530e+01
4.501842e+01
4.501970e+01
4.496424e+01
4.485121e+01
4.488549e+01
4.493110e+01
4.494898e+01
4.498528e+01

4.498637e+01
4.495734e+01
4.489142e+01
4.486871e+01
4.481813e+01
4.492631e+01
4.502974e+01
4.503093e+01
4.503079e+01
4.502840e+01
4.502257e+01
4.501223e+01
4.499733e+01
4.497987e+01
4.496415e+01
4.495532e+01
4.495657e+01
4.496742e+01
4.498399e+01
4.500109e+01
4.501491e+01
4.502401e+01
4.502878e+01
4.503043e+01
4.503008e+01
4.502859e+01
4.498519e+01
4.490649e+01
4.491489e+01
4.492690e+01
4.494602e+01
4.498562e+01

4.498654e+01
4.495338e+01
4.490156e+01
4.489586e+01
4.488924e+01
4.496450e+01
4.503803e+01
4.504203e+01
4.504552e+01
4.504776e+01
4.504765e+01
4.504392e+01
4.503596e+01
4.502485e+01
4.501389e+01
4.500736e+01
4.500825e+01
4.501621e+01
4.502775e+01
4.503855e+01
4.504566e+01
4.504838e+01
4.504765e+01
4.504481e+01
4.504094e+01
4.503669e+01
4.500894e+01
4.496270e+01
4.493867e+01
4.492345e+01
4.494395e+01
4.498590e+01

4.498670e+01
4.494976e+01
4.491137e+01
4.492129e+01
4.494778e+01
4.500453e+01
4.504468e+01
4.505108e+01
4.505773e+01
4.506407e+01
4.506911e+01
4.507146e+01
4.506997e+01
4.506485e+01
4.505836e+01
4.505404e+01
4.505457e+01
4.505970e+01
4.506652e+01
4.507140e+01
4.507226e+01
4.506920e+01
4.506353e+01
4.505673e+01
4.504979e+01
4.504320e+01
4.502869e+01
4.499759e+01
4.494915e+01
4.491961e+01
4.494280e+01
4.498612e+01

4.498682e+01
4.494669e+01
4.491871e+01
4.494475e+01
4.499536e+01
4.503382e+01
4.504898e+01
4.505702e+01
4.506585e+01
4.507508e+01
4.508381e+01
4.509059e+01
4.509393e+01
4.509342e+01
4.509052e+01
4.508807e+01
4.508836e+01
4.509128e+01
4.509435e+01
4.509468e+01
4.509087e+01
4.508354e+01
4.507431e+01
4.506471e+01
4.505563e+01
4.504743e+01
4.503710e+01
4.500432e+01
4.494570e+01
4.491439e+01
4.494258e+01
4.498626e+01

4.498690e+01
4.494434e+01
4.492181e+01
4.496256e+01
4.502626e+01
4.504339e+01
4.505047e+01
4.505916e+01
4.506889e+01
4.507939e+01
4.508985e+01
4.509889e+01
4.510497e+01
4.510733e+01
4.510691e+01
4.510591e+01
4.510621e+01
4.510769e+01
4.510829e+01
4.510576e+01
4.509923e+01
4.508964e+01
4.507867e+01
4.506780e+01
4.505781e+01
4.504896e+01
4.503016e+01
4.498515e+01
4.493073e+01
4.490752e+01
4.494324e+01
4.498633e+01

4.498693e+01
4.494282e+01
4.492032e+01
4.496641e+01
4.502420e+01
4.503249e+01
4.504907e+01
4.505734e+01
4.506659e+01
4.507658e+01
4.508664e+01
4.509556e+01
4.510200e+01
4.510524e+01
4.510595e+01
4.510586e+01
4.510638e+01
4.510731e+01
4.510696e+01
4.510353e+01
4.509652e+01
4.508688e+01
4.507619e+01
4.506572e+01
4.505615e+01
4.504766e+01
4.500978e+01
4.494303e+01
4.490653e+01
4.489955e+01
4.494470e+01
4.498632e+01

4.498689e+01
4.494220e+01
4.491595e+01
4.494643e+01
4.497363e+01
4.500820e+01
4.504501e+01
4.505193e+01
4.505946e+01
4.506735e+01
4.507499e+01
4.508141e+01
4.508565e+01
4.508739e+01
4.508746e+01
4.508736e+01
4.508823e+01
4.508975e+01
4.509031e+01
4.508834e+01
4.508331e+01
4.507593e+01
4.506745e+01
4.505894e+01
4.505098e+01
4.504378e+01
4.498296e+01
4.488058e+01
4.487461e+01
4.489162e+01
4.494683e+01
4.498626e+01

4.498678e+01
4.494250e+01
4.491160e+01
4.490390e+01
4.489309e+01
4.498054e+01
4.503885e+01
4.504373e+01
4.504867e+01
4.505332e+01
4.505708e+01
4.505920e+01
4.505918e+01
4.505726e+01
4.505479e+01
4.505363e+01
4.505484e+01
4.505796e+01
4.506131e+01
4.506296e+01
4.506201e+01
4.505872e+01
4.505393e+01
4.504852e+01
4.504306e+01
4.503784e+01
4.495813e+01
4.480547e+01
4.483670e+01
4.488512e+01
4.494947e+01
4.498614e+01

4.498662e+01
4.494372e+01
4.490970e+01
4.485995e+01
4.483013e+01
4.495723e+01
4.503134e+01
4.503386e+01
4.503583e+01
4.503680e+01
4.503617e+01
4.503339e+01
4.502838e+01
4.502208e+01
4.501646e+01
4.501368e+01
4.501504e+01
4.502003e+01
4.502667e+01
4.503274e+01
4.503673e+01
4.503827e+01
4.503780e+01
4.503600e+01
4.503344e+01
4.503053e+01
4.494107e+01
4.473816e+01
4.479714e+01
4.488133e+01
4.495245e+01
4.498599e+01

4.498639e+01
4.494578e+01
4.491121e+01
4.483566e+01
4.480550e+01
4.494171e+01
4.502328e+01
4.502347e+01
4.502262e+01
4.502020e+01
4.501569e+01
4.500875e+01
4.499972e+01
4.498994e+01
4.498175e+01
4.497762e+01
4.497889e+01
4.498511e+01
4.499430e+01
4.500394e+01
4.501210e+01
4.501791e+01
4.502138e+01
4.502299e+01
4.502326e+01
4.502266e+01
4.493330e+01
4.470618e+01
4.476490e+01
4.488110e+01
4.495560e+01
4.498583e+01

4.498611e+01
4.494859e+01
4.491579e+01
4.483326e+01
4.480871e+01
4.493401e+01
4.501540e+01
4.501360e+01
4.501044e+01
4.500545e+01
4.499824e+01
4.498872e+01
4.497751e+01
4.496617e+01
4.495700e+01
4.495228e+01
4.495329e+01
4.495969e+01
4.496973e+01
4.498106e+01
4.499163e+01
4.500026e+01
4.500661e+01
4.501089e+01
4.501351e+01
4.501492e+01
4.493310e+01
4.471891e+01
4.475109e+01
4.488466e+01
4.495876e+01
4.498569e+01

4.498581e+01
4.495202e+01
4.492250e+01
4.484431e+01
4.482512e+01
4.493249e+01
4.500826e+01
4.500497e+01
4.500021e+01
4.499364e+01
4.498505e+01
4.497459e+01
4.496302e+01
4.495182e+01
4.494298e+01
4.493839e+01
4.493910e+01
4.494490e+01
4.495442e+01
4.496569e+01
4.497687e+01
4.498671e+01
4.499464e+01
4.500064e+01
4.500494e+01
4.500787e+01
4.493761e+01
4.475952e+01
4.476079e+01
4.489156e+01
4.496184e+01
4.498559e+01

4.498549e+01
4.495589e+01
4.493033e+01
4.486093e+01
4.484580e+01
4.493512e+01
4.500219e+01
4.499795e+01
4.499231e+01
4.498506e+01
4.497617e+01
4.496595e+01
4.495517e+01
4.494513e+01
4.493738e+01
4.493334e+01
4.493381e+01
4.493866e+01
4.494690e+01
4.495705e+01
4.496761e+01
4.497743e+01
4.498585e+01
4.499266e+01
4.499793e+01
4.500188e+01
4.494431e+01
4.480653e+01
4.478835e+01
4.490092e+01
4.496476e+01
4.498556e+01

4.498518e+01
4.496004e+01
4.493844e+01
4.487854e+01
4.486654e+01
4.494012e+01
4.499736e+01
4.499265e+01
4.498671e+01
4.497945e+01
4.497097e+01
4.496163e+01
4.495214e+01
4.494356e+01
4.493707e+01
4.493369e+01
4.493399e+01
4.493791e+01
4.494475e+01
4.495343e+01
4.496280e+01
4.497188e+01
4.498004e+01
4.498697e+01
4.499261e+01
4.499708e+01
4.495153e+01
4.484837e+01
4.482310e+01
4.491166e+01
4.496753e+01
4.498564e+01

3.408766e+01
1.651895e+01
-3.025552e+00
-1.720078e+01
-1.206722e+01
1.222270e+01
4.031091e+01
3.439277e+01
2.905012e+01
2.396789e+01
1.878961e+01
1.324367e+01
7.300279e+00
1.363362e+00
-3.654041e+00
-6.603238e+00
-6.669074e+00
-3.822749e+00
1.162381e+00
7.145609e+00
1.320356e+01
1.893781e+01
2.442471e+01
3.003835e+01
3.629970e+01
4.371491e+01
1.672136e+01
-1.888029e+01
-3.547046e+01
-1.967539e+01
2.271855e+01
3.494756e+01

-3.607152e+00
8.592993e+01
-8.702694e+01
-5.536841e+01
-4.298754e+01
-2.003859e+01
1.328245e+01
8.949302e+00
3.418625e+00
-4.014366e+00
-1.390366e+01
-2.618365e+01
-3.947092e+01
-5.134382e+01
-5.989080e+01
-6.445757e+01
-6.505456e+01
-6.172541e+01
-5.446555e+01
-4.370159e+01
-3.097107e+01
-1.864775e+01
-8.507546e+00
-1.049784e+00
3.916225e+00
6.427669e+00
-2.513808e+01
-5.466373e+01
-7.120690e+01
-8.172064e+01
-8.123043e+01
-3.707267e+00

-6.041852e+01
5.606232e+01
-8.150341e+01
-5.148848e+01
-4.163305e+01
-2.434585e+01
-9.453901e+00
-1.221763e+01
-1.675539e+01
-2.310176e+01
-3.114703e+01
-4.037456e+01
-4.975724e+01
-5.805531e+01
-6.431669e+01
-6.808763e+01
-6.926871e+01
-6.790996e+01
-6.413527e+01
-5.821588e+01
-5.071611e+01
-4.254296e+01
-3.475155e+01
-2.822731e+01
-2.354844e+01
-2.113039e+01
-3.316287e+01
-5.239832e+01
-6.563967e+01
-8.722401e+01
6.110600e+01
-6.855654e+01

6.055530e+01
4.035115e+01
-5.058640e+01
-3.555211e+01
-2.943501e+01
-2.193605e+01
-1.799911e+01
-1.866320e+01
-1.982587e+01
-2.145290e+01
-2.349885e+01
-2.589097e+01
-2.851390e+01
-3.120152e+01
-3.374448e+01
-3.591881e+01
-3.753039e+01
-3.845882e+01
-3.868236e+01
-3.827601e+01
-3.738778e+01
-3.620566e+01
-3.492705e+01
-3.373824e+01
-3.280626e+01
-3.228170e+01
-3.500483e+01
-4.019511e+01
-4.439223e+01
-6.489677e+01
2.566089e+01
4.554318e+01

-3.513227e+01
2.431296e+01
-1.487927e+01
-7.320365e+00
-1.304766e+00
1.092293e+00
2.725023e+00
5.101413e+00
7.366384e+00
9.488296e+00
1.142430e+01
1.312419e+01
1.453549e+01
1.560844e+01
1.629958e+01
1.657366e+01
1.640428e+01
1.577459e+01
1.467924e+01
1.312734e+01
1.114538e+01
8.777985e+00
6.084789e+00
3.133343e+00
-1.043860e-02
-3.291504e+00
-5.774570e+00
-8.441507e+00
-1.309741e+01
-1.794594e+01
-5.918101e+01
-4.541125e+01

4.708022e+01
4.105774e+01
4.372839e+01
4.872788e+01
5.156776e+01
5.256484e+01
5.337941e+01
5.459839e+01
5.568270e+01
5.662992e+01
5.744269e+01
5.812757e+01
5.869331e+01
5.914916e+01
5.950320e+01
5.976131e+01
5.992649e+01
5.999854e+01
5.997393e+01
5.984593e+01
5.960502e+01
5.923983e+01
5.873855e+01
5.809069e+01
5.728882e+01
5.633001e+01
5.550395e+01
5.406113e+01
5.059744e+01
4.580014e+01
4.582994e+01
5.260300e+01

