6.551540e+02 
2.908810e+02 
7.755086e+01 
1.016894e+01 
3.870050e+01 
8.275861e+01 
9.998517e+01 
9.998966e+01 
9.999377e+01 
9.999737e+01 
1.000004e+02 
1.000029e+02 
1.000050e+02 
1.000066e+02 
1.000079e+02 
1.000090e+02 
1.000099e+02 
1.000107e+02 
1.000112e+02 
1.000116e+02 
1.000118e+02 
1.000116e+02 
1.000109e+02 
1.000098e+02 
1.000080e+02 
1.000055e+02 
9.500788e+01 
8.262974e+01 
7.083566e+01 
5.059947e+01 
3.799699e+01 
3.867555e+02 

2.189220e+03 
5.870400e+02 
2.161503e+01 
4.215117e+01 
5.205222e+01 
8.078103e+01 
9.995920e+01 
9.994787e+01 
9.993785e+01 
9.993026e+01 
9.992576e+01 
9.992439e+01 
9.992561e+01 
9.992849e+01 
9.993196e+01 
9.993504e+01 
9.993700e+01 
9.993744e+01 
9.993631e+01 
9.993390e+01 
9.993079e+01 
9.992773e+01 
9.992545e+01 
9.992456e+01 
9.992538e+01 
9.992795e+01 
5.324324e+01 
1.466992e+01 
5.243092e+01 
3.735221e+01 
7.980997e+01 
1.409484e+03 

4.024500e+03 
2.981329e+03 
5.947694e+03 
4.712348e+03 
1.795084e+03 
2.722150e+02 
1.001586e+02 
1.001509e+02 
1.001293e+02 
1.000917e+02 
1.000370e+02 
9.996567e+01 
9.988051e+01 
9.978750e+01 
9.969669e+01 
9.962146e+01 
9.957480e+01 
9.956397e+01 
9.958749e+01 
9.963680e+01 
9.970073e+01 
9.976918e+01 
9.983491e+01 
9.989360e+01 
9.994322e+01 
9.998333e+01 
9.355342e+01 
2.512494e+02 
7.957847e+02 
1.740084e+03 
1.967013e+03 
2.787990e+03 

5.556032e+03 
1.323137e+04 
2.107741e+04 
1.783052e+04 
8.242495e+03 
1.033000e+03 
1.002374e+02 
1.000577e+02 
9.980844e+01 
9.954540e+01 
9.933133e+01 
9.919557e+01 
9.912992e+01 
9.910712e+01 
9.909586e+01 
9.906890e+01 
9.901442e+01 
9.895855e+01 
9.897631e+01 
9.913002e+01 
9.938462e+01 
9.964957e+01 
9.986681e+01 
1.000232e+02 
1.001267e+02 
1.001901e+02 
2.996863e+02 
1.588714e+03 
3.788993e+03 
5.764105e+03 
5.095904e+03 
3.651856e+03 

6.112904e+03 
2.283052e+04 
3.182565e+04 
2.490032e+04 
1.165608e+04 
1.510022e+03 
1.007450e+02 
1.006816e+02 
1.004078e+02 
9.986483e+01 
9.921663e+01 
9.874610e+01 
9.854132e+01 
9.851277e+01 
9.854936e+01 
9.856546e+01 
9.850374e+01 
9.838690e+01 
9.840793e+01 
9.874408e+01 
9.923710e+01 
9.966164e+01 
9.995464e+01 
1.001369e+02 
1.002417e+02 
1.002953e+02 
4.075211e+02 
2.183498e+03 
4.908633e+03 
7.138381e+03 
6.219424e+03 
4.043913e+03 

6.213351e+03 
2.786577e+04 
3.686312e+04 
2.611788e+04 
8.962680e+03 
9.296586e+02 
1.006480e+02 
1.006667e+02 
1.006533e+02 
1.005818e+02 
1.004154e+02 
1.001201e+02 
9.969733e+01 
9.921014e+01 
9.875160e+01 
9.839101e+01 
9.818381e+01 
9.818661e+01 
9.840048e+01 
9.874293e+01 
9.911010e+01 
9.943428e+01 
9.968997e+01 
9.987747e+01 
1.000078e+02 
1.000942e+02 
1.831801e+02 
7.782568e+02 
2.483283e+03 
5.155375e+03 
6.054714e+03 
4.178872e+03 

6.189266e+03 
3.122627e+04 
4.399476e+04 
3.221958e+04 
9.807154e+03 
8.571053e+02 
1.005672e+02 
1.005143e+02 
1.004105e+02 
1.002399e+02 
9.998884e+01 
9.965358e+01 
9.924844e+01 
9.881213e+01 
9.840506e+01 
9.809527e+01 
9.793673e+01 
9.795066e+01 
9.811955e+01 
9.839661e+01 
9.872426e+01 
9.905189e+01 
9.934558e+01 
9.958908e+01 
9.977941e+01 
9.992125e+01 
9.273305e+01 
2.031514e+02 
1.318333e+03 
4.523282e+03 
6.433774e+03 
4.223044e+03 

6.132449e+03 
3.569878e+04 
5.715412e+04 
4.530390e+04 
1.813530e+04 
1.370032e+03 
1.007910e+02 
1.007668e+02 
1.006838e+02 
1.005161e+02 
1.002365e+02 
9.982676e+01 
9.929417e+01 
9.868696e+01 
9.809664e+01 
9.763560e+01 
9.739709e+01 
9.741811e+01 
9.766765e+01 
9.806592e+01 
9.851992e+01 
9.895459e+01 
9.932623e+01 
9.961962e+01 
9.983781e+01 
9.999221e+01 
1.357389e+02 
4.564183e+02 
2.321039e+03 
6.292495e+03 
7.612611e+03 
4.259186e+03 

6.071873e+03 
3.982211e+04 
7.142001e+04 
5.621138e+04 
3.066084e+04 
2.188292e+03 
1.010591e+02 
1.010812e+02 
1.010409e+02 
1.009003e+02 
1.006122e+02 
1.001331e+02 
9.944991e+01 
9.861525e+01 
9.776254e+01 
9.707644e+01 
9.671691e+01 
9.674791e+01 
9.711539e+01 
9.768415e+01 
9.830634e+01 
9.887380e+01 
9.933429e+01 
9.967894e+01 
9.992170e+01 
1.000839e+02 
2.045378e+02 
9.406696e+02 
3.901569e+03 
8.636282e+03 
8.925230e+03 
4.284684e+03 

6.011010e+03 
4.328438e+04 
8.579599e+04 
6.279356e+04 
4.461695e+04 
3.438658e+03 
1.013661e+02 
1.014537e+02 
1.014822e+02 
1.014012e+02 
1.011383e+02 
1.006100e+02 
9.976253e+01 
9.863898e+01 
9.743024e+01 
9.642585e+01 
9.589200e+01 
9.593616e+01 
9.646566e+01 
9.726237e+01 
9.809745e+01 
9.882104e+01 
9.937663e+01 
9.976970e+01 
1.000310e+02 
1.001946e+02 
3.105547e+02 
1.796741e+03 
6.181748e+03 
1.163883e+04 
1.035714e+04 
4.302197e+03 

5.952770e+03 
4.582340e+04 
9.935605e+04 
6.587306e+04 
5.492815e+04 
5.222383e+03 
1.016991e+02 
1.018693e+02 
1.019920e+02 
1.020054e+02 
1.018084e+02 
1.012629e+02 
1.002476e+02 
9.878533e+01 
9.712625e+01 
9.571112e+01 
9.494927e+01 
9.500717e+01 
9.574345e+01 
9.682015e+01 
9.790699e+01 
9.880283e+01 
9.945367e+01 
9.988861e+01 
1.001607e+02 
1.003190e+02 
4.653539e+02 
3.137108e+03 
9.015861e+03 
1.529867e+04 
1.188153e+04 
4.314433e+03 

5.899425e+03 
4.727485e+04 
1.114331e+05 
6.748868e+04 
6.008517e+04 
7.521346e+03 
1.020374e+02 
1.023010e+02 
1.025355e+02 
1.026695e+02 
1.025728e+02 
1.020380e+02 
1.008636e+02 
9.902881e+01 
9.686140e+01 
9.497286e+01 
9.394787e+01 
9.402276e+01 
9.499211e+01 
9.638341e+01 
9.774160e+01 
9.881539e+01 
9.955612e+01 
1.000249e+02 
1.003006e+02 
1.004484e+02 
6.748273e+02 
4.855973e+03 
1.182220e+04 
1.945375e+04 
1.345824e+04 
4.323952e+03 

5.852611e+03 
4.759291e+04 
1.215392e+05 
6.928536e+04 
6.254306e+04 
1.009154e+04 
1.023550e+02 
1.027126e+02 
1.030621e+02 
1.033243e+02 
1.033400e+02 
1.028279e+02 
1.015062e+02 
9.929696e+01 
9.662379e+01 
9.425828e+01 
9.297299e+01 
9.306921e+01 
9.427081e+01 
9.597692e+01 
9.759974e+01 
9.884374e+01 
9.966564e+01 
1.001614e+02 
1.004362e+02 
1.005708e+02 
9.298298e+02 
6.496878e+03 
1.385795e+04 
2.373332e+04 
1.503399e+04 
4.333022e+03 

5.813361e+03 
4.683971e+04 
1.290806e+05 
7.225139e+04 
6.491687e+04 
1.244540e+04 
1.026236e+02 
1.030638e+02 
1.035151e+02 
1.038906e+02 
1.040035e+02 
1.035089e+02 
1.020492e+02 
9.951312e+01 
9.639548e+01 
9.362396e+01 
9.212062e+01 
9.223770e+01 
9.364523e+01 
9.562232e+01 
9.747667e+01 
9.886805e+01 
9.976011e+01 
1.002783e+02 
1.005512e+02 
1.006735e+02 
1.197674e+03 
7.566882e+03 
1.480632e+04 
2.760351e+04 
1.654416e+04 
4.343554e+03 

5.782188e+03 
4.515425e+04 
1.330763e+05 
7.692541e+04 
6.862825e+04 
1.400051e+04 
1.028172e+02 
1.033179e+02 
1.038433e+02 
1.042991e+02 
1.044760e+02 
1.039838e+02 
1.024102e+02 
9.962902e+01 
9.618826e+01 
9.313099e+01 
9.147652e+01 
9.161243e+01 
9.316968e+01 
9.534369e+01 
9.737014e+01 
9.887305e+01 
9.982058e+01 
1.003578e+02 
1.006307e+02 
1.007448e+02 
1.423676e+03 
7.975012e+03 
1.489457e+04 
3.052729e+04 
1.791557e+04 
4.357075e+03 

5.759146e+03 
4.271664e+04 
1.321595e+05 
8.344698e+04 
7.405127e+04 
1.433029e+04 
1.029163e+02 
1.034476e+02 
1.040097e+02 
1.045033e+02 
1.047062e+02 
1.042049e+02 
1.025620e+02 
9.964619e+01 
9.603833e+01 
9.283526e+01 
9.110535e+01 
9.125150e+01 
9.288499e+01 
9.516349e+01 
9.728454e+01 
9.885271e+01 
9.983591e+01 
1.003881e+02 
1.006644e+02 
1.007764e+02 
1.548637e+03 
7.940910e+03 
1.452127e+04 
3.214916e+04 
1.907013e+04 
4.374751e+03 

5.743892e+03 
3.971931e+04 
1.251284e+05 
9.116773e+04 
8.018624e+04 
1.336160e+04 
1.029107e+02 
1.034389e+02 
1.039960e+02 
1.044824e+02 
1.046751e+02 
1.041615e+02 
1.025072e+02 
9.958416e+01 
9.597412e+01 
9.277123e+01 
9.103998e+01 
9.118293e+01 
9.281507e+01 
9.509754e+01 
9.722824e+01 
9.880862e+01 
9.980331e+01 
1.003647e+02 
1.006476e+02 
1.007643e+02 
1.534826e+03 
7.680343e+03 
1.397073e+04 
3.237414e+04 
1.992953e+04 
4.397420e+03 

5.735686e+03 
3.634898e+04 
1.119567e+05 
9.765315e+04 
8.339720e+04 
1.140643e+04 
1.028008e+02 
1.032925e+02 
1.038038e+02 
1.042384e+02 
1.043856e+02 
1.038574e+02 
1.022496e+02 
9.944580e+01 
9.599742e+01 
9.293971e+01 
9.128205e+01 
9.141072e+01 
9.296599e+01 
9.515334e+01 
9.720843e+01 
9.874664e+01 
9.972700e+01 
1.002903e+02 
1.005822e+02 
1.007097e+02 
1.384115e+03 
7.274148e+03 
1.335785e+04 
3.131271e+04 
2.042141e+04 
4.425617e+03 

5.733364e+03 
3.277713e+04 
9.443366e+04 
9.788043e+04 
7.753197e+04 
9.002684e+03 
1.025979e+02 
1.030242e+02 
1.034539e+02 
1.037967e+02 
1.038636e+02 
1.033127e+02 
1.017977e+02 
9.922275e+01 
9.608880e+01 
9.331452e+01 
9.180765e+01 
9.191820e+01 
9.332889e+01 
9.533069e+01 
9.723080e+01 
9.867598e+01 
9.961737e+01 
1.001745e+02 
1.004760e+02 
1.006187e+02 
1.137526e+03 
6.669997e+03 
1.265916e+04 
2.917701e+04 
2.048805e+04 
4.459574e+03 

5.735257e+03 
2.915488e+04 
7.554112e+04 
8.701206e+04 
6.067508e+04 
6.661534e+03 
1.023222e+02 
1.026624e+02 
1.029852e+02 
1.032076e+02 
1.031670e+02 
1.025856e+02 
1.011939e+02 
9.893276e+01 
9.623348e+01 
9.386080e+01 
9.257245e+01 
9.266707e+01 
9.388034e+01 
9.562192e+01 
9.730213e+01 
9.861047e+01 
9.949072e+01 
1.000327e+02 
1.003418e+02 
1.005011e+02 
8.567002e+02 
5.735320e+03 
1.174567e+04 
2.621372e+04 
2.009718e+04 
4.499190e+03 

5.739118e+03 
2.560943e+04 
5.800310e+04 
6.705970e+04 
4.043762e+04 
4.694396e+03 
1.020000e+02 
1.022446e+02 
1.024504e+02 
1.025424e+02 
1.023871e+02 
1.017804e+02 
1.005324e+02 
9.863956e+01 
9.643935e+01 
9.453853e+01 
9.351066e+01 
9.358948e+01 
9.457771e+01 
9.601055e+01 
9.742868e+01 
9.856778e+01 
9.936747e+01 
9.988358e+01 
1.001952e+02 
1.003693e+02 
5.976122e+02 
4.404537e+03 
1.043158e+04 
2.268992e+04 
1.925249e+04 
4.543977e+03 

5.742068e+03 
2.224116e+04 
4.333388e+04 
4.612897e+04 
2.454639e+04 
3.197899e+03 
1.016596e+02 
1.018109e+02 
1.019059e+02 
1.018796e+02 
1.016291e+02 
1.010187e+02 
9.993683e+01 
9.841961e+01 
9.672613e+01 
9.529543e+01 
9.453013e+01 
9.459474e+01 
9.535265e+01 
9.646934e+01 
9.761009e+01 
9.856384e+01 
9.926745e+01 
9.974591e+01 
1.000519e+02 
1.002360e+02 
3.922726e+02 
2.885119e+03 
8.599526e+03 
1.889753e+04 
1.799969e+04 
4.592995e+03 

5.740620e+03 
1.912205e+04 
3.186758e+04 
2.982347e+04 
1.441075e+04 
2.132844e+03 
1.013269e+02 
1.013970e+02 
1.014007e+02 
1.012855e+02 
1.009783e+02 
1.003977e+02 
9.949671e+01 
9.832779e+01 
9.708802e+01 
9.606743e+01 
9.552926e+01 
9.557990e+01 
9.612855e+01 
9.695803e+01 
9.783597e+01 
9.860557e+01 
9.920423e+01 
9.963409e+01 
9.992507e+01 
1.001119e+02 
2.471529e+02 
1.584283e+03 
6.387555e+03 
1.513794e+04 
1.642397e+04 
4.644792e+03 

5.730792e+03 
1.629635e+04 
2.325976e+04 
1.885948e+04 
8.438987e+03 
1.407409e+03 
1.010219e+02 
1.010288e+02 
1.009676e+02 
1.007993e+02 
1.004770e+02 
9.995881e+01 
9.923606e+01 
9.836694e+01 
9.748910e+01 
9.678836e+01 
9.642390e+01 
9.645931e+01 
9.684113e+01 
9.743382e+01 
9.808699e+01 
9.868837e+01 
9.918172e+01 
9.955560e+01 
9.982293e+01 
1.000050e+02 
1.530037e+02 
7.342821e+02 
4.209987e+03 
1.167802e+04 
1.463754e+04 
4.697377e+03 

5.708340e+03 
1.378354e+04 
1.693615e+04 
1.190671e+04 
4.981299e+03 
9.270715e+02 
1.007569e+02 
1.007199e+02 
1.006201e+02 
1.004311e+02 
1.001260e+02 
9.968807e+01 
9.912733e+01 
9.849517e+01 
9.788566e+01 
9.741241e+01 
9.716891e+01 
9.719217e+01 
9.745119e+01 
9.786565e+01 
9.834093e+01 
9.879952e+01 
9.919518e+01 
9.951083e+01 
9.974847e+01 
9.991925e+01 
9.561970e+01 
2.844538e+02 
2.470590e+03 
8.701761e+03 
1.276085e+04 
4.748236e+03 

5.669082e+03 
1.158311e+04 
1.233530e+04 
7.558955e+03 
2.965441e+03 
6.145290e+02 
1.005367e+02 
1.004735e+02 
1.003565e+02 
1.001697e+02 
9.990004e+01 
9.954466e+01 
9.911956e+01 
9.866529e+01 
9.824387e+01 
9.792434e+01 
9.776118e+01 
9.777576e+01 
9.795051e+01 
9.823815e+01 
9.858010e+01 
9.892423e+01 
9.923506e+01 
9.949503e+01 
9.970033e+01 
9.985522e+01 
6.217210e+01 
8.434510e+01 
1.304948e+03 
6.288620e+03 
1.090361e+04 
4.794402e+03 

5.619723e+03 
1.050411e+04 
1.171341e+04 
8.029675e+03 
3.599781e+03 
7.461038e+02 
1.006588e+02 
1.006420e+02 
1.005753e+02 
1.004344e+02 
1.001938e+02 
9.983856e+01 
9.938565e+01 
9.890077e+01 
9.848213e+01 
9.821069e+01 
9.812561e+01 
9.823575e+01 
9.851031e+01 
9.886729e+01 
9.921438e+01 
9.949865e+01 
9.971032e+01 
9.986082e+01 
9.996561e+01 
1.000376e+02 
1.362152e+02 
5.388811e+02 
2.103228e+03 
5.925474e+03 
9.731099e+03 
4.808067e+03 

5.431429e+03 
9.746999e+03 
1.254329e+04 
9.829523e+03 
5.079334e+03 
1.065374e+03 
1.008491e+02 
1.008497e+02 
1.007729e+02 
1.005680e+02 
1.001888e+02 
9.966121e+01 
9.914551e+01 
9.880480e+01 
9.862083e+01 
9.848466e+01 
9.834470e+01 
9.823576e+01 
9.826286e+01 
9.854574e+01 
9.906982e+01 
9.962022e+01 
1.000050e+02 
1.002052e+02 
1.002847e+02 
1.003017e+02 
4.324068e+02 
2.217219e+03 
4.351305e+03 
6.772826e+03 
8.265851e+03 
4.717316e+03 

4.793241e+03 
7.339212e+03 
8.871505e+03 
6.402677e+03 
3.099974e+03 
6.675632e+02 
1.005660e+02 
1.005148e+02 
1.004034e+02 
1.002156e+02 
9.995377e+01 
9.965642e+01 
9.938998e+01 
9.920043e+01 
9.908277e+01 
9.900670e+01 
9.895398e+01 
9.893164e+01 
9.896648e+01 
9.908839e+01 
9.930361e+01 
9.957384e+01 
9.983208e+01 
1.000272e+02 
1.001471e+02 
1.002059e+02 
4.313623e+02 
2.453268e+03 
4.648902e+03 
5.856452e+03 
5.164571e+03 
4.281982e+03 

3.514210e+03 
3.031117e+03 
2.669509e+03 
1.361218e+03 
5.280474e+02 
1.822431e+02 
1.001202e+02 
1.000779e+02 
1.000223e+02 
9.995369e+01 
9.987450e+01 
9.979000e+01 
9.970846e+01 
9.964023e+01 
9.959549e+01 
9.958128e+01 
9.959916e+01 
9.964492e+01 
9.971014e+01 
9.978466e+01 
9.985892e+01 
9.992551e+01 
9.997990e+01 
1.000204e+02 
1.000475e+02 
1.000631e+02 
1.615039e+02 
8.063992e+02 
1.929814e+03 
2.379670e+03 
1.379061e+03 
3.115138e+03 

1.840367e+03 
4.205272e+02 
7.843928e+01 
2.919149e+01 
4.974731e+00 
5.191529e+01 
9.991260e+01 
9.990776e+01 
9.990553e+01 
9.990605e+01 
9.990906e+01 
9.991397e+01 
9.991990e+01 
9.992593e+01 
9.993123e+01 
9.993523e+01 
9.993769e+01 
9.993873e+01 
9.993876e+01 
9.993848e+01 
9.993864e+01 
9.993995e+01 
9.994286e+01 
9.994741e+01 
9.995327e+01 
9.995983e+01 
7.236707e+01 
2.978349e+01 
3.360867e+01 
3.722461e+01 
1.419616e+02 
1.628803e+03 

5.225210e+02 
1.789937e+02 
7.689159e+01 
3.987559e+01 
5.721323e+01 
8.789521e+01 
9.999605e+01 
1.000001e+02 
1.000034e+02 
1.000061e+02 
1.000080e+02 
1.000093e+02 
1.000102e+02 
1.000107e+02 
1.000108e+02 
1.000108e+02 
1.000105e+02 
1.000101e+02 
1.000095e+02 
1.000087e+02 
1.000075e+02 
1.000060e+02 
1.000040e+02 
1.000015e+02 
9.999853e+01 
9.999507e+01 
8.875345e+01 
5.799940e+01 
2.818371e+01 
3.412139e+01 
1.243275e+02 
4.854365e+02 

