6.937843e+02 
1.946220e+03 
3.729945e+03 
4.941240e+03 
5.259273e+03 
5.251740e+03 
5.201413e+03 
5.147796e+03 
5.091202e+03 
5.035239e+03 
4.982805e+03 
4.935945e+03 
4.895860e+03 
4.863049e+03 
4.837538e+03 
4.819116e+03 
4.807521e+03 
4.802521e+03 
4.803864e+03 
4.811121e+03 
4.823433e+03 
4.839266e+03 
4.856232e+03 
4.871068e+03 
4.879813e+03 
4.878164e+03 
4.859727e+03 
4.747394e+03 
4.335599e+03 
3.346011e+03 
1.867959e+03 
6.229912e+02 

2.052591e+02 
1.755076e+02 
2.404797e+03 
1.049857e+04 
1.786181e+04 
2.152992e+04 
2.351150e+04 
2.577107e+04 
2.768759e+04 
2.915845e+04 
3.012694e+04 
3.058816e+04 
3.058070e+04 
3.016891e+04 
2.942364e+04 
2.840790e+04 
2.717012e+04 
2.574468e+04 
2.415730e+04 
2.243264e+04 
2.060097e+04 
1.870161e+04 
1.678176e+04 
1.489158e+04 
1.307765e+04 
1.137734e+04 
1.048490e+04 
9.566657e+03 
6.685383e+03 
2.370159e+03 
2.490671e+02 
2.117266e+02 

1.678562e+02 
1.562272e+03 
3.283434e+03 
1.178772e+04 
2.166050e+04 
2.879333e+04 
3.595925e+04 
4.680067e+04 
5.952672e+04 
7.375337e+04 
8.870281e+04 
1.031503e+05 
1.154378e+05 
1.236294e+05 
1.259286e+05 
1.213740e+05 
1.104823e+05 
9.525930e+04 
7.839513e+04 
6.222110e+04 
4.813457e+04 
3.662530e+04 
2.759643e+04 
2.068378e+04 
1.546125e+04 
1.153980e+04 
1.043326e+04 
9.890156e+03 
5.980297e+03 
1.245794e+03 
1.221563e+02 
2.179344e+02 

6.045034e+01 
5.846725e+02 
3.450622e+03 
8.955728e+03 
1.373428e+04 
1.708744e+04 
2.329059e+04 
3.437268e+04 
4.643819e+04 
5.731953e+04 
6.566729e+04 
7.172128e+04 
7.667097e+04 
8.174555e+04 
8.770836e+04 
9.446620e+04 
1.003421e+05 
1.013030e+05 
9.253638e+04 
7.409327e+04 
5.273000e+04 
3.488945e+04 
2.237770e+04 
1.425174e+04 
9.096090e+03 
5.819788e+03 
5.393904e+03 
5.510981e+03 
2.907046e+03 
2.830023e+02 
2.109845e+02 
1.191808e+02 

4.772269e+01 
6.367483e+01 
1.297950e+03 
4.377822e+03 
5.802189e+03 
4.936328e+03 
6.337764e+03 
1.243035e+04 
2.259265e+04 
3.600756e+04 
4.826005e+04 
5.565653e+04 
5.927630e+04 
6.210334e+04 
6.626053e+04 
7.264189e+04 
8.031692e+04 
8.423465e+04 
7.550814e+04 
5.415832e+04 
3.281495e+04 
1.855129e+04 
1.038623e+04 
5.871571e+03 
3.350569e+03 
1.913589e+03 
1.874035e+03 
2.161566e+03 
1.039150e+03 
5.810331e+01 
4.029897e+01 
6.756523e+01 

8.237716e+01 
5.358486e+01 
9.596550e+01 
4.975029e+02 
7.904699e+02 
5.686920e+02 
6.358390e+02 
1.113883e+03 
1.977912e+03 
3.512459e+03 
6.117529e+03 
1.015789e+04 
1.553031e+04 
2.119580e+04 
2.539203e+04 
2.654809e+04 
2.412339e+04 
1.907389e+04 
1.337936e+04 
8.629498e+03 
5.309406e+03 
3.200828e+03 
1.921496e+03 
1.159072e+03 
7.065261e+02 
4.373074e+02 
4.258134e+02 
4.876916e+02 
2.558680e+02 
5.985162e+01 
3.238234e+01 
8.636921e+01 

9.998579e+01 
9.992927e+01 
9.982700e+01 
9.970853e+01 
1.002880e+02 
1.003959e+02 
1.004109e+02 
1.006538e+02 
1.009725e+02 
1.013766e+02 
1.018660e+02 
1.024228e+02 
1.030049e+02 
1.035452e+02 
1.039627e+02 
1.041833e+02 
1.041640e+02 
1.039085e+02 
1.034657e+02 
1.029122e+02 
1.023279e+02 
1.017766e+02 
1.012969e+02 
1.009037e+02 
1.005956e+02 
1.003621e+02 
1.003658e+02 
1.004163e+02 
1.001774e+02 
9.991167e+01 
9.987993e+01 
9.999563e+01 

9.998977e+01 
9.992435e+01 
9.979156e+01 
9.945181e+01 
1.000695e+02 
1.002900e+02 
1.002545e+02 
1.004943e+02 
1.008257e+02 
1.012679e+02 
1.018310e+02 
1.025032e+02 
1.032370e+02 
1.039427e+02 
1.045014e+02 
1.047990e+02 
1.047678e+02 
1.044150e+02 
1.038188e+02 
1.030970e+02 
1.023650e+02 
1.017057e+02 
1.011600e+02 
1.007356e+02 
1.004201e+02 
1.001937e+02 
1.002268e+02 
1.002915e+02 
1.000603e+02 
9.985870e+01 
9.987810e+01 
9.999974e+01 

9.999360e+01 
9.991867e+01 
9.975342e+01 
9.920396e+01 
9.968045e+01 
1.001338e+02 
1.000355e+02 
1.002493e+02 
1.005651e+02 
1.010138e+02 
1.016204e+02 
1.023863e+02 
1.032651e+02 
1.041455e+02 
1.048618e+02 
1.052454e+02 
1.051958e+02 
1.047260e+02 
1.039559e+02 
1.030582e+02 
1.021899e+02 
1.014491e+02 
1.008716e+02 
1.004498e+02 
1.001566e+02 
9.996099e+01 
1.000293e+02 
1.000943e+02 
9.989461e+01 
9.979810e+01 
9.987798e+01 
1.000032e+02 

9.999715e+01 
9.991297e+01 
9.971515e+01 
9.902468e+01 
9.917517e+01 
9.991866e+01 
9.975246e+01 
9.991093e+01 
1.001712e+02 
1.005740e+02 
1.011605e+02 
1.019508e+02 
1.029079e+02 
1.039031e+02 
1.047301e+02 
1.051729e+02 
1.050985e+02 
1.045290e+02 
1.036280e+02 
1.026163e+02 
1.016837e+02 
1.009356e+02 
1.003929e+02 
1.000280e+02 
9.979809e+01 
9.966320e+01 
9.976906e+01 
9.981001e+01 
9.968055e+01 
9.973165e+01 
9.987951e+01 
1.000061e+02 

1.000004e+02 
9.990803e+01 
9.967871e+01 
9.892411e+01 
9.873514e+01 
9.964239e+01 
9.941329e+01 
9.948499e+01 
9.964277e+01 
9.993129e+01 
1.004025e+02 
1.010937e+02 
1.019806e+02 
1.029427e+02 
1.037602e+02 
1.041878e+02 
1.040863e+02 
1.034870e+02 
1.025748e+02 
1.015988e+02 
1.007519e+02 
1.001220e+02 
9.971030e+01 
9.947108e+01 
9.935155e+01 
9.930891e+01 
9.945063e+01 
9.944437e+01 
9.943838e+01 
9.966271e+01 
9.988245e+01 
1.000084e+02 

1.000032e+02 
9.990444e+01 
9.964450e+01 
9.887977e+01 
9.847664e+01 
9.931444e+01 
9.903703e+01 
9.899476e+01 
9.900650e+01 
9.911213e+01 
9.936406e+01 
9.980602e+01 
1.004366e+02 
1.011552e+02 
1.017707e+02 
1.020795e+02 
1.019556e+02 
1.014386e+02 
1.007092e+02 
9.997686e+01 
9.939889e+01 
9.903338e+01 
9.885444e+01 
9.880795e+01 
9.884152e+01 
9.891789e+01 
9.909110e+01 
9.904851e+01 
9.921085e+01 
9.959644e+01 
9.988640e+01 
1.000102e+02 

1.000056e+02 
9.990246e+01 
9.961110e+01 
9.886700e+01 
9.836901e+01 
9.895977e+01 
9.865307e+01 
9.848107e+01 
9.831906e+01 
9.819497e+01 
9.815103e+01 
9.823277e+01 
9.845482e+01 
9.876942e+01 
9.905575e+01 
9.916654e+01 
9.902962e+01 
9.868838e+01 
9.827498e+01 
9.794342e+01 
9.777843e+01 
9.778134e+01 
9.790668e+01 
9.809696e+01 
9.830984e+01 
9.852021e+01 
9.872149e+01 
9.870954e+01 
9.903789e+01 
9.953910e+01 
9.989088e+01 
1.000114e+02 

1.000076e+02 
9.990198e+01 
9.957616e+01 
9.886857e+01 
9.834088e+01 
9.861503e+01 
9.829739e+01 
9.799647e+01 
9.765786e+01 
9.729497e+01 
9.693734e+01 
9.662850e+01 
9.640698e+01 
9.627465e+01 
9.618673e+01 
9.608597e+01 
9.594542e+01 
9.580731e+01 
9.575963e+01 
9.586886e+01 
9.614514e+01 
9.654024e+01 
9.698291e+01 
9.741623e+01 
9.780968e+01 
9.815235e+01 
9.838250e+01 
9.847895e+01 
9.892612e+01 
9.949637e+01 
9.989538e+01 
1.000122e+02 

1.000093e+02 
9.990255e+01 
9.953808e+01 
9.887216e+01 
9.834066e+01 
9.831870e+01 
9.800665e+01 
9.759543e+01 
9.710409e+01 
9.653349e+01 
9.590353e+01 
9.525861e+01 
9.465851e+01 
9.415414e+01 
9.376670e+01 
9.349666e+01 
9.335600e+01 
9.338566e+01 
9.363255e+01 
9.410736e+01 
9.475771e+01 
9.548736e+01 
9.620348e+01 
9.684691e+01 
9.739583e+01 
9.785135e+01 
9.811490e+01 
9.833561e+01 
9.885527e+01 
9.947142e+01 
9.989945e+01 
1.000126e+02 

1.000106e+02 
9.990358e+01 
9.949829e+01 
9.886656e+01 
9.833359e+01 
9.810406e+01 
9.781178e+01 
9.732403e+01 
9.672572e+01 
9.600878e+01 
9.518680e+01 
9.430607e+01 
9.344239e+01 
9.267885e+01 
9.208078e+01 
9.169289e+01 
9.155239e+01 
9.169872e+01 
9.215264e+01 
9.288202e+01 
9.379243e+01 
9.475666e+01 
9.566540e+01 
9.645678e+01 
9.711460e+01 
9.764850e+01 
9.794936e+01 
9.823659e+01 
9.880479e+01 
9.946425e+01 
9.990279e+01 
1.000127e+02 

1.000117e+02 
9.990447e+01 
9.946303e+01 
9.884180e+01 
9.829439e+01 
9.799803e+01 
9.773281e+01 
9.721203e+01 
9.656609e+01 
9.578134e+01 
9.486581e+01 
9.386327e+01 
9.285492e+01 
9.194121e+01 
9.121591e+01 
9.075413e+01 
9.061252e+01 
9.083028e+01 
9.140866e+01 
9.228589e+01 
9.333979e+01 
9.442588e+01 
9.542904e+01 
9.628944e+01 
9.699613e+01 
9.756421e+01 
9.790168e+01 
9.816257e+01 
9.876642e+01 
9.947266e+01 
9.990528e+01 
1.000125e+02 

1.000125e+02 
9.990476e+01 
9.944222e+01 
9.879830e+01 
9.822699e+01 
9.801768e+01 
9.777562e+01 
9.726842e+01 
9.663873e+01 
9.587091e+01 
9.496782e+01 
9.396527e+01 
9.293773e+01 
9.198761e+01 
9.122064e+01 
9.072944e+01 
9.058610e+01 
9.083055e+01 
9.144928e+01 
9.236299e+01 
9.343696e+01 
9.452395e+01 
9.551532e+01 
9.635926e+01 
9.705005e+01 
9.760482e+01 
9.797293e+01 
9.812265e+01 
9.874303e+01 
9.949390e+01 
9.990701e+01 
1.000119e+02 

1.000130e+02 
9.990422e+01 
9.944453e+01 
9.876723e+01 
9.821227e+01 
9.816131e+01 
9.793133e+01 
9.748042e+01 
9.692610e+01 
9.625552e+01 
9.546989e+01 
9.459632e+01 
9.369465e+01 
9.284792e+01 
9.214961e+01 
9.169299e+01 
9.154937e+01 
9.175910e+01 
9.231076e+01 
9.312353e+01 
9.407310e+01 
9.503133e+01 
9.590443e+01 
9.664998e+01 
9.726429e+01 
9.776185e+01 
9.814979e+01 
9.814861e+01 
9.874520e+01 
9.952576e+01 
9.990821e+01 
1.000110e+02 

1.000132e+02 
9.990285e+01 
9.947214e+01 
9.881425e+01 
9.837468e+01 
9.840378e+01 
9.817796e+01 
9.781581e+01 
9.738180e+01 
9.687097e+01 
9.628873e+01 
9.565809e+01 
9.501801e+01 
9.442245e+01 
9.392662e+01 
9.358098e+01 
9.344121e+01 
9.354819e+01 
9.390417e+01 
9.446909e+01 
9.515678e+01 
9.586876e+01 
9.653429e+01 
9.711623e+01 
9.760711e+01 
9.801358e+01 
9.840481e+01 
9.828818e+01 
9.878951e+01 
9.956639e+01 
9.990918e+01 
1.000098e+02 

1.000131e+02 
9.990085e+01 
9.952003e+01 
9.897721e+01 
9.871170e+01 
9.870421e+01 
9.848459e+01 
9.822874e+01 
9.793820e+01 
9.761826e+01 
9.728262e+01 
9.695199e+01 
9.665002e+01 
9.638636e+01 
9.616014e+01 
9.597624e+01 
9.584922e+01 
9.581586e+01 
9.591486e+01 
9.615045e+01 
9.649432e+01 
9.689703e+01 
9.730683e+01 
9.769062e+01 
9.803265e+01 
9.832896e+01 
9.870140e+01 
9.857537e+01 
9.889509e+01 
9.961372e+01 
9.991020e+01 
1.000083e+02 

1.000126e+02 
9.989859e+01 
9.957983e+01 
9.921240e+01 
9.909684e+01 
9.902012e+01 
9.881699e+01 
9.866877e+01 
9.852046e+01 
9.838578e+01 
9.828415e+01 
9.823498e+01 
9.824300e+01 
9.828828e+01 
9.832320e+01 
9.829536e+01 
9.818928e+01 
9.803495e+01 
9.789183e+01 
9.781897e+01 
9.784106e+01 
9.794706e+01 
9.810906e+01 
9.829729e+01 
9.848974e+01 
9.867325e+01 
9.900361e+01 
9.897239e+01 
9.907193e+01 
9.966489e+01 
9.991142e+01 
1.000063e+02 

1.000117e+02 
9.989647e+01 
9.964372e+01 
9.944978e+01 
9.943655e+01 
9.931813e+01 
9.914359e+01 
9.909059e+01 
9.906318e+01 
9.907845e+01 
9.915563e+01 
9.930773e+01 
9.952666e+01 
9.976943e+01 
9.996461e+01 
1.000406e+02 
9.996017e+01 
9.974469e+01 
9.946233e+01 
9.919130e+01 
9.898843e+01 
9.887494e+01 
9.884225e+01 
9.886860e+01 
9.893166e+01 
9.901400e+01 
9.928447e+01 
9.936881e+01 
9.930253e+01 
9.971639e+01 
9.991288e+01 
1.000039e+02 

1.000104e+02 
9.989491e+01 
9.970620e+01 
9.965134e+01 
9.970367e+01 
9.957772e+01 
9.944014e+01 
9.946149e+01 
9.952267e+01 
9.963917e+01 
9.982475e+01 
1.000831e+02 
1.003963e+02 
1.007163e+02 
1.009715e+02 
1.010900e+02 
1.010334e+02 
1.008151e+02 
1.004936e+02 
1.001460e+02 
9.983665e+01 
9.960052e+01 
9.944454e+01 
9.935803e+01 
9.932397e+01 
9.932587e+01 
9.952859e+01 
9.967763e+01 
9.954020e+01 
9.976484e+01 
9.991446e+01 
1.000012e+02 

1.000085e+02 
9.989422e+01 
9.976406e+01 
9.980900e+01 
9.990195e+01 
9.979007e+01 
9.969187e+01 
9.976416e+01 
9.988041e+01 
1.000516e+02 
1.002845e+02 
1.005746e+02 
1.008989e+02 
1.012128e+02 
1.014570e+02 
1.015755e+02 
1.015375e+02 
1.013505e+02 
1.010574e+02 
1.007185e+02 
1.003903e+02 
1.001106e+02 
9.989554e+01 
9.974443e+01 
9.964771e+01 
9.959302e+01 
9.973020e+01 
9.988562e+01 
9.973926e+01 
9.980775e+01 
9.991602e+01 
9.999799e+01 

1.000061e+02 
9.989459e+01 
9.981572e+01 
9.992715e+01 
1.000432e+02 
9.995473e+01 
9.989311e+01 
9.999506e+01 
1.001382e+02 
1.003288e+02 
1.005675e+02 
1.008453e+02 
1.011390e+02 
1.014119e+02 
1.016194e+02 
1.017214e+02 
1.016959e+02 
1.015473e+02 
1.013044e+02 
1.010105e+02 
1.007095e+02 
1.004349e+02 
1.002058e+02 
1.000278e+02 
9.989803e+01 
9.980888e+01 
9.988976e+01 
1.000177e+02 
9.988212e+01 
9.984402e+01 
9.991740e+01 
9.999451e+01 

9.415153e+01 
3.798841e+01 
2.936350e+01 
1.281164e+02 
2.125035e+02 
1.151141e+02 
9.492987e+01 
1.619020e+02 
2.845491e+02 
5.043338e+02 
8.841850e+02 
1.500919e+03 
2.401561e+03 
3.509776e+03 
4.553076e+03 
5.155593e+03 
5.069696e+03 
4.327462e+03 
3.219141e+03 
2.118847e+03 
1.267821e+03 
7.107181e+02 
3.829242e+02 
2.024170e+02 
1.071963e+02 
5.853922e+01 
7.480669e+01 
1.872522e+02 
1.704625e+02 
5.484349e+01 
4.682162e+01 
8.711822e+01 

9.478710e+01 
1.199682e+02 
1.834580e+02 
7.307027e+02 
1.163852e+03 
5.185060e+02 
2.982702e+02 
7.289731e+02 
1.593890e+03 
3.221870e+03 
5.987123e+03 
9.854406e+03 
1.375546e+04 
1.626044e+04 
1.713185e+04 
1.707921e+04 
1.667983e+04 
1.601614e+04 
1.471872e+04 
1.225603e+04 
8.716073e+03 
5.189096e+03 
2.653165e+03 
1.195556e+03 
4.671054e+02 
1.429240e+02 
2.802914e+02 
9.004841e+02 
9.802484e+02 
4.616117e+02 
9.074952e+01 
6.699151e+01 

1.535268e+02 
4.942760e+02 
4.741682e+02 
2.085836e+03 
3.451434e+03 
2.548114e+03 
2.234852e+03 
3.847633e+03 
6.372127e+03 
1.008981e+04 
1.501353e+04 
2.051476e+04 
2.534828e+04 
2.847023e+04 
2.976250e+04 
2.976053e+04 
2.899815e+04 
2.768474e+04 
2.570487e+04 
2.279412e+04 
1.886403e+04 
1.430922e+04 
9.906985e+03 
6.315449e+03 
3.751481e+03 
2.088246e+03 
2.024148e+03 
2.540143e+03 
2.001733e+03 
9.856367e+02 
5.850168e+02 
1.076076e+02 

1.959039e+02 
3.939289e+02 
9.719321e+02 
4.429972e+03 
7.115704e+03 
6.851346e+03 
7.090186e+03 
9.581707e+03 
1.280176e+04 
1.686278e+04 
2.180411e+04 
2.751278e+04 
3.363744e+04 
3.954812e+04 
4.441201e+04 
4.741058e+04 
4.801636e+04 
4.617453e+04 
4.228928e+04 
3.704933e+04 
3.120626e+04 
2.540185e+04 
2.008208e+04 
1.548847e+04 
1.169725e+04 
8.675321e+03 
7.451289e+03 
6.545779e+03 
3.901479e+03 
9.793709e+02 
9.412914e+02 
2.360381e+02 

5.394788e+01 
9.006740e+00 
1.693545e+03 
5.423760e+03 
7.625504e+03 
7.901441e+03 
8.324072e+03 
9.487860e+03 
1.069404e+04 
1.191006e+04 
1.309969e+04 
1.422740e+04 
1.526217e+04 
1.617947e+04 
1.696043e+04 
1.758877e+04 
1.804675e+04 
1.831213e+04 
1.835780e+04 
1.815534e+04 
1.768236e+04 
1.693197e+04 
1.592071e+04 
1.469100e+04 
1.330620e+04 
1.183993e+04 
1.082242e+04 
9.233887e+03 
5.590518e+03 
1.300356e+03 
1.377852e+02 
1.693757e+02 

4.938295e+02 
1.558854e+03 
2.942103e+03 
3.751653e+03 
4.008303e+03 
4.060143e+03 
4.068651e+03 
4.075881e+03 
4.075654e+03 
4.071060e+03 
4.064956e+03 
4.059718e+03 
4.057139e+03 
4.058436e+03 
4.064370e+03 
4.075412e+03 
4.091892e+03 
4.114096e+03 
4.142275e+03 
4.176557e+03 
4.216790e+03 
4.262345e+03 
4.311942e+03 
4.363548e+03 
4.414404e+03 
4.461172e+03 
4.486766e+03 
4.446078e+03 
4.137722e+03 
3.152526e+03 
1.686115e+03 
5.808926e+02 

