6.346888e+01 
-7.360125e+01 
-1.988069e+01 
3.576397e+01 
1.676632e+01 
3.954561e+01 
4.498882e+01 
4.498792e+01 
4.498734e+01 
4.498703e+01 
4.498694e+01 
4.498701e+01 
4.498716e+01 
4.498734e+01 
4.498749e+01 
4.498760e+01 
4.498762e+01 
4.498755e+01 
4.498738e+01 
4.498711e+01 
4.498674e+01 
4.498630e+01 
4.498582e+01 
4.498536e+01 
4.498499e+01 
4.498477e+01 
3.562904e+01 
1.058738e+00 
-6.362026e+01 
4.408518e+01 
-5.669388e+01 
4.580808e+01 

6.029356e+01 
8.609850e+01 
-3.722311e+01 
2.736246e+01 
4.253405e+01 
4.462795e+01 
4.499782e+01 
4.499596e+01 
4.499271e+01 
4.498806e+01 
4.498224e+01 
4.497571e+01 
4.496900e+01 
4.496265e+01 
4.495710e+01 
4.495267e+01 
4.494956e+01 
4.494789e+01 
4.494769e+01 
4.494892e+01 
4.495144e+01 
4.495503e+01 
4.495937e+01 
4.496411e+01 
4.496893e+01 
4.497353e+01 
3.262682e+01 
-6.232575e+01 
6.821456e+01 
6.538791e+01 
2.949301e+01 
3.797874e+01 

5.695781e+01 
4.856016e+00 
-3.598068e+01 
-3.854070e+01 
-3.274784e+01 
-1.543182e+00 
4.489371e+01 
4.488623e+01 
4.488154e+01 
4.488074e+01 
4.488459e+01 
4.489303e+01 
4.490476e+01 
4.491726e+01 
4.492738e+01 
4.493261e+01 
4.493237e+01 
4.492834e+01 
4.492340e+01 
4.492000e+01 
4.491931e+01 
4.492127e+01 
4.492516e+01 
4.493012e+01 
4.493545e+01 
4.494069e+01 
1.297144e+01 
-3.946307e+01 
-4.887320e+01 
-4.166357e+01 
-1.524084e+01 
3.983528e+01 

5.970526e+01 
-6.431071e+00 
-3.386342e+01 
-4.467083e+01 
-4.526864e+01 
-2.715998e+01 
4.471926e+01 
4.467593e+01 
4.464756e+01 
4.464427e+01 
4.466891e+01 
4.471590e+01 
4.477600e+01 
4.484066e+01 
4.490236e+01 
4.495229e+01 
4.497848e+01 
4.496942e+01 
4.492669e+01 
4.487280e+01 
4.483388e+01 
4.481881e+01 
4.482195e+01 
4.483478e+01 
4.485125e+01 
4.486810e+01 
-6.094124e+00 
-3.879842e+01 
-4.296134e+01 
-3.368322e+01 
-9.184376e+00 
4.385635e+01 

6.306094e+01 
-3.620285e+00 
-3.389737e+01 
-3.970923e+01 
-3.322105e+01 
-1.103817e+01 
4.474225e+01 
4.466060e+01 
4.456962e+01 
4.449801e+01 
4.448713e+01 
4.455182e+01 
4.466406e+01 
4.478750e+01 
4.490108e+01 
4.499180e+01 
4.504042e+01 
4.502057e+01 
4.493309e+01 
4.483562e+01 
4.478170e+01 
4.477248e+01 
4.478767e+01 
4.481187e+01 
4.483740e+01 
4.486116e+01 
-4.129021e+00 
-3.382342e+01 
-3.736806e+01 
-2.774227e+01 
-4.378421e+00 
4.588286e+01 

6.480701e+01 
-1.467154e+00 
-3.266713e+01 
-2.828389e+01 
-8.486905e+00 
1.589615e+01 
4.492106e+01 
4.490213e+01 
4.487949e+01 
4.485487e+01 
4.483344e+01 
4.482552e+01 
4.484443e+01 
4.489643e+01 
4.496833e+01 
4.502925e+01 
4.505113e+01 
4.503043e+01 
4.498808e+01 
4.494848e+01 
4.492352e+01 
4.491345e+01 
4.491383e+01 
4.492005e+01 
4.492887e+01 
4.493832e+01 
1.626365e+01 
-1.543952e+01 
-2.235302e+01 
-2.034993e+01 
-3.720882e+00 
4.659743e+01 

6.586360e+01 
6.458102e-01 
-3.366338e+01 
-2.637443e+01 
2.428104e+00 
2.731177e+01 
4.498357e+01 
4.498593e+01 
4.498968e+01 
4.499512e+01 
4.500247e+01 
4.501169e+01 
4.502232e+01 
4.503337e+01 
4.504335e+01 
4.505066e+01 
4.505405e+01 
4.505309e+01 
4.504828e+01 
4.504081e+01 
4.503209e+01 
4.502336e+01 
4.501547e+01 
4.500885e+01 
4.500360e+01 
4.499963e+01 
4.304011e+01 
2.240173e+01 
-5.335719e+00 
-1.696836e+01 
-3.324984e+00 
4.760444e+01 

6.698550e+01 
3.273148e+00 
-3.779883e+01 
-3.654605e+01 
-6.122578e+00 
2.407277e+01 
4.497626e+01 
4.497796e+01 
4.498128e+01 
4.498674e+01 
4.499487e+01 
4.500593e+01 
4.501959e+01 
4.503462e+01 
4.504882e+01 
4.505953e+01 
4.506464e+01 
4.506334e+01 
4.505651e+01 
4.504613e+01 
4.503444e+01 
4.502325e+01 
4.501361e+01 
4.500590e+01 
4.500011e+01 
4.499598e+01 
3.849957e+01 
1.541253e+01 
-8.856487e+00 
-1.846097e+01 
-1.730894e+00 
4.930695e+01 

6.792226e+01 
5.884604e+00 
-4.190506e+01 
-4.699392e+01 
-1.657119e+01 
2.078783e+01 
4.496781e+01 
4.496845e+01 
4.497083e+01 
4.497575e+01 
4.498416e+01 
4.499684e+01 
4.501385e+01 
4.503384e+01 
4.505372e+01 
4.506927e+01 
4.507687e+01 
4.507516e+01 
4.506558e+01 
4.505139e+01 
4.503605e+01 
4.502205e+01 
4.501059e+01 
4.500191e+01 
4.499574e+01 
4.499163e+01 
3.402962e+01 
8.641063e+00 
-1.393895e+01 
-2.068261e+01 
-2.477107e-01 
5.088550e+01 

6.867100e+01 
8.412746e+00 
-4.563835e+01 
-5.650373e+01 
-2.833310e+01 
1.742688e+01 
4.495843e+01 
4.495757e+01 
4.495842e+01 
4.496208e+01 
4.496998e+01 
4.498369e+01 
4.500407e+01 
4.502997e+01 
4.505718e+01 
4.507932e+01 
4.509044e+01 
4.508825e+01 
4.507511e+01 
4.505615e+01 
4.503652e+01 
4.501948e+01 
4.500629e+01 
4.499686e+01 
4.499056e+01 
4.498668e+01 
2.970538e+01 
1.183659e+00 
-2.058832e+01 
-2.359926e+01 
1.110792e+00 
5.232495e+01 

6.923200e+01 
1.077461e+01 
-4.865001e+01 
-6.416641e+01 
-3.989171e+01 
1.403977e+01 
4.494849e+01 
4.494576e+01 
4.494455e+01 
4.494618e+01 
4.495266e+01 
4.496658e+01 
4.499005e+01 
4.502241e+01 
4.505848e+01 
4.508888e+01 
4.510459e+01 
4.510195e+01 
4.508450e+01 
4.505998e+01 
4.503561e+01 
4.501554e+01 
4.500084e+01 
4.499095e+01 
4.498479e+01 
4.498135e+01 
2.554494e+01 
-7.360969e+00 
-2.859424e+01 
-2.713747e+01 
2.321432e+00 
5.361377e+01 

6.960803e+01 
1.288126e+01 
-5.062980e+01 
-6.960364e+01 
-4.951304e+01 
1.079490e+01 
4.493858e+01 
4.493376e+01 
4.493011e+01 
4.492917e+01 
4.493351e+01 
4.494690e+01 
4.497293e+01 
4.501192e+01 
4.505758e+01 
4.509736e+01 
4.511839e+01 
4.511533e+01 
4.509317e+01 
4.506268e+01 
4.503351e+01 
4.501056e+01 
4.499466e+01 
4.498460e+01 
4.497881e+01 
4.497596e+01 
2.157562e+01 
-1.686068e+01 
-3.737540e+01 
-3.115479e+01 
3.351330e+00 
5.474406e+01 

6.980358e+01 
1.465030e+01 
-5.133415e+01 
-7.279635e+01 
-5.615589e+01 
7.983230e+00 
4.492940e+01 
4.492251e+01 
4.491637e+01 
4.491272e+01 
4.491465e+01 
4.492717e+01 
4.495528e+01 
4.500053e+01 
4.505543e+01 
4.510457e+01 
4.513097e+01 
4.512751e+01 
4.510075e+01 
4.506445e+01 
4.503078e+01 
4.500528e+01 
4.498847e+01 
4.497844e+01 
4.497313e+01 
4.497093e+01 
1.789267e+01 
-2.656910e+01 
-4.602374e+01 
-3.542170e+01 
4.158983e+00 
5.571118e+01 

6.982384e+01 
1.601804e+01 
-5.060048e+01 
-7.382631e+01 
-5.954785e+01 
5.962270e+00 
4.492171e+01 
4.491299e+01 
4.490467e+01 
4.489863e+01 
4.489845e+01 
4.491018e+01 
4.494010e+01 
4.499059e+01 
4.505343e+01 
4.511055e+01 
4.514154e+01 
4.513775e+01 
4.510695e+01 
4.506571e+01 
4.502822e+01 
4.500060e+01 
4.498307e+01 
4.497313e+01 
4.496830e+01 
4.496670e+01 
1.468641e+01 
-3.534417e+01 
-5.360763e+01 
-3.963059e+01 
4.697142e+00 
5.651290e+01 

6.967377e+01 
1.694825e+01 
-4.836179e+01 
-7.271221e+01 
-5.972369e+01 
5.044861e+00 
4.491617e+01 
4.490612e+01 
4.489620e+01 
4.488846e+01 
4.488685e+01 
4.489814e+01 
4.492951e+01 
4.498382e+01 
4.505235e+01 
4.511509e+01 
4.514933e+01 
4.514526e+01 
4.511157e+01 
4.506677e+01 
4.502647e+01 
4.499729e+01 
4.497920e+01 
4.496932e+01 
4.496482e+01 
4.496367e+01 
1.222267e+01 
-4.215235e+01 
-5.948788e+01 
-4.343857e+01 
4.917639e+00 
5.714842e+01 

6.935721e+01 
1.743539e+01 
-4.467469e+01 
-6.934841e+01 
-5.668079e+01 
5.381879e+00 
4.491329e+01 
4.490255e+01 
4.489183e+01 
4.488325e+01 
4.488100e+01 
4.489219e+01 
4.492441e+01 
4.498072e+01 
4.505209e+01 
4.511764e+01 
4.515352e+01 
4.514936e+01 
4.511427e+01 
4.506766e+01 
4.502588e+01 
4.499581e+01 
4.497735e+01 
4.496743e+01 
4.496308e+01 
4.496213e+01 
1.077743e+01 
-4.639645e+01 
-6.338592e+01 
-4.653051e+01 
4.777809e+00 
5.761728e+01 

6.887634e+01 
1.750256e+01 
-3.975500e+01 
-6.353536e+01 
-5.034044e+01 
6.901383e+00 
4.491333e+01 
4.490263e+01 
4.489197e+01 
4.488349e+01 
4.488136e+01 
4.489267e+01 
4.492495e+01 
4.498118e+01 
4.505236e+01 
4.511772e+01 
4.515359e+01 
4.514963e+01 
4.511479e+01 
4.506832e+01 
4.502651e+01 
4.499631e+01 
4.497771e+01 
4.496768e+01 
4.496324e+01 
4.496224e+01 
1.055056e+01 
-4.785308e+01 
-6.525098e+01 
-4.867486e+01 
4.247572e+00 
5.791845e+01 

6.823155e+01 
1.719517e+01 
-3.398804e+01 
-5.514530e+01 
-4.083625e+01 
9.335054e+00 
4.491627e+01 
4.490633e+01 
4.489660e+01 
4.488914e+01 
4.488790e+01 
4.489956e+01 
4.493110e+01 
4.498522e+01 
4.505321e+01 
4.511543e+01 
4.514964e+01 
4.514609e+01 
4.511308e+01 
4.506863e+01 
4.502825e+01 
4.499872e+01 
4.498023e+01 
4.497001e+01 
4.496528e+01 
4.496396e+01 
1.159820e+01 
-4.646859e+01 
-6.510924e+01 
-4.975283e+01 
3.315711e+00 
5.804966e+01 

6.742183e+01 
1.657246e+01 
-2.787318e+01 
-4.447049e+01 
-2.903937e+01 
1.231454e+01 
4.492185e+01 
4.491330e+01 
4.490526e+01 
4.489965e+01 
4.490004e+01 
4.491236e+01 
4.494260e+01 
4.499286e+01 
4.505497e+01 
4.511135e+01 
4.514225e+01 
4.513915e+01 
4.510926e+01 
4.506847e+01 
4.503082e+01 
4.500269e+01 
4.498458e+01 
4.497415e+01 
4.496896e+01 
4.496713e+01 
1.381601e+01 
-4.227061e+01 
-6.299136e+01 
-4.976155e+01 
1.993660e+00 
5.800721e+01 

6.644560e+01 
1.569871e+01 
-2.190583e+01 
-3.255459e+01 
-1.670765e+01 
1.548613e+01 
4.492954e+01 
4.492285e+01 
4.491705e+01 
4.491391e+01 
4.491653e+01 
4.492976e+01 
4.495831e+01 
4.500337e+01 
4.505751e+01 
4.510584e+01 
4.513212e+01 
4.512934e+01 
4.510347e+01 
4.506761e+01 
4.503374e+01 
4.500765e+01 
4.499018e+01 
4.497960e+01 
4.497389e+01 
4.497143e+01 
1.698294e+01 
-3.547270e+01 
-5.895340e+01 
-4.880308e+01 
3.154496e-01 
5.778621e+01 

6.530193e+01 
1.463566e+01 
-1.646126e+01 
-2.096035e+01 
-5.639140e+00 
1.859143e+01 
4.493868e+01 
4.493408e+01 
4.493077e+01 
4.493034e+01 
4.493536e+01 
4.494946e+01 
4.497594e+01 
4.501480e+01 
4.505979e+01 
4.509886e+01 
4.511975e+01 
4.511723e+01 
4.509581e+01 
4.506567e+01 
4.503629e+01 
4.501281e+01 
4.499631e+01 
4.498573e+01 
4.497955e+01 
4.497644e+01 
2.084628e+01 
-2.669098e+01 
-5.318243e+01 
-4.706808e+01 
-1.666709e+00 
5.738117e+01 

6.399187e+01 
1.343705e+01 
-1.174565e+01 
-1.094798e+01 
3.285260e+00 
2.149300e+01 
4.494852e+01 
4.494598e+01 
4.494506e+01 
4.494714e+01 
4.495419e+01 
4.496869e+01 
4.499251e+01 
4.502479e+01 
4.506035e+01 
4.509022e+01 
4.510579e+01 
4.510352e+01 
4.508659e+01 
4.506233e+01 
4.503784e+01 
4.501736e+01 
4.500220e+01 
4.499189e+01 
4.498541e+01 
4.498174e+01 
2.520666e+01 
-1.699139e+01 
-4.614347e+01 
-4.481493e+01 
-3.890442e+00 
5.678690e+01 

6.251964e+01 
1.214564e+01 
-7.818817e+00 
-2.979452e+00 
1.009117e+01 
2.415852e+01 
4.495835e+01 
4.495764e+01 
4.495872e+01 
4.496271e+01 
4.497101e+01 
4.498510e+01 
4.500570e+01 
4.503151e+01 
4.505838e+01 
4.508016e+01 
4.509118e+01 
4.508922e+01 
4.507642e+01 
4.505766e+01 
4.503799e+01 
4.502073e+01 
4.500723e+01 
4.499751e+01 
4.499098e+01 
4.498693e+01 
2.996022e+01 
-7.503577e+00 
-3.864660e+01 
-4.234249e+01 
-6.292960e+00 
5.599949e+01 

6.089358e+01 
1.079239e+01 
-4.648574e+00 
3.085612e+00 
1.519948e+01 
2.662825e+01 
4.496762e+01 
4.496835e+01 
4.497088e+01 
4.497601e+01 
4.498465e+01 
4.499752e+01 
4.501462e+01 
4.503452e+01 
4.505418e+01 
4.506951e+01 
4.507705e+01 
4.507547e+01 
4.506611e+01 
4.505209e+01 
4.503678e+01 
4.502269e+01 
4.501108e+01 
4.500224e+01 
4.499593e+01 
4.499172e+01 
3.507686e+01 
1.161469e+00 
-3.171158e+01 
-3.995953e+01 
-8.820167e+00 
5.501726e+01 

5.912656e+01 
9.397291e+00 
-2.161142e+00 
7.610718e+00 
1.907902e+01 
2.898292e+01 
4.497595e+01 
4.497770e+01 
4.498108e+01 
4.498665e+01 
4.499487e+01 
4.500600e+01 
4.501966e+01 
4.503460e+01 
4.504864e+01 
4.505923e+01 
4.506429e+01 
4.506309e+01 
4.505641e+01 
4.504617e+01 
4.503456e+01 
4.502338e+01 
4.501370e+01 
4.500593e+01 
4.500007e+01 
4.499590e+01 
4.051917e+01 
9.296861e+00 
-2.632518e+01 
-3.795992e+01 
-1.143324e+01 
5.384160e+01 

5.723590e+01 
7.971177e+00 
-2.742570e-01 
1.096231e+01 
2.213286e+01 
3.131728e+01 
4.498316e+01 
4.498552e+01 
4.498929e+01 
4.499475e+01 
4.500210e+01 
4.501131e+01 
4.502189e+01 
4.503284e+01 
4.504271e+01 
4.504993e+01 
4.505331e+01 
4.505241e+01 
4.504771e+01 
4.504036e+01 
4.503175e+01 
4.502309e+01 
4.501523e+01 
4.500861e+01 
4.500335e+01 
4.499939e+01 
4.613480e+01 
1.885577e+01 
-2.340349e+01 
-3.661382e+01 
-1.411188e+01 
5.247749e+01 

5.598537e+01 
7.435274e+00 
-2.328331e+00 
2.282247e+00 
8.941776e+00 
2.082685e+01 
4.492878e+01 
4.491777e+01 
4.490707e+01 
4.489896e+01 
4.489740e+01 
4.490790e+01 
4.493518e+01 
4.497729e+01 
4.501997e+01 
4.504077e+01 
4.502542e+01 
4.498092e+01 
4.493062e+01 
4.489588e+01 
4.488343e+01 
4.488800e+01 
4.490124e+01 
4.491697e+01 
4.493190e+01 
4.494479e+01 
1.781493e+01 
-2.391587e+01 
-3.571790e+01 
-3.779860e+01 
-1.579044e+01 
5.140600e+01 

5.480560e+01 
7.720407e+00 
-7.764457e+00 
-1.188620e+01 
-9.019886e+00 
6.205184e+00 
4.483781e+01 
4.480489e+01 
4.476894e+01 
4.473640e+01 
4.472175e+01 
4.474589e+01 
4.481835e+01 
4.491445e+01 
4.498918e+01 
4.501330e+01 
4.498068e+01 
4.489783e+01 
4.478351e+01 
4.467573e+01 
4.461876e+01 
4.462642e+01 
4.467532e+01 
4.473586e+01 
4.479149e+01 
4.483707e+01 
-1.110496e+01 
-4.579958e+01 
-5.050006e+01 
-4.139829e+01 
-1.653857e+01 
4.993260e+01 

5.260740e+01 
7.107410e+00 
-1.034282e+01 
-1.569027e+01 
-1.242820e+01 
5.431034e+00 
4.485911e+01 
4.483959e+01 
4.482184e+01 
4.481121e+01 
4.481526e+01 
4.483991e+01 
4.488219e+01 
4.492753e+01 
4.495767e+01 
4.496107e+01 
4.493559e+01 
4.488601e+01 
4.482228e+01 
4.475901e+01 
4.471277e+01 
4.469482e+01 
4.470510e+01 
4.473434e+01 
4.477149e+01 
4.480873e+01 
-2.084025e+01 
-5.359458e+01 
-5.717051e+01 
-4.555015e+01 
-1.779841e+01 
4.680206e+01 

5.044726e+01 
1.074663e+01 
-4.818043e+00 
-3.766638e+00 
6.373265e+00 
2.776335e+01 
4.496803e+01 
4.496499e+01 
4.496134e+01 
4.495721e+01 
4.495283e+01 
4.494847e+01 
4.494427e+01 
4.493993e+01 
4.493475e+01 
4.492790e+01 
4.491902e+01 
4.490868e+01 
4.489832e+01 
4.488974e+01 
4.488437e+01 
4.488288e+01 
4.488510e+01 
4.489033e+01 
4.489765e+01 
4.490615e+01 
-1.700369e+00 
-4.725232e+01 
-5.795549e+01 
-5.531027e+01 
-1.299296e+01 
4.362289e+01 

5.210130e+01 
5.890925e+01 
8.231246e+01 
-5.940517e+01 
-8.842342e+01 
4.636915e+01 
4.499127e+01 
4.498569e+01 
4.497944e+01 
4.497284e+01 
4.496631e+01 
4.496028e+01 
4.495515e+01 
4.495124e+01 
4.494875e+01 
4.494775e+01 
4.494823e+01 
4.495009e+01 
4.495313e+01 
4.495711e+01 
4.496168e+01 
4.496645e+01 
4.497103e+01 
4.497512e+01 
4.497851e+01 
4.498116e+01 
3.557589e+01 
-9.777476e+00 
-7.595024e+01 
5.392297e+01 
8.805493e+01 
4.581346e+01 

6.104750e+01 
-6.694669e+01 
-2.974007e+00 
6.959972e+01 
-4.121621e+00 
3.600371e+01 
4.498412e+01 
4.498394e+01 
4.498403e+01 
4.498434e+01 
4.498478e+01 
4.498528e+01 
4.498577e+01 
4.498621e+01 
4.498657e+01 
4.498683e+01 
4.498699e+01 
4.498705e+01 
4.498702e+01 
4.498693e+01 
4.498679e+01 
4.498666e+01 
4.498658e+01 
4.498661e+01 
4.498683e+01 
4.498726e+01 
3.779268e+01 
9.198692e+00 
-7.609874e+01 
7.625035e+00 
-7.038640e+01 
5.183501e+01 

