5.461037e+01
4.782017e+01
4.590598e+01
5.137846e+01
5.567581e+01
5.773577e+01
5.880770e+01
5.983247e+01
6.069313e+01
6.138678e+01
6.191574e+01
6.228665e+01
6.250883e+01
6.259238e+01
6.254631e+01
6.237708e+01
6.208762e+01
6.167703e+01
6.114074e+01
6.047137e+01
5.966023e+01
5.869932e+01
5.758370e+01
5.631353e+01
5.489544e+01
5.334276e+01
5.233191e+01
5.136282e+01
4.916199e+01
4.634044e+01
4.735742e+01
5.639240e+01

-5.949859e+01
-5.396511e+01
-3.505991e+01
-1.724085e+01
-8.714614e+00
-3.716261e+00
-3.618674e-01
2.895083e+00
6.007384e+00
8.907787e+00
1.151907e+01
1.376460e+01
1.557927e+01
1.691767e+01
1.775787e+01
1.810107e+01
1.796869e+01
1.739864e+01
1.644170e+01
1.515772e+01
1.361105e+01
1.186499e+01
9.975960e+00
7.988617e+00
5.933027e+00
3.824272e+00
2.435734e+00
1.330615e+00
-4.874640e-01
3.613309e+00
6.993562e+01
-5.966145e+01

1.748122e+01
1.412588e+01
-8.993814e+01
-4.920009e+01
-3.940290e+01
-3.416699e+01
-3.282094e+01
-3.454805e+01
-3.633179e+01
-3.796762e+01
-3.922771e+01
-3.987742e+01
-3.970608e+01
-3.856959e+01
-3.643601e+01
-3.341675e+01
-2.976013e+01
-2.579621e+01
-2.185259e+01
-1.818371e+01
-1.494314e+01
-1.219564e+01
-9.947178e+00
-8.174508e+00
-6.846968e+00
-5.940507e+00
-8.512490e+00
-1.393356e+01
-1.661955e+01
-1.352768e+01
-2.091761e+01
8.559056e+00

7.801651e+01
5.782218e+01
8.535063e+01
-6.782437e+01
-4.841934e+01
-3.078480e+01
-2.624829e+01
-3.366463e+01
-4.184628e+01
-5.007226e+01
-5.750751e+01
-6.343894e+01
-6.739486e+01
-6.909434e+01
-6.832762e+01
-6.488326e+01
-5.860880e+01
-4.967050e+01
-3.890898e+01
-2.781371e+01
-1.782529e+01
-9.672732e+00
-3.395575e+00
1.286053e+00
4.699406e+00
7.112198e+00
-7.843377e-01
-1.495960e+01
-2.113499e+01
-2.234908e+01
1.431313e+01
6.722839e+01

-5.677136e+00
-8.717738e+01
-8.905287e+01
-7.323719e+01
-4.576554e+01
-1.147842e+01
1.619231e+00
-6.200600e+00
-1.596713e+01
-2.756009e+01
-3.985200e+01
-5.095335e+01
-5.925409e+01
-6.401206e+01
-6.501742e+01
-6.209025e+01
-5.494697e+01
-4.366714e+01
-2.967476e+01
-1.577888e+01
-4.256952e+00
4.355832e+00
1.056569e+01
1.506544e+01
1.842656e+01
2.108249e+01
9.317529e+00
-1.009175e+01
-1.789789e+01
-1.751125e+01
3.986193e+01
-2.683538e+01

3.680049e+01
2.611578e+01
-3.699347e+01
-5.099347e+01
-1.970890e+01
1.568849e+01
2.770122e+01
2.370761e+01
1.963237e+01
1.527291e+01
1.050277e+01
5.399927e+00
3.990879e-01
-3.666120e+00
-5.807925e+00
-5.370958e+00
-2.427207e+00
2.229456e+00
7.511639e+00
1.255811e+01
1.695846e+01
2.066610e+01
2.382352e+01
2.663875e+01
2.932546e+01
3.207795e+01
2.367868e+01
8.965599e+00
7.499193e+00
2.952917e+01
3.524520e+01
3.269494e+01

4.498486e+01
4.496892e+01
4.489903e+01
4.477272e+01
4.477507e+01
4.493091e+01
4.498469e+01
4.497593e+01
4.496507e+01
4.495198e+01
4.493682e+01
4.492023e+01
4.490346e+01
4.488829e+01
4.487676e+01
4.487066e+01
4.487099e+01
4.487767e+01
4.488956e+01
4.490482e+01
4.492144e+01
4.493772e+01
4.495252e+01
4.496525e+01
4.497580e+01
4.498431e+01
4.494899e+01
4.488628e+01
4.490070e+01
4.496525e+01
4.497234e+01
4.497897e+01

4.498383e+01
4.496721e+01
4.489084e+01
4.475752e+01
4.472218e+01
4.492205e+01
4.498957e+01
4.498081e+01
4.496953e+01
4.495536e+01
4.493827e+01
4.491883e+01
4.489848e+01
4.487955e+01
4.486488e+01
4.485707e+01
4.485761e+01
4.486633e+01
4.488154e+01
4.490056e+01
4.492063e+01
4.493959e+01
4.495614e+01
4.496981e+01
4.498069e+01
4.498914e+01
4.494699e+01
4.486986e+01
4.488729e+01
4.495804e+01
4.496616e+01
4.497870e+01

4.498301e+01
4.496516e+01
4.488517e+01
4.476235e+01
4.467741e+01
4.491468e+01
4.499613e+01
4.498797e+01
4.497692e+01
4.496237e+01
4.494394e+01
4.492198e+01
4.489799e+01
4.487491e+01
4.485661e+01
4.484681e+01
4.484764e+01
4.485886e+01
4.487793e+01
4.490105e+01
4.492453e+01
4.494574e+01
4.496339e+01
4.497729e+01
4.498783e+01
4.499564e+01
4.494750e+01
4.485570e+01
4.487684e+01
4.495055e+01
4.495986e+01
4.497866e+01

4.498240e+01
4.496254e+01
4.488265e+01
4.478451e+01
4.466311e+01
4.491123e+01
4.500435e+01
4.499751e+01
4.498764e+01
4.497383e+01
4.495532e+01
4.493204e+01
4.490542e+01
4.487888e+01
4.485738e+01
4.484578e+01
4.484698e+01
4.486058e+01
4.488310e+01
4.490957e+01
4.493537e+01
4.495756e+01
4.497505e+01
4.498804e+01
4.499731e+01
4.500374e+01
4.495190e+01
4.484905e+01
4.487373e+01
4.494336e+01
4.495366e+01
4.497879e+01

4.498198e+01
4.495925e+01
4.488359e+01
4.481492e+01
4.469307e+01
4.491495e+01
4.501396e+01
4.500923e+01
4.500164e+01
4.499007e+01
4.497340e+01
4.495110e+01
4.492429e+01
4.489648e+01
4.487334e+01
4.486082e+01
4.486234e+01
4.487738e+01
4.490169e+01
4.492928e+01
4.495497e+01
4.497588e+01
4.499132e+01
4.500195e+01
4.500889e+01
4.501320e+01
4.496158e+01
4.485733e+01
4.488222e+01
4.493707e+01
4.494783e+01
4.497904e+01

4.498172e+01
4.495528e+01
4.488788e+01
4.484617e+01
4.475580e+01
4.492891e+01
4.502442e+01
4.502248e+01
4.501822e+01
4.501045e+01
4.499784e+01
4.497946e+01
4.495587e+01
4.493031e+01
4.490848e+01
4.489645e+01
4.489810e+01
4.491278e+01
4.493582e+01
4.496104e+01
4.498334e+01
4.500019e+01
4.501149e+01
4.501831e+01
4.502194e+01
4.502347e+01
4.497721e+01
4.488611e+01
4.490265e+01
4.493205e+01
4.494263e+01
4.497936e+01

4.498159e+01
4.495080e+01
4.489500e+01
4.487565e+01
4.482853e+01
4.495398e+01
4.503493e+01
4.503620e+01
4.503595e+01
4.503314e+01
4.502638e+01
4.501447e+01
4.499735e+01
4.497732e+01
4.495931e+01
4.494921e+01
4.495068e+01
4.496315e+01
4.498217e+01
4.500182e+01
4.501771e+01
4.502821e+01
4.503375e+01
4.503571e+01
4.503539e+01
4.503377e+01
4.499777e+01
4.493146e+01
4.492859e+01
4.492815e+01
4.493831e+01
4.497969e+01

4.498153e+01
4.494612e+01
4.490390e+01
4.490369e+01
4.489732e+01
4.498688e+01
4.504452e+01
4.504901e+01
4.505290e+01
4.505537e+01
4.505516e+01
4.505083e+01
4.504167e+01
4.502892e+01
4.501638e+01
4.500894e+01
4.501001e+01
4.501916e+01
4.503242e+01
4.504483e+01
4.505302e+01
4.505621e+01
4.505545e+01
4.505228e+01
4.504793e+01
4.504316e+01
4.501976e+01
4.497792e+01
4.495010e+01
4.492461e+01
4.493508e+01
4.498001e+01

4.498152e+01
4.494161e+01
4.491289e+01
4.493087e+01
4.495777e+01
4.501987e+01
4.505223e+01
4.505945e+01
4.506695e+01
4.507412e+01
4.507982e+01
4.508244e+01
4.508071e+01
4.507485e+01
4.506744e+01
4.506255e+01
4.506319e+01
4.506911e+01
4.507695e+01
4.508257e+01
4.508360e+01
4.508014e+01
4.507372e+01
4.506601e+01
4.505816e+01
4.505072e+01
4.503758e+01
4.500871e+01
4.496018e+01
4.492040e+01
4.493305e+01
4.498028e+01

4.498151e+01
4.493763e+01
4.491986e+01
4.495603e+01
4.500687e+01
4.504355e+01
4.505723e+01
4.506631e+01
4.507632e+01
4.508681e+01
4.509673e+01
4.510444e+01
4.510826e+01
4.510768e+01
4.510440e+01
4.510165e+01
4.510204e+01
4.510542e+01
4.510896e+01
4.510935e+01
4.510501e+01
4.509666e+01
4.508615e+01
4.507522e+01
4.506492e+01
4.505565e+01
4.504553e+01
4.501566e+01
4.495720e+01
4.491472e+01
4.493227e+01
4.498050e+01

4.498148e+01
4.493450e+01
4.492287e+01
4.497454e+01
4.503645e+01
4.505115e+01
4.505899e+01
4.506881e+01
4.507986e+01
4.509180e+01
4.510372e+01
4.511405e+01
4.512100e+01
4.512374e+01
4.512331e+01
4.512223e+01
4.512262e+01
4.512434e+01
4.512505e+01
4.512215e+01
4.511468e+01
4.510372e+01
4.509120e+01
4.507881e+01
4.506746e+01
4.505744e+01
4.504062e+01
4.499850e+01
4.494273e+01
4.490748e+01
4.493270e+01
4.498064e+01

4.498141e+01
4.493247e+01
4.492127e+01
4.497788e+01
4.503262e+01
4.504185e+01
4.505740e+01
4.506676e+01
4.507726e+01
4.508864e+01
4.510012e+01
4.511032e+01
4.511771e+01
4.512147e+01
4.512235e+01
4.512231e+01
4.512295e+01
4.512403e+01
4.512363e+01
4.511969e+01
4.511165e+01
4.510062e+01
4.508841e+01
4.507647e+01
4.506559e+01
4.505598e+01
4.502426e+01
4.496019e+01
4.491908e+01
4.489935e+01
4.493420e+01
4.498071e+01

4.498128e+01
4.493168e+01
4.491638e+01
4.495814e+01
4.498844e+01
4.502066e+01
4.505274e+01
4.506056e+01
4.506912e+01
4.507810e+01
4.508682e+01
4.509419e+01
4.509907e+01
4.510112e+01
4.510127e+01
4.510122e+01
4.510226e+01
4.510401e+01
4.510463e+01
4.510235e+01
4.509657e+01
4.508811e+01
4.507842e+01
4.506871e+01
4.505967e+01
4.505152e+01
4.500166e+01
4.490578e+01
4.488843e+01
4.489151e+01
4.493660e+01
4.498074e+01

4.498109e+01
4.493216e+01
4.491093e+01
4.491870e+01
4.492228e+01
4.499529e+01
4.504565e+01
4.505116e+01
4.505676e+01
4.506205e+01
4.506635e+01
4.506879e+01
4.506881e+01
4.506668e+01
4.506391e+01
4.506264e+01
4.506405e+01
4.506763e+01
4.507144e+01
4.507331e+01
4.507218e+01
4.506841e+01
4.506294e+01
4.505678e+01
4.505057e+01
4.504466e+01
4.497934e+01
4.484517e+01
4.485363e+01
4.488532e+01
4.493965e+01
4.498074e+01

4.498084e+01
4.493387e+01
4.490749e+01
4.487740e+01
4.486656e+01
4.497239e+01
4.503699e+01
4.503982e+01
4.504204e+01
4.504313e+01
4.504241e+01
4.503925e+01
4.503355e+01
4.502639e+01
4.502001e+01
4.501687e+01
4.501845e+01
4.502416e+01
4.503175e+01
4.503868e+01
4.504323e+01
4.504497e+01
4.504444e+01
4.504240e+01
4.503951e+01
4.503623e+01
4.496220e+01
4.479495e+01
4.481974e+01
4.488195e+01
4.494312e+01
4.498074e+01

4.498056e+01
4.493669e+01
4.490739e+01
4.485103e+01
4.483737e+01
4.495559e+01
4.502769e+01
4.502788e+01
4.502688e+01
4.502411e+01
4.501895e+01
4.501103e+01
4.500072e+01
4.498956e+01
4.498022e+01
4.497552e+01
4.497699e+01
4.498411e+01
4.499463e+01
4.500565e+01
4.501497e+01
4.502162e+01
4.502560e+01
4.502745e+01
4.502778e+01
4.502713e+01
4.495215e+01
4.477124e+01
4.479442e+01
4.488215e+01
4.494681e+01
4.498078e+01

4.498025e+01
4.494043e+01
4.491061e+01
4.484303e+01
4.483128e+01
4.494570e+01
4.501859e+01
4.501652e+01
4.501289e+01
4.500718e+01
4.499894e+01
4.498807e+01
4.497526e+01
4.496230e+01
4.495183e+01
4.494645e+01
4.494761e+01
4.495495e+01
4.496644e+01
4.497940e+01
4.499149e+01
4.500136e+01
4.500863e+01
4.501353e+01
4.501655e+01
4.501817e+01
4.494853e+01
4.477739e+01
4.478501e+01
4.488603e+01
4.495057e+01
4.498090e+01

4.497997e+01
4.494487e+01
4.491637e+01
4.484816e+01
4.483909e+01
4.494174e+01
4.501033e+01
4.500657e+01
4.500113e+01
4.499362e+01
4.498380e+01
4.497185e+01
4.495863e+01
4.494584e+01
4.493574e+01
4.493050e+01
4.493133e+01
4.493798e+01
4.494886e+01
4.496175e+01
4.497454e+01
4.498579e+01
4.499487e+01
4.500173e+01
4.500665e+01
4.501002e+01
4.494945e+01
4.480313e+01
4.479350e+01
4.489315e+01
4.495431e+01
4.498112e+01

4.497974e+01
4.494978e+01
4.492364e+01
4.486018e+01
4.485351e+01
4.494210e+01
4.500332e+01
4.499847e+01
4.499203e+01
4.498374e+01
4.497359e+01
4.496192e+01
4.494962e+01
4.493815e+01
4.492931e+01
4.492471e+01
4.492526e+01
4.493080e+01
4.494022e+01
4.495181e+01
4.496388e+01
4.497510e+01
4.498473e+01
4.499252e+01
4.499855e+01
4.500306e+01
4.495297e+01
4.483561e+01
4.481513e+01
4.490262e+01
4.495799e+01
4.498149e+01

4.497960e+01
4.495494e+01
4.493151e+01
4.487478e+01
4.487016e+01
4.494521e+01
4.499770e+01
4.499233e+01
4.498554e+01
4.497726e+01
4.496757e+01
4.495692e+01
4.494611e+01
4.493633e+01
4.492893e+01
4.492509e+01
4.492544e+01
4.492991e+01
4.493771e+01
4.494761e+01
4.495830e+01
4.496868e+01
4.497800e+01
4.498592e+01
4.499237e+01
4.499748e+01
4.495761e+01
4.486672e+01
4.484250e+01
4.491343e+01
4.496161e+01
4.498202e+01

3.242229e+01
1.662211e+01
-5.908880e+00
-1.965101e+01
-1.164282e+01
1.683352e+01
4.126959e+01
3.541320e+01
3.003116e+01
2.497006e+01
1.999291e+01
1.491369e+01
9.736215e+00
4.784771e+00
7.317802e-01
-1.602964e+00
-1.640728e+00
6.388800e-01
4.687832e+00
9.696948e+00
1.499628e+01
2.027903e+01
2.559172e+01
3.121030e+01
3.748742e+01
4.465437e+01
2.301944e+01
-1.366441e+01
-3.270645e+01
-1.980784e+01
2.154046e+01
3.448118e+01

-1.561901e+01
7.469775e+01
8.284745e+01
-6.479041e+01
-4.851290e+01
-2.164708e+01
1.540880e+01
1.015365e+01
4.541124e+00
-2.268683e+00
-1.075637e+01
-2.090713e+01
-3.185715e+01
-4.195741e+01
-4.957823e+01
-5.380102e+01
-5.433881e+01
-5.118864e+01
-4.457494e+01
-3.523994e+01
-2.464932e+01
-1.451586e+01
-5.962410e+00
7.302690e-01
5.809064e+00
9.802157e+00
-2.568305e+01
-5.596759e+01
-7.566098e+01
8.560761e+01
8.209933e+01
-1.339154e+01

-8.173322e+01
4.780136e+01
8.463503e+01
-6.102923e+01
-4.681064e+01
-2.680936e+01
-9.714047e+00
-1.191240e+01
-1.573618e+01
-2.111672e+01
-2.791174e+01
-3.570975e+01
-4.373494e+01
-5.099608e+01
-5.661699e+01
-6.006154e+01
-6.112091e+01
-5.980087e+01
-5.626803e+01
-5.089108e+01
-4.430235e+01
-3.735273e+01
-3.092074e+01
-2.572081e+01
-2.228856e+01
-2.118813e+01
-3.395906e+01
-5.367754e+01
-7.130813e+01
7.816104e+01
4.769914e+01
8.748014e+01

4.244794e+01
3.085804e+01
-6.818973e+01
-4.401497e+01
-3.452928e+01
-2.480521e+01
-1.948832e+01
-1.992960e+01
-2.091413e+01
-2.238566e+01
-2.428252e+01
-2.651861e+01
-2.896779e+01
-3.145748e+01
-3.377944e+01
-3.572053e+01
-3.710637e+01
-3.784101e+01
-3.792631e+01
-3.745536e+01
-3.658672e+01
-3.551192e+01
-3.442796e+01
-3.352180e+01
-3.296855e+01
-3.294228e+01
-3.611276e+01
-4.220919e+01
-5.022788e+01
-8.595876e+01
9.724318e+00
2.519206e+01

-3.736867e+01
-5.934055e+01
-2.492281e+01
-1.617400e+01
-9.022940e+00
-5.316262e+00
-3.142960e+00
-8.262667e-01
1.357997e+00
3.390335e+00
5.236901e+00
6.851785e+00
8.181389e+00
9.170128e+00
9.766294e+00
9.927111e+00
9.622693e+00
8.839193e+00
7.581387e+00
5.874224e+00
3.762102e+00
1.304645e+00
-1.431205e+00
-4.381250e+00
-7.493676e+00
-1.073586e+01
-1.330486e+01
-1.599681e+01
-2.048340e+01
-2.461458e+01
-6.401721e+01
-5.261010e+01

4.290878e+01
3.565147e+01
3.789092e+01
4.296836e+01
4.585593e+01
4.684141e+01
4.774300e+01
4.915013e+01
5.042601e+01
5.155936e+01
5.254443e+01
5.338069e+01
5.407160e+01
5.462292e+01
5.504077e+01
5.532994e+01
5.549273e+01
5.552819e+01
5.543201e+01
5.519692e+01
5.481366e+01
5.427251e+01
5.356519e+01
5.268671e+01
5.163688e+01
5.042114e+01
4.943357e+01
4.795527e+01
4.465019e+01
4.039036e+01
4.164132e+01
4.920790e+01

