7.262043e+02 
1.864310e+03 
3.604592e+03 
4.954414e+03 
5.403371e+03 
5.455582e+03 
5.428734e+03 
5.396800e+03 
5.354728e+03 
5.306923e+03 
5.257396e+03 
5.209439e+03 
5.165461e+03 
5.126995e+03 
5.094820e+03 
5.069156e+03 
5.049832e+03 
5.036363e+03 
5.027910e+03 
5.023136e+03 
5.020029e+03 
5.015773e+03 
5.006776e+03 
4.988888e+03 
4.957814e+03 
4.909638e+03 
4.860553e+03 
4.723303e+03 
4.286353e+03 
3.304154e+03 
1.868489e+03 
6.742690e+02 

3.067111e+02 
5.124451e+02 
1.126147e+03 
7.049660e+03 
1.270670e+04 
1.575654e+04 
1.768844e+04 
2.007337e+04 
2.227163e+04 
2.414488e+04 
2.557906e+04 
2.650458e+04 
2.690407e+04 
2.680559e+04 
2.626614e+04 
2.535388e+04 
2.413557e+04 
2.267158e+04 
2.101718e+04 
1.922647e+04 
1.735529e+04 
1.546110e+04 
1.359949e+04 
1.181929e+04 
1.015825e+04 
8.641018e+03 
7.883808e+03 
7.189534e+03 
4.936323e+03 
1.675874e+03 
2.742894e+02 
3.208957e+02 

2.635845e+02 
2.749699e+03 
2.896145e+03 
7.803813e+03 
1.403024e+04 
1.870638e+04 
2.354559e+04 
3.079901e+04 
3.935370e+04 
4.898775e+04 
5.921396e+04 
6.923624e+04 
7.795694e+04 
8.407969e+04 
8.637081e+04 
8.409062e+04 
7.742069e+04 
6.754309e+04 
5.620057e+04 
4.502291e+04 
3.507905e+04 
2.682012e+04 
2.025985e+04 
1.519002e+04 
1.133291e+04 
8.421584e+03 
7.421709e+03 
6.831477e+03 
4.131637e+03 
8.327480e+02 
1.778356e+02 
3.004637e+02 

5.841631e+01 
1.030903e+03 
3.227246e+03 
6.003645e+03 
8.639830e+03 
1.094256e+04 
1.528421e+04 
2.292190e+04 
3.190446e+04 
4.106993e+04 
4.924582e+04 
5.595654e+04 
6.150383e+04 
6.650089e+04 
7.133471e+04 
7.568465e+04 
7.804396e+04 
7.573642e+04 
6.671918e+04 
5.249292e+04 
3.751823e+04 
2.524101e+04 
1.649540e+04 
1.066587e+04 
6.870839e+03 
4.406314e+03 
3.822588e+03 
3.666313e+03 
1.942453e+03 
1.863207e+02 
2.308435e+02 
1.201812e+02 

2.766777e+01 
9.514327e+01 
1.030598e+03 
2.749545e+03 
3.346089e+03 
3.094479e+03 
4.323375e+03 
8.247689e+03 
1.475706e+04 
2.395798e+04 
3.413974e+04 
4.264047e+04 
4.849652e+04 
5.276531e+04 
5.680371e+04 
6.103945e+04 
6.411637e+04 
6.230892e+04 
5.225562e+04 
3.692450e+04 
2.305639e+04 
1.359568e+04 
7.891670e+03 
4.579818e+03 
2.658992e+03 
1.533837e+03 
1.358255e+03 
1.433960e+03 
7.011128e+02 
4.029859e+01 
3.987757e+01 
3.892260e+01 

7.499057e+01 
4.367762e+01 
4.831290e+01 
2.578973e+02 
4.381393e+02 
4.087849e+02 
5.090693e+02 
8.577456e+02 
1.466598e+03 
2.507454e+03 
4.205847e+03 
6.749772e+03 
1.006254e+04 
1.355360e+04 
1.618506e+04 
1.697771e+04 
1.560113e+04 
1.262793e+04 
9.172557e+03 
6.155895e+03 
3.933745e+03 
2.451193e+03 
1.513764e+03 
9.364982e+02 
5.849654e+02 
3.715275e+02 
3.344993e+02 
3.477946e+02 
1.911574e+02 
5.430808e+01 
2.929655e+01 
7.502055e+01 

9.996826e+01 
9.989595e+01 
9.973552e+01 
9.966019e+01 
1.001665e+02 
1.003359e+02 
1.003977e+02 
1.006364e+02 
1.009498e+02 
1.013474e+02 
1.018292e+02 
1.023776e+02 
1.029511e+02 
1.034834e+02 
1.038948e+02 
1.041121e+02 
1.040930e+02 
1.038411e+02 
1.034046e+02 
1.028589e+02 
1.022831e+02 
1.017400e+02 
1.012677e+02 
1.008808e+02 
1.005778e+02 
1.003484e+02 
1.003193e+02 
1.003302e+02 
1.001151e+02 
9.988272e+01 
9.984651e+01 
9.997467e+01 

9.997280e+01 
9.989314e+01 
9.970076e+01 
9.945417e+01 
9.998506e+01 
1.002209e+02 
1.002439e+02 
1.004795e+02 
1.008054e+02 
1.012406e+02 
1.017951e+02 
1.024575e+02 
1.031807e+02 
1.038764e+02 
1.044273e+02 
1.047207e+02 
1.046898e+02 
1.043416e+02 
1.037535e+02 
1.030417e+02 
1.023200e+02 
1.016702e+02 
1.011328e+02 
1.007151e+02 
1.004049e+02 
1.001825e+02 
1.001768e+02 
1.001959e+02 
9.999099e+01 
9.982127e+01 
9.984050e+01 
9.998121e+01 

9.997755e+01 
9.988854e+01 
9.966466e+01 
9.924245e+01 
9.969616e+01 
1.000572e+02 
1.000283e+02 
1.002381e+02 
1.005487e+02 
1.009903e+02 
1.015876e+02 
1.023424e+02 
1.032088e+02 
1.040770e+02 
1.047835e+02 
1.051618e+02 
1.051126e+02 
1.046488e+02 
1.038889e+02 
1.030034e+02 
1.021471e+02 
1.014170e+02 
1.008482e+02 
1.004331e+02 
1.001450e+02 
9.995310e+01 
9.997790e+01 
9.999629e+01 
9.982310e+01 
9.975111e+01 
9.983631e+01 
9.998711e+01 

9.998230e+01 
9.988252e+01 
9.962876e+01 
9.906803e+01 
9.931919e+01 
9.983931e+01 
9.974940e+01 
9.990466e+01 
1.001603e+02 
1.005564e+02 
1.011337e+02 
1.019124e+02 
1.028557e+02 
1.038371e+02 
1.046525e+02 
1.050889e+02 
1.050153e+02 
1.044530e+02 
1.035640e+02 
1.025661e+02 
1.016466e+02 
1.009096e+02 
1.003755e+02 
1.000168e+02 
9.979130e+01 
9.965940e+01 
9.971969e+01 
9.972462e+01 
9.961475e+01 
9.967457e+01 
9.983409e+01 
9.999226e+01 

9.998689e+01 
9.987577e+01 
9.959402e+01 
9.895039e+01 
9.894395e+01 
9.956769e+01 
9.941504e+01 
9.948460e+01 
9.963885e+01 
9.992188e+01 
1.003850e+02 
1.010652e+02 
1.019385e+02 
1.028863e+02 
1.036915e+02 
1.041125e+02 
1.040118e+02 
1.034204e+02 
1.025209e+02 
1.015590e+02 
1.007249e+02 
1.001053e+02 
9.970103e+01 
9.946683e+01 
9.935051e+01 
9.930980e+01 
9.940797e+01 
9.939140e+01 
9.938432e+01 
9.959579e+01 
9.983379e+01 
9.999658e+01 

9.999116e+01 
9.986913e+01 
9.956022e+01 
9.888250e+01 
9.866373e+01 
9.925298e+01 
9.904394e+01 
9.900091e+01 
9.901078e+01 
9.911283e+01 
9.935880e+01 
9.979188e+01 
1.004108e+02 
1.011166e+02 
1.017209e+02 
1.020235e+02 
1.019004e+02 
1.013909e+02 
1.006732e+02 
9.995329e+01 
9.938618e+01 
9.902873e+01 
9.885509e+01 
9.881171e+01 
9.884686e+01 
9.892381e+01 
9.906007e+01 
9.903593e+01 
9.916487e+01 
9.952056e+01 
9.983521e+01 
1.000001e+02 

9.999502e+01 
9.986335e+01 
9.952583e+01 
9.884758e+01 
9.849847e+01 
9.891776e+01 
9.866510e+01 
9.849390e+01 
9.833195e+01 
9.820669e+01 
9.815968e+01 
9.823581e+01 
9.844965e+01 
9.875451e+01 
9.903195e+01 
9.913768e+01 
9.900141e+01 
9.866623e+01 
9.826202e+01 
9.793987e+01 
9.778239e+01 
9.779019e+01 
9.791803e+01 
9.810909e+01 
9.832166e+01 
9.853109e+01 
9.870518e+01 
9.871756e+01 
9.898777e+01 
9.945544e+01 
9.983798e+01 
1.000027e+02 

9.999839e+01 
9.985888e+01 
9.948875e+01 
9.883001e+01 
9.841361e+01 
9.859374e+01 
9.831404e+01 
9.801542e+01 
9.767882e+01 
9.731724e+01 
9.695962e+01 
9.664877e+01 
9.642290e+01 
9.628447e+01 
9.619048e+01 
9.608604e+01 
9.594586e+01 
9.581198e+01 
9.577049e+01 
9.588552e+01 
9.616563e+01 
9.656221e+01 
9.700445e+01 
9.743618e+01 
9.782744e+01 
9.816770e+01 
9.838028e+01 
9.847792e+01 
9.886290e+01 
9.940605e+01 
9.984167e+01 
1.000046e+02 

1.000013e+02 
9.985578e+01 
9.944775e+01 
9.881665e+01 
9.836603e+01 
9.831526e+01 
9.802693e+01 
9.761929e+01 
9.713162e+01 
9.656446e+01 
9.593714e+01 
9.529334e+01 
9.469223e+01 
9.418488e+01 
9.379372e+01 
9.352117e+01 
9.338062e+01 
9.341293e+01 
9.366345e+01 
9.414100e+01 
9.479201e+01 
9.552021e+01 
9.623340e+01 
9.687321e+01 
9.741836e+01 
9.787024e+01 
9.812226e+01 
9.831615e+01 
9.877934e+01 
9.937541e+01 
9.984581e+01 
1.000058e+02 

1.000036e+02 
9.985379e+01 
9.940459e+01 
9.879543e+01 
9.832087e+01 
9.811363e+01 
9.783438e+01 
9.735105e+01 
9.675752e+01 
9.604547e+01 
9.522796e+01 
9.435050e+01 
9.348816e+01 
9.272387e+01 
9.212383e+01 
9.173431e+01 
9.159375e+01 
9.174160e+01 
9.219732e+01 
9.292724e+01 
9.383607e+01 
9.479680e+01 
9.570088e+01 
9.648724e+01 
9.714021e+01 
9.766965e+01 
9.795968e+01 
9.820960e+01 
9.872226e+01 
9.936356e+01 
9.985003e+01 
1.000062e+02 

1.000054e+02 
9.985247e+01 
9.936565e+01 
9.875750e+01 
9.825814e+01 
9.801386e+01 
9.775615e+01 
9.724011e+01 
9.659940e+01 
9.582015e+01 
9.490991e+01 
9.391171e+01 
9.290596e+01 
9.199284e+01 
9.126673e+01 
9.080399e+01 
9.066231e+01 
9.088089e+01 
9.145992e+01 
9.233636e+01 
9.338744e+01 
9.446897e+01 
9.546665e+01 
9.632142e+01 
9.702282e+01 
9.758612e+01 
9.790823e+01 
9.814511e+01 
9.868469e+01 
9.936854e+01 
9.985412e+01 
1.000060e+02 

1.000067e+02 
9.985139e+01 
9.934102e+01 
9.870756e+01 
9.819373e+01 
9.803051e+01 
9.779811e+01 
9.729541e+01 
9.667067e+01 
9.590807e+01 
9.501005e+01 
9.401175e+01 
9.298698e+01 
9.203786e+01 
9.127064e+01 
9.077893e+01 
9.063565e+01 
9.088068e+01 
9.149961e+01 
9.241211e+01 
9.348302e+01 
9.456544e+01 
9.555148e+01 
9.639002e+01 
9.707574e+01 
9.762595e+01 
9.796961e+01 
9.812984e+01 
9.866912e+01 
9.938788e+01 
9.985797e+01 
1.000052e+02 

1.000074e+02 
9.985032e+01 
9.934016e+01 
9.867936e+01 
9.819953e+01 
9.816153e+01 
9.795150e+01 
9.750436e+01 
9.695409e+01 
9.628762e+01 
9.550584e+01 
9.463530e+01 
9.373536e+01 
9.288897e+01 
9.219017e+01 
9.173311e+01 
9.158978e+01 
9.180038e+01 
9.235265e+01 
9.316485e+01 
9.411227e+01 
9.506700e+01 
9.593586e+01 
9.667701e+01 
9.728709e+01 
9.778077e+01 
9.813175e+01 
9.818773e+01 
9.868503e+01 
9.941938e+01 
9.986162e+01 
1.000038e+02 

1.000076e+02 
9.984919e+01 
9.936668e+01 
9.872826e+01 
9.835308e+01 
9.838571e+01 
9.819464e+01 
9.783515e+01 
9.740382e+01 
9.689541e+01 
9.631503e+01 
9.568527e+01 
9.504483e+01 
9.444787e+01 
9.395039e+01 
9.360388e+01 
9.346463e+01 
9.357330e+01 
9.393123e+01 
9.449731e+01 
9.518479e+01 
9.589528e+01 
9.655843e+01 
9.713755e+01 
9.762551e+01 
9.802915e+01 
9.837018e+01 
9.834726e+01 
9.874591e+01 
9.946107e+01 
9.986510e+01 
1.000018e+02 

1.000071e+02 
9.984818e+01 
9.941683e+01 
9.887953e+01 
9.864289e+01 
9.866812e+01 
9.849700e+01 
9.824254e+01 
9.795306e+01 
9.763360e+01 
9.729752e+01 
9.696521e+01 
9.666031e+01 
9.639301e+01 
9.616354e+01 
9.597798e+01 
9.585164e+01 
9.582099e+01 
9.592367e+01 
9.616267e+01 
9.650885e+01 
9.691253e+01 
9.732217e+01 
9.770503e+01 
9.804569e+01 
9.834041e+01 
9.865254e+01 
9.861548e+01 
9.886384e+01 
9.951068e+01 
9.986844e+01 
9.999920e+01 

1.000059e+02 
9.984756e+01 
9.948242e+01 
9.909818e+01 
9.898465e+01 
9.897066e+01 
9.882478e+01 
9.867669e+01 
9.852789e+01 
9.839185e+01 
9.828767e+01 
9.823457e+01 
9.823746e+01 
9.827717e+01 
9.830740e+01 
9.827718e+01 
9.817176e+01 
9.802090e+01 
9.788293e+01 
9.781547e+01 
9.784212e+01 
9.795137e+01 
9.811532e+01 
9.830445e+01 
9.849705e+01 
9.868023e+01 
9.894612e+01 
9.895215e+01 
9.903930e+01 
9.956519e+01 
9.987157e+01 
9.999603e+01 

1.000040e+02 
9.984767e+01 
9.955477e+01 
9.932847e+01 
9.930582e+01 
9.926145e+01 
9.914684e+01 
9.909286e+01 
9.906369e+01 
9.907617e+01 
9.914928e+01 
9.929598e+01 
9.950851e+01 
9.974475e+01 
9.993462e+01 
1.000078e+02 
9.992797e+01 
9.971616e+01 
9.943953e+01 
9.917493e+01 
9.897802e+01 
9.886936e+01 
9.884022e+01 
9.886894e+01 
9.893345e+01 
9.901655e+01 
9.922466e+01 
9.928535e+01 
9.925170e+01 
9.962107e+01 
9.987437e+01 
9.999234e+01 

1.000013e+02 
9.984878e+01 
9.962710e+01 
9.953431e+01 
9.957389e+01 
9.951928e+01 
9.943923e+01 
9.945876e+01 
9.951729e+01 
9.963010e+01 
9.981081e+01 
1.000632e+02 
1.003697e+02 
1.006833e+02 
1.009332e+02 
1.010490e+02 
1.009929e+02 
1.007779e+02 
1.004619e+02 
1.001208e+02 
9.981779e+01 
9.958722e+01 
9.943568e+01 
9.935251e+01 
9.932084e+01 
9.932435e+01 
9.947139e+01 
9.956146e+01 
9.946486e+01 
9.967491e+01 
9.987675e+01 
9.998820e+01 

9.999780e+01 
9.985108e+01 
9.969501e+01 
9.970280e+01 
9.978283e+01 
9.973373e+01 
9.968738e+01 
9.975733e+01 
9.987042e+01 
1.000376e+02 
1.002654e+02 
1.005496e+02 
1.008676e+02 
1.011757e+02 
1.014153e+02 
1.015315e+02 
1.014937e+02 
1.013095e+02 
1.010212e+02 
1.006882e+02 
1.003660e+02 
1.000919e+02 
9.988160e+01 
9.973429e+01 
9.964050e+01 
9.958798e+01 
9.967842e+01 
9.976673e+01 
9.964751e+01 
9.972414e+01 
9.987864e+01 
9.998373e+01 

9.999356e+01 
9.985461e+01 
9.975610e+01 
9.983380e+01 
9.993806e+01 
9.990272e+01 
9.988573e+01 
9.998506e+01 
1.001249e+02 
1.003114e+02 
1.005453e+02 
1.008177e+02 
1.011060e+02 
1.013739e+02 
1.015775e+02 
1.016775e+02 
1.016522e+02 
1.015059e+02 
1.012669e+02 
1.009780e+02 
1.006824e+02 
1.004130e+02 
1.001884e+02 
1.000143e+02 
9.988768e+01 
9.980100e+01 
9.984441e+01 
9.991150e+01 
9.978719e+01 
9.976737e+01 
9.988006e+01 
9.997905e+01 

8.549377e+01 
3.076306e+01 
2.206528e+01 
8.532778e+01 
1.320822e+02 
8.479045e+01 
8.986518e+01 
1.435448e+02 
2.383813e+02 
4.019830e+02 
6.732851e+02 
1.094838e+03 
1.684776e+03 
2.386336e+03 
3.033907e+03 
3.404382e+03 
3.346971e+03 
2.881733e+03 
2.186704e+03 
1.485484e+03 
9.253870e+02 
5.429948e+02 
3.077231e+02 
1.724164e+02 
9.798094e+01 
5.829360e+01 
5.840447e+01 
1.078042e+02 
9.490527e+01 
3.198411e+01 
3.768420e+01 
7.904301e+01 

7.240549e+01 
1.310492e+02 
2.008601e+02 
5.247069e+02 
6.939919e+02 
2.848143e+02 
2.065514e+02 
5.086588e+02 
1.099983e+03 
2.174551e+03 
3.948278e+03 
6.454900e+03 
9.240071e+03 
1.148859e+04 
1.272991e+04 
1.308527e+04 
1.282818e+04 
1.202985e+04 
1.054884e+04 
8.311698e+03 
5.685538e+03 
3.354741e+03 
1.732988e+03 
7.879360e+02 
3.040090e+02 
8.664807e+01 
1.393674e+02 
5.015922e+02 
6.191318e+02 
3.735409e+02 
1.123179e+02 
4.542497e+01 

1.528436e+02 
5.824540e+02 
5.163383e+02 
1.429315e+03 
2.082200e+03 
1.483891e+03 
1.404303e+03 
2.472799e+03 
4.125132e+03 
6.531956e+03 
9.730179e+03 
1.343157e+04 
1.697498e+04 
1.965019e+04 
2.113571e+04 
2.154213e+04 
2.111634e+04 
1.999762e+04 
1.817867e+04 
1.563140e+04 
1.250320e+04 
9.201243e+03 
6.222017e+03 
3.885652e+03 
2.247937e+03 
1.196699e+03 
1.109363e+03 
1.472166e+03 
1.284109e+03 
8.755154e+02 
7.878293e+02 
1.107964e+02 

2.533798e+02 
5.363039e+02 
7.776009e+02 
2.930980e+03 
4.505339e+03 
4.345387e+03 
4.601874e+03 
6.291819e+03 
8.467109e+03 
1.119312e+04 
1.448171e+04 
1.824028e+04 
2.222072e+04 
2.600254e+04 
2.905081e+04 
3.085703e+04 
3.110724e+04 
2.978624e+04 
2.716436e+04 
2.368891e+04 
1.984592e+04 
1.604988e+04 
1.258716e+04 
9.610376e+03 
7.164622e+03 
5.224893e+03 
4.408516e+03 
3.883920e+03 
2.383289e+03 
7.185955e+02 
1.257976e+03 
3.363831e+02 

9.531728e+01 
5.705092e+00 
1.044592e+03 
3.749718e+03 
5.461237e+03 
5.656163e+03 
5.996342e+03 
7.008966e+03 
8.085196e+03 
9.198281e+03 
1.031392e+04 
1.139307e+04 
1.239559e+04 
1.328357e+04 
1.402302e+04 
1.458359e+04 
1.493732e+04 
1.505813e+04 
1.492373e+04 
1.452072e+04 
1.385145e+04 
1.293970e+04 
1.183159e+04 
1.059029e+04 
9.285951e+03 
7.984687e+03 
7.145543e+03 
6.019393e+03 
3.511885e+03 
6.269826e+02 
2.883192e+02 
2.641746e+02 

4.765846e+02 
1.464464e+03 
2.829625e+03 
3.656528e+03 
3.915354e+03 
3.960167e+03 
3.981867e+03 
4.022205e+03 
4.050722e+03 
4.070214e+03 
4.083701e+03 
4.094083e+03 
4.103883e+03 
4.115103e+03 
4.129216e+03 
4.147234e+03 
4.169812e+03 
4.197310e+03 
4.229787e+03 
4.266910e+03 
4.307811e+03 
4.350936e+03 
4.393972e+03 
4.433886e+03 
4.467102e+03 
4.489818e+03 
4.493282e+03 
4.412195e+03 
4.033380e+03 
3.010262e+03 
1.612420e+03 
5.936372e+02 

