7.777725e+02 
4.362081e+02 
1.518977e+02 
1.007826e+01 
2.001222e+01 
7.529602e+01 
9.996686e+01 
9.997275e+01 
9.997863e+01 
9.998423e+01 
9.998932e+01 
9.999378e+01 
9.999758e+01 
1.000007e+02 
1.000033e+02 
1.000054e+02 
1.000070e+02 
1.000082e+02 
1.000089e+02 
1.000092e+02 
1.000088e+02 
1.000077e+02 
1.000058e+02 
1.000030e+02 
9.999936e+01 
9.999485e+01 
8.751437e+01 
6.025702e+01 
5.346149e+01 
6.866045e+01 
6.451039e+01 
3.915048e+02 

2.422465e+03 
9.180795e+02 
2.722608e+01 
1.475305e+01 
4.557466e+01 
8.179759e+01 
9.996045e+01 
9.994785e+01 
9.993440e+01 
9.992164e+01 
9.991103e+01 
9.990347e+01 
9.989919e+01 
9.989765e+01 
9.989788e+01 
9.989875e+01 
9.989931e+01 
9.989902e+01 
9.989782e+01 
9.989607e+01 
9.989445e+01 
9.989372e+01 
9.989454e+01 
9.989725e+01 
9.990189e+01 
9.990817e+01 
5.062693e+01 
1.401111e+01 
7.419464e+01 
7.518626e+01 
3.301787e+01 
1.372955e+03 

4.213984e+03 
1.593249e+03 
3.923240e+03 
3.266005e+03 
1.181570e+03 
1.820404e+02 
1.000782e+02 
1.000722e+02 
1.000532e+02 
1.000188e+02 
9.996711e+01 
9.989794e+01 
9.981344e+01 
9.971912e+01 
9.962484e+01 
9.954441e+01 
9.949217e+01 
9.947744e+01 
9.950050e+01 
9.955335e+01 
9.962397e+01 
9.970083e+01 
9.977524e+01 
9.984188e+01 
9.989821e+01 
9.994363e+01 
7.723747e+01 
2.111588e+02 
6.575528e+02 
1.320048e+03 
1.327744e+03 
2.743871e+03 

5.879446e+03 
9.171612e+03 
1.461699e+04 
1.185838e+04 
5.089855e+03 
5.975106e+02 
1.001443e+02 
1.000153e+02 
9.982873e+01 
9.961330e+01 
9.941294e+01 
9.926090e+01 
9.916400e+01 
9.910669e+01 
9.906287e+01 
9.900781e+01 
9.893411e+01 
9.887277e+01 
9.889217e+01 
9.903756e+01 
9.927453e+01 
9.952785e+01 
9.974528e+01 
9.990999e+01 
1.000251e+02 
1.001002e+02 
2.085972e+02 
1.065856e+03 
2.561702e+03 
4.002006e+03 
3.709755e+03 
3.586689e+03 

6.607042e+03 
1.630745e+04 
2.173359e+04 
1.645503e+04 
6.990305e+03 
8.843720e+02 
1.005812e+02 
1.005310e+02 
1.003481e+02 
9.998511e+01 
9.949832e+01 
9.905444e+01 
9.877558e+01 
9.865255e+01 
9.860782e+01 
9.856054e+01 
9.846246e+01 
9.835553e+01 
9.839985e+01 
9.869271e+01 
9.911286e+01 
9.950004e+01 
9.979096e+01 
9.998776e+01 
1.001117e+02 
1.001840e+02 
2.638567e+02 
1.320371e+03 
3.057543e+03 
4.730146e+03 
4.549317e+03 
3.945194e+03 

6.800998e+03 
1.997792e+04 
2.499703e+04 
1.742175e+04 
5.705843e+03 
6.585587e+02 
1.005764e+02 
1.005770e+02 
1.005441e+02 
1.004557e+02 
1.002843e+02 
1.000059e+02 
9.962227e+01 
9.917745e+01 
9.874528e+01 
9.839845e+01 
9.820030e+01 
9.819733e+01 
9.838389e+01 
9.869186e+01 
9.903406e+01 
9.934754e+01 
9.960358e+01 
9.979771e+01 
9.993735e+01 
1.000336e+02 
1.321633e+02 
4.460852e+02 
1.475281e+03 
3.338620e+03 
4.256854e+03 
4.075656e+03 

6.815657e+03 
2.279550e+04 
2.987287e+04 
2.189274e+04 
6.688683e+03 
6.783582e+02 
1.005549e+02 
1.005034e+02 
1.004016e+02 
1.002338e+02 
9.998649e+01 
9.965585e+01 
9.925593e+01 
9.882493e+01 
9.842258e+01 
9.811616e+01 
9.795910e+01 
9.797245e+01 
9.813894e+01 
9.841231e+01 
9.873566e+01 
9.905896e+01 
9.934870e+01 
9.958884e+01 
9.977649e+01 
9.991629e+01 
8.988319e+01 
1.505579e+02 
8.288964e+02 
2.921414e+03 
4.471111e+03 
4.144926e+03 

6.786902e+03 
2.691789e+04 
3.894391e+04 
3.167682e+04 
1.197997e+04 
1.048238e+03 
1.007752e+02 
1.007520e+02 
1.006708e+02 
1.005060e+02 
1.002305e+02 
9.982635e+01 
9.930049e+01 
9.870052e+01 
9.811691e+01 
9.766082e+01 
9.742455e+01 
9.744480e+01 
9.769096e+01 
9.808416e+01 
9.853243e+01 
9.896158e+01 
9.932841e+01 
9.961793e+01 
9.983316e+01 
9.998544e+01 
1.247437e+02 
3.294239e+02 
1.483626e+03 
4.099585e+03 
5.403837e+03 
4.229782e+03 

6.744989e+03 
3.100175e+04 
4.890360e+04 
4.131721e+04 
2.006527e+04 
1.619877e+03 
1.010392e+02 
1.010617e+02 
1.010228e+02 
1.008848e+02 
1.006011e+02 
1.001284e+02 
9.945361e+01 
9.862862e+01 
9.778530e+01 
9.710634e+01 
9.675014e+01 
9.678013e+01 
9.714295e+01 
9.770485e+01 
9.831958e+01 
9.888017e+01 
9.933497e+01 
9.967525e+01 
9.991488e+01 
1.000749e+02 
1.786541e+02 
6.594065e+02 
2.500114e+03 
5.641661e+03 
6.458829e+03 
4.300488e+03 

6.694428e+03 
3.474475e+04 
5.911094e+04 
4.889385e+04 
3.018742e+04 
2.464857e+03 
1.013416e+02 
1.014288e+02 
1.014580e+02 
1.013790e+02 
1.011203e+02 
1.005990e+02 
9.976165e+01 
9.865068e+01 
9.745476e+01 
9.646048e+01 
9.593146e+01 
9.597435e+01 
9.649756e+01 
9.728523e+01 
9.811085e+01 
9.882611e+01 
9.937516e+01 
9.976349e+01 
1.000216e+02 
1.001832e+02 
2.587694e+02 
1.219627e+03 
3.950901e+03 
7.585989e+03 
7.627749e+03 
4.358859e+03 

6.639340e+03 
3.782783e+04 
6.889680e+04 
5.393154e+04 
3.987515e+04 
3.631942e+03 
1.016696e+02 
1.018385e+02 
1.019609e+02 
1.019753e+02 
1.017818e+02 
1.012435e+02 
1.002400e+02 
9.879358e+01 
9.715150e+01 
9.575013e+01 
9.499503e+01 
9.505141e+01 
9.577949e+01 
9.684466e+01 
9.791985e+01 
9.880591e+01 
9.944947e+01 
9.987945e+01 
1.001484e+02 
1.003050e+02 
3.713874e+02 
2.071178e+03 
5.777265e+03 
9.912693e+03 
8.890402e+03 
4.407198e+03 

6.583254e+03 
3.997540e+04 
7.769336e+04 
5.726974e+04 
4.702902e+04 
5.095106e+03 
1.020030e+02 
1.022643e+02 
1.024970e+02 
1.026308e+02 
1.025365e+02 
1.020088e+02 
1.008477e+02 
9.903215e+01 
9.688629e+01 
9.501563e+01 
9.399957e+01 
9.407271e+01 
9.503186e+01 
9.640900e+01 
9.775332e+01 
9.881596e+01 
9.954882e+01 
1.000126e+02 
1.002853e+02 
1.004316e+02 
5.180355e+02 
3.174170e+03 
7.702103e+03 
1.250503e+04 
1.021206e+04 
4.448056e+03 

6.528964e+03 
4.101106e+04 
8.503124e+04 
6.005250e+04 
5.171295e+04 
6.700654e+03 
1.023159e+02 
1.026701e+02 
1.030166e+02 
1.032771e+02 
1.032940e+02 
1.027886e+02 
1.014815e+02 
9.929489e+01 
9.664771e+01 
9.430413e+01 
9.302992e+01 
9.312418e+01 
9.431367e+01 
9.600312e+01 
9.761004e+01 
9.884166e+01 
9.965522e+01 
1.001460e+02 
1.004181e+02 
1.005515e+02 
6.901298e+02 
4.321614e+03 
9.315177e+03 
1.513168e+04 
1.154190e+04 
4.484004e+03 

6.478465e+03 
4.088795e+04 
9.041376e+04 
6.313521e+04 
5.518482e+04 
8.163091e+03 
1.025805e+02 
1.030164e+02 
1.034636e+02 
1.038360e+02 
1.039491e+02 
1.034609e+02 
1.020170e+02 
9.950628e+01 
9.641845e+01 
9.367228e+01 
9.218180e+01 
9.229676e+01 
9.369057e+01 
9.564891e+01 
9.748562e+01 
9.886360e+01 
9.974696e+01 
1.002602e+02 
1.005306e+02 
1.006520e+02 
8.651302e+02 
5.231825e+03 
1.033410e+04 
1.748054e+04 
1.281341e+04 
4.517435e+03 

6.432928e+03 
3.968523e+04 
9.318055e+04 
6.694980e+04 
5.843541e+04 
9.146159e+03 
1.027713e+02 
1.032670e+02 
1.037873e+02 
1.042392e+02 
1.044154e+02 
1.039295e+02 
1.023725e+02 
9.961889e+01 
9.621067e+01 
9.318111e+01 
9.154073e+01 
9.167440e+01 
9.321681e+01 
9.537059e+01 
9.737815e+01 
9.886692e+01 
9.980547e+01 
1.003377e+02 
1.006083e+02 
1.007218e+02 
1.008824e+03 
5.748969e+03 
1.075071e+04 
1.924579e+04 
1.394748e+04 
4.550419e+03 

6.392711e+03 
3.757743e+04 
9.252559e+04 
7.141335e+04 
6.156326e+04 
9.399494e+03 
1.028689e+02 
1.033948e+02 
1.039514e+02 
1.044407e+02 
1.046426e+02 
1.041474e+02 
1.025217e+02 
9.963453e+01 
9.606055e+01 
9.288633e+01 
9.117111e+01 
9.131499e+01 
9.293313e+01 
9.519068e+01 
9.729219e+01 
9.884580e+01 
9.981983e+01 
1.003670e+02 
1.006411e+02 
1.007526e+02 
1.085898e+03 
5.895519e+03 
1.072621e+04 
2.022061e+04 
1.485869e+04 
4.584604e+03 

6.357369e+03 
3.479233e+04 
8.780837e+04 
7.562233e+04 
6.342704e+04 
8.870145e+03 
1.028633e+02 
1.033861e+02 
1.039378e+02 
1.044198e+02 
1.046116e+02 
1.041043e+02 
1.024672e+02 
9.957266e+01 
9.599636e+01 
9.282221e+01 
9.110564e+01 
9.124641e+01 
9.286334e+01 
9.512496e+01 
9.723614e+01 
9.880192e+01 
9.978738e+01 
1.003437e+02 
1.006243e+02 
1.007405e+02 
1.074490e+03 
5.759445e+03 
1.042495e+04 
2.033729e+04 
1.546487e+04 
4.621160e+03 

6.325663e+03 
3.157116e+04 
7.908944e+04 
7.741642e+04 
6.155103e+04 
7.722109e+03 
1.027549e+02 
1.032416e+02 
1.037480e+02 
1.041788e+02 
1.043255e+02 
1.038038e+02 
1.022126e+02 
9.943615e+01 
9.601994e+01 
9.298961e+01 
9.134600e+01 
9.147270e+01 
9.301350e+01 
9.518089e+01 
9.721714e+01 
9.874109e+01 
9.971230e+01 
1.002704e+02 
1.005599e+02 
1.006868e+02 
9.762564e+02 
5.392896e+03 
9.933418e+03 
1.964459e+04 
1.569914e+04 
4.660731e+03 

6.295577e+03 
2.813872e+04 
6.746306e+04 
7.372475e+04 
5.366739e+04 
6.253313e+03 
1.025549e+02 
1.029769e+02 
1.034025e+02 
1.037426e+02 
1.038099e+02 
1.032656e+02 
1.017664e+02 
9.921668e+01 
9.611201e+01 
9.336261e+01 
9.186853e+01 
9.197732e+01 
9.337482e+01 
9.535822e+01 
9.724075e+01 
9.867236e+01 
9.960481e+01 
1.001567e+02 
1.004556e+02 
1.005973e+02 
8.159891e+02 
4.790694e+03 
9.252445e+03 
1.826080e+04 
1.552269e+04 
4.703407e+03 

6.264340e+03 
2.468495e+04 
5.473987e+04 
6.305182e+04 
4.095151e+04 
4.764045e+03 
1.022830e+02 
1.026199e+02 
1.029399e+02 
1.031608e+02 
1.031218e+02 
1.025474e+02 
1.011704e+02 
9.893162e+01 
9.625776e+01 
9.390650e+01 
9.262913e+01 
9.272216e+01 
9.392387e+01 
9.564917e+01 
9.731352e+01 
9.860929e+01 
9.948093e+01 
1.000176e+02 
1.003238e+02 
1.004819e+02 
6.309544e+02 
3.936060e+03 
8.323690e+03 
1.634079e+04 
1.493498e+04 
4.748688e+03 

6.228502e+03 
2.135628e+04 
4.265954e+04 
4.806313e+04 
2.783080e+04 
3.459074e+03 
1.019654e+02 
1.022078e+02 
1.024121e+02 
1.025040e+02 
1.023515e+02 
1.017521e+02 
1.005176e+02 
9.864377e+01 
9.646461e+01 
9.458119e+01 
9.356216e+01 
9.363953e+01 
9.461803e+01 
9.603703e+01 
9.744135e+01 
9.856914e+01 
9.936071e+01 
9.987155e+01 
1.001800e+02 
1.003526e+02 
4.559568e+02 
2.891760e+03 
7.086779e+03 
1.406427e+04 
1.397752e+04 
4.795452e+03 

6.184082e+03 
1.825451e+04 
3.229921e+04 
3.350088e+04 
1.760044e+04 
2.424860e+03 
1.016299e+02 
1.017801e+02 
1.018748e+02 
1.018497e+02 
1.016029e+02 
1.009999e+02 
9.993000e+01 
9.842843e+01 
9.675155e+01 
9.533426e+01 
9.457562e+01 
9.463893e+01 
9.538900e+01 
9.649442e+01 
9.762357e+01 
9.856743e+01 
9.926360e+01 
9.973693e+01 
1.000397e+02 
1.002219e+02 
3.125743e+02 
1.847682e+03 
5.569900e+03 
1.162927e+04 
1.272874e+04 
4.841944e+03 

6.126815e+03 
1.544086e+04 
2.400639e+04 
2.216586e+04 
1.077010e+04 
1.660867e+03 
1.013021e+02 
1.013720e+02 
1.013764e+02 
1.012634e+02 
1.009604e+02 
1.003870e+02 
9.949614e+01 
9.833964e+01 
9.711243e+01 
9.610169e+01 
9.556829e+01 
9.561781e+01 
9.616041e+01 
9.698106e+01 
9.784960e+01 
9.861084e+01 
9.920286e+01 
9.962789e+01 
9.991560e+01 
1.001004e+02 
2.072463e+02 
1.015081e+03 
3.954118e+03 
9.233985e+03 
1.129036e+04 
4.885793e+03 

6.052485e+03 
1.294308e+04 
1.765179e+04 
1.433355e+04 
6.523384e+03 
1.123420e+03 
1.010017e+02 
1.010090e+02 
1.009492e+02 
1.007837e+02 
1.004658e+02 
9.995402e+01 
9.923965e+01 
9.838007e+01 
9.751143e+01 
9.681769e+01 
9.645651e+01 
9.649100e+01 
9.686831e+01 
9.745430e+01 
9.810011e+01 
9.869463e+01 
9.918226e+01 
9.955174e+01 
9.981589e+01 
9.999585e+01 
1.360254e+02 
4.774007e+02 
2.506259e+03 
7.046671e+03 
9.769497e+03 
4.924083e+03 

5.957340e+03 
1.076369e+04 
1.290465e+04 
9.204897e+03 
3.948663e+03 
7.577596e+02 
1.007407e+02 
1.007047e+02 
1.006068e+02 
1.004206e+02 
1.001196e+02 
9.968728e+01 
9.913319e+01 
9.850818e+01 
9.790526e+01 
9.743686e+01 
9.719558e+01 
9.721812e+01 
9.747387e+01 
9.788337e+01 
9.835303e+01 
9.880614e+01 
9.919702e+01 
9.950879e+01 
9.974348e+01 
9.991213e+01 
9.074055e+01 
1.871998e+02 
1.414320e+03 
5.178349e+03 
8.262100e+03 
4.953485e+03 

5.838508e+03 
8.888009e+03 
9.405170e+03 
5.906576e+03 
2.393587e+03 
5.143917e+02 
1.005240e+02 
1.004620e+02 
1.003471e+02 
1.001631e+02 
9.989714e+01 
9.954632e+01 
9.912637e+01 
9.867733e+01 
9.826053e+01 
9.794431e+01 
9.778261e+01 
9.779665e+01 
9.796908e+01 
9.825313e+01 
9.859086e+01 
9.893073e+01 
9.923766e+01 
9.949431e+01 
9.969695e+01 
9.984983e+01 
6.321147e+01 
5.532839e+01 
7.066792e+02 
3.673730e+03 
6.842140e+03 
4.970459e+03 

5.735288e+03 
8.048018e+03 
8.736343e+03 
5.838961e+03 
2.596671e+03 
5.628348e+02 
1.005933e+02 
1.005655e+02 
1.004884e+02 
1.003406e+02 
1.001009e+02 
9.975962e+01 
9.933436e+01 
9.888180e+01 
9.848536e+01 
9.822038e+01 
9.812966e+01 
9.822069e+01 
9.846117e+01 
9.878149e+01 
9.910597e+01 
9.938635e+01 
9.960716e+01 
9.977242e+01 
9.989269e+01 
9.997862e+01 
9.840232e+01 
2.783047e+02 
1.149114e+03 
3.486345e+03 
6.027704e+03 
4.956146e+03 

5.496036e+03 
7.607790e+03 
9.100244e+03 
6.753612e+03 
3.409727e+03 
7.363741e+02 
1.007268e+02 
1.007079e+02 
1.006181e+02 
1.004211e+02 
1.000894e+02 
9.964459e+01 
9.918832e+01 
9.883805e+01 
9.861403e+01 
9.845823e+01 
9.833475e+01 
9.827376e+01 
9.835450e+01 
9.863805e+01 
9.907332e+01 
9.950871e+01 
9.983018e+01 
1.000230e+02 
1.001226e+02 
1.001668e+02 
2.553273e+02 
1.266857e+03 
2.627504e+03 
4.166382e+03 
5.180532e+03 
4.815684e+03 

4.813499e+03 
5.737554e+03 
6.461441e+03 
4.490994e+03 
2.170124e+03 
4.887416e+02 
1.004854e+02 
1.004278e+02 
1.003150e+02 
1.001353e+02 
9.989189e+01 
9.961479e+01 
9.935527e+01 
9.915480e+01 
9.901943e+01 
9.893153e+01 
9.887838e+01 
9.886663e+01 
9.891772e+01 
9.905035e+01 
9.925823e+01 
9.950187e+01 
9.972864e+01 
9.990319e+01 
1.000180e+02 
1.000832e+02 
2.609961e+02 
1.512674e+03 
2.994407e+03 
3.786993e+03 
3.231547e+03 
4.299979e+03 

3.562209e+03 
2.321046e+03 
1.991158e+03 
1.037587e+03 
4.248428e+02 
1.616012e+02 
1.001106e+02 
1.000651e+02 
1.000043e+02 
9.992833e+01 
9.983980e+01 
9.974455e+01 
9.965176e+01 
9.957285e+01 
9.951891e+01 
9.949754e+01 
9.951056e+01 
9.955372e+01 
9.961836e+01 
9.969395e+01 
9.977042e+01 
9.983993e+01 
9.989765e+01 
9.994169e+01 
9.997244e+01 
9.999170e+01 
1.131098e+02 
5.605724e+02 
1.396181e+03 
1.637114e+03 
7.179351e+02 
3.104620e+03 

1.924103e+03 
4.227746e+02 
7.177748e+01 
3.072919e+01 
1.035582e+01 
5.506664e+01 
9.990023e+01 
9.989005e+01 
9.988223e+01 
9.987740e+01 
9.987581e+01 
9.987721e+01 
9.988094e+01 
9.988603e+01 
9.989148e+01 
9.989649e+01 
9.990063e+01 
9.990393e+01 
9.990683e+01 
9.990998e+01 
9.991406e+01 
9.991948e+01 
9.992624e+01 
9.993396e+01 
9.994193e+01 
9.994940e+01 
6.910606e+01 
2.722073e+01 
5.502268e+01 
8.806657e+01 
2.075152e+02 
1.669132e+03 

6.004843e+02 
2.792261e+02 
1.330351e+02 
3.110816e+01 
3.052948e+01 
7.805638e+01 
9.997778e+01 
9.998434e+01 
9.999024e+01 
9.999531e+01 
9.999944e+01 
1.000026e+02 
1.000050e+02 
1.000065e+02 
1.000074e+02 
1.000078e+02 
1.000076e+02 
1.000070e+02 
1.000059e+02 
1.000043e+02 
1.000021e+02 
9.999920e+01 
9.999568e+01 
9.999153e+01 
9.998687e+01 
9.998189e+01 
8.198727e+01 
3.852279e+01 
1.504016e+01 
6.144097e+01 
1.841767e+02 
5.294977e+02 

