6.080540e+01 
-7.919537e+01 
-3.122540e+01 
2.268927e-01 
3.194846e+01 
4.145361e+01 
4.498975e+01 
4.498799e+01 
4.498661e+01 
4.498561e+01 
4.498495e+01 
4.498457e+01 
4.498438e+01 
4.498431e+01 
4.498428e+01 
4.498423e+01 
4.498412e+01 
4.498393e+01 
4.498364e+01 
4.498325e+01 
4.498280e+01 
4.498233e+01 
4.498191e+01 
4.498162e+01 
4.498155e+01 
4.498178e+01 
3.542476e+01 
-3.801318e+00 
-8.319848e+01 
2.804047e+01 
-5.828208e+01 
4.274068e+01 

5.732623e+01 
8.295308e+01 
-2.787294e+01 
-3.253247e+00 
3.751060e+01 
4.351756e+01 
4.499564e+01 
4.499435e+01 
4.499168e+01 
4.498743e+01 
4.498167e+01 
4.497472e+01 
4.496716e+01 
4.495966e+01 
4.495289e+01 
4.494736e+01 
4.494347e+01 
4.494140e+01 
4.494122e+01 
4.494283e+01 
4.494596e+01 
4.495028e+01 
4.495534e+01 
4.496071e+01 
4.496600e+01 
4.497093e+01 
3.287010e+01 
-7.259499e+01 
6.195256e+01 
5.193797e+01 
5.304110e+01 
3.338008e+01 

5.355826e+01 
1.583154e+01 
-4.955788e+01 
-4.791394e+01 
-3.930213e+01 
2.494373e-01 
4.490002e+01 
4.489181e+01 
4.488627e+01 
4.488452e+01 
4.488741e+01 
4.489500e+01 
4.490619e+01 
4.491857e+01 
4.492892e+01 
4.493449e+01 
4.493431e+01 
4.492974e+01 
4.492364e+01 
4.491870e+01 
4.491641e+01 
4.491697e+01 
4.491977e+01 
4.492399e+01 
4.492889e+01 
4.493395e+01 
1.143612e+01 
-4.986260e+01 
-6.033479e+01 
-5.348484e+01 
-2.231298e+01 
3.469491e+01 

5.536708e+01 
-1.075263e+01 
-3.793523e+01 
-4.665211e+01 
-4.625394e+01 
-2.424420e+01 
4.475683e+01 
4.471955e+01 
4.469249e+01 
4.468418e+01 
4.469945e+01 
4.473687e+01 
4.479024e+01 
4.485154e+01 
4.491210e+01 
4.496148e+01 
4.498693e+01 
4.497804e+01 
4.493783e+01 
4.488682e+01 
4.484766e+01 
4.482911e+01 
4.482770e+01 
4.483653e+01 
4.485010e+01 
4.486512e+01 
-7.057542e+00 
-4.433807e+01 
-4.902169e+01 
-4.031611e+01 
-1.558863e+01 
3.878766e+01 

5.837957e+01 
-8.183513e+00 
-3.434211e+01 
-3.795837e+01 
-3.096707e+01 
-7.588833e+00 
4.477533e+01 
4.471102e+01 
4.464038e+01 
4.458188e+01 
4.456398e+01 
4.460459e+01 
4.469338e+01 
4.480394e+01 
4.491293e+01 
4.500142e+01 
4.504716e+01 
4.502844e+01 
4.495230e+01 
4.486655e+01 
4.481302e+01 
4.479650e+01 
4.480350e+01 
4.482138e+01 
4.484270e+01 
4.486386e+01 
-3.403628e+00 
-3.698493e+01 
-4.104447e+01 
-3.192242e+01 
-9.242483e+00 
4.074092e+01 

6.006071e+01 
-6.023660e+00 
-3.190929e+01 
-2.571494e+01 
-6.240483e+00 
1.803507e+01 
4.492721e+01 
4.491149e+01 
4.489345e+01 
4.487501e+01 
4.486085e+01 
4.485924e+01 
4.487986e+01 
4.492630e+01 
4.498729e+01 
4.503816e+01 
4.505649e+01 
4.503887e+01 
4.500141e+01 
4.496427e+01 
4.493873e+01 
4.492639e+01 
4.492410e+01 
4.492794e+01 
4.493484e+01 
4.494281e+01 
1.968415e+01 
-1.556088e+01 
-2.399542e+01 
-2.229557e+01 
-6.961276e+00 
4.128917e+01 

6.120284e+01 
-4.116591e+00 
-3.246696e+01 
-2.365198e+01 
3.528048e+00 
2.782646e+01 
4.498221e+01 
4.498484e+01 
4.498901e+01 
4.499507e+01 
4.500326e+01 
4.501355e+01 
4.502543e+01 
4.503778e+01 
4.504896e+01 
4.505716e+01 
4.506099e+01 
4.505996e+01 
4.505463e+01 
4.504632e+01 
4.503661e+01 
4.502689e+01 
4.501810e+01 
4.501071e+01 
4.500484e+01 
4.500041e+01 
4.365291e+01 
2.554500e+01 
-4.016298e+00 
-1.718391e+01 
-6.111270e+00 
4.227610e+01 

6.248573e+01 
-1.940526e+00 
-3.614015e+01 
-3.253967e+01 
-4.015273e+00 
2.461643e+01 
4.497411e+01 
4.497599e+01 
4.497967e+01 
4.498575e+01 
4.499479e+01 
4.500711e+01 
4.502234e+01 
4.503910e+01 
4.505494e+01 
4.506692e+01 
4.507265e+01 
4.507126e+01 
4.506370e+01 
4.505218e+01 
4.503920e+01 
4.502676e+01 
4.501603e+01 
4.500745e+01 
4.500098e+01 
4.499636e+01 
3.929858e+01 
1.758849e+01 
-7.556851e+00 
-1.851763e+01 
-4.815364e+00 
4.405287e+01 

6.357609e+01 
2.731044e-01 
-3.980453e+01 
-4.177533e+01 
-1.294013e+01 
2.142915e+01 
4.496475e+01 
4.496544e+01 
4.496806e+01 
4.497352e+01 
4.498287e+01 
4.499696e+01 
4.501589e+01 
4.503815e+01 
4.506030e+01 
4.507764e+01 
4.508615e+01 
4.508432e+01 
4.507373e+01 
4.505800e+01 
4.504097e+01 
4.502542e+01 
4.501268e+01 
4.500302e+01 
4.499615e+01 
4.499155e+01 
3.495410e+01 
1.051812e+01 
-1.234698e+01 
-2.057178e+01 
-3.637634e+00 
4.571853e+01 

6.446570e+01 
2.476441e+00 
-4.315415e+01 
-5.040831e+01 
-2.286867e+01 
1.825113e+01 
4.495434e+01 
4.495335e+01 
4.495427e+01 
4.495830e+01 
4.496707e+01 
4.498230e+01 
4.500496e+01 
4.503377e+01 
4.506406e+01 
4.508872e+01 
4.510116e+01 
4.509881e+01 
4.508428e+01 
4.506327e+01 
4.504148e+01 
4.502257e+01 
4.500792e+01 
4.499743e+01 
4.499042e+01 
4.498608e+01 
3.074045e+01 
3.307884e+00 
-1.838684e+01 
-2.328735e+01 
-2.591545e+00 
4.725259e+01 

6.514994e+01 
4.605078e+00 
-4.587301e+01 
-5.759693e+01 
-3.276598e+01 
1.513113e+01 
4.494332e+01 
4.494024e+01 
4.493884e+01 
4.494060e+01 
4.494778e+01 
4.496322e+01 
4.498930e+01 
4.502529e+01 
4.506541e+01 
4.509928e+01 
4.511683e+01 
4.511401e+01 
4.509470e+01 
4.506753e+01 
4.504049e+01 
4.501820e+01 
4.500188e+01 
4.499089e+01 
4.498403e+01 
4.498018e+01 
2.672071e+01 
-4.485061e+00 
-2.549567e+01 
-2.657276e+01 
-1.696893e+00 
4.863743e+01 

6.562734e+01 
6.583010e+00 
-4.767262e+01 
-6.285455e+01 
-4.129484e+01 
1.220986e+01 
4.493233e+01 
4.492691e+01 
4.492279e+01 
4.492168e+01 
4.492644e+01 
4.494129e+01 
4.497022e+01 
4.501357e+01 
4.506435e+01 
4.510864e+01 
4.513213e+01 
4.512886e+01 
4.510434e+01 
4.507054e+01 
4.503817e+01 
4.501269e+01 
4.499504e+01 
4.498386e+01 
4.497741e+01 
4.497422e+01 
2.295023e+01 
-1.281788e+01 
-3.321491e+01 
-3.027792e+01 
-9.804551e-01 
4.985882e+01 

6.589896e+01 
8.332010e+00 
-4.832079e+01 
-6.601491e+01 
-4.742468e+01 
9.719583e+00 
4.492216e+01 
4.491441e+01 
4.490750e+01 
4.490337e+01 
4.490544e+01 
4.491931e+01 
4.495054e+01 
4.500085e+01 
4.506192e+01 
4.511662e+01 
4.514608e+01 
4.514239e+01 
4.511278e+01 
4.507253e+01 
4.503517e+01 
4.500685e+01 
4.498818e+01 
4.497703e+01 
4.497112e+01 
4.496866e+01 
1.952583e+01 
-2.117596e+01 
-4.083938e+01 
-3.418133e+01 
-4.752563e-01 
5.090593e+01 

6.596747e+01 
9.783293e+00 
-4.766012e+01 
-6.705934e+01 
-5.067143e+01 
7.938570e+00 
4.491364e+01 
4.490385e+01 
4.489449e+01 
4.488769e+01 
4.488741e+01 
4.490039e+01 
4.493363e+01 
4.498976e+01 
4.505967e+01 
4.512325e+01 
4.515782e+01 
4.515377e+01 
4.511969e+01 
4.507396e+01 
4.503234e+01 
4.500168e+01 
4.498220e+01 
4.497116e+01 
4.496578e+01 
4.496399e+01 
1.660944e+01 
-2.873148e+01 
-4.761338e+01 
-3.800122e+01 
-2.180710e-01 
5.177092e+01 

6.583632e+01 
1.088815e+01 
-4.562472e+01 
-6.597156e+01 
-5.090473e+01 
7.107273e+00 
4.490750e+01 
4.489622e+01 
4.488508e+01 
4.487637e+01 
4.487450e+01 
4.488699e+01 
4.492183e+01 
4.498222e+01 
4.505845e+01 
4.512828e+01 
4.516648e+01 
4.516213e+01 
4.512484e+01 
4.507515e+01 
4.503042e+01 
4.499802e+01 
4.497792e+01 
4.496693e+01 
4.496194e+01 
4.496064e+01 
1.441369e+01 
-3.466276e+01 
-5.295673e+01 
-4.143325e+01 
-2.450613e-01 
5.244823e+01 

6.550890e+01 
1.162450e+01 
-4.226399e+01 
-6.267671e+01 
-4.811125e+01 
7.342120e+00 
4.490431e+01 
4.489226e+01 
4.488022e+01 
4.487058e+01 
4.486798e+01 
4.488036e+01 
4.491616e+01 
4.497878e+01 
4.505817e+01 
4.513113e+01 
4.517115e+01 
4.516671e+01 
4.512787e+01 
4.507617e+01 
4.502979e+01 
4.499638e+01 
4.497588e+01 
4.496485e+01 
4.496001e+01 
4.495894e+01 
1.315335e+01 
-3.840457e+01 
-5.655095e+01 
-4.420254e+01 
-5.859647e-01 
5.293364e+01 

6.498805e+01 
1.199781e+01 
-3.776880e+01 
-5.707699e+01 
-4.235909e+01 
8.590352e+00 
4.490435e+01 
4.489235e+01 
4.488039e+01 
4.487085e+01 
4.486840e+01 
4.488092e+01 
4.491678e+01 
4.497931e+01 
4.505850e+01 
4.513125e+01 
4.517126e+01 
4.516703e+01 
4.512847e+01 
4.507692e+01 
4.503050e+01 
4.499696e+01 
4.497629e+01 
4.496513e+01 
4.496020e+01 
4.495906e+01 
1.298243e+01 
-3.967679e+01 
-5.827901e+01 
-4.610915e+01 
-1.257921e+00 
5.322340e+01 

6.427604e+01 
1.203681e+01 
-3.247591e+01 
-4.920733e+01 
-3.399758e+01 
1.064760e+01 
4.490762e+01 
4.489647e+01 
4.488555e+01 
4.487715e+01 
4.487569e+01 
4.488860e+01 
4.492366e+01 
4.498384e+01 
4.505949e+01 
4.512875e+01 
4.516691e+01 
4.516313e+01 
4.512658e+01 
4.507727e+01 
4.503243e+01 
4.499963e+01 
4.497909e+01 
4.496773e+01 
4.496246e+01 
4.496098e+01 
1.394564e+01 
-3.839272e+01 
-5.812667e+01 
-4.705276e+01 
-2.260565e+00 
5.331369e+01 

6.337498e+01 
1.178599e+01 
-2.682166e+01 
-3.949309e+01 
-2.392878e+01 
1.322647e+01 
4.491381e+01 
4.490421e+01 
4.489518e+01 
4.488886e+01 
4.488923e+01 
4.490288e+01 
4.493648e+01 
4.499239e+01 
4.506149e+01 
4.512426e+01 
4.515874e+01 
4.515544e+01 
4.512234e+01 
4.507710e+01 
4.503530e+01 
4.500405e+01 
4.498391e+01 
4.497232e+01 
4.496655e+01 
4.496449e+01 
1.596667e+01 
-3.461270e+01 
-5.612887e+01 
-4.703717e+01 
-3.574072e+00 
5.320036e+01 

6.228770e+01 
1.129697e+01 
-2.124691e+01 
-2.890195e+01 
-1.353601e+01 
1.604129e+01 
4.492235e+01 
4.491483e+01 
4.490831e+01 
4.490475e+01 
4.490760e+01 
4.492228e+01 
4.495401e+01 
4.500413e+01 
4.506438e+01 
4.511820e+01 
4.514752e+01 
4.514456e+01 
4.511592e+01 
4.507614e+01 
4.503853e+01 
4.500955e+01 
4.499014e+01 
4.497837e+01 
4.497201e+01 
4.496925e+01 
1.887977e+01 
-2.860607e+01 
-5.238729e+01 
-4.616250e+01 
-5.161209e+00 
5.287921e+01 

6.101888e+01 
1.062105e+01 
-1.610018e+01 
-1.867430e+01 
-4.097856e+00 
1.887255e+01 
4.493249e+01 
4.492730e+01 
4.492357e+01 
4.492304e+01 
4.492858e+01 
4.494424e+01 
4.497368e+01 
4.501691e+01 
4.506698e+01 
4.511049e+01 
4.513382e+01 
4.513113e+01 
4.510741e+01 
4.507398e+01 
4.504136e+01 
4.501528e+01 
4.499694e+01 
4.498517e+01 
4.497829e+01 
4.497480e+01 
2.249079e+01 
-2.094738e+01 
-4.714898e+01 
-4.461121e+01 
-6.973208e+00 
5.234658e+01 

5.957617e+01 
9.803755e+00 
-1.158979e+01 
-9.759678e+00 
3.733757e+00 
2.159377e+01 
4.494340e+01 
4.494053e+01 
4.493947e+01 
4.494174e+01 
4.494956e+01 
4.496567e+01 
4.499217e+01 
4.502809e+01 
4.506767e+01 
4.510095e+01 
4.511835e+01 
4.511592e+01 
4.509717e+01 
4.507027e+01 
4.504307e+01 
4.502033e+01 
4.500347e+01 
4.499200e+01 
4.498478e+01 
4.498067e+01 
2.663756e+01 
-1.246117e+01 
-4.089635e+01 
-4.262911e+01 
-8.957994e+00 
5.160026e+01 

5.797108e+01 
8.882016e+00 
-7.794377e+00 
-2.525801e+00 
9.915898e+00 
2.416603e+01 
4.495431e+01 
4.495349e+01 
4.495467e+01 
4.495908e+01 
4.496830e+01 
4.498398e+01 
4.500690e+01 
4.503563e+01 
4.506556e+01 
4.508984e+01 
4.510217e+01 
4.510006e+01 
4.508589e+01 
4.506509e+01 
4.504324e+01 
4.502406e+01 
4.500905e+01 
4.499824e+01 
4.499096e+01 
4.498642e+01 
3.121706e+01 
-3.905517e+00 
-3.435852e+01 
-4.050124e+01 
-1.106859e+01 
5.064036e+01 

5.621941e+01 
7.883458e+00 
-4.704448e+00 
3.105258e+00 
1.471673e+01 
2.661543e+01 
4.496459e+01 
4.496539e+01 
4.496819e+01 
4.497389e+01 
4.498350e+01 
4.499784e+01 
4.501688e+01 
4.503906e+01 
4.506097e+01 
4.507808e+01 
4.508652e+01 
4.508483e+01 
4.507447e+01 
4.505891e+01 
4.504191e+01 
4.502625e+01 
4.501333e+01 
4.500348e+01 
4.499644e+01 
4.499172e+01 
3.616101e+01 
4.458117e+00 
-2.839422e+01 
-3.852722e+01 
-1.326969e+01 
4.947018e+01 

5.434108e+01 
6.827353e+00 
-2.265670e+00 
7.401626e+00 
1.848514e+01 
2.900632e+01 
4.497382e+01 
4.497576e+01 
4.497953e+01 
4.498573e+01 
4.499490e+01 
4.500731e+01 
4.502255e+01 
4.503922e+01 
4.505490e+01 
4.506674e+01 
4.507244e+01 
4.507114e+01 
4.506374e+01 
4.505237e+01 
4.503946e+01 
4.502702e+01 
4.501623e+01 
4.500757e+01 
4.500102e+01 
4.499634e+01 
4.136640e+01 
1.333056e+01 
-2.385740e+01 
-3.700510e+01 
-1.554141e+01 
4.809679e+01 

5.235946e+01 
5.726596e+00 
-4.101226e-01 
1.065826e+01 
2.155558e+01 
3.141590e+01 
4.498181e+01 
4.498445e+01 
4.498865e+01 
4.499474e+01 
4.500296e+01 
4.501324e+01 
4.502508e+01 
4.503734e+01 
4.504840e+01 
4.505651e+01 
4.506033e+01 
4.505937e+01 
4.505415e+01 
4.504597e+01 
4.503636e+01 
4.502670e+01 
4.501793e+01 
4.501054e+01 
4.500466e+01 
4.500022e+01 
4.661936e+01 
2.579836e+01 
-2.169803e+01 
-3.623444e+01 
-1.788015e+01 
4.653125e+01 

5.110273e+01 
5.179209e+00 
-2.725169e+00 
2.497183e+00 
9.557110e+00 
2.213050e+01 
4.493203e+01 
4.492276e+01 
4.491439e+01 
4.490920e+01 
4.491077e+01 
4.492365e+01 
4.495102e+01 
4.499008e+01 
4.502826e+01 
4.504723e+01 
4.503552e+01 
4.499858e+01 
4.495499e+01 
4.492243e+01 
4.490765e+01 
4.490768e+01 
4.491620e+01 
4.492797e+01 
4.493989e+01 
4.495057e+01 
2.246881e+01 
-2.317281e+01 
-3.647747e+01 
-3.835859e+01 
-1.948711e+01 
4.536557e+01 

5.013955e+01 
5.001293e+00 
-8.672190e+00 
-1.147864e+01 
-8.065053e+00 
7.697323e+00 
4.484416e+01 
4.481639e+01 
4.478810e+01 
4.476540e+01 
4.475985e+01 
4.478611e+01 
4.484973e+01 
4.493239e+01 
4.499883e+01 
4.502169e+01 
4.499265e+01 
4.491851e+01 
4.481986e+01 
4.473066e+01 
4.468323e+01 
4.468532e+01 
4.472012e+01 
4.476657e+01 
4.481162e+01 
4.485018e+01 
-8.114576e+00 
-4.675575e+01 
-5.210369e+01 
-4.362027e+01 
-2.046605e+01 
4.397799e+01 

4.844261e+01 
4.197555e+00 
-1.210708e+01 
-1.638387e+01 
-1.270897e+01 
6.142724e+00 
4.485893e+01 
4.484279e+01 
4.482952e+01 
4.482369e+01 
4.483122e+01 
4.485624e+01 
4.489584e+01 
4.493782e+01 
4.496620e+01 
4.496979e+01 
4.494590e+01 
4.489928e+01 
4.484030e+01 
4.478330e+01 
4.474271e+01 
4.472693e+01 
4.473492e+01 
4.475893e+01 
4.479015e+01 
4.482219e+01 
-1.939710e+01 
-5.659392e+01 
-6.118383e+01 
-5.132081e+01 
-2.209768e+01 
4.115782e+01 

4.683478e+01 
9.739405e+00 
-7.788250e+00 
-6.853720e+00 
3.762097e+00 
2.703200e+01 
4.496219e+01 
4.495980e+01 
4.495705e+01 
4.495406e+01 
4.495100e+01 
4.494799e+01 
4.494497e+01 
4.494144e+01 
4.493653e+01 
4.492939e+01 
4.491976e+01 
4.490845e+01 
4.489717e+01 
4.488790e+01 
4.488215e+01 
4.488059e+01 
4.488301e+01 
4.488863e+01 
4.489646e+01 
4.490555e+01 
-1.426568e+00 
-5.585578e+01 
-6.845570e+01 
-6.954000e+01 
-1.136529e+01 
3.861487e+01 

4.923748e+01 
6.230613e+01 
-8.978716e+01 
-6.121318e+01 
8.863228e+01 
4.753946e+01 
4.499334e+01 
4.498762e+01 
4.498092e+01 
4.497354e+01 
4.496589e+01 
4.495852e+01 
4.495197e+01 
4.494672e+01 
4.494314e+01 
4.494141e+01 
4.494156e+01 
4.494347e+01 
4.494685e+01 
4.495130e+01 
4.495636e+01 
4.496151e+01 
4.496636e+01 
4.497059e+01 
4.497409e+01 
4.497687e+01 
3.445208e+01 
-2.527880e+01 
8.334768e+01 
3.232930e+01 
8.865726e+01 
4.145109e+01 

5.908813e+01 
-7.192681e+01 
-1.679346e+01 
3.678685e+01 
-5.071750e+00 
3.709056e+01 
4.498278e+01 
4.498178e+01 
4.498123e+01 
4.498106e+01 
4.498118e+01 
4.498149e+01 
4.498190e+01 
4.498233e+01 
4.498273e+01 
4.498305e+01 
4.498328e+01 
4.498342e+01 
4.498349e+01 
4.498351e+01 
4.498355e+01 
4.498366e+01 
4.498391e+01 
4.498439e+01 
4.498514e+01 
4.498619e+01 
3.849208e+01 
1.078840e+01 
7.104547e+01 
-6.563215e+00 
-7.494225e+01 
4.844504e+01 

