5.233532e+01
4.564861e+01
4.213292e+01
4.718695e+01
5.152745e+01
5.375102e+01
5.498152e+01
5.616708e+01
5.718462e+01
5.802490e+01
5.868439e+01
5.916483e+01
5.947196e+01
5.961362e+01
5.959777e+01
5.943060e+01
5.911531e+01
5.865160e+01
5.803603e+01
5.726319e+01
5.632768e+01
5.522640e+01
5.396085e+01
5.253878e+01
5.097473e+01
4.928940e+01
4.823854e+01
4.739500e+01
4.546298e+01
4.303340e+01
4.478184e+01
5.456833e+01

-6.453243e+01
-6.301493e+01
-4.873258e+01
-2.360036e+01
-1.419901e+01
-8.984602e+00
-5.597814e+00
-2.452699e+00
5.951723e-01
3.486381e+00
6.145851e+00
8.491653e+00
1.044664e+01
1.194968e+01
1.296346e+01
1.347772e+01
1.350815e+01
1.309267e+01
1.228595e+01
1.115306e+01
9.762350e+00
8.178365e+00
6.455752e+00
4.635218e+00
2.742144e+00
7.876747e-01
-6.824687e-01
-2.013722e+00
-3.505427e+00
3.221952e+00
7.456622e+01
-6.549284e+01

3.700973e+00
-4.568603e+00
6.465893e+01
-5.704448e+01
-4.151410e+01
-3.472680e+01
-3.293482e+01
-3.430168e+01
-3.578137e+01
-3.717869e+01
-3.827802e+01
-3.885486e+01
-3.870218e+01
-3.766940e+01
-3.570619e+01
-3.289501e+01
-2.945068e+01
-2.567505e+01
-2.188087e+01
-1.832227e+01
-1.516189e+01
-1.247647e+01
-1.028287e+01
-8.566781e+00
-7.305376e+00
-6.483178e+00
-9.221248e+00
-1.499034e+01
-1.862224e+01
-1.771502e+01
-2.629210e+01
-5.103108e+00

5.613158e+01
4.274154e+01
6.903026e+01
-7.516642e+01
-4.919490e+01
-2.971544e+01
-2.493712e+01
-3.125031e+01
-3.826154e+01
-4.543655e+01
-5.209144e+01
-5.755228e+01
-6.128563e+01
-6.292001e+01
-6.219120e+01
-5.890474e+01
-5.300483e+01
-4.478576e+01
-3.510501e+01
-2.524568e+01
-1.635767e+01
-9.021055e+00
-3.288486e+00
1.046468e+00
4.245019e+00
6.534624e+00
-8.669961e-01
-1.477337e+01
-2.234960e+01
-2.946123e+01
6.449137e+00
4.527771e+01

-6.749233e+00
7.433817e+01
7.677389e+01
-7.908723e+01
-4.564811e+01
-9.892915e+00
2.136484e+00
-4.932942e+00
-1.341176e+01
-2.327788e+01
-3.380588e+01
-4.361795e+01
-5.127475e+01
-5.583657e+01
-5.685846e+01
-5.410484e+01
-4.747745e+01
-3.739082e+01
-2.531545e+01
-1.346081e+01
-3.462956e+00
4.252608e+00
1.000912e+01
1.432097e+01
1.765808e+01
2.041644e+01
9.829890e+00
-9.027653e+00
-1.823185e+01
-2.176671e+01
2.625920e+01
-4.133396e+01

3.799318e+01
2.640431e+01
-3.898872e+01
-5.007088e+01
-1.547872e+01
1.816987e+01
2.822344e+01
2.419509e+01
2.018479e+01
1.603641e+01
1.165853e+01
7.129099e+00
2.804693e+00
-6.605078e-01
-2.502265e+00
-2.209321e+00
1.743440e-01
4.046856e+00
8.561974e+00
1.301556e+01
1.703516e+01
2.054371e+01
2.363822e+01
2.648922e+01
2.928241e+01
3.218729e+01
2.509609e+01
1.130805e+01
9.682633e+00
3.137941e+01
3.979223e+01
3.345486e+01

4.498447e+01
4.496579e+01
4.491223e+01
4.480890e+01
4.480782e+01
4.493683e+01
4.498362e+01
4.497390e+01
4.496185e+01
4.494733e+01
4.493052e+01
4.491213e+01
4.489354e+01
4.487673e+01
4.486397e+01
4.485721e+01
4.485758e+01
4.486499e+01
4.487816e+01
4.489508e+01
4.491351e+01
4.493157e+01
4.494799e+01
4.496212e+01
4.497382e+01
4.498327e+01
4.495167e+01
4.489287e+01
4.490393e+01
4.496516e+01
4.497376e+01
4.497657e+01

4.498282e+01
4.496346e+01
4.490387e+01
4.479533e+01
4.476864e+01
4.493054e+01
4.498908e+01
4.497935e+01
4.496682e+01
4.495108e+01
4.493211e+01
4.491052e+01
4.488793e+01
4.486691e+01
4.485063e+01
4.484197e+01
4.484257e+01
4.485226e+01
4.486915e+01
4.489028e+01
4.491258e+01
4.493363e+01
4.495201e+01
4.496721e+01
4.497930e+01
4.498869e+01
4.495108e+01
4.488055e+01
4.489386e+01
4.495865e+01
4.496682e+01
4.497554e+01

4.498137e+01
4.496102e+01
4.489751e+01
4.479582e+01
4.473592e+01
4.492625e+01
4.499641e+01
4.498733e+01
4.497505e+01
4.495886e+01
4.493837e+01
4.491396e+01
4.488730e+01
4.486165e+01
4.484131e+01
4.483043e+01
4.483137e+01
4.484384e+01
4.486505e+01
4.489076e+01
4.491686e+01
4.494045e+01
4.496009e+01
4.497555e+01
4.498727e+01
4.499595e+01
4.495322e+01
4.487166e+01
4.488734e+01
4.495195e+01
4.495959e+01
4.497486e+01

4.498015e+01
4.495823e+01
4.489378e+01
4.481003e+01
4.472365e+01
4.492607e+01
4.500558e+01
4.499796e+01
4.498697e+01
4.497159e+01
4.495099e+01
4.492510e+01
4.489549e+01
4.486598e+01
4.484208e+01
4.482919e+01
4.483054e+01
4.484567e+01
4.487072e+01
4.490017e+01
4.492889e+01
4.495358e+01
4.497304e+01
4.498751e+01
4.499785e+01
4.500502e+01
4.495931e+01
4.487056e+01
4.488776e+01
4.494558e+01
4.495233e+01
4.497450e+01

4.497917e+01
4.495486e+01
4.489313e+01
4.483293e+01
4.474241e+01
4.493257e+01
4.501631e+01
4.501101e+01
4.500253e+01
4.498963e+01
4.497106e+01
4.494623e+01
4.491641e+01
4.488549e+01
4.485977e+01
4.484585e+01
4.484756e+01
4.486430e+01
4.489135e+01
4.492205e+01
4.495065e+01
4.497394e+01
4.499114e+01
4.500301e+01
4.501077e+01
4.501560e+01
4.497042e+01
4.488250e+01
4.489798e+01
4.494003e+01
4.494535e+01
4.497439e+01

4.497841e+01
4.495081e+01
4.489570e+01
4.485923e+01
4.478893e+01
4.494787e+01
4.502799e+01
4.502578e+01
4.502098e+01
4.501228e+01
4.499821e+01
4.497774e+01
4.495149e+01
4.492307e+01
4.489881e+01
4.488546e+01
4.488731e+01
4.490366e+01
4.492929e+01
4.495736e+01
4.498219e+01
4.500097e+01
4.501359e+01
4.502123e+01
4.502533e+01
4.502708e+01
4.498685e+01
4.491047e+01
4.491758e+01
4.493552e+01
4.493899e+01
4.497446e+01

4.497785e+01
4.494614e+01
4.490122e+01
4.488632e+01
4.484966e+01
4.497210e+01
4.503974e+01
4.504107e+01
4.504072e+01
4.503751e+01
4.502994e+01
4.501664e+01
4.499758e+01
4.497532e+01
4.495532e+01
4.494412e+01
4.494579e+01
4.495967e+01
4.498084e+01
4.500271e+01
4.502042e+01
4.503214e+01
4.503837e+01
4.504062e+01
4.504034e+01
4.503861e+01
4.500729e+01
4.495054e+01
4.494121e+01
4.493182e+01
4.493355e+01
4.497464e+01

4.497745e+01
4.494109e+01
4.490881e+01
4.491373e+01
4.491247e+01
4.500205e+01
4.505047e+01
4.505535e+01
4.505958e+01
4.506225e+01
4.506194e+01
4.505707e+01
4.504685e+01
4.503269e+01
4.501879e+01
4.501056e+01
4.501178e+01
4.502199e+01
4.503674e+01
4.505057e+01
4.505971e+01
4.506331e+01
4.506253e+01
4.505908e+01
4.505433e+01
4.504913e+01
4.502839e+01
4.499094e+01
4.496084e+01
4.492817e+01
4.492931e+01
4.497488e+01

4.497714e+01
4.493604e+01
4.491691e+01
4.494118e+01
4.497036e+01
4.503119e+01
4.505910e+01
4.506701e+01
4.507524e+01
4.508312e+01
4.508937e+01
4.509223e+01
4.509028e+01
4.508377e+01
4.507558e+01
4.507020e+01
4.507096e+01
4.507757e+01
4.508630e+01
4.509257e+01
4.509375e+01
4.508995e+01
4.508288e+01
4.507440e+01
4.506576e+01
4.505760e+01
4.504525e+01
4.501845e+01
4.497035e+01
4.492366e+01
4.492646e+01
4.497514e+01

4.497691e+01
4.493146e+01
4.492342e+01
4.496669e+01
4.501743e+01
4.505182e+01
4.506470e+01
4.507468e+01
4.508570e+01
4.509726e+01
4.510822e+01
4.511674e+01
4.512096e+01
4.512034e+01
4.511674e+01
4.511374e+01
4.511422e+01
4.511801e+01
4.512196e+01
4.512241e+01
4.511762e+01
4.510837e+01
4.509675e+01
4.508469e+01
4.507333e+01
4.506313e+01
4.505310e+01
4.502536e+01
4.496778e+01
4.491767e+01
4.492509e+01
4.497538e+01

4.497669e+01
4.492779e+01
4.492632e+01
4.498502e+01
4.504446e+01
4.505840e+01
4.506670e+01
4.507750e+01
4.508968e+01
4.510286e+01
4.511605e+01
4.512749e+01
4.513521e+01
4.513829e+01
4.513786e+01
4.513672e+01
4.513720e+01
4.513914e+01
4.513994e+01
4.513672e+01
4.512844e+01
4.511628e+01
4.510242e+01
4.508873e+01
4.507620e+01
4.506517e+01
4.504946e+01
4.501045e+01
4.495421e+01
4.491027e+01
4.492516e+01
4.497559e+01

4.497646e+01
4.492536e+01
4.492474e+01
4.498799e+01
4.504007e+01
4.505007e+01
4.506495e+01
4.507525e+01
4.508684e+01
4.509941e+01
4.511212e+01
4.512344e+01
4.513166e+01
4.513588e+01
4.513692e+01
4.513694e+01
4.513770e+01
4.513892e+01
4.513846e+01
4.513408e+01
4.512514e+01
4.511291e+01
4.509937e+01
4.508617e+01
4.507415e+01
4.506356e+01
4.503545e+01
4.497649e+01
4.493183e+01
4.490220e+01
4.492654e+01
4.497577e+01

4.497622e+01
4.492440e+01
4.491968e+01
4.496927e+01
4.500140e+01
4.503075e+01
4.505978e+01
4.506839e+01
4.507782e+01
4.508776e+01
4.509742e+01
4.510560e+01
4.511107e+01
4.511340e+01
4.511363e+01
4.511364e+01
4.511483e+01
4.511678e+01
4.511745e+01
4.511489e+01
4.510845e+01
4.509906e+01
4.508831e+01
4.507757e+01
4.506758e+01
4.505861e+01
4.501531e+01
4.492917e+01
4.490321e+01
4.489465e+01
4.492900e+01
4.497594e+01

4.497594e+01
4.492497e+01
4.491358e+01
4.493280e+01
4.494421e+01
4.500682e+01
4.505189e+01
4.505795e+01
4.506412e+01
4.506997e+01
4.507473e+01
4.507746e+01
4.507752e+01
4.507522e+01
4.507222e+01
4.507086e+01
4.507246e+01
4.507644e+01
4.508064e+01
4.508268e+01
4.508141e+01
4.507720e+01
4.507113e+01
4.506432e+01
4.505747e+01
4.505097e+01
4.499448e+01
4.487816e+01
4.487168e+01
4.488890e+01
4.493228e+01
4.497613e+01

4.497565e+01
4.492702e+01
4.490905e+01
4.489363e+01
4.489298e+01
4.498424e+01
4.504225e+01
4.504534e+01
4.504778e+01
4.504898e+01
4.504818e+01
4.504470e+01
4.503841e+01
4.503051e+01
4.502349e+01
4.502004e+01
4.502182e+01
4.502816e+01
4.503657e+01
4.504423e+01
4.504925e+01
4.505118e+01
4.505059e+01
4.504834e+01
4.504516e+01
4.504156e+01
4.497731e+01
4.483655e+01
4.484219e+01
4.488604e+01
4.493614e+01
4.497638e+01

4.497537e+01
4.493037e+01
4.490763e+01
4.486595e+01
4.486158e+01
4.496665e+01
4.503188e+01
4.503207e+01
4.503094e+01
4.502785e+01
4.502214e+01
4.501336e+01
4.500195e+01
4.498961e+01
4.497928e+01
4.497410e+01
4.497574e+01
4.498365e+01
4.499532e+01
4.500753e+01
4.501786e+01
4.502523e+01
4.502965e+01
4.503171e+01
4.503210e+01
4.503140e+01
4.496587e+01
4.481534e+01
4.482100e+01
4.488670e+01
4.494034e+01
4.497672e+01

4.497514e+01
4.493480e+01
4.490959e+01
4.485402e+01
4.484994e+01
4.495526e+01
4.502173e+01
4.501942e+01
4.501539e+01
4.500905e+01
4.499991e+01
4.498786e+01
4.497367e+01
4.495932e+01
4.494772e+01
4.494177e+01
4.494308e+01
4.495123e+01
4.496398e+01
4.497835e+01
4.499176e+01
4.500271e+01
4.501078e+01
4.501623e+01
4.501958e+01
4.502140e+01
4.496007e+01
4.481649e+01
4.481325e+01
4.489092e+01
4.494475e+01
4.497719e+01

4.497500e+01
4.494000e+01
4.491431e+01
4.485467e+01
4.485204e+01
4.494955e+01
4.501251e+01
4.500834e+01
4.500230e+01
4.499397e+01
4.498308e+01
4.496984e+01
4.495520e+01
4.494102e+01
4.492983e+01
4.492404e+01
4.492496e+01
4.493234e+01
4.494443e+01
4.495872e+01
4.497290e+01
4.498539e+01
4.499546e+01
4.500307e+01
4.500854e+01
4.501228e+01
4.495861e+01
4.483333e+01
4.481977e+01
4.489821e+01
4.494926e+01
4.497784e+01

4.497503e+01
4.494569e+01
4.492082e+01
4.486294e+01
4.486189e+01
4.494823e+01
4.500467e+01
4.499930e+01
4.499215e+01
4.498297e+01
4.497172e+01
4.495879e+01
4.494517e+01
4.493247e+01
4.492268e+01
4.491759e+01
4.491821e+01
4.492436e+01
4.493480e+01
4.494766e+01
4.496103e+01
4.497348e+01
4.498416e+01
4.499280e+01
4.499948e+01
4.500449e+01
4.495991e+01
4.485700e+01
4.483685e+01
4.490772e+01
4.495383e+01
4.497868e+01

4.497526e+01
4.495160e+01
4.492821e+01
4.487487e+01
4.487531e+01
4.494985e+01
4.499838e+01
4.499242e+01
4.498491e+01
4.497573e+01
4.496500e+01
4.495321e+01
4.494124e+01
4.493043e+01
4.492224e+01
4.491799e+01
4.491839e+01
4.492334e+01
4.493198e+01
4.494295e+01
4.495479e+01
4.496629e+01
4.497662e+01
4.498541e+01
4.499256e+01
4.499822e+01
4.496268e+01
4.488122e+01
4.485899e+01
4.491847e+01
4.495842e+01
4.497971e+01

3.169759e+01
1.766996e+01
-7.005950e+00
-2.124741e+01
-1.048792e+01
2.105821e+01
4.211123e+01
3.630766e+01
3.088814e+01
2.581115e+01
2.092566e+01
1.610105e+01
1.135584e+01
6.961359e+00
3.451820e+00
1.463650e+00
1.442407e+00
3.404309e+00
6.929442e+00
1.139413e+01
1.627370e+01
2.132070e+01
2.656747e+01
3.222216e+01
3.851378e+01
4.549309e+01
2.809684e+01
-8.481918e+00
-2.976395e+01
-1.716863e+01
2.238963e+01
3.473821e+01

-2.624400e+01
6.555136e+01
7.444790e+01
-7.363677e+01
-5.447485e+01
-2.292743e+01
1.780633e+01
1.139938e+01
5.492775e+00
-1.033853e+00
-8.701616e+00
-1.754634e+01
-2.695554e+01
-3.570424e+01
-4.244583e+01
-4.625334e+01
-4.672770e+01
-4.384508e+01
-3.792503e+01
-2.976928e+01
-2.064946e+01
-1.186659e+01
-4.211532e+00
2.187666e+00
7.784265e+00
1.411442e+01
-2.635374e+01
-5.933422e+01
-8.164649e+01
7.452228e+01
6.797868e+01
-2.194969e+01

8.107857e+01
4.090507e+01
7.399078e+01
-7.014135e+01
-5.237345e+01
-2.931304e+01
-9.831531e+00
-1.173371e+01
-1.511408e+01
-1.985484e+01
-2.580223e+01
-3.260515e+01
-3.963343e+01
-4.606372e+01
-5.111251e+01
-5.423831e+01
-5.518793e+01
-5.394552e+01
-5.069755e+01
-4.584801e+01
-4.002529e+01
-3.400032e+01
-2.852620e+01
-2.422360e+01
-2.162883e+01
-2.146850e+01
-3.563505e+01
-5.675137e+01
-7.828366e+01
6.588486e+01
3.606020e+01
6.749171e+01

2.946040e+01
2.310325e+01
-8.389516e+01
-5.197945e+01
-3.913359e+01
-2.719285e+01
-2.058617e+01
-2.078498e+01
-2.157483e+01
-2.287529e+01
-2.460892e+01
-2.667915e+01
-2.895380e+01
-3.125948e+01
-3.339321e+01
-3.515318e+01
-3.638046e+01
-3.699542e+01
-3.701382e+01
-3.653832e+01
-3.573231e+01
-3.478893e+01
-3.390668e+01
-3.327843e+01
-3.309594e+01
-3.356986e+01
-3.728169e+01
-4.447665e+01
-5.648881e+01
7.391413e+01
-2.920405e+00
1.003471e+01

-4.129399e+01
-4.220226e+01
-3.291141e+01
-2.272539e+01
-1.456156e+01
-9.619042e+00
-6.898638e+00
-4.669255e+00
-2.581768e+00
-6.499681e-01
1.097562e+00
2.618475e+00
3.860159e+00
4.765412e+00
5.279371e+00
5.356519e+00
4.966822e+00
4.100385e+00
2.770077e+00
1.011368e+00
-1.121479e+00
-3.563026e+00
-6.246914e+00
-9.116374e+00
-1.213244e+01
-1.527835e+01
-1.790364e+01
-2.067362e+01
-2.511064e+01
-2.620032e+01
-7.035521e+01
-5.940135e+01

3.976349e+01
3.145445e+01
3.323715e+01
3.840639e+01
4.143396e+01
4.248316e+01
4.345706e+01
4.498063e+01
4.638050e+01
4.763902e+01
4.874372e+01
4.968773e+01
5.046914e+01
5.108958e+01
5.155226e+01
5.186010e+01
5.201417e+01
5.201277e+01
5.185129e+01
5.152279e+01
5.101939e+01
5.033409e+01
4.946278e+01
4.840604e+01
4.717020e+01
4.576749e+01
4.467081e+01
4.320358e+01
4.007375e+01
3.631556e+01
3.859794e+01
4.667270e+01

