8.739450e+02 
5.644022e+02 
2.304070e+02 
2.242896e+01 
1.151682e+01 
7.083125e+01 
9.994947e+01 
9.995567e+01 
9.996244e+01 
9.996936e+01 
9.997604e+01 
9.998221e+01 
9.998768e+01 
9.999235e+01 
9.999622e+01 
9.999930e+01 
1.000016e+02 
1.000032e+02 
1.000040e+02 
1.000039e+02 
1.000028e+02 
1.000006e+02 
9.999723e+01 
9.999276e+01 
9.998727e+01 
9.998098e+01 
8.092440e+01 
4.236964e+01 
4.307380e+01 
8.821486e+01 
9.004449e+01 
3.845294e+02 

2.577101e+03 
1.236292e+03 
1.414390e+02 
6.416109e-01 
3.280658e+01 
7.858452e+01 
9.995341e+01 
9.994196e+01 
9.992781e+01 
9.991245e+01 
9.989766e+01 
9.988501e+01 
9.987547e+01 
9.986916e+01 
9.986551e+01 
9.986355e+01 
9.986232e+01 
9.986122e+01 
9.986016e+01 
9.985947e+01 
9.985977e+01 
9.986168e+01 
9.986563e+01 
9.987168e+01 
9.987955e+01 
9.988870e+01 
4.806800e+01 
1.408949e+01 
9.774014e+01 
1.197935e+02 
1.616443e+01 
1.303082e+03 

4.279982e+03 
1.009006e+03 
2.389624e+03 
2.277964e+03 
7.787134e+02 
1.264783e+02 
1.000122e+02 
1.000075e+02 
9.999083e+01 
9.995911e+01 
9.991002e+01 
9.984277e+01 
9.975897e+01 
9.966378e+01 
9.956696e+01 
9.948254e+01 
9.942570e+01 
9.940711e+01 
9.942842e+01 
9.948227e+01 
9.955637e+01 
9.963826e+01 
9.971824e+01 
9.979021e+01 
9.985116e+01 
9.990031e+01 
6.359514e+01 
1.792365e+02 
5.679942e+02 
1.044084e+03 
8.873488e+02 
2.632137e+03 

5.975796e+03 
6.323047e+03 
1.054854e+04 
8.312537e+03 
3.320350e+03 
3.728061e+02 
1.000669e+02 
9.996772e+01 
9.982179e+01 
9.964399e+01 
9.946377e+01 
9.930998e+01 
9.919534e+01 
9.911289e+01 
9.904295e+01 
9.896553e+01 
9.887795e+01 
9.881303e+01 
9.883119e+01 
9.896672e+01 
9.918789e+01 
9.942995e+01 
9.964482e+01 
9.981353e+01 
9.993584e+01 
1.000191e+02 
1.527806e+02 
7.683986e+02 
1.872767e+03 
2.942472e+03 
2.703166e+03 
3.448385e+03 

6.811605e+03 
1.192393e+04 
1.589584e+04 
1.159229e+04 
4.580346e+03 
5.868007e+02 
1.004661e+02 
1.004195e+02 
1.002777e+02 
1.000058e+02 
9.962540e+01 
9.923570e+01 
9.893975e+01 
9.876204e+01 
9.865717e+01 
9.856082e+01 
9.843858e+01 
9.833925e+01 
9.839039e+01 
9.865071e+01 
9.902411e+01 
9.938421e+01 
9.966999e+01 
9.987396e+01 
1.000098e+02 
1.000949e+02 
1.866106e+02 
8.769399e+02 
2.080120e+03 
3.349654e+03 
3.387159e+03 
3.760901e+03 

7.077019e+03 
1.472792e+04 
1.829813e+04 
1.253625e+04 
4.039492e+03 
5.148406e+02 
1.005255e+02 
1.005150e+02 
1.004702e+02 
1.003718e+02 
1.001972e+02 
9.992774e+01 
9.956587e+01 
9.914795e+01 
9.873794e+01 
9.840625e+01 
9.821596e+01 
9.820831e+01 
9.837634e+01 
9.866094e+01 
9.898503e+01 
9.928938e+01 
9.954395e+01 
9.974140e+01 
9.988667e+01 
9.998924e+01 
1.060024e+02 
2.824453e+02 
9.548402e+02 
2.318162e+03 
3.112333e+03 
3.865523e+03 

7.130508e+03 
1.703592e+04 
2.194001e+04 
1.600894e+04 
4.994644e+03 
5.696613e+02 
1.005435e+02 
1.004931e+02 
1.003932e+02 
1.002279e+02 
9.998401e+01 
9.965750e+01 
9.926227e+01 
9.883604e+01 
9.843791e+01 
9.813453e+01 
9.797882e+01 
9.799166e+01 
9.815601e+01 
9.842610e+01 
9.874562e+01 
9.906506e+01 
9.935126e+01 
9.958840e+01 
9.977363e+01 
9.991156e+01 
8.806017e+01 
1.214485e+02 
5.685600e+02 
2.040281e+03 
3.251031e+03 
3.945765e+03 

7.137242e+03 
2.056476e+04 
2.874191e+04 
2.346446e+04 
8.734260e+03 
8.582534e+02 
1.007606e+02 
1.007384e+02 
1.006589e+02 
1.004966e+02 
1.002248e+02 
9.982564e+01 
9.930577e+01 
9.871227e+01 
9.813463e+01 
9.768295e+01 
9.744869e+01 
9.746827e+01 
9.771144e+01 
9.810015e+01 
9.854335e+01 
9.896758e+01 
9.933014e+01 
9.961619e+01 
9.982877e+01 
9.997913e+01 
1.176241e+02 
2.584389e+02 
1.038290e+03 
2.897048e+03 
4.000846e+03 
4.065764e+03 

7.122572e+03 
2.419806e+04 
3.628389e+04 
3.144956e+04 
1.442136e+04 
1.294534e+03 
1.010210e+02 
1.010441e+02 
1.010064e+02 
1.008707e+02 
1.005909e+02 
1.001239e+02 
9.945657e+01 
9.864016e+01 
9.780515e+01 
9.713254e+01 
9.677930e+01 
9.680842e+01 
9.716712e+01 
9.772297e+01 
9.833111e+01 
9.888561e+01 
9.933535e+01 
9.967176e+01 
9.990858e+01 
1.000667e+02 
1.622859e+02 
5.049308e+02 
1.760523e+03 
4.009444e+03 
4.855412e+03 
4.171200e+03 

7.091223e+03 
2.768878e+04 
4.411349e+04 
3.859355e+04 
2.183677e+04 
1.924871e+03 
1.013194e+02 
1.014064e+02 
1.014362e+02 
1.013590e+02 
1.011040e+02 
1.005889e+02 
9.976055e+01 
9.866072e+01 
9.747615e+01 
9.649080e+01 
9.596607e+01 
9.600785e+01 
9.652553e+01 
9.730522e+01 
9.812249e+01 
9.883038e+01 
9.937365e+01 
9.975777e+01 
1.000130e+02 
1.001728e+02 
2.269979e+02 
9.115074e+02 
2.781703e+03 
5.396885e+03 
5.808471e+03 
4.262736e+03 

7.047846e+03 
3.074406e+04 
5.171717e+04 
4.412909e+04 
2.972040e+04 
2.776425e+03 
1.016431e+02 
1.018110e+02 
1.019330e+02 
1.019483e+02 
1.017579e+02 
1.012260e+02 
1.002329e+02 
9.880054e+01 
9.717347e+01 
9.578428e+01 
9.503517e+01 
9.509023e+01 
9.581109e+01 
9.686609e+01 
9.793100e+01 
9.880842e+01 
9.944554e+01 
9.987112e+01 
1.001373e+02 
1.002923e+02 
3.155844e+02 
1.514668e+03 
4.070083e+03 
7.036751e+03 
6.843155e+03 
4.341769e+03 

6.996681e+03 
3.307388e+04 
5.861297e+04 
4.821497e+04 
3.652534e+04 
3.823727e+03 
1.019721e+02 
1.022314e+02 
1.024627e+02 
1.025962e+02 
1.025041e+02 
1.019826e+02 
1.008333e+02 
9.903476e+01 
9.690793e+01 
9.505306e+01 
9.404492e+01 
9.411654e+01 
9.506670e+01 
9.643136e+01 
9.776346e+01 
9.881626e+01 
9.954216e+01 
1.000014e+02 
1.002716e+02 
1.004165e+02 
4.279005e+02 
2.291425e+03 
5.466170e+03 
8.841563e+03 
7.929026e+03 
4.410240e+03 

6.941294e+03 
3.445040e+04 
6.437318e+04 
5.148738e+04 
4.162380e+04 
4.957562e+03 
1.022810e+02 
1.026322e+02 
1.029761e+02 
1.032351e+02 
1.032531e+02 
1.027536e+02 
1.014594e+02 
9.929271e+01 
9.666846e+01 
9.434426e+01 
9.307985e+01 
9.317241e+01 
9.435124e+01 
9.602601e+01 
9.761890e+01 
9.883961e+01 
9.964581e+01 
1.001321e+02 
1.004018e+02 
1.005341e+02 
5.563842e+02 
3.123452e+03 
6.717603e+03 
1.065160e+04 
9.020063e+03 
4.470393e+03 

6.884379e+03 
3.475734e+04 
6.856941e+04 
5.454495e+04 
4.533794e+04 
5.985624e+03 
1.025422e+02 
1.029742e+02 
1.034177e+02 
1.037876e+02 
1.039007e+02 
1.034182e+02 
1.019881e+02 
9.949987e+01 
9.643834e+01 
9.371456e+01 
9.223547e+01 
9.234858e+01 
9.373030e+01 
9.567212e+01 
9.749329e+01 
9.885947e+01 
9.973515e+01 
1.002439e+02 
1.005121e+02 
1.006328e+02 
6.840745e+02 
3.835290e+03 
7.612411e+03 
1.225927e+04 
1.005470e+04 
4.524528e+03 

6.827641e+03 
3.401047e+04 
7.070469e+04 
5.768016e+04 
4.811992e+04 
6.684912e+03 
1.027304e+02 
1.032216e+02 
1.037375e+02 
1.041860e+02 
1.043616e+02 
1.038812e+02 
1.023390e+02 
9.960958e+01 
9.623006e+01 
9.322497e+01 
9.159706e+01 
9.172878e+01 
9.325811e+01 
9.539407e+01 
9.738499e+01 
9.886129e+01 
9.979191e+01 
1.003198e+02 
1.005883e+02 
1.007012e+02 
7.868316e+02 
4.296102e+03 
8.083325e+03 
1.346317e+04 
1.095914e+04 
4.574764e+03 

6.771715e+03 
3.234361e+04 
7.023787e+04 
6.071610e+04 
4.990741e+04 
6.887898e+03 
1.028267e+02 
1.033478e+02 
1.038996e+02 
1.043850e+02 
1.045861e+02 
1.040964e+02 
1.024858e+02 
9.962385e+01 
9.607976e+01 
9.293101e+01 
9.122879e+01 
9.137070e+01 
9.297532e+01 
9.521441e+01 
9.729871e+01 
9.883948e+01 
9.980543e+01 
1.003482e+02 
1.006203e+02 
1.007313e+02 
8.406314e+02 
4.472561e+03 
8.184962e+03 
1.412372e+04 
1.165471e+04 
4.622850e+03 

6.716157e+03 
2.996965e+04 
6.678318e+04 
6.280652e+04 
4.986150e+04 
6.553638e+03 
1.028211e+02 
1.033391e+02 
1.038861e+02 
1.043643e+02 
1.045552e+02 
1.040534e+02 
1.024315e+02 
9.956212e+01 
9.601559e+01 
9.286681e+01 
9.116323e+01 
9.130212e+01 
9.290565e+01 
9.514890e+01 
9.724287e+01 
9.879578e+01 
9.977311e+01 
1.003249e+02 
1.006036e+02 
1.007193e+02 
8.309932e+02 
4.391501e+03 
8.005310e+03 
1.418865e+04 
1.206906e+04 
4.670004e+03 

6.659462e+03 
2.713315e+04 
6.043363e+04 
6.234966e+04 
4.663903e+04 
5.781951e+03 
1.027141e+02 
1.031964e+02 
1.036984e+02 
1.041258e+02 
1.042721e+02 
1.037561e+02 
1.021796e+02 
9.942725e+01 
9.603942e+01 
9.303327e+01 
9.140210e+01 
9.152708e+01 
9.305515e+01 
9.520495e+01 
9.722460e+01 
9.873597e+01 
9.969911e+01 
1.002527e+02 
1.005400e+02 
1.006663e+02 
7.593525e+02 
4.083449e+03 
7.602703e+03 
1.368306e+04 
1.214952e+04 
4.716808e+03 

6.599154e+03 
2.406930e+04 
5.195341e+04 
5.761890e+04 
3.960859e+04 
4.764072e+03 
1.025165e+02 
1.029347e+02 
1.033568e+02 
1.036944e+02 
1.037621e+02 
1.032237e+02 
1.017385e+02 
9.921095e+01 
9.613213e+01 
9.340470e+01 
9.192193e+01 
9.202920e+01 
9.341508e+01 
9.538228e+01 
9.724930e+01 
9.866895e+01 
9.959351e+01 
1.001408e+02 
1.004373e+02 
1.005782e+02 
6.427082e+02 
3.564794e+03 
6.989847e+03 
1.268453e+04 
1.187513e+04 
4.763137e+03 

6.531944e+03 
2.097657e+04 
4.258195e+04 
4.840180e+04 
3.015930e+04 
3.701938e+03 
1.022481e+02 
1.025821e+02 
1.028996e+02 
1.031191e+02 
1.030815e+02 
1.025134e+02 
1.011493e+02 
9.893026e+01 
9.627884e+01 
9.394650e+01 
9.267885e+01 
9.277050e+01 
9.396203e+01 
9.567297e+01 
9.732334e+01 
9.860802e+01 
9.947207e+01 
1.000040e+02 
1.003077e+02 
1.004646e+02 
5.066729e+02 
2.864451e+03 
6.152351e+03 
1.130340e+04 
1.126335e+04 
4.808121e+03 

6.453973e+03 
1.800422e+04 
3.354390e+04 
3.689933e+04 
2.091242e+04 
2.743778e+03 
1.019345e+02 
1.021750e+02 
1.023779e+02 
1.024697e+02 
1.023196e+02 
1.017268e+02 
1.005041e+02 
9.864713e+01 
9.648657e+01 
9.461853e+01 
9.360732e+01 
9.368344e+01 
9.465337e+01 
9.606018e+01 
9.745232e+01 
9.857011e+01 
9.935451e+01 
9.986068e+01 
1.001664e+02 
1.003375e+02 
3.757264e+02 
2.067145e+03 
5.092787e+03 
9.672682e+03 
1.036832e+04 
4.850151e+03 

6.361149e+03 
1.525141e+04 
2.565070e+04 
2.607187e+04 
1.362440e+04 
1.962676e+03 
1.016033e+02 
1.017525e+02 
1.018469e+02 
1.018229e+02 
1.015795e+02 
1.009830e+02 
9.992364e+01 
9.843589e+01 
9.677369e+01 
9.536825e+01 
9.461552e+01 
9.467771e+01 
9.542087e+01 
9.651635e+01 
9.763527e+01 
9.857039e+01 
9.925997e+01 
9.972875e+01 
1.000286e+02 
1.002091e+02 
2.659170e+02 
1.313330e+03 
3.883181e+03 
7.938601e+03 
9.270706e+03 
4.886932e+03 

6.249557e+03 
1.277355e+04 
1.921832e+04 
1.757011e+04 
8.582538e+03 
1.370507e+03 
1.012797e+02 
1.013494e+02 
1.013545e+02 
1.012434e+02 
1.009442e+02 
1.003771e+02 
9.949532e+01 
9.834982e+01 
9.713372e+01 
9.613170e+01 
9.560253e+01 
9.565107e+01 
9.618835e+01 
9.700119e+01 
9.786144e+01 
9.861528e+01 
9.920143e+01 
9.962216e+01 
9.990694e+01 
1.000899e+02 
1.830579e+02 
7.267122e+02 
2.678032e+03 
6.244137e+03 
8.062219e+03 
4.915592e+03 

6.115913e+03 
1.059204e+04 
1.420950e+04 
1.155489e+04 
5.324189e+03 
9.443299e+02 
1.009832e+02 
1.009911e+02 
1.009326e+02 
1.007694e+02 
1.004554e+02 
9.994943e+01 
9.924251e+01 
9.839140e+01 
9.753092e+01 
9.684338e+01 
9.648513e+01 
9.651882e+01 
9.689216e+01 
9.747223e+01 
9.811152e+01 
9.869996e+01 
9.918251e+01 
9.954807e+01 
9.980939e+01 
9.998741e+01 
1.254000e+02 
3.465543e+02 
1.649688e+03 
4.707068e+03 
6.830069e+03 
4.932853e+03 

5.957985e+03 
8.704313e+03 
1.041675e+04 
7.514656e+03 
3.281871e+03 
6.486682e+02 
1.007258e+02 
1.006908e+02 
1.005945e+02 
1.004109e+02 
1.001136e+02 
9.968623e+01 
9.913808e+01 
9.851944e+01 
9.792238e+01 
9.745831e+01 
9.721901e+01 
9.724094e+01 
9.749380e+01 
9.789891e+01 
9.836356e+01 
9.881181e+01 
9.919843e+01 
9.950673e+01 
9.973877e+01 
9.990550e+01 
8.765568e+01 
1.378779e+02 
8.975843e+02 
3.402718e+03 
5.645561e+03 
4.935270e+03 

5.774921e+03 
7.092718e+03 
7.590101e+03 
4.858751e+03 
2.015938e+03 
4.486177e+02 
1.005121e+02 
1.004514e+02 
1.003382e+02 
1.001568e+02 
9.989417e+01 
9.954744e+01 
9.913211e+01 
9.868776e+01 
9.827512e+01 
9.796188e+01 
9.780151e+01 
9.781507e+01 
9.798543e+01 
9.826629e+01 
9.860026e+01 
9.893632e+01 
9.923976e+01 
9.949344e+01 
9.969367e+01 
9.984470e+01 
6.405224e+01 
4.174199e+01 
4.212368e+02 
2.359793e+03 
4.558768e+03 
4.919528e+03 

5.632916e+03 
6.401032e+03 
6.908144e+03 
4.553851e+03 
2.021463e+03 
4.580702e+02 
1.005450e+02 
1.005103e+02 
1.004270e+02 
1.002757e+02 
1.000382e+02 
9.970736e+01 
9.930092e+01 
9.887015e+01 
9.848986e+01 
9.823056e+01 
9.813527e+01 
9.821170e+01 
9.842937e+01 
9.872649e+01 
9.903621e+01 
9.931293e+01 
9.953831e+01 
9.971215e+01 
9.984194e+01 
9.993669e+01 
8.027019e+01 
1.596478e+02 
6.869045e+02 
2.246556e+03 
3.968425e+03 
4.880591e+03 

5.375567e+03 
6.090302e+03 
7.007742e+03 
5.017332e+03 
2.491139e+03 
5.553870e+02 
1.006327e+02 
1.006019e+02 
1.005054e+02 
1.003149e+02 
1.000118e+02 
9.961497e+01 
9.919862e+01 
9.885311e+01 
9.861047e+01 
9.844299e+01 
9.832953e+01 
9.829553e+01 
9.839767e+01 
9.866496e+01 
9.904172e+01 
9.941495e+01 
9.970386e+01 
9.989365e+01 
1.000059e+02 
1.000676e+02 
1.695256e+02 
7.968226e+02 
1.727524e+03 
2.790576e+03 
3.424941e+03 
4.713049e+03 

4.708646e+03 
4.546889e+03 
4.939830e+03 
3.352706e+03 
1.612862e+03 
3.788096e+02 
1.004132e+02 
1.003525e+02 
1.002407e+02 
1.000685e+02 
9.983955e+01 
9.957826e+01 
9.932657e+01 
9.912161e+01 
9.897515e+01 
9.887859e+01 
9.882426e+01 
9.881846e+01 
9.887755e+01 
9.901196e+01 
9.920931e+01 
9.943265e+01 
9.963920e+01 
9.980183e+01 
9.991458e+01 
9.998490e+01 
1.712920e+02 
1.015094e+03 
2.101764e+03 
2.629004e+03 
2.076343e+03 
4.167820e+03 

3.521820e+03 
1.812852e+03 
1.504495e+03 
8.006480e+02 
3.412684e+02 
1.434275e+02 
1.000920e+02 
1.000451e+02 
9.998151e+01 
9.990128e+01 
9.980707e+01 
9.970498e+01 
9.960470e+01 
9.951825e+01 
9.945730e+01 
9.942994e+01 
9.943831e+01 
9.947835e+01 
9.954140e+01 
9.961674e+01 
9.969403e+01 
9.976514e+01 
9.982501e+01 
9.987159e+01 
9.990518e+01 
9.992745e+01 
8.180377e+01 
4.071730e+02 
1.078614e+03 
1.182284e+03 
3.756236e+02 
3.003428e+03 

1.954658e+03 
4.484561e+02 
7.403267e+01 
3.271392e+01 
1.425503e+01 
5.739970e+01 
9.989060e+01 
9.987633e+01 
9.986378e+01 
9.985396e+01 
9.984756e+01 
9.984481e+01 
9.984537e+01 
9.984848e+01 
9.985315e+01 
9.985848e+01 
9.986392e+01 
9.986936e+01 
9.987508e+01 
9.988154e+01 
9.988912e+01 
9.989785e+01 
9.990733e+01 
9.991688e+01 
9.992568e+01 
9.993300e+01 
6.406623e+01 
2.201113e+01 
7.927223e+01 
1.594909e+02 
2.755552e+02 
1.651568e+03 

6.621134e+02 
3.704696e+02 
1.901326e+02 
3.538771e+01 
1.376309e+01 
7.053446e+01 
9.995713e+01 
9.996546e+01 
9.997347e+01 
9.998077e+01 
9.998710e+01 
9.999230e+01 
9.999633e+01 
9.999924e+01 
1.000011e+02 
1.000020e+02 
1.000021e+02 
1.000013e+02 
9.999978e+01 
9.999737e+01 
9.999411e+01 
9.999000e+01 
9.998513e+01 
9.997966e+01 
9.997385e+01 
9.996801e+01 
7.706794e+01 
2.576299e+01 
1.027853e+01 
9.006366e+01 
2.332745e+02 
5.522781e+02 

