7.352170e+02 
1.767434e+03 
3.405262e+03 
4.834902e+03 
5.383368e+03 
5.491875e+03 
5.492201e+03 
5.485237e+03 
5.462404e+03 
5.428216e+03 
5.387175e+03 
5.343327e+03 
5.299949e+03 
5.259399e+03 
5.223119e+03 
5.191738e+03 
5.165194e+03 
5.142801e+03 
5.123233e+03 
5.104444e+03 
5.083609e+03 
5.057162e+03 
5.021024e+03 
4.971004e+03 
4.903339e+03 
4.815222e+03 
4.743638e+03 
4.599454e+03 
4.165254e+03 
3.211669e+03 
1.840094e+03 
7.103573e+02 

3.921085e+02 
8.262328e+02 
4.048319e+02 
4.733440e+03 
9.150582e+03 
1.165139e+04 
1.339895e+04 
1.565726e+04 
1.784552e+04 
1.982461e+04 
2.145948e+04 
2.264344e+04 
2.331605e+04 
2.346798e+04 
2.313261e+04 
2.237046e+04 
2.125433e+04 
1.985973e+04 
1.826108e+04 
1.653098e+04 
1.473945e+04 
1.295144e+04 
1.122312e+04 
9.598412e+03 
8.107132e+03 
6.765459e+03 
6.101559e+03 
5.526536e+03 
3.718961e+03 
1.218613e+03 
3.226325e+02 
4.141586e+02 

3.543581e+02 
3.599594e+03 
2.947221e+03 
5.457572e+03 
9.782648e+03 
1.317596e+04 
1.673723e+04 
2.205801e+04 
2.836198e+04 
3.550789e+04 
4.315726e+04 
5.073580e+04 
5.743649e+04 
6.229696e+04 
6.438975e+04 
6.312836e+04 
5.857501e+04 
5.152136e+04 
4.320882e+04 
3.485517e+04 
2.730555e+04 
2.095518e+04 
1.585999e+04 
1.189122e+04 
8.853026e+03 
6.548392e+03 
5.643939e+03 
5.055422e+03 
3.017551e+03 
5.569340e+02 
2.361074e+02 
3.699241e+02 

6.408219e+01 
1.485739e+03 
3.266402e+03 
4.329814e+03 
5.810693e+03 
7.578967e+03 
1.084361e+04 
1.644317e+04 
2.329832e+04 
3.077323e+04 
3.802615e+04 
4.445282e+04 
4.992388e+04 
5.461817e+04 
5.863110e+04 
6.155961e+04 
6.221784e+04 
5.893098e+04 
5.094609e+04 
3.986721e+04 
2.871160e+04 
1.958851e+04 
1.298348e+04 
8.485485e+03 
5.497353e+03 
3.524224e+03 
2.909285e+03 
2.646761e+03 
1.384976e+03 
1.209073e+02 
2.513953e+02 
1.286912e+02 

1.516504e+01 
1.259110e+02 
8.793328e+02 
1.848877e+03 
2.096786e+03 
2.148295e+03 
3.211247e+03 
6.012770e+03 
1.060536e+04 
1.724576e+04 
2.522017e+04 
3.290409e+04 
3.907430e+04 
4.373853e+04 
4.745922e+04 
5.029160e+04 
5.106045e+04 
4.752753e+04 
3.873672e+04 
2.744402e+04 
1.757051e+04 
1.067608e+04 
6.356965e+03 
3.758677e+03 
2.209051e+03 
1.282724e+03 
1.058060e+03 
1.035165e+03 
5.013072e+02 
2.619302e+01 
4.219236e+01 
1.944096e+01 

7.013545e+01 
3.449301e+01 
2.243425e+01 
1.398003e+02 
2.765615e+02 
3.235957e+02 
4.308061e+02 
7.047391e+02 
1.171670e+03 
1.949148e+03 
3.183610e+03 
4.987023e+03 
7.294334e+03 
9.711386e+03 
1.154982e+04 
1.214735e+04 
1.127146e+04 
9.286590e+03 
6.911584e+03 
4.765771e+03 
3.126127e+03 
1.994254e+03 
1.257547e+03 
7.931472e+02 
5.050177e+02 
3.274092e+02 
2.807354e+02 
2.703385e+02 
1.516115e+02 
4.985862e+01 
2.781290e+01 
6.595325e+01 

9.995163e+01 
9.985725e+01 
9.966578e+01 
9.961418e+01 
1.000802e+02 
1.002929e+02 
1.003851e+02 
1.006201e+02 
1.009289e+02 
1.013209e+02 
1.017961e+02 
1.023371e+02 
1.029030e+02 
1.034284e+02 
1.038345e+02 
1.040489e+02 
1.040299e+02 
1.037811e+02 
1.033500e+02 
1.028114e+02 
1.022430e+02 
1.017071e+02 
1.012412e+02 
1.008598e+02 
1.005613e+02 
1.003354e+02 
1.002841e+02 
1.002649e+02 
1.000620e+02 
9.985485e+01 
9.981716e+01 
9.995054e+01 

9.995591e+01 
9.985639e+01 
9.963161e+01 
9.944074e+01 
9.991533e+01 
1.001728e+02 
1.002337e+02 
1.004656e+02 
1.007867e+02 
1.012158e+02 
1.017629e+02 
1.024165e+02 
1.031305e+02 
1.038175e+02 
1.043615e+02 
1.046512e+02 
1.046205e+02 
1.042764e+02 
1.036954e+02 
1.029923e+02 
1.022797e+02 
1.016383e+02 
1.011081e+02 
1.006962e+02 
1.003906e+02 
1.001718e+02 
1.001401e+02 
1.001256e+02 
9.993451e+01 
9.978758e+01 
9.980747e+01 
9.995890e+01 

9.996078e+01 
9.985343e+01 
9.959692e+01 
9.925873e+01 
9.967368e+01 
1.000055e+02 
1.000212e+02 
1.002276e+02 
1.005335e+02 
1.009688e+02 
1.015581e+02 
1.023031e+02 
1.031586e+02 
1.040160e+02 
1.047139e+02 
1.050875e+02 
1.050387e+02 
1.045802e+02 
1.038292e+02 
1.029544e+02 
1.021087e+02 
1.013880e+02 
1.008269e+02 
1.004178e+02 
1.001341e+02 
9.994543e+01 
9.994127e+01 
9.992624e+01 
9.976678e+01 
9.971085e+01 
9.979949e+01 
9.996680e+01 

9.996601e+01 
9.984830e+01 
9.956253e+01 
9.909777e+01 
9.936663e+01 
9.978685e+01 
9.974607e+01 
9.989853e+01 
1.001500e+02 
1.005402e+02 
1.011095e+02 
1.018779e+02 
1.028092e+02 
1.037782e+02 
1.045835e+02 
1.050144e+02 
1.049413e+02 
1.043855e+02 
1.035070e+02 
1.025212e+02 
1.016133e+02 
1.008860e+02 
1.003595e+02 
1.000064e+02 
9.978468e+01 
9.965543e+01 
9.968562e+01 
9.966374e+01 
9.956363e+01 
9.962740e+01 
9.979357e+01 
9.997399e+01 

9.997136e+01 
9.984137e+01 
9.952869e+01 
9.897637e+01 
9.904654e+01 
9.951914e+01 
9.941606e+01 
9.948372e+01 
9.963485e+01 
9.991303e+01 
1.003691e+02 
1.010394e+02 
1.019009e+02 
1.028360e+02 
1.036305e+02 
1.040455e+02 
1.039455e+02 
1.033612e+02 
1.024728e+02 
1.015233e+02 
1.007006e+02 
1.000900e+02 
9.969230e+01 
9.946253e+01 
9.934905e+01 
9.931006e+01 
9.937965e+01 
9.935023e+01 
9.934194e+01 
9.954181e+01 
9.978988e+01 
9.998030e+01 

9.997661e+01 
9.983334e+01 
9.949478e+01 
9.889506e+01 
9.877817e+01 
9.921353e+01 
9.904961e+01 
9.900588e+01 
9.901407e+01 
9.911295e+01 
9.935363e+01 
9.977887e+01 
1.003876e+02 
1.010820e+02 
1.016765e+02 
1.019736e+02 
1.018512e+02 
1.013483e+02 
1.006408e+02 
9.993195e+01 
9.937443e+01 
9.902410e+01 
9.885515e+01 
9.881454e+01 
9.885110e+01 
9.892859e+01 
9.904059e+01 
9.901877e+01 
9.912911e+01 
9.946025e+01 
9.978841e+01 
9.998558e+01 

9.998155e+01 
9.982514e+01 
9.945922e+01 
9.884377e+01 
9.859057e+01 
9.889136e+01 
9.867537e+01 
9.850482e+01 
9.834290e+01 
9.821657e+01 
9.816681e+01 
9.823797e+01 
9.844456e+01 
9.874082e+01 
9.901041e+01 
9.911168e+01 
9.897598e+01 
9.864613e+01 
9.825005e+01 
9.793620e+01 
9.778538e+01 
9.779751e+01 
9.792758e+01 
9.811936e+01 
9.833169e+01 
9.854035e+01 
9.869633e+01 
9.871546e+01 
9.895113e+01 
9.938937e+01 
9.978897e+01 
9.998979e+01 

9.998603e+01 
9.981759e+01 
9.942009e+01 
9.880998e+01 
9.847075e+01 
9.858168e+01 
9.832844e+01 
9.803181e+01 
9.769694e+01 
9.733647e+01 
9.697880e+01 
9.666616e+01 
9.643643e+01 
9.629259e+01 
9.619324e+01 
9.608555e+01 
9.594569e+01 
9.581556e+01 
9.577953e+01 
9.589970e+01 
9.618322e+01 
9.658112e+01 
9.702303e+01 
9.745339e+01 
9.784277e+01 
9.818097e+01 
9.838151e+01 
9.847524e+01 
9.881870e+01 
9.933472e+01 
9.979124e+01 
9.999290e+01 

9.998991e+01 
9.981124e+01 
9.937651e+01 
9.878141e+01 
9.838847e+01 
9.831615e+01 
9.804461e+01 
9.764006e+01 
9.715557e+01 
9.659139e+01 
9.596636e+01 
9.532350e+01 
9.472148e+01 
9.421147e+01 
9.381703e+01 
9.354225e+01 
9.340180e+01 
9.343644e+01 
9.369020e+01 
9.417018e+01 
9.482180e+01 
9.554875e+01 
9.625941e+01 
9.689607e+01 
9.743795e+01 
9.788669e+01 
9.813049e+01 
9.830506e+01 
9.872651e+01 
9.929933e+01 
9.979483e+01 
9.999493e+01 

9.999313e+01 
9.980630e+01 
9.933051e+01 
9.874662e+01 
9.831533e+01 
9.812407e+01 
9.785414e+01 
9.737464e+01 
9.678528e+01 
9.607748e+01 
9.526387e+01 
9.438926e+01 
9.352806e+01 
9.276309e+01 
9.216130e+01 
9.177033e+01 
9.162973e+01 
9.177892e+01 
9.223624e+01 
9.296665e+01 
9.387413e+01 
9.483180e+01 
9.573182e+01 
9.651381e+01 
9.716255e+01 
9.768814e+01 
9.797036e+01 
9.819411e+01 
9.866442e+01 
9.928340e+01 
9.979936e+01 
9.999593e+01 

9.999560e+01 
9.980267e+01 
9.928853e+01 
9.869860e+01 
9.823824e+01 
9.802871e+01 
9.777660e+01 
9.726467e+01 
9.662850e+01 
9.585405e+01 
9.494843e+01 
9.395401e+01 
9.295054e+01 
9.203791e+01 
9.131107e+01 
9.084748e+01 
9.070575e+01 
9.092506e+01 
9.150467e+01 
9.238044e+01 
9.342905e+01 
9.450660e+01 
9.549949e+01 
9.634935e+01 
9.704614e+01 
9.760530e+01 
9.791647e+01 
9.813478e+01 
9.862721e+01 
9.928531e+01 
9.980447e+01 
9.999593e+01 

9.999728e+01 
9.980012e+01 
9.926065e+01 
9.864500e+01 
9.817754e+01 
9.804316e+01 
9.781781e+01 
9.731901e+01 
9.669858e+01 
9.594052e+01 
9.504693e+01 
9.405235e+01 
9.302999e+01 
9.208175e+01 
9.131428e+01 
9.082212e+01 
9.067890e+01 
9.092444e+01 
9.154357e+01 
9.245502e+01 
9.352325e+01 
9.460167e+01 
9.558306e+01 
9.641688e+01 
9.709819e+01 
9.764444e+01 
9.797100e+01 
9.813287e+01 
9.861712e+01 
9.930282e+01 
9.980990e+01 
9.999499e+01 

9.999811e+01 
9.979847e+01 
9.925670e+01 
9.861874e+01 
9.819210e+01 
9.816551e+01 
9.796912e+01 
9.752526e+01 
9.697849e+01 
9.631561e+01 
9.553718e+01 
9.466928e+01 
9.377085e+01 
9.292474e+01 
9.222550e+01 
9.176806e+01 
9.162497e+01 
9.183636e+01 
9.238916e+01 
9.320088e+01 
9.414643e+01 
9.509809e+01 
9.596326e+01 
9.670056e+01 
9.730697e+01 
9.779730e+01 
9.812304e+01 
9.820518e+01 
9.864204e+01 
9.933381e+01 
9.981542e+01 
9.999314e+01 

9.999805e+01 
9.979764e+01 
9.928128e+01 
9.866614e+01 
9.833467e+01 
9.837703e+01 
9.820915e+01 
9.785197e+01 
9.742293e+01 
9.691663e+01 
9.633787e+01 
9.570885e+01 
9.506808e+01 
9.446988e+01 
9.397093e+01 
9.362364e+01 
9.348485e+01 
9.359502e+01 
9.395467e+01 
9.452179e+01 
9.520911e+01 
9.591830e+01 
9.657937e+01 
9.715605e+01 
9.764148e+01 
9.804268e+01 
9.835016e+01 
9.836784e+01 
9.871212e+01 
9.937618e+01 
9.982080e+01 
9.999045e+01 

9.999703e+01 
9.979771e+01 
9.933170e+01 
9.880607e+01 
9.859377e+01 
9.864647e+01 
9.850769e+01 
9.825441e+01 
9.796585e+01 
9.764678e+01 
9.731028e+01 
9.697648e+01 
9.666898e+01 
9.639846e+01 
9.616612e+01 
9.597911e+01 
9.585335e+01 
9.582509e+01 
9.593102e+01 
9.617303e+01 
9.652126e+01 
9.692581e+01 
9.733534e+01 
9.771741e+01 
9.805690e+01 
9.835025e+01 
9.862258e+01 
9.861747e+01 
9.883424e+01 
9.942748e+01 
9.982584e+01 
9.998697e+01 

9.999500e+01 
9.979884e+01 
9.940022e+01 
9.901050e+01 
9.890657e+01 
9.893873e+01 
9.883134e+01 
9.868333e+01 
9.853409e+01 
9.839683e+01 
9.829038e+01 
9.823380e+01 
9.823216e+01 
9.826696e+01 
9.829306e+01 
9.826073e+01 
9.815590e+01 
9.800810e+01 
9.787466e+01 
9.781196e+01 
9.784264e+01 
9.795476e+01 
9.812045e+01 
9.831040e+01 
9.850316e+01 
9.868606e+01 
9.890955e+01 
9.891890e+01 
9.900432e+01 
9.948456e+01 
9.983033e+01 
9.998280e+01 

9.999193e+01 
9.980121e+01 
9.947778e+01 
9.923288e+01 
9.921257e+01 
9.922320e+01 
9.914932e+01 
9.909446e+01 
9.906373e+01 
9.907374e+01 
9.914326e+01 
9.928520e+01 
9.949208e+01 
9.972257e+01 
9.990776e+01 
9.997853e+01 
9.989917e+01 
9.969058e+01 
9.941899e+01 
9.916005e+01 
9.896840e+01 
9.886401e+01 
9.883799e+01 
9.886881e+01 
9.893461e+01 
9.901840e+01 
9.918539e+01 
9.921944e+01 
9.920271e+01 
9.954383e+01 
9.983414e+01 
9.997807e+01 

9.998783e+01 
9.980494e+01 
9.955674e+01 
9.943903e+01 
9.947812e+01 
9.947851e+01 
9.943796e+01 
9.945589e+01 
9.951208e+01 
9.962164e+01 
9.979806e+01 
1.000452e+02 
1.003458e+02 
1.006537e+02 
1.008991e+02 
1.010125e+02 
1.009567e+02 
1.007447e+02 
1.004335e+02 
1.000981e+02 
9.980069e+01 
9.957501e+01 
9.942740e+01 
9.934717e+01 
9.931759e+01 
9.932252e+01 
9.943264e+01 
9.947895e+01 
9.940060e+01 
9.960186e+01 
9.983719e+01 
9.997293e+01 

9.998273e+01 
9.981007e+01 
9.963178e+01 
9.961334e+01 
9.969208e+01 
9.969331e+01 
9.968288e+01 
9.975076e+01 
9.986109e+01 
1.000246e+02 
1.002480e+02 
1.005271e+02 
1.008396e+02 
1.011426e+02 
1.013782e+02 
1.014922e+02 
1.014547e+02 
1.012730e+02 
1.009889e+02 
1.006610e+02 
1.003441e+02 
1.000749e+02 
9.986878e+01 
9.972482e+01 
9.963359e+01 
9.958298e+01 
9.964222e+01 
9.968308e+01 
9.957410e+01 
9.965597e+01 
9.983956e+01 
9.996754e+01 

9.997675e+01 
9.981647e+01 
9.969978e+01 
9.975257e+01 
9.985573e+01 
9.986448e+01 
9.987860e+01 
9.997565e+01 
1.001126e+02 
1.002955e+02 
1.005252e+02 
1.007928e+02 
1.010763e+02 
1.013398e+02 
1.015401e+02 
1.016384e+02 
1.016132e+02 
1.014688e+02 
1.012334e+02 
1.009489e+02 
1.006579e+02 
1.003930e+02 
1.001725e+02 
1.000019e+02 
9.987793e+01 
9.979340e+01 
9.981170e+01 
9.983539e+01 
9.971269e+01 
9.970458e+01 
9.984137e+01 
9.996209e+01 

7.743067e+01 
2.541264e+01 
1.622975e+01 
5.908132e+01 
8.954563e+01 
6.948122e+01 
8.654031e+01 
1.316572e+02 
2.093705e+02 
3.398575e+02 
5.500460e+02 
8.667988e+02 
1.297007e+03 
1.795742e+03 
2.247929e+03 
2.503355e+03 
2.460830e+03 
2.134466e+03 
1.644952e+03 
1.143694e+03 
7.335682e+02 
4.451622e+02 
2.621006e+02 
1.535506e+02 
9.203311e+01 
5.825101e+01 
5.076374e+01 
7.055984e+01 
5.700659e+01 
1.889685e+01 
3.025998e+01 
7.255321e+01 

5.286886e+01 
1.403827e+02 
2.131657e+02 
4.109962e+02 
4.574852e+02 
1.704740e+02 
1.553034e+02 
3.843910e+02 
8.256097e+02 
1.608249e+03 
2.871475e+03 
4.649681e+03 
6.700324e+03 
8.521501e+03 
9.699609e+03 
1.015134e+04 
9.972057e+03 
9.214074e+03 
7.867169e+03 
6.032653e+03 
4.065282e+03 
2.400309e+03 
1.250310e+03 
5.706978e+02 
2.170247e+02 
5.804485e+01 
7.484884e+01 
3.078482e+02 
4.322216e+02 
3.244877e+02 
1.295164e+02 
2.912249e+01 

1.528193e+02 
6.499138e+02 
5.602750e+02 
1.081341e+03 
1.380118e+03 
9.365064e+02 
9.524906e+02 
1.725803e+03 
2.914110e+03 
4.631082e+03 
6.909582e+03 
9.588154e+03 
1.226352e+04 
1.444195e+04 
1.580350e+04 
1.630078e+04 
1.603272e+04 
1.509057e+04 
1.351961e+04 
1.139539e+04 
8.925124e+03 
6.446348e+03 
4.287855e+03 
2.628006e+03 
1.476141e+03 
7.445736e+02 
6.615164e+02 
9.345163e+02 
9.151622e+02 
8.398886e+02 
9.399089e+02 
1.184336e+02 

2.985446e+02 
6.533604e+02 
6.835529e+02 
2.082748e+03 
3.072254e+03 
2.964497e+03 
3.218671e+03 
4.461731e+03 
6.057820e+03 
8.049658e+03 
1.043901e+04 
1.315091e+04 
1.599954e+04 
1.868011e+04 
2.081312e+04 
2.204390e+04 
2.215810e+04 
2.115200e+04 
1.922272e+04 
1.669251e+04 
1.391088e+04 
1.117515e+04 
8.689492e+03 
6.561024e+03 
4.819585e+03 
3.445312e+03 
2.860625e+03 
2.530173e+03 
1.579882e+03 
6.125992e+02 
1.442651e+03 
4.146439e+02 

1.322377e+02 
2.735975e+01 
6.392042e+02 
2.611850e+03 
3.958593e+03 
4.144931e+03 
4.445876e+03 
5.317768e+03 
6.259114e+03 
7.248174e+03 
8.254444e+03 
9.240062e+03 
1.016261e+04 
1.097860e+04 
1.164649e+04 
1.212877e+04 
1.239324e+04 
1.241485e+04 
1.217900e+04 
1.168628e+04 
1.095683e+04 
1.003131e+04 
8.966961e+03 
7.829039e+03 
6.680786e+03 
5.575267e+03 
4.890464e+03 
4.064434e+03 
2.267384e+03 
2.804894e+02 
4.090681e+02 
3.376106e+02 

4.490217e+02 
1.354287e+03 
2.674634e+03 
3.504028e+03 
3.759727e+03 
3.792019e+03 
3.821245e+03 
3.888196e+03 
3.941224e+03 
3.982399e+03 
4.014372e+03 
4.040023e+03 
4.062126e+03 
4.083095e+03 
4.104844e+03 
4.128755e+03 
4.155695e+03 
4.186034e+03 
4.219617e+03 
4.255682e+03 
4.292762e+03 
4.328624e+03 
4.360302e+03 
4.384277e+03 
4.396789e+03 
4.394239e+03 
4.377529e+03 
4.269969e+03 
3.855527e+03 
2.836090e+03 
1.530501e+03 
5.920139e+02 

