5.062663e+01
4.424105e+01
3.929297e+01
4.383144e+01
4.815749e+01
5.048796e+01
5.183698e+01
5.314473e+01
5.428417e+01
5.524089e+01
5.600629e+01
5.657753e+01
5.695670e+01
5.714911e+01
5.716117e+01
5.699849e+01
5.666443e+01
5.615950e+01
5.548184e+01
5.462862e+01
5.359814e+01
5.239227e+01
5.101840e+01
4.949059e+01
4.782942e+01
4.606060e+01
4.499031e+01
4.424520e+01
4.250772e+01
4.038793e+01
4.274707e+01
5.297181e+01

-6.924880e+01
-7.084225e+01
-6.526367e+01
-2.809541e+01
-1.777465e+01
-1.232637e+01
-8.967722e+00
-6.023504e+00
-3.123250e+00
-3.247736e-01
2.297629e+00
4.659135e+00
6.675011e+00
8.272913e+00
9.403319e+00
1.004553e+01
1.020856e+01
9.927698e+00
9.258065e+00
8.266494e+00
7.022877e+00
5.592263e+00
4.028915e+00
2.373165e+00
6.512717e-01
-1.122097e+00
-2.621302e+00
-4.079009e+00
-5.089185e+00
4.707756e+00
7.679421e+01
-7.069805e+01

-7.492418e+00
-1.985717e+01
4.055165e+01
-6.582231e+01
-4.373275e+01
-3.529567e+01
-3.304187e+01
-3.408214e+01
-3.528546e+01
-3.646292e+01
-3.740743e+01
-3.790217e+01
-3.774367e+01
-3.677803e+01
-3.494294e+01
-3.230029e+01
-2.903940e+01
-2.543826e+01
-2.179419e+01
-1.835687e+01
-1.529297e+01
-1.268744e+01
-1.056611e+01
-8.923067e+00
-7.743404e+00
-7.019943e+00
-9.847019e+00
-1.582714e+01
-2.022449e+01
-2.098307e+01
-3.136770e+01
-1.568915e+01

3.851686e+01
2.883014e+01
5.371183e+01
-8.383389e+01
-5.078955e+01
-2.917415e+01
-2.414247e+01
-2.966125e+01
-3.579147e+01
-4.212448e+01
-4.809400e+01
-5.308598e+01
-5.655723e+01
-5.809216e+01
-5.739563e+01
-5.428690e+01
-4.877078e+01
-4.120227e+01
-3.240531e+01
-2.349644e+01
-1.543586e+01
-8.715481e+00
-3.399981e+00
6.687250e-01
3.709670e+00
5.927833e+00
-1.020177e+00
-1.471089e+01
-2.347934e+01
-3.682001e+01
-3.408101e-01
2.794988e+01

-3.247427e+00
5.849145e+01
6.340292e+01
-8.621293e+01
-4.632877e+01
-8.667563e+00
2.478283e+00
-4.130307e+00
-1.175624e+01
-2.043722e+01
-2.966467e+01
-3.838424e+01
-4.535741e+01
-4.961836e+01
-5.061132e+01
-4.807176e+01
-4.200948e+01
-3.298087e+01
-2.236076e+01
-1.194438e+01
-3.014641e+00
4.052484e+00
9.470314e+00
1.364388e+01
1.698140e+01
1.986354e+01
1.025739e+01
-8.177949e+00
-1.847986e+01
-2.514954e+01
1.491979e+01
-5.915193e+01

3.936809e+01
2.914139e+01
-3.718766e+01
-4.858082e+01
-1.114435e+01
2.029152e+01
2.871533e+01
2.462554e+01
2.062591e+01
1.659296e+01
1.245598e+01
8.288016e+00
4.391610e+00
1.306343e+00
-3.446867e-01
-1.432097e-01
1.881820e+00
5.246913e+00
9.256841e+00
1.331166e+01
1.707211e+01
2.044914e+01
2.351410e+01
2.641376e+01
2.931399e+01
3.236428e+01
2.632823e+01
1.348103e+01
1.202614e+01
3.369943e+01
4.406444e+01
3.519632e+01

4.498502e+01
4.496552e+01
4.492664e+01
4.483923e+01
4.483281e+01
4.494175e+01
4.498296e+01
4.497237e+01
4.495926e+01
4.494344e+01
4.492514e+01
4.490513e+01
4.488491e+01
4.486664e+01
4.485276e+01
4.484542e+01
4.484583e+01
4.485388e+01
4.486822e+01
4.488662e+01
4.490668e+01
4.492634e+01
4.494422e+01
4.495961e+01
4.497236e+01
4.498266e+01
4.495416e+01
4.489916e+01
4.490839e+01
4.496666e+01
4.497612e+01
4.497610e+01

4.498286e+01
4.496231e+01
4.491791e+01
4.482741e+01
4.480257e+01
4.493738e+01
4.498893e+01
4.497833e+01
4.496467e+01
4.494752e+01
4.492685e+01
4.490333e+01
4.487873e+01
4.485584e+01
4.483811e+01
4.482868e+01
4.482934e+01
4.483991e+01
4.485831e+01
4.488133e+01
4.490563e+01
4.492857e+01
4.494861e+01
4.496518e+01
4.497836e+01
4.498860e+01
4.495469e+01
4.488989e+01
4.490092e+01
4.496086e+01
4.496855e+01
4.497416e+01

4.498085e+01
4.495919e+01
4.491075e+01
4.482585e+01
4.477810e+01
4.493529e+01
4.499694e+01
4.498703e+01
4.497363e+01
4.495598e+01
4.493364e+01
4.490703e+01
4.487798e+01
4.485002e+01
4.482786e+01
4.481600e+01
4.481703e+01
4.483064e+01
4.485376e+01
4.488180e+01
4.491026e+01
4.493598e+01
4.495741e+01
4.497428e+01
4.498708e+01
4.499655e+01
4.495810e+01
4.488470e+01
4.489730e+01
4.495494e+01
4.496058e+01
4.497269e+01

4.497904e+01
4.495592e+01
4.490581e+01
4.483506e+01
4.476913e+01
4.493738e+01
4.500697e+01
4.499863e+01
4.498662e+01
4.496983e+01
4.494735e+01
4.491911e+01
4.488683e+01
4.485466e+01
4.482861e+01
4.481457e+01
4.481605e+01
4.483256e+01
4.485989e+01
4.489201e+01
4.492334e+01
4.495028e+01
4.497153e+01
4.498733e+01
4.499863e+01
4.500647e+01
4.496548e+01
4.488728e+01
4.490024e+01
4.494932e+01
4.495247e+01
4.497167e+01

4.497747e+01
4.495225e+01
4.490367e+01
4.485234e+01
4.478355e+01
4.494575e+01
4.501869e+01
4.501287e+01
4.500359e+01
4.498948e+01
4.496920e+01
4.494211e+01
4.490958e+01
4.487587e+01
4.484784e+01
4.483268e+01
4.483456e+01
4.485282e+01
4.488234e+01
4.491583e+01
4.494703e+01
4.497246e+01
4.499126e+01
4.500424e+01
4.501274e+01
4.501804e+01
4.497770e+01
4.490151e+01
4.491165e+01
4.494441e+01
4.494456e+01
4.497102e+01

4.497617e+01
4.494800e+01
4.490464e+01
4.487423e+01
4.482085e+01
4.496194e+01
4.503146e+01
4.502899e+01
4.502369e+01
4.501415e+01
4.499876e+01
4.497641e+01
4.494778e+01
4.491680e+01
4.489037e+01
4.487584e+01
4.487788e+01
4.489572e+01
4.492368e+01
4.495430e+01
4.498141e+01
4.500192e+01
4.501573e+01
4.502412e+01
4.502864e+01
4.503061e+01
4.499476e+01
4.492897e+01
4.493069e+01
4.494032e+01
4.493723e+01
4.497068e+01

4.497511e+01
4.494313e+01
4.490864e+01
4.489860e+01
4.487266e+01
4.498564e+01
4.504430e+01
4.504568e+01
4.504522e+01
4.504164e+01
4.503333e+01
4.501879e+01
4.499799e+01
4.497374e+01
4.495197e+01
4.493980e+01
4.494164e+01
4.495679e+01
4.497989e+01
4.500375e+01
4.502308e+01
4.503591e+01
4.504276e+01
4.504528e+01
4.504504e+01
4.504323e+01
4.501522e+01
4.496572e+01
4.495265e+01
4.493675e+01
4.493084e+01
4.497058e+01

4.497428e+01
4.493782e+01
4.491497e+01
4.492466e+01
4.492930e+01
4.501375e+01
4.505604e+01
4.506127e+01
4.506580e+01
4.506861e+01
4.506821e+01
4.506285e+01
4.505169e+01
4.503627e+01
4.502116e+01
4.501224e+01
4.501361e+01
4.502475e+01
4.504085e+01
4.505593e+01
4.506593e+01
4.506991e+01
4.506912e+01
4.506544e+01
4.506034e+01
4.505475e+01
4.503585e+01
4.500209e+01
4.497078e+01
4.493299e+01
4.492573e+01
4.497064e+01

4.497361e+01
4.493242e+01
4.492219e+01
4.495155e+01
4.498319e+01
4.504048e+01
4.506549e+01
4.507401e+01
4.508289e+01
4.509139e+01
4.509812e+01
4.510119e+01
4.509905e+01
4.509197e+01
4.508308e+01
4.507727e+01
4.507815e+01
4.508539e+01
4.509491e+01
4.510176e+01
4.510308e+01
4.509899e+01
4.509135e+01
4.508218e+01
4.507284e+01
4.506404e+01
4.505220e+01
4.502717e+01
4.497975e+01
4.492824e+01
4.492214e+01
4.497081e+01

4.497307e+01
4.492743e+01
4.492823e+01
4.497664e+01
4.502706e+01
4.505923e+01
4.507164e+01
4.508241e+01
4.509432e+01
4.510683e+01
4.511871e+01
4.512794e+01
4.513253e+01
4.513187e+01
4.512800e+01
4.512480e+01
4.512537e+01
4.512953e+01
4.513384e+01
4.513434e+01
4.512915e+01
4.511912e+01
4.510651e+01
4.509343e+01
4.508114e+01
4.507011e+01
4.506008e+01
4.503402e+01
4.497756e+01
4.492206e+01
4.492019e+01
4.497103e+01

4.497262e+01
4.492334e+01
4.493105e+01
4.499444e+01
4.505153e+01
4.506520e+01
4.507385e+01
4.508552e+01
4.509870e+01
4.511299e+01
4.512730e+01
4.513973e+01
4.514815e+01
4.515153e+01
4.515113e+01
4.514995e+01
4.515052e+01
4.515266e+01
4.515353e+01
4.515002e+01
4.514101e+01
4.512780e+01
4.511274e+01
4.509788e+01
4.508430e+01
4.507237e+01
4.505734e+01
4.502110e+01
4.496495e+01
4.491461e+01
4.491988e+01
4.497129e+01

4.497221e+01
4.492060e+01
4.492959e+01
4.499722e+01
4.504715e+01
4.505755e+01
4.507197e+01
4.508310e+01
4.509565e+01
4.510929e+01
4.512309e+01
4.513541e+01
4.514439e+01
4.514903e+01
4.515023e+01
4.515031e+01
4.515118e+01
4.515253e+01
4.515203e+01
4.514724e+01
4.513750e+01
4.512418e+01
4.510947e+01
4.509513e+01
4.508210e+01
4.507064e+01
4.504490e+01
4.499096e+01
4.494404e+01
4.490671e+01
4.492107e+01
4.497158e+01

4.497184e+01
4.491948e+01
4.492455e+01
4.497978e+01
4.501284e+01
4.503950e+01
4.506635e+01
4.507565e+01
4.508587e+01
4.509665e+01
4.510716e+01
4.511608e+01
4.512206e+01
4.512466e+01
4.512499e+01
4.512506e+01
4.512639e+01
4.512852e+01
4.512923e+01
4.512642e+01
4.511938e+01
4.510915e+01
4.509746e+01
4.508579e+01
4.507496e+01
4.506525e+01
4.502639e+01
4.494922e+01
4.491753e+01
4.489951e+01
4.492353e+01
4.497193e+01

4.497149e+01
4.492009e+01
4.491814e+01
4.494598e+01
4.496187e+01
4.501659e+01
4.505776e+01
4.506430e+01
4.507098e+01
4.507732e+01
4.508251e+01
4.508550e+01
4.508561e+01
4.508317e+01
4.507997e+01
4.507854e+01
4.508032e+01
4.508464e+01
4.508920e+01
4.509138e+01
4.508997e+01
4.508538e+01
4.507877e+01
4.507137e+01
4.506395e+01
4.505692e+01
4.500653e+01
4.490471e+01
4.488888e+01
4.489426e+01
4.492699e+01
4.497235e+01

4.497120e+01
4.492237e+01
4.491286e+01
4.490868e+01
4.491394e+01
4.499424e+01
4.504724e+01
4.505058e+01
4.505320e+01
4.505449e+01
4.505363e+01
4.504986e+01
4.504306e+01
4.503452e+01
4.502693e+01
4.502323e+01
4.502518e+01
4.503209e+01
4.504121e+01
4.504952e+01
4.505497e+01
4.505705e+01
4.505641e+01
4.505397e+01
4.505054e+01
4.504666e+01
4.498933e+01
4.486814e+01
4.486270e+01
4.489194e+01
4.493120e+01
4.497289e+01

4.497099e+01
4.492612e+01
4.491042e+01
4.488029e+01
4.488147e+01
4.497609e+01
4.503593e+01
4.503611e+01
4.503487e+01
4.503151e+01
4.502529e+01
4.501576e+01
4.500337e+01
4.498998e+01
4.497878e+01
4.497317e+01
4.497498e+01
4.498359e+01
4.499628e+01
4.500956e+01
4.502079e+01
4.502879e+01
4.503360e+01
4.503586e+01
4.503630e+01
4.503556e+01
4.497691e+01
4.484786e+01
4.484415e+01
4.489306e+01
4.493594e+01
4.497359e+01

4.497093e+01
4.493107e+01
4.491129e+01
4.486556e+01
4.486623e+01
4.496358e+01
4.502485e+01
4.502233e+01
4.501793e+01
4.501103e+01
4.500109e+01
4.498800e+01
4.497258e+01
4.495699e+01
4.494440e+01
4.493793e+01
4.493937e+01
4.494824e+01
4.496212e+01
4.497776e+01
4.499235e+01
4.500426e+01
4.501304e+01
4.501897e+01
4.502264e+01
4.502463e+01
4.496953e+01
4.484552e+01
4.483707e+01
4.489761e+01
4.494103e+01
4.497448e+01

4.497107e+01
4.493688e+01
4.491503e+01
4.486277e+01
4.486425e+01
4.495652e+01
4.501479e+01
4.501024e+01
4.500366e+01
4.499460e+01
4.498277e+01
4.496837e+01
4.495245e+01
4.493704e+01
4.492489e+01
4.491860e+01
4.491962e+01
4.492765e+01
4.494080e+01
4.495636e+01
4.497179e+01
4.498537e+01
4.499633e+01
4.500462e+01
4.501057e+01
4.501465e+01
4.496630e+01
4.485650e+01
4.484185e+01
4.490507e+01
4.494637e+01
4.497559e+01

4.497148e+01
4.494320e+01
4.492076e+01
4.486797e+01
4.487059e+01
4.495384e+01
4.500621e+01
4.500037e+01
4.499259e+01
4.498261e+01
4.497038e+01
4.495632e+01
4.494152e+01
4.492773e+01
4.491709e+01
4.491157e+01
4.491224e+01
4.491894e+01
4.493030e+01
4.494428e+01
4.495883e+01
4.497237e+01
4.498399e+01
4.499339e+01
4.500067e+01
4.500612e+01
4.496591e+01
4.487423e+01
4.485552e+01
4.491460e+01
4.495186e+01
4.497693e+01

4.497223e+01
4.494974e+01
4.492758e+01
4.487757e+01
4.488136e+01
4.495425e+01
4.499933e+01
4.499284e+01
4.498467e+01
4.497469e+01
4.496303e+01
4.495022e+01
4.493722e+01
4.492548e+01
4.491660e+01
4.491199e+01
4.491242e+01
4.491781e+01
4.492720e+01
4.493912e+01
4.495200e+01
4.496450e+01
4.497574e+01
4.498530e+01
4.499309e+01
4.499925e+01
4.496722e+01
4.489358e+01
4.487382e+01
4.492527e+01
4.495746e+01
4.497849e+01

3.171785e+01
1.961540e+01
-6.406029e+00
-2.203781e+01
-8.581891e+00
2.490526e+01
4.288666e+01
3.712735e+01
3.167206e+01
2.656235e+01
2.171447e+01
1.703936e+01
1.256419e+01
8.522447e+00
5.357715e+00
3.589730e+00
3.579848e+00
5.342015e+00
8.537984e+00
1.266254e+01
1.728624e+01
2.220330e+01
2.743642e+01
3.314039e+01
3.944689e+01
4.627861e+01
3.228796e+01
-2.959741e+00
-2.595484e+01
-1.116646e+01
2.500047e+01
3.548022e+01

-3.607552e+01
5.764350e+01
6.712634e+01
-8.197593e+01
-6.068832e+01
-2.365810e+01
2.051846e+01
1.276786e+01
6.417253e+00
-2.450882e-02
-7.183252e+00
-1.516032e+01
-2.350148e+01
-3.124473e+01
-3.726371e+01
-4.069587e+01
-4.111530e+01
-3.849034e+01
-3.316760e+01
-2.591832e+01
-1.783237e+01
-9.938593e+00
-2.812362e+00
3.573316e+00
9.999214e+00
1.950676e+01
-2.652362e+01
-6.396627e+01
-8.852349e+01
6.451924e+01
5.572614e+01
-3.005476e+01

6.687364e+01
3.487800e+01
6.526157e+01
-7.889083e+01
-5.821881e+01
-3.169632e+01
-9.611662e+00
-1.145798e+01
-1.459478e+01
-1.890777e+01
-2.425525e+01
-3.033456e+01
-3.661424e+01
-4.239037e+01
-4.696240e+01
-4.981047e+01
-5.066820e+01
-4.950980e+01
-4.652828e+01
-4.213266e+01
-3.692266e+01
-3.159447e+01
-2.680858e+01
-2.312159e+01
-2.107230e+01
-2.153367e+01
-3.767561e+01
-6.101187e+01
-8.612826e+01
5.515048e+01
2.584758e+01
5.074798e+01

1.939516e+01
1.646240e+01
8.210877e+01
-5.984750e+01
-4.356983e+01
-2.928424e+01
-2.140624e+01
-2.137634e+01
-2.198320e+01
-2.312297e+01
-2.470390e+01
-2.662091e+01
-2.873815e+01
-3.088341e+01
-3.285985e+01
-3.447592e+01
-3.558501e+01
-3.611923e+01
-3.610345e+01
-3.564584e+01
-3.491226e+01
-3.409692e+01
-3.340115e+01
-3.302666e+01
-3.318662e+01
-3.413718e+01
-3.849881e+01
-4.705322e+01
-6.346222e+01
5.532681e+01
-1.318095e+01
-1.881801e+00

-4.526706e+01
-4.253224e+01
-3.960795e+01
-2.769917e+01
-1.857677e+01
-1.248189e+01
-9.264884e+00
-7.184612e+00
-5.231662e+00
-3.422889e+00
-1.787541e+00
-3.677578e-01
7.837994e-01
1.609125e+00
2.052099e+00
2.066522e+00
1.623512e+00
7.169466e-01
-6.341865e-01
-2.387462e+00
-4.483013e+00
-6.853068e+00
-9.432943e+00
-1.217078e+01
-1.503390e+01
-1.801095e+01
-2.064665e+01
-2.351424e+01
-2.782516e+01
-2.020671e+01
-7.598859e+01
-6.528502e+01

3.731510e+01
2.804182e+01
2.935004e+01
3.459943e+01
3.780567e+01
3.897313e+01
4.001946e+01
4.161893e+01
4.310292e+01
4.444921e+01
4.564012e+01
4.666342e+01
4.751228e+01
4.818420e+01
4.867923e+01
4.899810e+01
4.914045e+01
4.910388e+01
4.888376e+01
4.847401e+01
4.786862e+01
4.706367e+01
4.605929e+01
4.486113e+01
4.348106e+01
4.193669e+01
4.076182e+01
3.932268e+01
3.636004e+01
3.306566e+01
3.619735e+01
4.466051e+01

