5.832258e+01 
-8.438233e+01 
-4.028093e+01 
-1.792994e+01 
5.397901e+01 
4.353669e+01 
4.499191e+01 
4.498931e+01 
4.498710e+01 
4.498532e+01 
4.498397e+01 
4.498301e+01 
4.498235e+01 
4.498191e+01 
4.498159e+01 
4.498131e+01 
4.498101e+01 
4.498066e+01 
4.498025e+01 
4.497979e+01 
4.497932e+01 
4.497893e+01 
4.497869e+01 
4.497871e+01 
4.497910e+01 
4.497992e+01 
3.578608e+01 
-6.640986e+00 
7.862777e+01 
1.619333e+01 
-6.083057e+01 
4.018836e+01 

5.475537e+01 
7.889282e+01 
-3.441400e+01 
1.361732e+01 
3.812890e+01 
4.340351e+01 
4.499440e+01 
4.499321e+01 
4.499082e+01 
4.498686e+01 
4.498123e+01 
4.497412e+01 
4.496605e+01 
4.495777e+01 
4.495008e+01 
4.494368e+01 
4.493911e+01 
4.493669e+01 
4.493647e+01 
4.493832e+01 
4.494189e+01 
4.494671e+01 
4.495227e+01 
4.495807e+01 
4.496369e+01 
4.496885e+01 
3.325299e+01 
-8.332542e+01 
5.575210e+01 
4.156213e+01 
8.303433e+01 
2.959837e+01 

5.087386e+01 
2.914513e+01 
-6.545298e+01 
-5.804882e+01 
-4.551695e+01 
3.981170e+00 
4.490938e+01 
4.490033e+01 
4.489384e+01 
4.489105e+01 
4.489282e+01 
4.489938e+01 
4.490976e+01 
4.492168e+01 
4.493195e+01 
4.493763e+01 
4.493748e+01 
4.493259e+01 
4.492569e+01 
4.491961e+01 
4.491606e+01 
4.491546e+01 
4.491732e+01 
4.492086e+01 
4.492535e+01 
4.493023e+01 
1.106588e+01 
-5.940932e+01 
-7.075719e+01 
-6.479372e+01 
-2.771613e+01 
3.040819e+01 

5.192079e+01 
-1.223130e+01 
-4.228819e+01 
-4.945315e+01 
-4.780887e+01 
-2.071632e+01 
4.478861e+01 
4.475571e+01 
4.473032e+01 
4.471962e+01 
4.472898e+01 
4.475928e+01 
4.480664e+01 
4.486400e+01 
4.492230e+01 
4.497018e+01 
4.499465e+01 
4.498622e+01 
4.494849e+01 
4.490004e+01 
4.486100e+01 
4.484002e+01 
4.483514e+01 
4.484075e+01 
4.485186e+01 
4.486520e+01 
-7.410909e+00 
-4.983659e+01 
-5.506304e+01 
-4.671760e+01 
-2.042777e+01 
3.460679e+01 

5.459730e+01 
-1.068785e+01 
-3.503844e+01 
-3.711895e+01 
-2.948260e+01 
-4.260932e+00 
4.480114e+01 
4.474826e+01 
4.469112e+01 
4.464302e+01 
4.462493e+01 
4.465335e+01 
4.472607e+01 
4.482457e+01 
4.492658e+01 
4.501046e+01 
4.505289e+01 
4.503570e+01 
4.496817e+01 
4.489059e+01 
4.483787e+01 
4.481677e+01 
4.481803e+01 
4.483112e+01 
4.484903e+01 
4.486795e+01 
-2.250819e+00 
-4.031768e+01 
-4.493840e+01 
-3.590965e+01 
-1.273124e+01 
3.664286e+01 

5.618699e+01 
-8.502146e+00 
-3.143500e+01 
-2.403500e+01 
-4.602538e+00 
1.982799e+01 
4.493222e+01 
4.491883e+01 
4.490401e+01 
4.488974e+01 
4.488029e+01 
4.488258e+01 
4.490413e+01 
4.494698e+01 
4.500108e+01 
4.504565e+01 
4.506182e+01 
4.504630e+01 
4.501220e+01 
4.497690e+01 
4.495111e+01 
4.493723e+01 
4.493298e+01 
4.493496e+01 
4.494031e+01 
4.494705e+01 
2.282311e+01 
-1.525316e+01 
-2.550202e+01 
-2.397876e+01 
-8.824971e+00 
3.713424e+01 

5.738000e+01 
-6.782595e+00 
-3.158540e+01 
-2.184321e+01 
4.262435e+00 
2.828038e+01 
4.498122e+01 
4.498408e+01 
4.498862e+01 
4.499523e+01 
4.500416e+01 
4.501540e+01 
4.502839e+01 
4.504191e+01 
4.505415e+01 
4.506315e+01 
4.506737e+01 
4.506629e+01 
4.506050e+01 
4.505145e+01 
4.504087e+01 
4.503027e+01 
4.502068e+01 
4.501261e+01 
4.500621e+01 
4.500136e+01 
4.420060e+01 
2.859139e+01 
-2.390609e+00 
-1.714865e+01 
-7.456023e+00 
3.810382e+01 

5.878123e+01 
-5.035266e+00 
-3.488329e+01 
-2.978634e+01 
-2.633651e+00 
2.506896e+01 
4.497240e+01 
4.497444e+01 
4.497844e+01 
4.498505e+01 
4.499491e+01 
4.500835e+01 
4.502497e+01 
4.504327e+01 
4.506058e+01 
4.507368e+01 
4.507998e+01 
4.507852e+01 
4.507033e+01 
4.505780e+01 
4.504367e+01 
4.503012e+01 
4.501843e+01 
4.500907e+01 
4.500201e+01 
4.499697e+01 
3.999520e+01 
1.968957e+01 
-6.205262e+00 
-1.837714e+01 
-6.485373e+00 
3.990929e+01 

5.998724e+01 
-3.201581e+00 
-3.818525e+01 
-3.805826e+01 
-1.055590e+01 
2.192777e+01 
4.496221e+01 
4.496294e+01 
4.496578e+01 
4.497172e+01 
4.498188e+01 
4.499724e+01 
4.501788e+01 
4.504216e+01 
4.506633e+01 
4.508529e+01 
4.509462e+01 
4.509269e+01 
4.508121e+01 
4.506411e+01 
4.504559e+01 
4.502866e+01 
4.501479e+01 
4.500427e+01 
4.499677e+01 
4.499174e+01 
3.575188e+01 
1.223261e+01 
-1.092412e+01 
-2.030678e+01 
-5.609155e+00 
4.161496e+01 

6.098537e+01 
-1.320942e+00 
-4.121614e+01 
-4.590084e+01 
-1.922936e+01 
1.885513e+01 
4.495088e+01 
4.494978e+01 
4.495074e+01 
4.495510e+01 
4.496463e+01 
4.498121e+01 
4.500590e+01 
4.503731e+01 
4.507035e+01 
4.509728e+01 
4.511091e+01 
4.510843e+01 
4.509268e+01 
4.506985e+01 
4.504615e+01 
4.502557e+01 
4.500962e+01 
4.499819e+01 
4.499055e+01 
4.498580e+01 
3.162091e+01 
5.080613e+00 
-1.660532e+01 
-2.286317e+01 
-4.848744e+00 
4.319708e+01 

6.176673e+01 
5.540310e-01 
-4.368684e+01 
-5.256952e+01 
-2.788209e+01 
1.589823e+01 
4.493889e+01 
4.493549e+01 
4.493391e+01 
4.493579e+01 
4.494356e+01 
4.496037e+01 
4.498878e+01 
4.502800e+01 
4.507176e+01 
4.510872e+01 
4.512793e+01 
4.512496e+01 
4.510402e+01 
4.507449e+01 
4.504508e+01 
4.502083e+01 
4.500306e+01 
4.499108e+01 
4.498361e+01 
4.497940e+01 
2.769720e+01 
-2.272227e+00 
-2.311648e+01 
-2.594498e+01 
-4.226864e+00 
4.463386e+01 

6.232604e+01 
2.358672e+00 
-4.532769e+01 
-5.755183e+01 
-3.545574e+01 
1.317816e+01 
4.492693e+01 
4.492096e+01 
4.491640e+01 
4.491513e+01 
4.492027e+01 
4.493642e+01 
4.496792e+01 
4.501516e+01 
4.507054e+01 
4.511887e+01 
4.514457e+01 
4.514113e+01 
4.511454e+01 
4.507779e+01 
4.504257e+01 
4.501484e+01 
4.499562e+01 
4.498345e+01 
4.497642e+01 
4.497293e+01 
2.405705e+01 
-9.860271e+00 
-3.008940e+01 
-2.940042e+01 
-3.769125e+00 
4.590628e+01 

6.266116e+01 
4.022087e+00 
-4.591731e+01 
-6.059891e+01 
-4.102468e+01 
1.088839e+01 
4.491587e+01 
4.490734e+01 
4.489974e+01 
4.489515e+01 
4.489735e+01 
4.491242e+01 
4.494642e+01 
4.500126e+01 
4.506784e+01 
4.512753e+01 
4.515975e+01 
4.515587e+01 
4.512374e+01 
4.507998e+01 
4.503933e+01 
4.500851e+01 
4.498817e+01 
4.497603e+01 
4.496959e+01 
4.496690e+01 
2.079981e+01 
-1.731491e+01 
-3.695446e+01 
-3.301761e+01 
-3.503907e+00 
4.699854e+01 

6.277239e+01 
5.476478e+00 
-4.530342e+01 
-6.162160e+01 
-4.404641e+01 
9.256560e+00 
4.490659e+01 
4.489583e+01 
4.488555e+01 
4.487805e+01 
4.487767e+01 
4.489176e+01 
4.492796e+01 
4.498914e+01 
4.506536e+01 
4.513473e+01 
4.517253e+01 
4.516827e+01 
4.513130e+01 
4.508157e+01 
4.503628e+01 
4.500289e+01 
4.498169e+01 
4.496965e+01 
4.496379e+01 
4.496183e+01 
1.806962e+01 
-2.400359e+01 
-4.308409e+01 
-3.653644e+01 
-3.460482e+00 
4.789799e+01 

6.266169e+01 
6.667332e+00 
-4.342086e+01 
-6.057614e+01 
-4.430972e+01 
8.477471e+00 
4.489992e+01 
4.488752e+01 
4.487529e+01 
4.486570e+01 
4.486358e+01 
4.487713e+01 
4.491508e+01 
4.498090e+01 
4.506403e+01 
4.514021e+01 
4.518198e+01 
4.517740e+01 
4.513693e+01 
4.508290e+01 
4.503421e+01 
4.499893e+01 
4.497704e+01 
4.496507e+01 
4.495962e+01 
4.495820e+01 
1.604555e+01 
-2.926191e+01 
-4.796333e+01 
-3.968205e+01 
-3.665450e+00 
4.859476e+01 

6.233208e+01 
7.561277e+00 
-4.031268e+01 
-5.741096e+01 
-4.179223e+01 
8.645363e+00 
4.489645e+01 
4.488321e+01 
4.486999e+01 
4.485939e+01 
4.485648e+01 
4.486991e+01 
4.490889e+01 
4.497716e+01 
4.506374e+01 
4.514333e+01 
4.518708e+01 
4.518241e+01 
4.514025e+01 
4.508403e+01 
4.503354e+01 
4.499717e+01 
4.497483e+01 
4.496282e+01 
4.495754e+01 
4.495636e+01 
1.490413e+01 
-3.258911e+01 
-5.127334e+01 
-4.220931e+01 
-4.138031e+00 
4.908111e+01 

6.178716e+01 
8.149294e+00 
-3.615022e+01 
-5.210058e+01 
-3.663210e+01 
9.718292e+00 
4.489650e+01 
4.488331e+01 
4.487018e+01 
4.485970e+01 
4.485694e+01 
4.487053e+01 
4.490959e+01 
4.497777e+01 
4.506412e+01 
4.514349e+01 
4.518723e+01 
4.518279e+01 
4.514092e+01 
4.508485e+01 
4.503433e+01 
4.499780e+01 
4.497529e+01 
4.496313e+01 
4.495775e+01 
4.495650e+01 
1.477103e+01 
-3.370498e+01 
-5.286842e+01 
-4.394133e+01 
-4.885346e+00 
4.935078e+01 

6.103119e+01 
8.444807e+00 
-3.123389e+01 
-4.477629e+01 
-2.925032e+01 
1.153075e+01 
4.490006e+01 
4.488781e+01 
4.487581e+01 
4.486658e+01 
4.486491e+01 
4.487893e+01 
4.491712e+01 
4.498274e+01 
4.506524e+01 
4.514081e+01 
4.518252e+01 
4.517856e+01 
4.513888e+01 
4.508525e+01 
4.503644e+01 
4.500072e+01 
4.497834e+01 
4.496596e+01 
4.496021e+01 
4.495859e+01 
1.568409e+01 
-3.251458e+01 
-5.271286e+01 
-4.479139e+01 
-5.899179e+00 
4.939852e+01 

6.006947e+01 
8.477940e+00 
-2.595290e+01 
-3.590766e+01 
-2.047895e+01 
1.384614e+01 
4.490680e+01 
4.489626e+01 
4.488633e+01 
4.487937e+01 
4.487970e+01 
4.489453e+01 
4.493115e+01 
4.499211e+01 
4.506747e+01 
4.513596e+01 
4.517366e+01 
4.517021e+01 
4.513428e+01 
4.508506e+01 
4.503956e+01 
4.500553e+01 
4.498360e+01 
4.497096e+01 
4.496466e+01 
4.496241e+01 
1.758440e+01 
-2.908593e+01 
-5.084346e+01 
-4.476803e+01 
-7.155614e+00 
4.921991e+01 

5.890909e+01 
8.288157e+00 
-2.070580e+01 
-2.636016e+01 
-1.143537e+01 
1.642351e+01 
4.491610e+01 
4.490783e+01 
4.490066e+01 
4.489672e+01 
4.489977e+01 
4.491574e+01 
4.495031e+01 
4.500496e+01 
4.507067e+01 
4.512941e+01 
4.516147e+01 
4.515838e+01 
4.512728e+01 
4.508401e+01 
4.504308e+01 
4.501152e+01 
4.499037e+01 
4.497755e+01 
4.497061e+01 
4.496757e+01 
2.034032e+01 
-2.368422e+01 
-4.738357e+01 
-4.396931e+01 
-8.618124e+00 
4.881164e+01 

5.755992e+01 
7.917369e+00 
-1.581761e+01 
-1.714979e+01 
-3.110816e+00 
1.907143e+01 
4.492714e+01 
4.492143e+01 
4.491731e+01 
4.491669e+01 
4.492269e+01 
4.493973e+01 
4.497181e+01 
4.501896e+01 
4.507357e+01 
4.512107e+01 
4.514659e+01 
4.514377e+01 
4.511801e+01 
4.508165e+01 
4.504615e+01 
4.501775e+01 
4.499777e+01 
4.498495e+01 
4.497743e+01 
4.497361e+01 
2.379351e+01 
-1.680484e+01 
-4.259894e+01 
-4.257066e+01 
-1.024349e+01 
4.817207e+01 

5.603534e+01 
7.404844e+00 
-1.149438e+01 
-9.040586e+00 
3.959985e+00 
2.167408e+01 
4.493902e+01 
4.493585e+01 
4.493467e+01 
4.493711e+01 
4.494560e+01 
4.496315e+01 
4.499203e+01 
4.503120e+01 
4.507439e+01 
4.511072e+01 
4.512978e+01 
4.512722e+01 
4.510687e+01 
4.507761e+01 
4.504801e+01 
4.502324e+01 
4.500487e+01 
4.499237e+01 
4.498449e+01 
4.497999e+01 
2.780346e+01 
-9.083289e+00 
-3.695061e+01 
-4.080760e+01 
-1.198891e+01 
4.730198e+01 

5.435272e+01 
6.784400e+00 
-7.826227e+00 
-2.350201e+00 
9.694420e+00 
2.419094e+01 
4.495090e+01 
4.494998e+01 
4.495125e+01 
4.495603e+01 
4.496607e+01 
4.498316e+01 
4.500815e+01 
4.503950e+01 
4.507216e+01 
4.509868e+01 
4.511219e+01 
4.510997e+01 
4.509459e+01 
4.507197e+01 
4.504819e+01 
4.502730e+01 
4.501095e+01 
4.499915e+01 
4.499121e+01 
4.498624e+01 
3.226420e+01 
-1.024673e+00 
-3.108130e+01 
-3.895475e+01 
-1.381835e+01 
4.620535e+01 

5.253337e+01 
6.083712e+00 
-4.819527e+00 
2.956770e+00 
1.427155e+01 
2.664004e+01 
4.496209e+01 
4.496295e+01 
4.496599e+01 
4.497220e+01 
4.498268e+01 
4.499831e+01 
4.501909e+01 
4.504330e+01 
4.506723e+01 
4.508594e+01 
4.509520e+01 
4.509342e+01 
4.508217e+01 
4.506525e+01 
4.504674e+01 
4.502968e+01 
4.501559e+01 
4.500485e+01 
4.499716e+01 
4.499199e+01 
3.707855e+01 
7.376893e+00 
-2.572004e+01 
-3.730653e+01 
-1.570678e+01 
4.488996e+01 

5.060193e+01 
5.325302e+00 
-2.434127e+00 
7.085811e+00 
1.796670e+01 
2.907451e+01 
4.497215e+01 
4.497426e+01 
4.497837e+01 
4.498512e+01 
4.499513e+01 
4.500868e+01 
4.502533e+01 
4.504354e+01 
4.506069e+01 
4.507366e+01 
4.507992e+01 
4.507855e+01 
4.507052e+01 
4.505815e+01 
4.504409e+01 
4.503052e+01 
4.501875e+01 
4.500930e+01 
4.500214e+01 
4.499702e+01 
4.209943e+01 
1.721751e+01 
-2.160813e+01 
-3.616950e+01 
-1.764161e+01 
4.336772e+01 

4.858522e+01 
4.528749e+00 
-6.121258e-01 
1.028504e+01 
2.107149e+01 
3.155784e+01 
4.498084e+01 
4.498372e+01 
4.498830e+01 
4.499495e+01 
4.500393e+01 
4.501518e+01 
4.502813e+01 
4.504156e+01 
4.505369e+01 
4.506260e+01 
4.506681e+01 
4.506580e+01 
4.506013e+01 
4.505121e+01 
4.504073e+01 
4.503018e+01 
4.502060e+01 
4.501252e+01 
4.500609e+01 
4.500122e+01 
4.707879e+01 
3.256566e+01 
-1.967856e+01 
-3.587934e+01 
-1.962185e+01 
4.165452e+01 

4.735168e+01 
3.966257e+00 
-3.070278e+00 
2.601199e+00 
1.003319e+01 
2.325534e+01 
4.493488e+01 
4.492694e+01 
4.492033e+01 
4.491725e+01 
4.492101e+01 
4.493546e+01 
4.496283e+01 
4.499988e+01 
4.503525e+01 
4.505319e+01 
4.504397e+01 
4.501205e+01 
4.497297e+01 
4.494205e+01 
4.492593e+01 
4.492297e+01 
4.492821e+01 
4.493708e+01 
4.494672e+01 
4.495568e+01 
2.645421e+01 
-2.205930e+01 
-3.767512e+01 
-3.909638e+01 
-2.117115e+01 
4.042494e+01 

4.657989e+01 
3.391802e+00 
-9.342519e+00 
-1.120907e+01 
-7.355703e+00 
9.129756e+00 
4.485065e+01 
4.482676e+01 
4.480392e+01 
4.478784e+01 
4.478811e+01 
4.481573e+01 
4.487387e+01 
4.494749e+01 
4.500749e+01 
4.502912e+01 
4.500346e+01 
4.493716e+01 
4.485048e+01 
4.477326e+01 
4.473086e+01 
4.472869e+01 
4.475417e+01 
4.479112e+01 
4.482872e+01 
4.486208e+01 
-4.913683e+00 
-4.864250e+01 
-5.477042e+01 
-4.629081e+01 
-2.246921e+01 
3.912145e+01 

4.524435e+01 
2.632848e+00 
-1.341377e+01 
-1.697170e+01 
-1.293340e+01 
7.116615e+00 
4.486130e+01 
4.484780e+01 
4.483784e+01 
4.483543e+01 
4.484534e+01 
4.487055e+01 
4.490812e+01 
4.494741e+01 
4.497420e+01 
4.497793e+01 
4.495569e+01 
4.491209e+01 
4.485750e+01 
4.480554e+01 
4.476890e+01 
4.475427e+01 
4.476030e+01 
4.478041e+01 
4.480725e+01 
4.483543e+01 
-1.753101e+01 
-6.038156e+01 
-6.605301e+01 
-5.759674e+01 
-2.416805e+01 
3.656312e+01 

4.400974e+01 
1.033773e+01 
-9.763168e+00 
-9.092987e+00 
2.212810e+00 
2.711339e+01 
4.495902e+01 
4.495713e+01 
4.495514e+01 
4.495310e+01 
4.495112e+01 
4.494920e+01 
4.494712e+01 
4.494422e+01 
4.493954e+01 
4.493222e+01 
4.492213e+01 
4.491024e+01 
4.489845e+01 
4.488885e+01 
4.488301e+01 
4.488156e+01 
4.488426e+01 
4.489028e+01 
4.489858e+01 
4.490822e+01 
2.767981e-01 
-6.423209e+01 
-7.872260e+01 
-8.417492e+01 
-3.474024e+00 
3.451139e+01 

4.696478e+01 
6.473289e+01 
-8.247957e+01 
-6.027704e+01 
8.816661e+01 
4.836553e+01 
4.499522e+01 
4.498951e+01 
4.498259e+01 
4.497472e+01 
4.496630e+01 
4.495792e+01 
4.495023e+01 
4.494385e+01 
4.493928e+01 
4.493684e+01 
4.493660e+01 
4.493841e+01 
4.494192e+01 
4.494664e+01 
4.495198e+01 
4.495739e+01 
4.496245e+01 
4.496690e+01 
4.497066e+01 
4.497378e+01 
3.418218e+01 
-4.111604e+01 
6.703254e+01 
1.695216e+01 
8.714152e+01 
3.781308e+01 

5.723359e+01 
-7.656879e+01 
-2.712143e+01 
1.328348e+01 
4.745793e+00 
3.889521e+01 
4.498313e+01 
4.498119e+01 
4.497981e+01 
4.497896e+01 
4.497856e+01 
4.497851e+01 
4.497870e+01 
4.497901e+01 
4.497936e+01 
4.497969e+01 
4.497997e+01 
4.498020e+01 
4.498039e+01 
4.498060e+01 
4.498089e+01 
4.498134e+01 
4.498203e+01 
4.498303e+01 
4.498439e+01 
4.498609e+01 
3.948526e+01 
1.583780e+01 
3.959504e+01 
-1.698746e+01 
-7.930786e+01 
4.546851e+01 

