9.489570e+02 
6.711653e+02 
3.067016e+02 
4.157625e+01 
9.897865e+00 
6.864206e+01 
9.993447e+01 
9.994008e+01 
9.994689e+01 
9.995441e+01 
9.996212e+01 
9.996958e+01 
9.997643e+01 
9.998244e+01 
9.998748e+01 
9.999150e+01 
9.999446e+01 
9.999631e+01 
9.999700e+01 
9.999642e+01 
9.999448e+01 
9.999112e+01 
9.998637e+01 
9.998037e+01 
9.997339e+01 
9.996580e+01 
7.554913e+01 
2.889999e+01 
3.749068e+01 
1.070375e+02 
1.125458e+02 
3.718776e+02 

2.678777e+03 
1.486905e+03 
3.435135e+02 
6.238680e+00 
2.079237e+01 
7.426284e+01 
9.994106e+01 
9.993154e+01 
9.991799e+01 
9.990161e+01 
9.988417e+01 
9.986763e+01 
9.985354e+01 
9.984272e+01 
9.983512e+01 
9.983012e+01 
9.982693e+01 
9.982496e+01 
9.982408e+01 
9.982453e+01 
9.982680e+01 
9.983127e+01 
9.983807e+01 
9.984699e+01 
9.985748e+01 
9.986881e+01 
4.549658e+01 
1.444910e+01 
1.214952e+02 
1.666777e+02 
1.653426e+01 
1.222336e+03 

4.291383e+03 
9.367660e+02 
1.244561e+03 
1.565367e+03 
5.041581e+02 
9.183125e+01 
9.995982e+01 
9.995580e+01 
9.994056e+01 
9.991070e+01 
9.986348e+01 
9.979761e+01 
9.971426e+01 
9.961830e+01 
9.951940e+01 
9.943173e+01 
9.937098e+01 
9.934875e+01 
9.936776e+01 
9.942128e+01 
9.949697e+01 
9.958182e+01 
9.966540e+01 
9.974096e+01 
9.980512e+01 
9.985691e+01 
5.254089e+01 
1.540642e+02 
5.082220e+02 
8.561320e+02 
5.884829e+02 
2.493979e+03 

5.958693e+03 
4.390400e+03 
7.630343e+03 
5.963762e+03 
2.228509e+03 
2.455408e+02 
1.000066e+02 
9.992634e+01 
9.980728e+01 
9.965688e+01 
9.949483e+01 
9.934440e+01 
9.921972e+01 
9.911927e+01 
9.902918e+01 
9.893456e+01 
9.883693e+01 
9.876935e+01 
9.878513e+01 
9.891118e+01 
9.911849e+01 
9.934992e+01 
9.956069e+01 
9.973071e+01 
9.985740e+01 
9.994631e+01 
1.154010e+02 
5.796905e+02 
1.441113e+03 
2.242524e+03 
1.981258e+03 
3.284189e+03 

6.858071e+03 
8.963202e+03 
1.204644e+04 
8.505850e+03 
3.177586e+03 
4.224487e+02 
1.003808e+02 
1.003352e+02 
1.002157e+02 
9.999543e+01 
9.968271e+01 
9.934019e+01 
9.904778e+01 
9.884021e+01 
9.869411e+01 
9.856281e+01 
9.842519e+01 
9.833102e+01 
9.838267e+01 
9.861810e+01 
9.895792e+01 
9.929659e+01 
9.957602e+01 
9.978326e+01 
9.992681e+01 
1.000210e+02 
1.395230e+02 
6.158214e+02 
1.494142e+03 
2.466483e+03 
2.561900e+03 
3.557373e+03 

7.174347e+03 
1.122832e+04 
1.399808e+04 
9.482967e+03 
3.052799e+03 
4.268490e+02 
1.004867e+02 
1.004686e+02 
1.004158e+02 
1.003111e+02 
1.001347e+02 
9.987132e+01 
9.952418e+01 
9.912549e+01 
9.873322e+01 
9.841460e+01 
9.823071e+01 
9.821939e+01 
9.837379e+01 
9.864105e+01 
9.895105e+01 
9.924754e+01 
9.949993e+01 
9.969899e+01 
9.984787e+01 
9.995480e+01 
9.073578e+01 
1.896255e+02 
6.495276e+02 
1.675657e+03 
2.346906e+03 
3.631849e+03 

7.262037e+03 
1.314593e+04 
1.688203e+04 
1.229573e+04 
3.940454e+03 
4.960456e+02 
1.005327e+02 
1.004835e+02 
1.003853e+02 
1.002224e+02 
9.998159e+01 
9.965888e+01 
9.926794e+01 
9.884609e+01 
9.845184e+01 
9.815124e+01 
9.799678e+01 
9.800917e+01 
9.817158e+01 
9.843869e+01 
9.875472e+01 
9.907062e+01 
9.935359e+01 
9.958797e+01 
9.977096e+01 
9.990715e+01 
8.684103e+01 
1.035398e+02 
4.125728e+02 
1.493606e+03 
2.452254e+03 
3.714477e+03 

7.304847e+03 
1.613375e+04 
2.225592e+04 
1.814899e+04 
6.766245e+03 
7.323375e+02 
1.007471e+02 
1.007257e+02 
1.006478e+02 
1.004879e+02 
1.002195e+02 
9.982487e+01 
9.931048e+01 
9.872286e+01 
9.815068e+01 
9.770302e+01 
9.747060e+01 
9.748959e+01 
9.773006e+01 
9.811469e+01 
9.855328e+01 
9.897305e+01 
9.933170e+01 
9.961458e+01 
9.982472e+01 
9.997328e+01 
1.126301e+02 
2.137718e+02 
7.699343e+02 
2.152683e+03 
3.067345e+03 
3.857958e+03 

7.319680e+03 
1.928495e+04 
2.826188e+04 
2.472563e+04 
1.102451e+04 
1.083680e+03 
1.010043e+02 
1.010278e+02 
1.009912e+02 
1.008578e+02 
1.005815e+02 
1.001197e+02 
9.945915e+01 
9.865054e+01 
9.782310e+01 
9.715625e+01 
9.680572e+01 
9.683406e+01 
9.718905e+01 
9.773941e+01 
9.834158e+01 
9.889054e+01 
9.933569e+01 
9.966855e+01 
9.990280e+01 
1.000592e+02 
1.509233e+02 
4.085028e+02 
1.316255e+03 
3.003864e+03 
3.771820e+03 
3.987953e+03 

7.310907e+03 
2.240264e+04 
3.455979e+04 
3.107311e+04 
1.666246e+04 
1.582741e+03 
1.012990e+02 
1.013859e+02 
1.014162e+02 
1.013407e+02 
1.010890e+02 
1.005796e+02 
9.975944e+01 
9.866970e+01 
9.749543e+01 
9.651820e+01 
9.599738e+01 
9.603819e+01 
9.655086e+01 
9.732334e+01 
9.813303e+01 
9.883426e+01 
9.937226e+01 
9.975255e+01 
1.000051e+02 
1.001633e+02 
2.053688e+02 
7.228258e+02 
2.083129e+03 
4.057287e+03 
4.560119e+03 
4.104104e+03 

7.283172e+03 
2.523609e+04 
4.073877e+04 
3.645263e+04 
2.296701e+04 
2.245982e+03 
1.016188e+02 
1.017858e+02 
1.019074e+02 
1.019237e+02 
1.017361e+02 
1.012100e+02 
1.002264e+02 
9.880672e+01 
9.719327e+01 
9.581511e+01 
9.507145e+01 
9.512533e+01 
9.583968e+01 
9.688549e+01 
9.794109e+01 
9.881068e+01 
9.944197e+01 
9.986354e+01 
1.001271e+02 
1.002806e+02 
2.784375e+02 
1.180113e+03 
3.049690e+03 
5.291199e+03 
5.417301e+03 
4.206850e+03 

7.240974e+03 
2.751630e+04 
4.638604e+04 
4.070823e+04 
2.886123e+04 
3.050155e+03 
1.019439e+02 
1.022014e+02 
1.024314e+02 
1.025647e+02 
1.024745e+02 
1.019588e+02 
1.008201e+02 
9.903698e+01 
9.692739e+01 
9.508684e+01 
9.408589e+01 
9.415615e+01 
9.509820e+01 
9.645159e+01 
9.777263e+01 
9.881651e+01 
9.953611e+01 
9.999131e+01 
1.002590e+02 
1.004027e+02 
3.692484e+02 
1.763574e+03 
4.111734e+03 
6.637190e+03 
6.316252e+03 
4.297328e+03 

7.188290e+03 
2.900821e+04 
5.111787e+04 
4.412174e+04 
3.362437e+04 
3.911998e+03 
1.022491e+02 
1.025977e+02 
1.029392e+02 
1.031968e+02 
1.032158e+02 
1.027218e+02 
1.014393e+02 
9.929057e+01 
9.668709e+01 
9.438046e+01 
9.312495e+01 
9.321600e+01 
9.438520e+01 
9.604669e+01 
9.762691e+01 
9.883773e+01 
9.963727e+01 
1.001195e+02 
1.003870e+02 
1.005184e+02 
4.711657e+02 
2.394790e+03 
5.099152e+03 
7.977084e+03 
7.215760e+03 
4.377174e+03 

7.128269e+03 
2.956351e+04 
5.455975e+04 
4.705507e+04 
3.714038e+04 
4.690645e+03 
1.025072e+02 
1.029358e+02 
1.033760e+02 
1.037435e+02 
1.038567e+02 
1.033793e+02 
1.019619e+02 
9.949390e+01 
9.645619e+01 
9.375268e+01 
9.228392e+01 
9.239540e+01 
9.376621e+01 
9.569309e+01 
9.750020e+01 
9.885570e+01 
9.972442e+01 
1.002292e+02 
1.004954e+02 
1.006153e+02 
5.707141e+02 
2.953795e+03 
5.852745e+03 
9.161088e+03 
8.060637e+03 
4.448272e+03 

7.063007e+03 
2.915364e+04 
5.631451e+04 
4.967522e+04 
3.951048e+04 
5.224932e+03 
1.026933e+02 
1.031804e+02 
1.036923e+02 
1.041376e+02 
1.043128e+02 
1.038373e+02 
1.023084e+02 
9.960096e+01 
9.624744e+01 
9.326451e+01 
9.164791e+01 
9.177790e+01 
9.329543e+01 
9.541528e+01 
9.739114e+01 
9.885617e+01 
9.977962e+01 
1.003035e+02 
1.005702e+02 
1.006825e+02 
6.495861e+02 
3.337834e+03 
6.295672e+03 
1.004457e+04 
8.785159e+03 
4.512483e+03 

6.993409e+03 
2.787023e+04 
5.598867e+04 
5.177737e+04 
4.059399e+04 
5.393063e+03 
1.027884e+02 
1.033051e+02 
1.038525e+02 
1.043345e+02 
1.045347e+02 
1.040500e+02 
1.024532e+02 
9.961400e+01 
9.609696e+01 
9.297130e+01 
9.128087e+01 
9.142103e+01 
9.301343e+01 
9.523584e+01 
9.730457e+01 
9.883373e+01 
9.979236e+01 
1.003311e+02 
1.006014e+02 
1.007120e+02 
6.900730e+02 
3.501497e+03 
6.435908e+03 
1.052521e+04 
9.320628e+03 
4.571384e+03 

6.919132e+03 
2.589514e+04 
5.333052e+04 
5.266339e+04 
3.983605e+04 
5.162071e+03 
1.027827e+02 
1.032964e+02 
1.038390e+02 
1.043138e+02 
1.045040e+02 
1.040072e+02 
1.023990e+02 
9.955239e+01 
9.603281e+01 
9.290703e+01 
9.121522e+01 
9.135244e+01 
9.294387e+01 
9.517051e+01 
9.724893e+01 
9.879020e+01 
9.976016e+01 
1.003079e+02 
1.005847e+02 
1.007000e+02 
6.817420e+02 
3.446355e+03 
6.318704e+03 
1.056119e+04 
9.606544e+03 
4.626047e+03 

6.838648e+03 
2.345458e+04 
4.844159e+04 
5.121464e+04 
3.655780e+04 
4.598789e+03 
1.026769e+02 
1.031552e+02 
1.036532e+02 
1.040777e+02 
1.042237e+02 
1.037127e+02 
1.021496e+02 
9.941902e+01 
9.605689e+01 
9.307265e+01 
9.145275e+01 
9.157621e+01 
9.309278e+01 
9.522668e+01 
9.723130e+01 
9.873130e+01 
9.968714e+01 
1.002366e+02 
1.005220e+02 
1.006476e+02 
6.258402e+02 
3.190945e+03 
5.983034e+03 
1.016692e+04 
9.603115e+03 
4.676875e+03 

6.749396e+03 
2.077432e+04 
4.189595e+04 
4.648752e+04 
3.073238e+04 
3.837624e+03 
1.024815e+02 
1.028964e+02 
1.033153e+02 
1.036507e+02 
1.037186e+02 
1.031856e+02 
1.017131e+02 
9.920560e+01 
9.615017e+01 
9.344265e+01 
9.197015e+01 
9.207607e+01 
9.345145e+01 
9.540400e+01 
9.725701e+01 
9.866583e+01 
9.958324e+01 
1.001263e+02 
1.004207e+02 
1.005608e+02 
5.349762e+02 
2.758823e+03 
5.446758e+03 
9.398344e+03 
9.301253e+03 
4.723502e+03 

6.648072e+03 
1.804786e+04 
3.460567e+04 
3.872899e+04 
2.351488e+04 
3.025864e+03 
1.022162e+02 
1.025476e+02 
1.028628e+02 
1.030813e+02 
1.030448e+02 
1.024824e+02 
1.011301e+02 
9.892887e+01 
9.629778e+01 
9.398258e+01 
9.272375e+01 
9.281418e+01 
9.399652e+01 
9.569448e+01 
9.733220e+01 
9.860685e+01 
9.946401e+01 
9.999174e+01 
1.002930e+02 
1.004489e+02 
4.281932e+02 
2.192310e+03 
4.718893e+03 
8.339837e+03 
8.726222e+03 
4.764761e+03 

6.531011e+03 
1.542087e+04 
2.748856e+04 
2.963648e+04 
1.659159e+04 
2.277492e+03 
1.019062e+02 
1.021449e+02 
1.023467e+02 
1.024385e+02 
1.022907e+02 
1.017038e+02 
1.004918e+02 
9.865005e+01 
9.650632e+01 
9.465223e+01 
9.364812e+01 
9.372313e+01 
9.468533e+01 
9.608111e+01 
9.746222e+01 
9.857097e+01 
9.934888e+01 
9.985080e+01 
1.001540e+02 
1.003238e+02 
3.240302e+02 
1.570873e+03 
3.829663e+03 
7.095318e+03 
7.933074e+03 
4.798730e+03 

6.394660e+03 
1.298918e+04 
2.118293e+04 
2.119499e+04 
1.105619e+04 
1.654435e+03 
1.015789e+02 
1.017272e+02 
1.018214e+02 
1.017984e+02 
1.015580e+02 
1.009676e+02 
9.991774e+01 
9.844253e+01 
9.679364e+01 
9.539895e+01 
9.465159e+01 
9.471277e+01 
9.544971e+01 
9.653619e+01 
9.764584e+01 
9.857306e+01 
9.925666e+01 
9.972130e+01 
1.000185e+02 
1.001974e+02 
2.351522e+02 
9.988296e+02 
2.858698e+03 
5.778634e+03 
6.995301e+03 
4.822845e+03 

6.236068e+03 
1.080545e+04 
1.596918e+04 
1.449472e+04 
7.117563e+03 
1.172800e+03 
1.012591e+02 
1.013287e+02 
1.013344e+02 
1.012251e+02 
1.009294e+02 
1.003681e+02 
9.949445e+01 
9.835893e+01 
9.715292e+01 
9.615882e+01 
9.563351e+01 
9.568118e+01 
9.621365e+01 
9.701943e+01 
9.787217e+01 
9.861930e+01 
9.920011e+01 
9.961693e+01 
9.989903e+01 
1.000803e+02 
1.667324e+02 
5.574484e+02 
1.929551e+03 
4.499201e+03 
5.990727e+03 
4.834094e+03 

6.053344e+03 
8.889330e+03 
1.185501e+04 
9.658529e+03 
4.495913e+03 
8.201299e+02 
1.009662e+02 
1.009745e+02 
1.009172e+02 
1.007563e+02 
1.004459e+02 
9.994514e+01 
9.924499e+01 
9.840159e+01 
9.754853e+01 
9.686663e+01 
9.651106e+01 
9.654405e+01 
9.691380e+01 
9.748850e+01 
9.812187e+01 
9.870479e+01 
9.918272e+01 
9.954470e+01 
9.980342e+01 
9.997964e+01 
1.180959e+02 
2.694508e+02 
1.159772e+03 
3.345319e+03 
4.989157e+03 
4.829273e+03 

5.845988e+03 
7.237850e+03 
8.703979e+03 
6.342444e+03 
2.810151e+03 
5.717769e+02 
1.007119e+02 
1.006778e+02 
1.005830e+02 
1.004018e+02 
1.001080e+02 
9.968515e+01 
9.914243e+01 
9.852959e+01 
9.793789e+01 
9.747777e+01 
9.724029e+01 
9.726167e+01 
9.751191e+01 
9.791304e+01 
9.837315e+01 
9.881697e+01 
9.919969e+01 
9.950482e+01 
9.973442e+01 
9.989935e+01 
8.556672e+01 
1.092447e+02 
6.080752e+02 
2.372266e+03 
4.044654e+03 
4.805298e+03 

5.615050e+03 
5.834249e+03 
6.333549e+03 
4.123575e+03 
1.743968e+03 
4.015717e+02 
1.005009e+02 
1.004414e+02 
1.003299e+02 
1.001508e+02 
9.989130e+01 
9.954834e+01 
9.913724e+01 
9.869720e+01 
9.828837e+01 
9.797787e+01 
9.781873e+01 
9.783188e+01 
9.800036e+01 
9.827830e+01 
9.860884e+01 
9.894142e+01 
9.924166e+01 
9.949260e+01 
9.969061e+01 
9.983991e+01 
6.480587e+01 
3.479950e+01 
2.657156e+02 
1.600334e+03 
3.192986e+03 
4.759532e+03 

5.447503e+03 
5.240181e+03 
5.659258e+03 
3.706889e+03 
1.648067e+03 
3.902990e+02 
1.005069e+02 
1.004674e+02 
1.003802e+02 
1.002273e+02 
9.999228e+01 
9.966989e+01 
9.927763e+01 
9.886310e+01 
9.849528e+01 
9.824080e+01 
9.814209e+01 
9.820739e+01 
9.840846e+01 
9.868900e+01 
9.898778e+01 
9.926104e+01 
9.948873e+01 
9.966795e+01 
9.980406e+01 
9.990483e+01 
7.033736e+01 
9.682138e+01 
4.309033e+02 
1.520160e+03 
2.744797e+03 
4.701259e+03 

5.191019e+03 
4.982328e+03 
5.601199e+03 
3.912113e+03 
1.917390e+03 
4.425478e+02 
1.005569e+02 
1.005183e+02 
1.004184e+02 
1.002337e+02 
9.995070e+01 
9.958575e+01 
9.919759e+01 
9.885992e+01 
9.860861e+01 
9.843416e+01 
9.832649e+01 
9.830742e+01 
9.841733e+01 
9.866764e+01 
9.900504e+01 
9.933988e+01 
9.960870e+01 
9.979651e+01 
9.991708e+01 
9.999068e+01 
1.213961e+02 
5.311366e+02 
1.197640e+03 
1.953816e+03 
2.361359e+03 
4.521627e+03 

4.561981e+03 
3.666430e+03 
3.892803e+03 
2.600832e+03 
1.244147e+03 
3.051369e+02 
1.003493e+02 
1.002875e+02 
1.001780e+02 
1.000131e+02 
9.979597e+01 
9.954738e+01 
9.930291e+01 
9.909628e+01 
9.894251e+01 
9.883941e+01 
9.878346e+01 
9.878073e+01 
9.884348e+01 
9.897640e+01 
9.916398e+01 
9.937215e+01 
9.956474e+01 
9.971943e+01 
9.983096e+01 
9.990493e+01 
1.181715e+02 
7.179400e+02 
1.558364e+03 
1.893161e+03 
1.363252e+03 
3.974982e+03 

3.444860e+03 
1.457828e+03 
1.144649e+03 
6.220953e+02 
2.746709e+02 
1.284162e+02 
1.000699e+02 
1.000227e+02 
9.995781e+01 
9.987520e+01 
9.977747e+01 
9.967085e+01 
9.956529e+01 
9.947318e+01 
9.940661e+01 
9.937409e+01 
9.937814e+01 
9.941498e+01 
9.947607e+01 
9.955063e+01 
9.962814e+01 
9.970026e+01 
9.976175e+01 
9.981044e+01 
9.984647e+01 
9.987143e+01 
6.084048e+01 
3.046091e+02 
8.745855e+02 
8.885931e+02 
2.128477e+02 
2.866375e+03 

1.958136e+03 
4.891240e+02 
8.637762e+01 
3.656501e+01 
1.714574e+01 
5.890365e+01 
9.988163e+01 
9.986433e+01 
9.984796e+01 
9.983378e+01 
9.982289e+01 
9.981593e+01 
9.981299e+01 
9.981361e+01 
9.981694e+01 
9.982210e+01 
9.982845e+01 
9.983572e+01 
9.984396e+01 
9.985333e+01 
9.986385e+01 
9.987516e+01 
9.988658e+01 
9.989723e+01 
9.990629e+01 
9.991317e+01 
5.889056e+01 
1.677555e+01 
1.052563e+02 
2.368584e+02 
3.325725e+02 
1.605374e+03 

7.111203e+02 
4.501949e+02 
2.442684e+02 
4.717623e+01 
4.985982e+00 
6.534745e+01 
9.993670e+01 
9.994590e+01 
9.995531e+01 
9.996437e+01 
9.997261e+01 
9.997970e+01 
9.998544e+01 
9.998977e+01 
9.999271e+01 
9.999433e+01 
9.999472e+01 
9.999391e+01 
9.999194e+01 
9.998884e+01 
9.998466e+01 
9.997951e+01 
9.997361e+01 
9.996724e+01 
9.996081e+01 
9.995472e+01 
7.367137e+01 
1.785747e+01 
1.043861e+01 
1.170025e+02 
2.710683e+02 
5.612941e+02 

