7.332689e+02 
1.679092e+03 
3.189359e+03 
4.658868e+03 
5.283479e+03 
5.442211e+03 
5.469416e+03 
5.486718e+03 
5.483817e+03 
5.464927e+03 
5.434626e+03 
5.397344e+03 
5.356929e+03 
5.316358e+03 
5.277615e+03 
5.241689e+03 
5.208637e+03 
5.177639e+03 
5.147012e+03 
5.114221e+03 
5.075946e+03 
5.028289e+03 
4.967161e+03 
4.888805e+03 
4.790350e+03 
4.670268e+03 
4.582922e+03 
4.440556e+03 
4.019679e+03 
3.101641e+03 
1.800660e+03 
7.368953e+02 

4.590790e+02 
1.055765e+03 
7.577699e+01 
3.161813e+03 
6.701445e+03 
8.779049e+03 
1.032445e+04 
1.237792e+04 
1.443878e+04 
1.637968e+04 
1.806382e+04 
1.936788e+04 
2.020421e+04 
2.053398e+04 
2.036705e+04 
1.975127e+04 
1.875793e+04 
1.746935e+04 
1.597078e+04 
1.434539e+04 
1.267046e+04 
1.101354e+04 
9.429004e+03 
7.956083e+03 
6.618916e+03 
5.428511e+03 
4.835280e+03 
4.338098e+03 
2.861698e+03 
9.175534e+02 
3.804344e+02 
4.910512e+02 

4.318081e+02 
3.965262e+03 
3.232139e+03 
3.892546e+03 
7.081288e+03 
9.721386e+03 
1.249827e+04 
1.663737e+04 
2.156026e+04 
2.717040e+04 
3.321648e+04 
3.925775e+04 
4.466419e+04 
4.867803e+04 
5.056301e+04 
4.983884e+04 
4.651639e+04 
4.116887e+04 
3.473622e+04 
2.817179e+04 
2.216409e+04 
1.705782e+04 
1.292573e+04 
9.684662e+03 
7.189281e+03 
5.287198e+03 
4.467061e+03 
3.901588e+03 
2.276889e+03 
3.657462e+02 
2.950325e+02 
4.273068e+02 

7.429268e+01 
1.880853e+03 
3.434846e+03 
3.272213e+03 
4.057290e+03 
5.512413e+03 
8.087680e+03 
1.238942e+04 
1.778641e+04 
2.391532e+04 
3.018385e+04 
3.602928e+04 
4.114305e+04 
4.544830e+04 
4.885140e+04 
5.093221e+04 
5.078794e+04 
4.738038e+04 
4.054730e+04 
3.170877e+04 
2.301103e+04 
1.587759e+04 
1.063731e+04 
7.005576e+03 
4.553484e+03 
2.913000e+03 
2.311184e+03 
2.007542e+03 
1.025269e+03 
7.572162e+01 
2.727228e+02 
1.413188e+02 

7.678012e+00 
1.559702e+02 
7.891288e+02 
1.301813e+03 
1.378994e+03 
1.586258e+03 
2.510931e+03 
4.641340e+03 
8.095307e+03 
1.312800e+04 
1.942242e+04 
2.596905e+04 
3.170479e+04 
3.621062e+04 
3.954236e+04 
4.152737e+04 
4.126520e+04 
3.749151e+04 
3.019235e+04 
2.155004e+04 
1.407743e+04 
8.748077e+03 
5.309115e+03 
3.183227e+03 
1.887667e+03 
1.100979e+03 
8.603401e+02 
7.862443e+02 
3.705576e+02 
1.565963e+01 
4.631929e+01 
7.967734e+00 

6.700354e+01 
2.746765e+01 
8.750438e+00 
7.626230e+01 
1.902933e+02 
2.712443e+02 
3.772009e+02 
6.024422e+02 
9.794812e+02 
1.595082e+03 
2.552917e+03 
3.926155e+03 
5.658473e+03 
7.462086e+03 
8.841896e+03 
9.317618e+03 
8.712979e+03 
7.276578e+03 
5.514240e+03 
3.879031e+03 
2.594777e+03 
1.685361e+03 
1.080386e+03 
6.921485e+02 
4.477691e+02 
2.953426e+02 
2.451198e+02 
2.217732e+02 
1.253254e+02 
4.654304e+01 
2.725989e+01 
5.934392e+01 

9.993666e+01 
9.981850e+01 
9.961323e+01 
9.957664e+01 
1.000160e+02 
1.002596e+02 
1.003732e+02 
1.006050e+02 
1.009096e+02 
1.012965e+02 
1.017657e+02 
1.023001e+02 
1.028591e+02 
1.033783e+02 
1.037796e+02 
1.039914e+02 
1.039726e+02 
1.037265e+02 
1.033004e+02 
1.027680e+02 
1.022063e+02 
1.016769e+02 
1.012168e+02 
1.008403e+02 
1.005458e+02 
1.003230e+02 
1.002558e+02 
1.002127e+02 
1.000165e+02 
9.982916e+01 
9.979069e+01 
9.992615e+01 

9.994020e+01 
9.981893e+01 
9.957913e+01 
9.942492e+01 
9.986046e+01 
1.001366e+02 
1.002240e+02 
1.004526e+02 
1.007694e+02 
1.011930e+02 
1.017333e+02 
1.023791e+02 
1.030848e+02 
1.037638e+02 
1.043016e+02 
1.045880e+02 
1.045576e+02 
1.042172e+02 
1.036425e+02 
1.029473e+02 
1.022429e+02 
1.016091e+02 
1.010854e+02 
1.006788e+02 
1.003773e+02 
1.001616e+02 
1.001112e+02 
1.000709e+02 
9.988770e+01 
9.975789e+01 
9.977776e+01 
9.993556e+01 

9.994464e+01 
9.981728e+01 
9.954501e+01 
9.926476e+01 
9.964525e+01 
9.996736e+01 
1.000144e+02 
1.002178e+02 
1.005194e+02 
1.009491e+02 
1.015311e+02 
1.022672e+02 
1.031128e+02 
1.039606e+02 
1.046507e+02 
1.050200e+02 
1.049716e+02 
1.045179e+02 
1.037750e+02 
1.029097e+02 
1.020737e+02 
1.013614e+02 
1.008073e+02 
1.004035e+02 
1.001238e+02 
9.993810e+01 
9.991312e+01 
9.987293e+01 
9.972137e+01 
9.967657e+01 
9.976637e+01 
9.994485e+01 

9.994977e+01 
9.981316e+01 
9.951118e+01 
9.911696e+01 
9.937916e+01 
9.974913e+01 
9.974277e+01 
9.989267e+01 
1.001404e+02 
1.005253e+02 
1.010873e+02 
1.018463e+02 
1.027668e+02 
1.037247e+02 
1.045209e+02 
1.049467e+02 
1.048741e+02 
1.043241e+02 
1.034551e+02 
1.024803e+02 
1.015829e+02 
1.008645e+02 
1.003447e+02 
9.999658e+01 
9.977840e+01 
9.965153e+01 
9.966019e+01 
9.961787e+01 
9.952308e+01 
9.958823e+01 
9.975700e+01 
9.995364e+01 

9.995535e+01 
9.980657e+01 
9.947744e+01 
9.899692e+01 
9.909711e+01 
9.948500e+01 
9.941676e+01 
9.948270e+01 
9.963099e+01 
9.990476e+01 
1.003543e+02 
1.010159e+02 
1.018665e+02 
1.027902e+02 
1.035749e+02 
1.039847e+02 
1.038853e+02 
1.033073e+02 
1.024290e+02 
1.014907e+02 
1.006783e+02 
1.000759e+02 
9.968414e+01 
9.945840e+01 
9.934750e+01 
9.931007e+01 
9.935928e+01 
9.931829e+01 
9.930838e+01 
9.949774e+01 
9.975003e+01 
9.996162e+01 

9.996109e+01 
9.979798e+01 
9.944288e+01 
9.890819e+01 
9.884523e+01 
9.918649e+01 
9.905459e+01 
9.901022e+01 
9.901686e+01 
9.911284e+01 
9.934872e+01 
9.976684e+01 
1.003662e+02 
1.010505e+02 
1.016360e+02 
1.019281e+02 
1.018064e+02 
1.013095e+02 
1.006112e+02 
9.991238e+01 
9.936355e+01 
9.901967e+01 
9.885500e+01 
9.881691e+01 
9.885478e+01 
9.893277e+01 
9.902744e+01 
9.900321e+01 
9.910093e+01 
9.941143e+01 
9.974564e+01 
9.996853e+01 

9.996671e+01 
9.978825e+01 
9.940589e+01 
9.884518e+01 
9.865063e+01 
9.887414e+01 
9.868459e+01 
9.851459e+01 
9.835266e+01 
9.822533e+01 
9.817306e+01 
9.823970e+01 
9.843971e+01 
9.872816e+01 
9.899065e+01 
9.908788e+01 
9.895270e+01 
9.862769e+01 
9.823896e+01 
9.793264e+01 
9.778785e+01 
9.780393e+01 
9.793605e+01 
9.812851e+01 
9.834066e+01 
9.854864e+01 
9.869158e+01 
9.871117e+01 
9.892317e+01 
9.933600e+01 
9.974384e+01 
9.997421e+01 

9.997195e+01 
9.977839e+01 
9.936474e+01 
9.879838e+01 
9.851059e+01 
9.857529e+01 
9.834146e+01 
9.804658e+01 
9.771323e+01 
9.735373e+01 
9.699599e+01 
9.668168e+01 
9.644843e+01 
9.629968e+01 
9.619547e+01 
9.608484e+01 
9.594528e+01 
9.581853e+01 
9.578746e+01 
9.591231e+01 
9.619893e+01 
9.659807e+01 
9.703970e+01 
9.746887e+01 
9.785659e+01 
9.819297e+01 
9.838460e+01 
9.847283e+01 
9.878604e+01 
9.927699e+01 
9.974444e+01 
9.997855e+01 

9.997661e+01 
9.976935e+01 
9.931884e+01 
9.875709e+01 
9.840512e+01 
9.831965e+01 
9.806064e+01 
9.765884e+01 
9.717718e+01 
9.661565e+01 
9.599266e+01 
9.535062e+01 
9.474773e+01 
9.423531e+01 
9.383788e+01 
9.356108e+01 
9.342071e+01 
9.345749e+01 
9.371419e+01 
9.419639e+01 
9.484858e+01 
9.557444e+01 
9.628284e+01 
9.691670e+01 
9.745565e+01 
9.790162e+01 
9.813913e+01 
9.829876e+01 
9.868776e+01 
9.923748e+01 
9.974714e+01 
9.998153e+01 

9.998049e+01 
9.976175e+01 
9.927041e+01 
9.871119e+01 
9.831325e+01 
9.813487e+01 
9.787209e+01 
9.739601e+01 
9.681035e+01 
9.610637e+01 
9.529625e+01 
9.442418e+01 
9.356398e+01 
9.279837e+01 
9.219499e+01 
9.180271e+01 
9.166207e+01 
9.181248e+01 
9.227127e+01 
9.300215e+01 
9.390842e+01 
9.486336e+01 
9.575974e+01 
9.653781e+01 
9.718278e+01 
9.770494e+01 
9.798110e+01 
9.818517e+01 
9.862176e+01 
9.921795e+01 
9.975155e+01 
9.998314e+01 

9.998347e+01 
9.975590e+01 
9.922589e+01 
9.865566e+01 
9.822787e+01 
9.804282e+01 
9.779519e+01 
9.728692e+01 
9.665482e+01 
9.588466e+01 
9.498319e+01 
9.399217e+01 
9.299072e+01 
9.207852e+01 
9.135100e+01 
9.088663e+01 
9.074486e+01 
9.096484e+01 
9.154500e+01 
9.242018e+01 
9.346658e+01 
9.454055e+01 
9.552914e+01 
9.637461e+01 
9.706727e+01 
9.762274e+01 
9.792556e+01 
9.812851e+01 
9.858449e+01 
9.921709e+01 
9.975725e+01 
9.998344e+01 

9.998542e+01 
9.975185e+01 
9.919527e+01 
9.859990e+01 
9.817017e+01 
9.805559e+01 
9.783572e+01 
9.734040e+01 
9.672382e+01 
9.596984e+01 
9.508022e+01 
9.408897e+01 
9.306877e+01 
9.212130e+01 
9.135361e+01 
9.086103e+01 
9.071786e+01 
9.096388e+01 
9.158319e+01 
9.249371e+01 
9.355954e+01 
9.463438e+01 
9.561158e+01 
9.644118e+01 
9.711854e+01 
9.766126e+01 
9.797504e+01 
9.813369e+01 
9.857804e+01 
9.923293e+01 
9.976378e+01 
9.998247e+01 

9.998626e+01 
9.974954e+01 
9.918851e+01 
9.857473e+01 
9.818829e+01 
9.817145e+01 
9.798516e+01 
9.754419e+01 
9.700056e+01 
9.634090e+01 
9.556546e+01 
9.469993e+01 
9.380283e+01 
9.295698e+01 
9.225733e+01 
9.179952e+01 
9.165667e+01 
9.186875e+01 
9.242207e+01 
9.323336e+01 
9.417723e+01 
9.512615e+01 
9.598800e+01 
9.672186e+01 
9.732499e+01 
9.781233e+01 
9.811956e+01 
9.821239e+01 
9.860878e+01 
9.926340e+01 
9.977068e+01 
9.998032e+01 

9.998589e+01 
9.974892e+01 
9.921087e+01 
9.861945e+01 
9.832093e+01 
9.837340e+01 
9.822233e+01 
9.786720e+01 
9.744021e+01 
9.693578e+01 
9.635844e+01 
9.573008e+01 
9.508899e+01 
9.448965e+01 
9.398937e+01 
9.364138e+01 
9.350301e+01 
9.361453e+01 
9.397576e+01 
9.454382e+01 
9.523101e+01 
9.593904e+01 
9.659826e+01 
9.717276e+01 
9.765595e+01 
9.805497e+01 
9.833820e+01 
9.837330e+01 
9.868408e+01 
9.930633e+01 
9.977752e+01 
9.997711e+01 

9.998426e+01 
9.974996e+01 
9.926055e+01 
9.874929e+01 
9.855792e+01 
9.863278e+01 
9.851738e+01 
9.826514e+01 
9.797737e+01 
9.765863e+01 
9.732173e+01 
9.698657e+01 
9.667671e+01 
9.640327e+01 
9.616833e+01 
9.597999e+01 
9.585476e+01 
9.582867e+01 
9.593753e+01 
9.618229e+01 
9.653238e+01 
9.693773e+01 
9.734717e+01 
9.772856e+01 
9.806701e+01 
9.835917e+01 
9.860296e+01 
9.860862e+01 
9.880725e+01 
9.935906e+01 
9.978390e+01 
9.997296e+01 

9.998133e+01 
9.975270e+01 
9.933033e+01 
9.894136e+01 
9.884917e+01 
9.891666e+01 
9.883725e+01 
9.868927e+01 
9.853962e+01 
9.840124e+01 
9.829273e+01 
9.823299e+01 
9.822724e+01 
9.825760e+01 
9.827995e+01 
9.824572e+01 
9.814142e+01 
9.799639e+01 
9.786705e+01 
9.780865e+01 
9.784298e+01 
9.795771e+01 
9.812499e+01 
9.831569e+01 
9.850861e+01 
9.869130e+01 
9.888447e+01 
9.888764e+01 
9.897194e+01 
9.941835e+01 
9.978955e+01 
9.996804e+01 

9.997712e+01 
9.975717e+01 
9.941103e+01 
9.915569e+01 
9.914225e+01 
9.919553e+01 
9.915147e+01 
9.909580e+01 
9.906365e+01 
9.907141e+01 
9.913768e+01 
9.927531e+01 
9.947708e+01 
9.970237e+01 
9.988333e+01 
9.995190e+01 
9.987298e+01 
9.966730e+01 
9.940028e+01 
9.914645e+01 
9.895955e+01 
9.885902e+01 
9.883584e+01 
9.886857e+01 
9.893554e+01 
9.901997e+01 
9.915752e+01 
9.916829e+01 
9.916010e+01 
9.948050e+01 
9.979430e+01 
9.996255e+01 

9.997168e+01 
9.976331e+01 
9.949445e+01 
9.935994e+01 
9.940380e+01 
9.944808e+01 
9.943666e+01 
9.945313e+01 
9.950721e+01 
9.961381e+01 
9.978636e+01 
1.000288e+02 
1.003241e+02 
1.006268e+02 
1.008680e+02 
1.009793e+02 
1.009238e+02 
1.007144e+02 
1.004077e+02 
1.000774e+02 
9.978505e+01 
9.956379e+01 
9.941972e+01 
9.934215e+01 
9.931447e+01 
9.932070e+01 
9.940431e+01 
9.941742e+01 
9.934776e+01 
9.954202e+01 
9.979817e+01 
9.995671e+01 

9.996515e+01 
9.977098e+01 
9.957457e+01 
9.953702e+01 
9.961981e+01 
9.966236e+01 
9.967858e+01 
9.974460e+01 
9.985242e+01 
1.000127e+02 
1.002321e+02 
1.005065e+02 
1.008141e+02 
1.011124e+02 
1.013444e+02 
1.014565e+02 
1.014192e+02 
1.012398e+02 
1.009594e+02 
1.006362e+02 
1.003241e+02 
1.000594e+02 
9.985695e+01 
9.971600e+01 
9.962709e+01 
9.957820e+01 
9.961500e+01 
9.962050e+01 
9.951528e+01 
9.960013e+01 
9.980128e+01 
9.995072e+01 

9.995774e+01 
9.977993e+01 
9.964765e+01 
9.968149e+01 
9.978871e+01 
9.983454e+01 
9.987183e+01 
9.996683e+01 
1.001012e+02 
1.002808e+02 
1.005067e+02 
1.007701e+02 
1.010493e+02 
1.013088e+02 
1.015061e+02 
1.016028e+02 
1.015778e+02 
1.014351e+02 
1.012028e+02 
1.009223e+02 
1.006355e+02 
1.003747e+02 
1.001578e+02 
9.999025e+01 
9.986879e+01 
9.978619e+01 
9.978638e+01 
9.977746e+01 
9.965316e+01 
9.965308e+01 
9.980384e+01 
9.994481e+01 

7.050385e+01 
2.130161e+01 
1.170101e+01 
4.160827e+01 
6.411209e+01 
6.077798e+01 
8.422733e+01 
1.232768e+02 
1.892854e+02 
2.978829e+02 
4.690233e+02 
7.210870e+02 
1.055827e+03 
1.436338e+03 
1.776244e+03 
1.965983e+03 
1.932464e+03 
1.686352e+03 
1.315685e+03 
9.314385e+02 
6.111721e+02 
3.808978e+02 
2.312788e+02 
1.404911e+02 
8.787972e+01 
5.835977e+01 
4.682891e+01 
5.042237e+01 
3.569384e+01 
1.126400e+01 
2.470414e+01 
6.742387e+01 

3.722276e+01 
1.480671e+02 
2.226230e+02 
3.409187e+02 
3.207873e+02 
1.063162e+02 
1.234120e+02 
3.054932e+02 
6.527349e+02 
1.258185e+03 
2.218651e+03 
3.560978e+03 
5.133558e+03 
6.598210e+03 
7.622002e+03 
8.061773e+03 
7.927435e+03 
7.257443e+03 
6.101181e+03 
4.612748e+03 
3.089956e+03 
1.829556e+03 
9.586872e+02 
4.380533e+02 
1.642966e+02 
4.190301e+01 
4.090242e+01 
2.003101e+02 
3.235660e+02 
2.952289e+02 
1.434981e+02 
1.723073e+01 

1.535602e+02 
7.012691e+02 
6.035814e+02 
8.763683e+02 
9.710890e+02 
6.174834e+02 
6.771267e+02 
1.267953e+03 
2.174139e+03 
3.476749e+03 
5.201931e+03 
7.246282e+03 
9.337753e+03 
1.111549e+04 
1.229898e+04 
1.278485e+04 
1.259879e+04 
1.180269e+04 
1.046408e+04 
8.698225e+03 
6.714024e+03 
4.783203e+03 
3.136908e+03 
1.885989e+03 
1.024888e+03 
4.850305e+02 
4.111646e+02 
6.270435e+02 
7.029306e+02 
8.393705e+02 
1.042958e+03 
1.281523e+02 

3.328952e+02 
7.470642e+02 
6.425998e+02 
1.551704e+03 
2.188419e+03 
2.109628e+03 
2.354845e+03 
3.319531e+03 
4.556338e+03 
6.095232e+03 
7.933702e+03 
1.000996e+04 
1.217842e+04 
1.420537e+04 
1.580376e+04 
1.670801e+04 
1.675957e+04 
1.595889e+04 
1.445821e+04 
1.250478e+04 
1.036644e+04 
8.270509e+03 
6.372190e+03 
4.752002e+03 
3.431430e+03 
2.394494e+03 
1.953471e+03 
1.733015e+03 
1.095380e+03 
5.835953e+02 
1.526584e+03 
4.697668e+02 

1.626094e+02 
5.752069e+01 
3.845874e+02 
1.835329e+03 
2.906266e+03 
3.099088e+03 
3.377955e+03 
4.130825e+03 
4.953418e+03 
5.827622e+03 
6.726460e+03 
7.614517e+03 
8.449919e+03 
9.187576e+03 
9.782932e+03 
1.019554e+04 
1.039236e+04 
1.035116e+04 
1.006440e+04 
9.542940e+03 
8.817549e+03 
7.936559e+03 
6.959160e+03 
5.946295e+03 
4.952170e+03 
4.018812e+03 
3.455571e+03 
2.828439e+03 
1.492240e+03 
1.143501e+02 
4.941763e+02 
3.904453e+02 

4.189936e+02 
1.245359e+03 
2.508476e+03 
3.331775e+03 
3.585180e+03 
3.606528e+03 
3.640172e+03 
3.727347e+03 
3.799872e+03 
3.859012e+03 
3.906841e+03 
3.945941e+03 
3.979044e+03 
4.008708e+03 
4.037079e+03 
4.065754e+03 
4.095716e+03 
4.127299e+03 
4.160142e+03 
4.193126e+03 
4.224330e+03 
4.251065e+03 
4.270024e+03 
4.277571e+03 
4.270143e+03 
4.244687e+03 
4.211293e+03 
4.087251e+03 
3.657442e+03 
2.662768e+03 
1.452981e+03 
5.845706e+02 

