5.602818e+01 
-8.907972e+01 
-4.792449e+01 
-2.974134e+01 
7.155076e+01 
4.551729e+01 
4.499482e+01 
4.499150e+01 
4.498851e+01 
4.498594e+01 
4.498385e+01 
4.498223e+01 
4.498101e+01 
4.498010e+01 
4.497941e+01 
4.497884e+01 
4.497832e+01 
4.497780e+01 
4.497728e+01 
4.497678e+01 
4.497636e+01 
4.497612e+01 
4.497616e+01 
4.497661e+01 
4.497755e+01 
4.497902e+01 
3.651967e+01 
-7.420921e+00 
6.203268e+01 
6.841251e+00 
-6.358725e+01 
3.802560e+01 

5.247631e+01 
7.494053e+01 
-4.311521e+01 
-3.214732e-01 
4.680791e+01 
4.408640e+01 
4.499442e+01 
4.499298e+01 
4.499055e+01 
4.498669e+01 
4.498114e+01 
4.497395e+01 
4.496557e+01 
4.495673e+01 
4.494832e+01 
4.494122e+01 
4.493609e+01 
4.493333e+01 
4.493304e+01 
4.493504e+01 
4.493891e+01 
4.494410e+01 
4.495002e+01 
4.495614e+01 
4.496202e+01 
4.496739e+01 
3.387944e+01 
8.587229e+01 
4.976901e+01 
3.295290e+01 
-8.005724e+01 
2.639648e+01 

4.862368e+01 
3.714812e+01 
-8.596725e+01 
-6.947062e+01 
-5.158145e+01 
9.339981e+00 
4.492013e+01 
4.491022e+01 
4.490276e+01 
4.489889e+01 
4.489954e+01 
4.490500e+01 
4.491447e+01 
4.492579e+01 
4.493580e+01 
4.494148e+01 
4.494137e+01 
4.493630e+01 
4.492889e+01 
4.492198e+01 
4.491746e+01 
4.491592e+01 
4.491700e+01 
4.491998e+01 
4.492413e+01 
4.492889e+01 
1.168571e+01 
-6.842176e+01 
-8.038873e+01 
-7.576875e+01 
-3.176770e+01 
2.672486e+01 

4.907742e+01 
-1.110841e+01 
-4.669419e+01 
-5.281000e+01 
-4.956199e+01 
-1.626349e+01 
4.481619e+01 
4.478641e+01 
4.476246e+01 
4.475050e+01 
4.475594e+01 
4.478091e+01 
4.482319e+01 
4.487667e+01 
4.493231e+01 
4.497836e+01 
4.500182e+01 
4.499397e+01 
4.495856e+01 
4.491244e+01 
4.487378e+01 
4.485113e+01 
4.484363e+01 
4.484664e+01 
4.485567e+01 
4.486754e+01 
-7.164081e+00 
-5.533804e+01 
-6.113756e+01 
-5.305959e+01 
-2.406518e+01 
3.102713e+01 

5.143779e+01 
-1.178144e+01 
-3.579553e+01 
-3.674320e+01 
-2.828666e+01 
-9.069680e-01 
4.482249e+01 
4.477768e+01 
4.472999e+01 
4.468976e+01 
4.467334e+01 
4.469524e+01 
4.475699e+01 
4.484538e+01 
4.494012e+01 
4.501880e+01 
4.505813e+01 
4.504252e+01 
4.498170e+01 
4.491031e+01 
4.485864e+01 
4.483455e+01 
4.483160e+01 
4.484094e+01 
4.485602e+01 
4.487297e+01 
-6.755389e-01 
-4.374105e+01 
-4.900607e+01 
-3.979844e+01 
-1.516752e+01 
3.322614e+01 

5.292785e+01 
-9.671492e+00 
-3.106092e+01 
-2.282284e+01 
-3.271670e+00 
2.139248e+01 
4.493656e+01 
4.492496e+01 
4.491256e+01 
4.490133e+01 
4.489520e+01 
4.490014e+01 
4.492224e+01 
4.496259e+01 
4.501196e+01 
4.505225e+01 
4.506700e+01 
4.505303e+01 
4.502142e+01 
4.498758e+01 
4.496170e+01 
4.494668e+01 
4.494090e+01 
4.494138e+01 
4.494543e+01 
4.495111e+01 
2.569023e+01 
-1.441440e+01 
-2.680667e+01 
-2.539700e+01 
-9.683102e+00 
3.374589e+01 

5.415128e+01 
-8.154870e+00 
-3.084610e+01 
-2.052993e+01 
4.816239e+00 
2.870041e+01 
4.498052e+01 
4.498359e+01 
4.498846e+01 
4.499555e+01 
4.500515e+01 
4.501725e+01 
4.503124e+01 
4.504581e+01 
4.505902e+01 
4.506874e+01 
4.507333e+01 
4.507220e+01 
4.506601e+01 
4.505629e+01 
4.504493e+01 
4.503354e+01 
4.502323e+01 
4.501455e+01 
4.500766e+01 
4.500244e+01 
4.469923e+01 
3.152835e+01 
-4.075240e-01 
-1.683039e+01 
-7.791164e+00 
3.471150e+01 

5.564178e+01 
-6.828748e+00 
-3.385292e+01 
-2.776198e+01 
-1.642552e+00 
2.547028e+01 
4.497105e+01 
4.497323e+01 
4.497751e+01 
4.498460e+01 
4.499519e+01 
4.500963e+01 
4.502751e+01 
4.504721e+01 
4.506585e+01 
4.507998e+01 
4.508681e+01 
4.508529e+01 
4.507652e+01 
4.506309e+01 
4.504792e+01 
4.503337e+01 
4.502081e+01 
4.501076e+01 
4.500317e+01 
4.499774e+01 
4.061827e+01 
2.174314e+01 
-4.727707e+00 
-1.803752e+01 
-7.198960e+00 
3.652136e+01 

5.693700e+01 
-5.361744e+00 
-3.686534e+01 
-3.527090e+01 
-8.863647e+00 
2.234557e+01 
4.496009e+01 
4.496085e+01 
4.496388e+01 
4.497023e+01 
4.498114e+01 
4.499764e+01 
4.501983e+01 
4.504595e+01 
4.507196e+01 
4.509238e+01 
4.510247e+01 
4.510046e+01 
4.508817e+01 
4.506985e+01 
4.504998e+01 
4.503181e+01 
4.501691e+01 
4.500561e+01 
4.499755e+01 
4.499214e+01 
3.646066e+01 
1.385878e+01 
-9.545404e+00 
-1.990323e+01 
-6.645874e+00 
3.824060e+01 

5.802058e+01 
-3.793915e+00 
-3.963627e+01 
-4.244035e+01 
-1.663731e+01 
1.933407e+01 
4.494792e+01 
4.494669e+01 
4.494769e+01 
4.495235e+01 
4.496256e+01 
4.498036e+01 
4.500689e+01 
4.504066e+01 
4.507620e+01 
4.510520e+01 
4.511992e+01 
4.511734e+01 
4.510049e+01 
4.507601e+01 
4.505059e+01 
4.502850e+01 
4.501137e+01 
4.499910e+01 
4.499088e+01 
4.498577e+01 
3.239612e+01 
6.655130e+00 
-1.504005e+01 
-2.235091e+01 
-6.170032e+00 
3.984353e+01 

5.888002e+01 
-2.173107e+00 
-4.190058e+01 
-4.861840e+01 
-2.435448e+01 
1.648165e+01 
4.493503e+01 
4.493132e+01 
4.492958e+01 
4.493155e+01 
4.493987e+01 
4.495790e+01 
4.498842e+01 
4.503059e+01 
4.507765e+01 
4.511743e+01 
4.513817e+01 
4.513508e+01 
4.511267e+01 
4.508101e+01 
4.504945e+01 
4.502342e+01 
4.500434e+01 
4.499148e+01 
4.498345e+01 
4.497891e+01 
2.854325e+01 
-4.393177e-01 
-2.114937e+01 
-2.527848e+01 
-5.803438e+00 
4.130553e+01 

5.950668e+01 
-5.568449e-01 
-4.340604e+01 
-5.330329e+01 
-3.115091e+01 
1.389482e+01 
4.492218e+01 
4.491570e+01 
4.491074e+01 
4.490932e+01 
4.491479e+01 
4.493210e+01 
4.496594e+01 
4.501673e+01 
4.507628e+01 
4.512829e+01 
4.515602e+01 
4.515244e+01 
4.512398e+01 
4.508458e+01 
4.504678e+01 
4.501701e+01 
4.499637e+01 
4.498330e+01 
4.497574e+01 
4.497198e+01 
2.499503e+01 
-7.529003e+00 
-2.758448e+01 
-2.853792e+01 
-5.575339e+00 
4.260409e+01 

5.989556e+01 
9.902790e-01 
-4.394196e+01 
-5.620475e+01 
-3.621312e+01 
1.173920e+01 
4.491029e+01 
4.490106e+01 
4.489281e+01 
4.488781e+01 
4.489010e+01 
4.490626e+01 
4.494279e+01 
4.500173e+01 
4.507335e+01 
4.513757e+01 
4.517232e+01 
4.516829e+01 
4.513389e+01 
4.508696e+01 
4.504332e+01 
4.501023e+01 
4.498839e+01 
4.497534e+01 
4.496842e+01 
4.496552e+01 
2.185406e+01 
-1.435156e+01 
-3.387740e+01 
-3.192861e+01 
-5.513293e+00 
4.371945e+01 

6.004477e+01 
2.403200e+00 
-4.336148e+01 
-5.718825e+01 
-3.900443e+01 
1.020704e+01 
4.490033e+01 
4.488868e+01 
4.487754e+01 
4.486940e+01 
4.486892e+01 
4.488402e+01 
4.492290e+01 
4.498868e+01 
4.507066e+01 
4.514529e+01 
4.518606e+01 
4.518164e+01 
4.514204e+01 
4.508869e+01 
4.504008e+01 
4.500422e+01 
4.498144e+01 
4.496851e+01 
4.496221e+01 
4.496009e+01 
1.925287e+01 
-2.040956e+01 
-3.949820e+01 
-3.520960e+01 
-5.642284e+00 
4.463501e+01 

5.995497e+01 
3.625051e+00 
-4.160042e+01 
-5.619059e+01 
-3.928175e+01 
9.461505e+00 
4.489316e+01 
4.487974e+01 
4.486651e+01 
4.485612e+01 
4.485376e+01 
4.486827e+01 
4.490904e+01 
4.497981e+01 
4.506922e+01 
4.515119e+01 
4.519621e+01 
4.519146e+01 
4.514812e+01 
4.509015e+01 
4.503788e+01 
4.499998e+01 
4.497647e+01 
4.496361e+01 
4.495775e+01 
4.495620e+01 
1.734773e+01 
-2.515617e+01 
-4.399158e+01 
-3.813004e+01 
-5.982235e+00 
4.533719e+01 

5.962882e+01 
4.615072e+00 
-3.869642e+01 
-5.317683e+01 
-3.701702e+01 
9.581214e+00 
4.488944e+01 
4.487511e+01 
4.486081e+01 
4.484933e+01 
4.484612e+01 
4.486050e+01 
4.490239e+01 
4.497579e+01 
4.506891e+01 
4.515456e+01 
4.520171e+01 
4.519686e+01 
4.515171e+01 
4.509139e+01 
4.503718e+01 
4.499810e+01 
4.497410e+01 
4.496119e+01 
4.495552e+01 
4.495424e+01 
1.628924e+01 
-2.815486e+01 
-4.705381e+01 
-4.046817e+01 
-6.544651e+00 
4.581515e+01 

5.907074e+01 
5.353176e+00 
-3.480498e+01 
-4.816982e+01 
-3.237621e+01 
1.053090e+01 
4.488950e+01 
4.487523e+01 
4.486102e+01 
4.484967e+01 
4.484663e+01 
4.486118e+01 
4.490316e+01 
4.497647e+01 
4.506935e+01 
4.515475e+01 
4.520190e+01 
4.519729e+01 
4.515245e+01 
4.509229e+01 
4.503804e+01 
4.499880e+01 
4.497461e+01 
4.496154e+01 
4.495575e+01 
4.495439e+01 
1.618403e+01 
-2.914389e+01 
-4.852959e+01 
-4.206511e+01 
-7.329440e+00 
4.606041e+01 

5.828689e+01 
5.840045e+00 
-3.019787e+01 
-4.135471e+01 
-2.578942e+01 
1.217099e+01 
4.489333e+01 
4.488007e+01 
4.486709e+01 
4.485709e+01 
4.485523e+01 
4.487025e+01 
4.491129e+01 
4.498185e+01 
4.507059e+01 
4.515191e+01 
4.519688e+01 
4.519278e+01 
4.515027e+01 
4.509272e+01 
4.504031e+01 
4.500194e+01 
4.497789e+01 
4.496458e+01 
4.495840e+01 
4.495664e+01 
1.706532e+01 
-2.802952e+01 
-4.837247e+01 
-4.284457e+01 
-8.323245e+00 
4.606648e+01 

5.728557e+01 
6.093372e+00 
-2.522742e+01 
-3.320465e+01 
-1.800260e+01 
1.429976e+01 
4.490058e+01 
4.488917e+01 
4.487842e+01 
4.487087e+01 
4.487116e+01 
4.488707e+01 
4.492642e+01 
4.499197e+01 
4.507304e+01 
4.514675e+01 
4.518740e+01 
4.518383e+01 
4.514534e+01 
4.509253e+01 
4.504366e+01 
4.500710e+01 
4.498354e+01 
4.496996e+01 
4.496318e+01 
4.496074e+01 
1.888596e+01 
-2.487650e+01 
-4.661905e+01 
-4.281846e+01 
-9.500235e+00 
4.582885e+01 

5.607781e+01 
6.142024e+00 
-2.025825e+01 
-2.449002e+01 
-9.946704e+00 
1.670816e+01 
4.491057e+01 
4.490163e+01 
4.489385e+01 
4.488955e+01 
4.489278e+01 
4.490991e+01 
4.494708e+01 
4.500585e+01 
4.507654e+01 
4.513976e+01 
4.517434e+01 
4.517113e+01 
4.513782e+01 
4.509139e+01 
4.504743e+01 
4.501353e+01 
4.499081e+01 
4.497703e+01 
4.496956e+01 
4.496628e+01 
2.153712e+01 
-1.992508e+01 
-4.339992e+01 
-4.208238e+01 
-1.082556e+01 
4.534517e+01 

5.467796e+01 
6.020114e+00 
-1.559486e+01 
-1.606779e+01 
-2.434767e+00 
1.922618e+01 
4.492244e+01 
4.491626e+01 
4.491178e+01 
4.491106e+01 
4.491747e+01 
4.493576e+01 
4.497025e+01 
4.502096e+01 
4.507971e+01 
4.513084e+01 
4.515837e+01 
4.515545e+01 
4.512786e+01 
4.508885e+01 
4.505073e+01 
4.502022e+01 
4.499875e+01 
4.498497e+01 
4.497689e+01 
4.497276e+01 
2.488404e+01 
-1.359017e+01 
-3.897823e+01 
-4.080491e+01 
-1.226061e+01 
4.461578e+01 

5.310419e+01 
5.762389e+00 
-1.143891e+01 
-8.580729e+00 
4.070944e+00 
2.174760e+01 
4.493521e+01 
4.493177e+01 
4.493046e+01 
4.493305e+01 
4.494215e+01 
4.496100e+01 
4.499205e+01 
4.503418e+01 
4.508065e+01 
4.511978e+01 
4.514034e+01 
4.513768e+01 
4.511588e+01 
4.508449e+01 
4.505271e+01 
4.502611e+01 
4.500638e+01 
4.499294e+01 
4.498446e+01 
4.497960e+01 
2.879935e+01 
-6.358090e+00 
-3.377824e+01 
-3.921184e+01 
-1.376853e+01 
4.364430e+01 

5.137845e+01 
5.401607e+00 
-7.887301e+00 
-2.314665e+00 
9.465791e+00 
2.423245e+01 
4.494798e+01 
4.494697e+01 
4.494831e+01 
4.495343e+01 
4.496421e+01 
4.498257e+01 
4.500944e+01 
4.504317e+01 
4.507832e+01 
4.510688e+01 
4.512148e+01 
4.511916e+01 
4.510270e+01 
4.507843e+01 
4.505290e+01 
4.503046e+01 
4.501290e+01 
4.500022e+01 
4.499166e+01 
4.498630e+01 
3.317231e+01 
1.458707e+00 
-2.835839e+01 
-3.756794e+01 
-1.531841e+01 
4.243819e+01 

4.952601e+01 
4.967926e+00 
-4.957236e+00 
2.737350e+00 
1.387363e+01 
2.669377e+01 
4.496002e+01 
4.496093e+01 
4.496418e+01 
4.497084e+01 
4.498210e+01 
4.499892e+01 
4.502127e+01 
4.504732e+01 
4.507309e+01 
4.509325e+01 
4.510327e+01 
4.510141e+01 
4.508937e+01 
4.507122e+01 
4.505135e+01 
4.503302e+01 
4.501788e+01 
4.500633e+01 
4.499806e+01 
4.499248e+01 
3.788275e+01 
1.009324e+01 
-2.332773e+01 
-3.616219e+01 
-1.688720e+01 
4.100911e+01 

4.757457e+01 
4.490075e+00 
-2.618131e+00 
6.738496e+00 
1.752238e+01 
2.917628e+01 
4.497083e+01 
4.497310e+01 
4.497751e+01 
4.498476e+01 
4.499553e+01 
4.501011e+01 
4.502803e+01 
4.504765e+01 
4.506613e+01 
4.508012e+01 
4.508690e+01 
4.508548e+01 
4.507688e+01 
4.506360e+01 
4.504850e+01 
4.503392e+01 
4.502127e+01 
4.501110e+01 
4.500340e+01 
4.499787e+01 
4.275240e+01 
2.100336e+01 
-1.929095e+01 
-3.530818e+01 
-1.845885e+01 
3.937288e+01 

4.555285e+01 
3.998071e+00 
-8.175672e-01 
9.906071e+00 
2.067665e+01 
3.173213e+01 
4.498018e+01 
4.498327e+01 
4.498819e+01 
4.499535e+01 
4.500501e+01 
4.501713e+01 
4.503109e+01 
4.504558e+01 
4.505867e+01 
4.506831e+01 
4.507288e+01 
4.507183e+01 
4.506576e+01 
4.505618e+01 
4.504491e+01 
4.503356e+01 
4.502325e+01 
4.501456e+01 
4.500763e+01 
4.500238e+01 
4.751379e+01 
3.890387e+01 
-1.702217e+01 
-3.537678e+01 
-2.002097e+01 
3.754911e+01 

4.435461e+01 
3.442120e+00 
-3.346207e+00 
2.663031e+00 
1.045302e+01 
2.426541e+01 
4.493751e+01 
4.493066e+01 
4.492543e+01 
4.492398e+01 
4.492938e+01 
4.494496e+01 
4.497232e+01 
4.500797e+01 
4.504144e+01 
4.505875e+01 
4.505138e+01 
4.502308e+01 
4.498729e+01 
4.495766e+01 
4.494067e+01 
4.493558e+01 
4.493835e+01 
4.494499e+01 
4.495280e+01 
4.496036e+01 
2.988244e+01 
-2.018790e+01 
-3.903571e+01 
-3.982893e+01 
-2.148233e+01 
3.627365e+01 

4.374262e+01 
2.559841e+00 
-9.837768e+00 
-1.099698e+01 
-6.740072e+00 
1.055830e+01 
4.485721e+01 
4.483636e+01 
4.481760e+01 
4.480624e+01 
4.481046e+01 
4.483887e+01 
4.489317e+01 
4.496028e+01 
4.501530e+01 
4.503588e+01 
4.501319e+01 
4.495352e+01 
4.487606e+01 
4.480722e+01 
4.476798e+01 
4.476272e+01 
4.478168e+01 
4.481180e+01 
4.484383e+01 
4.487315e+01 
-1.395079e+00 
-5.109478e+01 
-5.819399e+01 
-4.929110e+01 
-2.309361e+01 
3.504423e+01 

4.266664e+01 
2.046026e+00 
-1.438226e+01 
-1.745251e+01 
-1.303783e+01 
8.342157e+00 
4.486543e+01 
4.485396e+01 
4.484648e+01 
4.484652e+01 
4.485805e+01 
4.488325e+01 
4.491917e+01 
4.495626e+01 
4.498169e+01 
4.498553e+01 
4.496485e+01 
4.492410e+01 
4.487336e+01 
4.482550e+01 
4.479186e+01 
4.477799e+01 
4.478249e+01 
4.479967e+01 
4.482324e+01 
4.484848e+01 
-1.502790e+01 
-6.473805e+01 
-7.159921e+01 
-6.443373e+01 
-2.431196e+01 
3.270355e+01 

4.170337e+01 
1.204597e+01 
-1.088415e+01 
-1.066644e+01 
1.508925e+00 
2.775308e+01 
4.495789e+01 
4.495637e+01 
4.495495e+01 
4.495367e+01 
4.495255e+01 
4.495150e+01 
4.495016e+01 
4.494776e+01 
4.494327e+01 
4.493585e+01 
4.492548e+01 
4.491326e+01 
4.490121e+01 
4.489151e+01 
4.488575e+01 
4.488454e+01 
4.488758e+01 
4.489402e+01 
4.490279e+01 
4.491293e+01 
3.282069e+00 
-7.261845e+01 
-8.888973e+01 
8.072155e+01 
9.269694e+00 
3.103924e+01 

4.508852e+01 
6.620614e+01 
-7.735092e+01 
-5.861471e+01 
8.922037e+01 
4.912886e+01 
4.499715e+01 
4.499147e+01 
4.498445e+01 
4.497626e+01 
4.496729e+01 
4.495814e+01 
4.494952e+01 
4.494219e+01 
4.493675e+01 
4.493363e+01 
4.493296e+01 
4.493459e+01 
4.493812e+01 
4.494297e+01 
4.494850e+01 
4.495413e+01 
4.495943e+01 
4.496417e+01 
4.496831e+01 
4.497195e+01 
3.462113e+01 
-5.832846e+01 
5.354745e+01 
4.845600e+00 
8.496504e+01 
3.470280e+01 

5.549664e+01 
-8.078849e+01 
-3.540107e+01 
-3.311279e+00 
4.051085e+01 
4.105377e+01 
4.498481e+01 
4.498189e+01 
4.497960e+01 
4.497795e+01 
4.497690e+01 
4.497635e+01 
4.497618e+01 
4.497626e+01 
4.497649e+01 
4.497678e+01 
4.497709e+01 
4.497740e+01 
4.497775e+01 
4.497819e+01 
4.497879e+01 
4.497964e+01 
4.498082e+01 
4.498239e+01 
4.498436e+01 
4.498669e+01 
4.058770e+01 
2.398807e+01 
1.578416e+01 
-2.528841e+01 
-8.328739e+01 
4.283826e+01 

