4.930286e+01
4.328410e+01
3.712846e+01
4.106822e+01
4.533389e+01
4.772938e+01
4.916772e+01
5.057176e+01
5.180903e+01
5.286092e+01
5.371441e+01
5.436258e+01
5.480398e+01
5.504127e+01
5.507918e+01
5.492255e+01
5.457481e+01
5.403741e+01
5.331027e+01
5.239336e+01
5.128877e+01
5.000306e+01
4.854883e+01
4.694530e+01
4.521761e+01
4.339490e+01
4.231464e+01
4.164365e+01
4.005113e+01
3.819078e+01
4.106866e+01
5.152844e+01

-7.348900e+01
-7.730124e+01
-6.831544e+00
-3.091592e+01
-1.994247e+01
-1.430617e+01
-1.104178e+01
-8.376667e+00
-5.687910e+00
-3.040236e+00
-5.115272e-01
1.809622e+00
3.832421e+00
5.475891e+00
6.680583e+00
7.416592e+00
7.686099e+00
7.520522e+00
6.973619e+00
6.112323e+00
5.007192e+00
3.724205e+00
2.319233e+00
8.358758e-01
-6.933224e-01
-2.242635e+00
-3.708878e+00
-5.205500e+00
-5.593567e+00
7.648600e+00
7.750819e+01
-7.531569e+01

-1.688770e+01
-3.207592e+01
1.851510e+01
-7.573508e+01
-4.596658e+01
-3.578857e+01
-3.308683e+01
-3.385639e+01
-3.482501e+01
-3.581190e+01
-3.661828e+01
-3.703449e+01
-3.686105e+01
-3.594279e+01
-3.420925e+01
-3.170705e+01
-2.860535e+01
-2.516205e+01
-2.165995e+01
-1.834265e+01
-1.537821e+01
-1.285723e+01
-1.081266e+01
-9.245524e+00
-8.147161e+00
-7.515680e+00
-1.038482e+01
-1.650077e+01
-2.152145e+01
-2.331815e+01
-3.617085e+01
-2.433078e+01

2.420713e+01
1.613849e+01
3.917316e+01
8.633651e+01
-5.283782e+01
-2.882206e+01
-2.355873e+01
-2.850021e+01
-3.395990e+01
-3.962312e+01
-4.501549e+01
-4.958314e+01
-5.279662e+01
-5.422379e+01
-5.355468e+01
-5.061979e+01
-4.546086e+01
-3.845736e+01
-3.038467e+01
-2.222877e+01
-1.481794e+01
-8.585158e+00
-3.603179e+00
2.539386e-01
3.178460e+00
5.365553e+00
-1.161530e+00
-1.468149e+01
-2.452170e+01
-4.533521e+01
-6.418149e+00
1.400041e+01

8.212679e+00
4.469011e+01
5.081637e+01
8.566373e+01
-4.734671e+01
-7.542535e+00
2.782761e+00
-3.548155e+00
-1.058296e+01
-1.841117e+01
-2.666210e+01
-3.449719e+01
-4.085124e+01
-4.479842e+01
-4.574403e+01
-4.341334e+01
-3.787441e+01
-2.972966e+01
-2.023028e+01
-1.088261e+01
-2.750574e+00
3.820013e+00
8.973616e+00
1.304509e+01
1.640531e+01
1.943450e+01
1.069143e+01
-7.373442e+00
-1.854736e+01
-2.775031e+01
5.274751e+00
8.943828e+01

4.076140e+01
3.397956e+01
-2.462855e+01
-4.558981e+01
-6.526778e+00
2.217607e+01
2.919719e+01
2.503102e+01
2.101008e+01
1.703682e+01
1.305451e+01
9.129997e+00
5.525353e+00
2.699778e+00
1.179021e+00
1.316544e+00
3.091930e+00
6.101018e+00
9.751979e+00
1.351986e+01
1.709389e+01
2.038142e+01
2.343850e+01
2.639574e+01
2.940375e+01
3.259452e+01
2.744696e+01
1.555949e+01
1.452259e+01
3.626964e+01
4.805861e+01
3.753779e+01

4.498618e+01
4.496747e+01
4.494120e+01
4.486536e+01
4.485317e+01
4.494612e+01
4.498265e+01
4.497126e+01
4.495715e+01
4.494015e+01
4.492048e+01
4.489899e+01
4.487727e+01
4.485766e+01
4.484276e+01
4.483489e+01
4.483533e+01
4.484399e+01
4.485938e+01
4.487915e+01
4.490070e+01
4.492183e+01
4.494104e+01
4.495760e+01
4.497132e+01
4.498241e+01
4.495656e+01
4.490525e+01
4.491365e+01
4.496929e+01
4.497927e+01
4.497718e+01

4.498362e+01
4.496327e+01
4.493200e+01
4.485495e+01
4.482918e+01
4.494324e+01
4.498908e+01
4.497767e+01
4.496297e+01
4.494452e+01
4.492229e+01
4.489701e+01
4.487056e+01
4.484597e+01
4.482693e+01
4.481680e+01
4.481751e+01
4.482888e+01
4.484866e+01
4.487341e+01
4.489954e+01
4.492421e+01
4.494577e+01
4.496360e+01
4.497779e+01
4.498882e+01
4.495802e+01
4.489834e+01
4.490823e+01
4.496414e+01
4.497117e+01
4.497428e+01

4.498113e+01
4.495931e+01
4.492403e+01
4.485230e+01
4.481055e+01
4.494285e+01
4.499770e+01
4.498702e+01
4.497259e+01
4.495359e+01
4.492956e+01
4.490093e+01
4.486969e+01
4.483963e+01
4.481581e+01
4.480306e+01
4.480418e+01
4.481883e+01
4.484370e+01
4.487386e+01
4.490449e+01
4.493216e+01
4.495522e+01
4.497338e+01
4.498717e+01
4.499738e+01
4.496248e+01
4.489591e+01
4.490681e+01
4.495890e+01
4.496256e+01
4.497194e+01

4.497879e+01
4.495538e+01
4.491795e+01
4.485820e+01
4.480452e+01
4.494664e+01
4.500848e+01
4.499949e+01
4.498654e+01
4.496846e+01
4.494426e+01
4.491388e+01
4.487915e+01
4.484456e+01
4.481654e+01
4.480145e+01
4.480306e+01
4.482083e+01
4.485023e+01
4.488479e+01
4.491851e+01
4.494751e+01
4.497039e+01
4.498742e+01
4.499960e+01
4.500807e+01
4.497092e+01
4.490109e+01
4.491157e+01
4.495394e+01
4.495373e+01
4.497014e+01

4.497667e+01
4.495124e+01
4.491443e+01
4.487132e+01
4.481715e+01
4.495640e+01
4.502110e+01
4.501480e+01
4.500477e+01
4.498956e+01
4.496771e+01
4.493855e+01
4.490356e+01
4.486731e+01
4.483717e+01
4.482089e+01
4.482292e+01
4.484258e+01
4.487434e+01
4.491037e+01
4.494396e+01
4.497134e+01
4.499160e+01
4.500560e+01
4.501479e+01
4.502053e+01
4.498402e+01
4.491686e+01
4.492380e+01
4.494957e+01
4.494504e+01
4.496884e+01

4.497482e+01
4.494665e+01
4.491393e+01
4.488954e+01
4.484890e+01
4.497323e+01
4.503484e+01
4.503213e+01
4.502637e+01
4.501606e+01
4.499946e+01
4.497540e+01
4.494459e+01
4.491129e+01
4.488288e+01
4.486729e+01
4.486950e+01
4.488870e+01
4.491878e+01
4.495173e+01
4.498091e+01
4.500302e+01
4.501792e+01
4.502699e+01
4.503191e+01
4.503408e+01
4.500163e+01
4.494390e+01
4.494237e+01
4.494581e+01
4.493688e+01
4.496799e+01

4.497325e+01
4.494153e+01
4.491655e+01
4.491130e+01
4.489427e+01
4.499659e+01
4.504867e+01
4.505009e+01
4.504952e+01
4.504561e+01
4.503661e+01
4.502093e+01
4.499856e+01
4.497249e+01
4.494911e+01
4.493606e+01
4.493807e+01
4.495438e+01
4.497923e+01
4.500490e+01
4.502572e+01
4.503956e+01
4.504698e+01
4.504975e+01
4.504957e+01
4.504768e+01
4.502219e+01
4.497835e+01
4.496305e+01
4.494233e+01
4.492967e+01
4.496750e+01

4.497194e+01
4.493597e+01
4.492172e+01
4.493574e+01
4.494552e+01
4.502345e+01
4.506133e+01
4.506687e+01
4.507165e+01
4.507460e+01
4.507410e+01
4.506829e+01
4.505628e+01
4.503971e+01
4.502350e+01
4.501397e+01
4.501548e+01
4.502748e+01
4.504480e+01
4.506103e+01
4.507182e+01
4.507613e+01
4.507535e+01
4.507146e+01
4.506604e+01
4.506011e+01
4.504257e+01
4.501186e+01
4.498000e+01
4.493847e+01
4.492379e+01
4.496729e+01

4.497087e+01
4.493030e+01
4.492811e+01
4.496162e+01
4.499528e+01
4.504856e+01
4.507152e+01
4.508059e+01
4.509005e+01
4.509910e+01
4.510627e+01
4.510953e+01
4.510721e+01
4.509961e+01
4.509011e+01
4.508392e+01
4.508491e+01
4.509272e+01
4.510297e+01
4.511034e+01
4.511179e+01
4.510743e+01
4.509928e+01
4.508949e+01
4.507952e+01
4.507013e+01
4.505865e+01
4.503512e+01
4.498851e+01
4.493354e+01
4.491952e+01
4.496729e+01

4.497000e+01
4.492499e+01
4.493372e+01
4.498595e+01
4.503585e+01
4.506604e+01
4.507816e+01
4.508965e+01
4.510237e+01
4.511574e+01
4.512844e+01
4.513833e+01
4.514325e+01
4.514257e+01
4.513846e+01
4.513508e+01
4.513575e+01
4.514024e+01
4.514489e+01
4.514544e+01
4.513987e+01
4.512912e+01
4.511562e+01
4.510162e+01
4.508848e+01
4.507671e+01
4.506663e+01
4.504192e+01
4.498665e+01
4.492723e+01
4.491704e+01
4.496745e+01

4.496927e+01
4.492059e+01
4.493648e+01
4.500308e+01
4.505810e+01
4.507164e+01
4.508057e+01
4.509303e+01
4.510711e+01
4.512241e+01
4.513774e+01
4.515107e+01
4.516012e+01
4.516379e+01
4.516342e+01
4.516221e+01
4.516288e+01
4.516520e+01
4.516614e+01
4.516237e+01
4.515270e+01
4.513851e+01
4.512237e+01
4.510645e+01
4.509192e+01
4.507916e+01
4.506458e+01
4.503069e+01
4.497498e+01
4.491981e+01
4.491634e+01
4.496773e+01

4.496867e+01
4.491760e+01
4.493520e+01
4.500581e+01
4.505397e+01
4.506450e+01
4.507858e+01
4.509046e+01
4.510388e+01
4.511849e+01
4.513329e+01
4.514652e+01
4.515619e+01
4.516122e+01
4.516258e+01
4.516274e+01
4.516372e+01
4.516518e+01
4.516463e+01
4.515947e+01
4.514899e+01
4.513469e+01
4.511890e+01
4.510353e+01
4.508958e+01
4.507733e+01
4.505327e+01
4.500372e+01
4.495551e+01
4.491213e+01
4.491732e+01
4.496813e+01

4.496816e+01
4.491634e+01
4.493032e+01
4.498968e+01
4.502312e+01
4.504738e+01
4.507255e+01
4.508249e+01
4.509342e+01
4.510497e+01
4.511624e+01
4.512584e+01
4.513230e+01
4.513516e+01
4.513558e+01
4.513572e+01
4.513719e+01
4.513948e+01
4.514023e+01
4.513717e+01
4.512960e+01
4.511859e+01
4.510604e+01
4.509353e+01
4.508193e+01
4.507155e+01
4.503591e+01
4.496633e+01
4.493095e+01
4.490533e+01
4.491976e+01
4.496866e+01

4.496777e+01
4.491696e+01
4.492380e+01
4.495827e+01
4.497681e+01
4.502522e+01
4.506333e+01
4.507031e+01
4.507746e+01
4.508425e+01
4.508982e+01
4.509306e+01
4.509323e+01
4.509067e+01
4.508730e+01
4.508583e+01
4.508776e+01
4.509241e+01
4.509728e+01
4.509959e+01
4.509804e+01
4.509309e+01
4.508599e+01
4.507806e+01
4.507012e+01
4.506260e+01
4.501674e+01
4.492647e+01
4.490475e+01
4.490058e+01
4.492340e+01
4.496934e+01

4.496752e+01
4.491941e+01
4.491806e+01
4.492269e+01
4.493151e+01
4.500306e+01
4.505203e+01
4.505558e+01
4.505838e+01
4.505976e+01
4.505884e+01
4.505482e+01
4.504756e+01
4.503845e+01
4.503036e+01
4.502643e+01
4.502854e+01
4.503596e+01
4.504574e+01
4.505463e+01
4.506046e+01
4.506268e+01
4.506198e+01
4.505938e+01
4.505571e+01
4.505156e+01
4.499949e+01
4.489322e+01
4.488111e+01
4.489877e+01
4.492796e+01
4.497021e+01

4.496745e+01
4.492349e+01
4.491484e+01
4.489403e+01
4.489860e+01
4.498447e+01
4.503987e+01
4.504005e+01
4.503870e+01
4.503509e+01
4.502842e+01
4.501821e+01
4.500495e+01
4.499061e+01
4.497862e+01
4.497263e+01
4.497459e+01
4.498383e+01
4.499745e+01
4.501169e+01
4.502373e+01
4.503232e+01
4.503749e+01
4.503991e+01
4.504040e+01
4.503962e+01
4.498631e+01
4.487339e+01
4.486441e+01
4.490034e+01
4.493324e+01
4.497130e+01

4.496763e+01
4.492887e+01
4.491482e+01
4.487731e+01
4.488090e+01
4.497108e+01
4.502796e+01
4.502524e+01
4.502051e+01
4.501310e+01
4.500244e+01
4.498840e+01
4.497186e+01
4.495515e+01
4.494166e+01
4.493474e+01
4.493630e+01
4.494583e+01
4.496073e+01
4.497751e+01
4.499317e+01
4.500596e+01
4.501538e+01
4.502176e+01
4.502570e+01
4.502785e+01
4.497771e+01
4.486857e+01
4.485765e+01
4.490522e+01
4.493904e+01
4.497263e+01

4.496814e+01
4.493518e+01
4.491769e+01
4.487185e+01
4.487587e+01
4.496291e+01
4.501713e+01
4.501224e+01
4.500518e+01
4.499545e+01
4.498275e+01
4.496731e+01
4.495024e+01
4.493371e+01
4.492068e+01
4.491394e+01
4.491505e+01
4.492368e+01
4.493780e+01
4.495451e+01
4.497107e+01
4.498565e+01
4.499742e+01
4.500632e+01
4.501272e+01
4.501711e+01
4.497308e+01
4.487543e+01
4.486101e+01
4.491285e+01
4.494521e+01
4.497422e+01

4.496904e+01
4.494205e+01
4.492269e+01
4.487453e+01
4.487943e+01
4.495911e+01
4.500790e+01
4.500162e+01
4.499327e+01
4.498255e+01
4.496943e+01
4.495436e+01
4.493848e+01
4.492369e+01
4.491229e+01
4.490637e+01
4.490711e+01
4.491430e+01
4.492649e+01
4.494151e+01
4.495713e+01
4.497166e+01
4.498414e+01
4.499423e+01
4.500206e+01
4.500792e+01
4.497133e+01
4.488886e+01
4.487212e+01
4.492241e+01
4.495165e+01
4.497607e+01

4.497040e+01
4.494913e+01
4.492896e+01
4.488211e+01
4.488797e+01
4.495848e+01
4.500048e+01
4.499351e+01
4.498473e+01
4.497402e+01
4.496152e+01
4.494778e+01
4.493385e+01
4.492126e+01
4.491175e+01
4.490681e+01
4.490728e+01
4.491306e+01
4.492314e+01
4.493593e+01
4.494975e+01
4.496317e+01
4.497524e+01
4.498550e+01
4.499387e+01
4.500050e+01
4.497144e+01
4.490455e+01
4.488752e+01
4.493300e+01
4.495825e+01
4.497816e+01

3.230617e+01
2.244420e+01
-3.883867e+00
-2.197141e+01
-5.911574e+00
2.838818e+01
4.361220e+01
3.789380e+01
3.240636e+01
2.725650e+01
2.241636e+01
1.783113e+01
1.353468e+01
9.732351e+00
6.803313e+00
5.186404e+00
5.185187e+00
6.812305e+00
9.786031e+00
1.368358e+01
1.814324e+01
2.298984e+01
2.823741e+01
3.399524e+01
4.031430e+01
4.702121e+01
3.580191e+01
2.961731e+00
-2.071734e+01
-7.932949e-01
2.910576e+01
3.655838e+01

-4.568250e+01
5.057334e+01
6.053898e+01
-8.987520e+01
-6.712064e+01
-2.363802e+01
2.351438e+01
1.428273e+01
7.374571e+00
8.842359e-01
-5.957665e+00
-1.333093e+01
-2.090003e+01
-2.788457e+01
-3.332701e+01
-3.644403e+01
-3.681834e+01
-3.441624e+01
-2.958092e+01
-2.302570e+01
-1.568837e+01
-8.401385e+00
-1.573409e+00
4.993956e+00
1.250830e+01
2.589871e+01
-2.557223e+01
-6.961014e+01
8.401374e+01
5.532936e+01
4.488179e+01
-3.842904e+01

5.487319e+01
2.946713e+01
5.776780e+01
-8.729132e+01
-6.433144e+01
-3.389013e+01
-8.967252e+00
-1.099615e+01
-1.405611e+01
-1.809717e+01
-2.301470e+01
-2.855381e+01
-3.425890e+01
-3.951668e+01
-4.369729e+01
-4.631104e+01
-4.709301e+01
-4.601333e+01
-4.326428e+01
-3.924570e+01
-3.452104e+01
-2.972041e+01
-2.542955e+01
-2.214871e+01
-2.039977e+01
-2.114909e+01
-3.986098e+01
-6.624375e+01
8.542592e+01
4.549989e+01
1.681299e+01
3.660671e+01

1.119040e+01
1.061059e+01
6.969415e+01
-6.778468e+01
-4.796685e+01
-3.111785e+01
-2.195764e+01
-2.174563e+01
-2.220254e+01
-2.320670e+01
-2.465604e+01
-2.643988e+01
-2.842075e+01
-3.042890e+01
-3.227384e+01
-3.377315e+01
-3.479031e+01
-3.526633e+01
-3.523234e+01
-3.479974e+01
-3.413530e+01
-3.343369e+01
-3.289883e+01
-3.274137e+01
-3.319632e+01
-3.456846e+01
-3.968045e+01
-4.990750e+01
-7.130019e+01
3.874498e+01
-2.166487e+01
-1.158243e+01

-4.896159e+01
-4.523311e+01
-4.541323e+01
-3.146423e+01
-2.140733e+01
-1.423089e+01
-1.059627e+01
-8.748396e+00
-6.982041e+00
-5.328024e+00
-3.823483e+00
-2.514874e+00
-1.457281e+00
-7.102422e-01
-3.308116e-01
-3.652025e-01
-8.408090e-01
-1.760465e+00
-3.100517e+00
-4.813640e+00
-6.836192e+00
-9.098559e+00
-1.153582e+01
-1.409598e+01
-1.674390e+01
-1.946061e+01
-2.204371e+01
-2.499674e+01
-2.891532e+01
-4.068000e-01
-8.080345e+01
-7.034049e+01

3.536299e+01
2.518304e+01
2.600883e+01
3.132125e+01
3.471819e+01
3.603743e+01
3.715962e+01
3.881058e+01
4.035380e+01
4.176381e+01
4.301885e+01
4.410225e+01
4.500279e+01
4.571405e+01
4.623298e+01
4.655796e+01
4.668721e+01
4.661767e+01
4.634489e+01
4.586392e+01
4.517088e+01
4.426499e+01
4.315039e+01
4.183729e+01
4.034214e+01
3.868677e+01
3.745301e+01
3.604738e+01
3.323865e+01
3.037059e+01
3.419297e+01
4.297900e+01

