1.007095e+03 
7.570888e+02 
3.774642e+02 
6.424959e+01 
1.275932e+01 
6.806132e+01 
9.992229e+01 
9.992666e+01 
9.993282e+01 
9.994028e+01 
9.994845e+01 
9.995673e+01 
9.996461e+01 
9.997171e+01 
9.997775e+01 
9.998257e+01 
9.998604e+01 
9.998809e+01 
9.998860e+01 
9.998749e+01 
9.998468e+01 
9.998020e+01 
9.997419e+01 
9.996692e+01 
9.995884e+01 
9.995047e+01 
7.134032e+01 
1.911053e+01 
3.514281e+01 
1.243523e+02 
1.316363e+02 
3.566018e+02 

2.742666e+03 
1.667164e+03 
5.908685e+02 
3.246656e+01 
1.248243e+01 
7.026109e+01 
9.992620e+01 
9.991861e+01 
9.990610e+01 
9.988950e+01 
9.987042e+01 
9.985093e+01 
9.983302e+01 
9.981810e+01 
9.980672e+01 
9.979869e+01 
9.979346e+01 
9.979056e+01 
9.978981e+01 
9.979135e+01 
9.979545e+01 
9.980225e+01 
9.981158e+01 
9.982293e+01 
9.983554e+01 
9.984849e+01 
4.301867e+01 
1.501235e+01 
1.446193e+02 
2.129831e+02 
2.617678e+01 
1.140245e+03 

4.275209e+03 
1.070432e+03 
4.956857e+02 
1.041902e+03 
3.150134e+02 
7.057394e+01 
9.991954e+01 
9.991530e+01 
9.990057e+01 
9.987170e+01 
9.982558e+01 
9.976049e+01 
9.967724e+01 
9.958048e+01 
9.947975e+01 
9.938930e+01 
9.932516e+01 
9.929960e+01 
9.931612e+01 
9.936859e+01 
9.944478e+01 
9.953130e+01 
9.961718e+01 
9.969520e+01 
9.976161e+01 
9.981530e+01 
4.372787e+01 
1.341299e+02 
4.675163e+02 
7.248546e+02 
3.861353e+02 
2.347789e+03 

5.883552e+03 
3.133173e+03 
5.389313e+03 
4.293436e+03 
1.512354e+03 
1.695584e+02 
9.996093e+01 
9.989324e+01 
9.979243e+01 
9.966173e+01 
9.951430e+01 
9.936848e+01 
9.923794e+01 
9.912446e+01 
9.901890e+01 
9.891111e+01 
9.880610e+01 
9.873643e+01 
9.874944e+01 
9.886688e+01 
9.906209e+01 
9.928365e+01 
9.948957e+01 
9.965922e+01 
9.978835e+01 
9.988107e+01 
8.895439e+01 
4.509419e+02 
1.150014e+03 
1.750275e+03 
1.461926e+03 
3.112862e+03 

6.815164e+03 
6.919993e+03 
9.303004e+03 
6.405885e+03 
2.291502e+03 
3.228639e+02 
1.003156e+02 
1.002702e+02 
1.001641e+02 
9.997601e+01 
9.970788e+01 
9.940153e+01 
9.911860e+01 
9.889491e+01 
9.872113e+01 
9.856564e+01 
9.841831e+01 
9.832760e+01 
9.837727e+01 
9.859307e+01 
9.890710e+01 
9.922803e+01 
9.950072e+01 
9.970898e+01 
9.985758e+01 
9.995842e+01 
1.085059e+02 
4.479202e+02 
1.112283e+03 
1.859573e+03 
1.965431e+03 
3.356463e+03 

7.165910e+03 
8.831703e+03 
1.101848e+04 
7.426646e+03 
2.411082e+03 
3.678904e+02 
1.004555e+02 
1.004320e+02 
1.003738e+02 
1.002648e+02 
1.000875e+02 
9.982891e+01 
9.949282e+01 
9.910892e+01 
9.873103e+01 
9.842338e+01 
9.824472e+01 
9.823050e+01 
9.837433e+01 
9.862799e+01 
9.892651e+01 
9.921613e+01 
9.946605e+01 
9.966573e+01 
9.981697e+01 
9.992699e+01 
8.111634e+01 
1.321881e+02 
4.552091e+02 
1.241025e+03 
1.816666e+03 
3.403744e+03 

7.282180e+03 
1.045631e+04 
1.340129e+04 
9.776602e+03 
3.225515e+03 
4.426476e+02 
1.005225e+02 
1.004745e+02 
1.003779e+02 
1.002172e+02 
9.997934e+01 
9.966018e+01 
9.927323e+01 
9.885545e+01 
9.846482e+01 
9.816682e+01 
9.801352e+01 
9.802551e+01 
9.818614e+01 
9.845048e+01 
9.876327e+01 
9.907590e+01 
9.935586e+01 
9.958766e+01 
9.976855e+01 
9.990309e+01 
8.602178e+01 
9.186516e+01 
3.118852e+02 
1.128078e+03 
1.908736e+03 
3.484361e+03 

7.358731e+03 
1.299899e+04 
1.780107e+04 
1.449987e+04 
5.459910e+03 
6.424984e+02 
1.007344e+02 
1.007139e+02 
1.006374e+02 
1.004798e+02 
1.002146e+02 
9.982418e+01 
9.931486e+01 
9.873270e+01 
9.816556e+01 
9.772165e+01 
9.749094e+01 
9.750939e+01 
9.774738e+01 
9.812826e+01 
9.856258e+01 
9.897822e+01 
9.933325e+01 
9.961318e+01 
9.982104e+01 
9.996792e+01 
1.089553e+02 
1.835482e+02 
5.948136e+02 
1.655046e+03 
2.422168e+03 
3.642817e+03 

7.402326e+03 
1.572610e+04 
2.275185e+04 
1.997036e+04 
8.795413e+03 
9.357943e+02 
1.009886e+02 
1.010126e+02 
1.009772e+02 
1.008458e+02 
1.005728e+02 
1.001158e+02 
9.946155e+01 
9.866015e+01 
9.783970e+01 
9.717819e+01 
9.683017e+01 
9.685781e+01 
9.720939e+01 
9.775471e+01 
9.835136e+01 
9.889522e+01 
9.933611e+01 
9.966569e+01 
9.989754e+01 
1.000522e+02 
1.425611e+02 
3.432782e+02 
1.026181e+03 
2.333521e+03 
3.012697e+03 
3.789438e+03 

7.416630e+03 
1.847919e+04 
2.798590e+04 
2.551437e+04 
1.323523e+04 
1.346891e+03 
1.012800e+02 
1.013668e+02 
1.013977e+02 
1.013238e+02 
1.010752e+02 
1.005710e+02 
9.975842e+01 
9.867801e+01 
9.751325e+01 
9.654351e+01 
9.602631e+01 
9.606623e+01 
9.657431e+01 
9.734015e+01 
9.814288e+01 
9.883794e+01 
9.937108e+01 
9.974783e+01 
9.999799e+01 
1.001546e+02 
1.896442e+02 
5.968134e+02 
1.628510e+03 
3.168564e+03 
3.675017e+03 
3.923068e+03 

7.405920e+03 
2.104646e+04 
3.316400e+04 
3.049661e+04 
1.833493e+04 
1.886293e+03 
1.015963e+02 
1.017624e+02 
1.018839e+02 
1.019009e+02 
1.017160e+02 
1.011952e+02 
1.002205e+02 
9.881242e+01 
9.721152e+01 
9.584355e+01 
9.510492e+01 
9.515774e+01 
9.586611e+01 
9.690346e+01 
9.795050e+01 
9.881288e+01 
9.943878e+01 
9.985665e+01 
1.001179e+02 
1.002700e+02 
2.518582e+02 
9.598806e+02 
2.386249e+03 
4.140072e+03 
4.395510e+03 
4.043313e+03 

7.374611e+03 
2.318838e+04 
3.792835e+04 
3.463369e+04 
2.332537e+04 
2.533104e+03 
1.019178e+02 
1.021737e+02 
1.024024e+02 
1.025356e+02 
1.024473e+02 
1.019368e+02 
1.008080e+02 
9.903901e+01 
9.694531e+01 
9.511796e+01 
9.412366e+01 
9.419269e+01 
9.512729e+01 
9.647030e+01 
9.778117e+01 
9.881685e+01 
9.953064e+01 
9.998207e+01 
1.002476e+02 
1.003901e+02 
3.279782e+02 
1.418726e+03 
3.225093e+03 
5.192616e+03 
5.149757e+03 
4.150515e+03 

7.326809e+03 
2.468117e+04 
4.193531e+04 
3.798931e+04 
2.755025e+04 
3.220832e+03 
1.022197e+02 
1.025658e+02 
1.029051e+02 
1.031616e+02 
1.031815e+02 
1.026924e+02 
1.014207e+02 
9.928858e+01 
9.670424e+01 
9.441378e+01 
9.316650e+01 
9.325618e+01 
9.441654e+01 
9.606582e+01 
9.763438e+01 
9.883611e+01 
9.962951e+01 
1.001080e+02 
1.003734e+02 
1.005039e+02 
4.121365e+02 
1.916235e+03 
4.022088e+03 
6.234310e+03 
5.900872e+03 
4.245620e+03 

7.265908e+03 
2.536641e+04 
4.485411e+04 
4.074725e+04 
3.071972e+04 
3.840413e+03 
1.024750e+02 
1.029004e+02 
1.033375e+02 
1.037028e+02 
1.038162e+02 
1.033436e+02 
1.019376e+02 
9.948837e+01 
9.647258e+01 
9.378777e+01 
9.232855e+01 
9.243854e+01 
9.379933e+01 
9.571248e+01 
9.750666e+01 
9.885233e+01 
9.971465e+01 
1.002157e+02 
1.004800e+02 
1.005993e+02 
4.932213e+02 
2.364368e+03 
4.654300e+03 
7.150845e+03 
6.599811e+03 
4.329958e+03 

7.194284e+03 
2.518867e+04 
4.635503e+04 
4.297802e+04 
3.274815e+04 
4.268463e+03 
1.026589e+02 
1.031424e+02 
1.036506e+02 
1.040931e+02 
1.042678e+02 
1.037969e+02 
1.022802e+02 
9.959299e+01 
9.626339e+01 
9.330089e+01 
9.169474e+01 
9.182316e+01 
9.332984e+01 
9.543488e+01 
9.739690e+01 
9.885155e+01 
9.976840e+01 
1.002886e+02 
1.005535e+02 
1.006654e+02 
5.566651e+02 
2.681830e+03 
5.049095e+03 
7.832165e+03 
7.188857e+03 
4.404964e+03 

7.113087e+03 
2.420547e+04 
4.613576e+04 
4.447784e+04 
3.346385e+04 
4.411325e+03 
1.027529e+02 
1.032657e+02 
1.038091e+02 
1.042879e+02 
1.044874e+02 
1.040073e+02 
1.024231e+02 
9.960488e+01 
9.611275e+01 
9.300836e+01 
9.132882e+01 
9.146739e+01 
9.304857e+01 
9.525564e+01 
9.731006e+01 
9.882854e+01 
9.978043e+01 
1.003155e+02 
1.005841e+02 
1.006942e+02 
5.886957e+02 
2.823948e+03 
5.194088e+03 
8.199184e+03 
7.608926e+03 
4.471892e+03 

7.022172e+03 
2.256659e+04 
4.402212e+04 
4.469712e+04 
3.250337e+04 
4.241650e+03 
1.027473e+02 
1.032570e+02 
1.037957e+02 
1.042673e+02 
1.044568e+02 
1.039647e+02 
1.023690e+02 
9.954340e+01 
9.604862e+01 
9.294402e+01 
9.126309e+01 
9.139880e+01 
9.297911e+01 
9.519048e+01 
9.725460e+01 
9.878516e+01 
9.974834e+01 
1.002923e+02 
1.005674e+02 
1.006822e+02 
5.813562e+02 
2.782398e+03 
5.111081e+03 
8.217604e+03 
7.809993e+03 
4.531548e+03 

6.920176e+03 
2.047327e+04 
4.011417e+04 
4.286813e+04 
2.953943e+04 
3.807226e+03 
1.026425e+02 
1.031171e+02 
1.036116e+02 
1.040334e+02 
1.041790e+02 
1.036728e+02 
1.021219e+02 
9.941141e+01 
9.607293e+01 
9.310887e+01 
9.149938e+01 
9.162147e+01 
9.312747e+01 
9.524676e+01 
9.723757e+01 
9.872711e+01 
9.967622e+01 
1.002219e+02 
1.005054e+02 
1.006305e+02 
5.357407e+02 
2.569240e+03 
4.826693e+03 
7.896430e+03 
7.762141e+03 
4.584097e+03 

6.804746e+03 
1.813429e+04 
3.486393e+04 
3.848881e+04 
2.475807e+04 
3.208455e+03 
1.024492e+02 
1.028609e+02 
1.032769e+02 
1.036103e+02 
1.036786e+02 
1.031505e+02 
1.016896e+02 
9.920064e+01 
9.616676e+01 
9.347759e+01 
9.201457e+01 
9.211926e+01 
9.348501e+01 
9.542408e+01 
9.726420e+01 
9.866306e+01 
9.957389e+01 
1.001131e+02 
1.004055e+02 
1.005448e+02 
4.617094e+02 
2.209103e+03 
4.360530e+03 
7.278620e+03 
7.463502e+03 
4.628941e+03 

6.672918e+03 
1.573247e+04 
2.897639e+04 
3.195261e+04 
1.907390e+04 
2.558746e+03 
1.021867e+02 
1.025157e+02 
1.028289e+02 
1.030463e+02 
1.030111e+02 
1.024538e+02 
1.011124e+02 
9.892758e+01 
9.631521e+01 
9.401582e+01 
9.276512e+01 
9.285445e+01 
9.402835e+01 
9.571437e+01 
9.734045e+01 
9.860587e+01 
9.945669e+01 
9.998049e+01 
1.002796e+02 
1.004345e+02 
3.741851e+02 
1.745658e+03 
3.733073e+03 
6.431673e+03 
6.941827e+03 
4.664697e+03 

6.521611e+03 
1.340700e+04 
2.317029e+04 
2.457005e+04 
1.365689e+04 
1.949479e+03 
1.018800e+02 
1.021172e+02 
1.023178e+02 
1.024097e+02 
1.022639e+02 
1.016825e+02 
1.004805e+02 
9.865273e+01 
9.652453e+01 
9.468329e+01 
9.368574e+01 
9.375975e+01 
9.471483e+01 
9.610048e+01 
9.747144e+01 
9.857186e+01 
9.934378e+01 
9.984178e+01 
1.001426e+02 
1.003112e+02 
2.879139e+02 
1.247972e+03 
2.985244e+03 
5.439864e+03 
6.248773e+03 
4.689283e+03 

6.348158e+03 
1.125014e+04 
1.796443e+04 
1.775496e+04 
9.263707e+03 
1.433793e+03 
1.015562e+02 
1.017038e+02 
1.017978e+02 
1.017758e+02 
1.015382e+02 
1.009533e+02 
9.991231e+01 
9.844866e+01 
9.681204e+01 
9.542727e+01 
9.468487e+01 
9.474515e+01 
9.547636e+01 
9.655457e+01 
9.765570e+01 
9.857562e+01 
9.925371e+01 
9.971452e+01 
1.000092e+02 
1.001867e+02 
2.132959e+02 
7.961342e+02 
2.192630e+03 
4.395184e+03 
5.448997e+03 
4.700084e+03 

6.150817e+03 
9.312938e+03 
1.360730e+04 
1.228735e+04 
6.065687e+03 
1.028994e+03 
1.012400e+02 
1.013095e+02 
1.013158e+02 
1.012081e+02 
1.009157e+02 
1.003597e+02 
9.949367e+01 
9.836737e+01 
9.717066e+01 
9.618388e+01 
9.566214e+01 
9.570902e+01 
9.623707e+01 
9.703635e+01 
9.788217e+01 
9.862311e+01 
9.919900e+01 
9.961219e+01 
9.989178e+01 
1.000714e+02 
1.549494e+02 
4.482973e+02 
1.454058e+03 
3.384974e+03 
4.608001e+03 
4.694215e+03 

5.929158e+03 
7.615032e+03 
1.013007e+04 
8.273755e+03 
3.886457e+03 
7.284883e+02 
1.009503e+02 
1.009591e+02 
1.009030e+02 
1.007442e+02 
1.004371e+02 
9.994119e+01 
9.924732e+01 
9.841103e+01 
9.756483e+01 
9.688816e+01 
9.653506e+01 
9.656741e+01 
9.693386e+01 
9.750362e+01 
9.813155e+01 
9.870937e+01 
9.918303e+01 
9.954168e+01 
9.979796e+01 
9.997249e+01 
1.127800e+02 
2.197328e+02 
8.542682e+02 
2.478740e+03 
3.782412e+03 
4.668825e+03 

5.684268e+03 
6.154679e+03 
7.440708e+03 
5.474226e+03 
2.456295e+03 
5.143174e+02 
1.006989e+02 
1.006657e+02 
1.005724e+02 
1.003935e+02 
1.001029e+02 
9.968416e+01 
9.914648e+01 
9.853903e+01 
9.795229e+01 
9.749583e+01 
9.726005e+01 
9.728093e+01 
9.752877e+01 
9.792622e+01 
9.838213e+01 
9.882186e+01 
9.920097e+01 
9.950315e+01 
9.973045e+01 
9.989369e+01 
8.410653e+01 
9.127413e+01 
4.311227e+02 
1.719401e+03 
3.014574e+03 
4.621447e+03 

5.418722e+03 
4.917236e+03 
5.401284e+03 
3.573329e+03 
1.536995e+03 
3.660124e+02 
1.004904e+02 
1.004320e+02 
1.003221e+02 
1.001453e+02 
9.988863e+01 
9.954919e+01 
9.914204e+01 
9.870600e+01 
9.830072e+01 
9.799277e+01 
9.783479e+01 
9.784757e+01 
9.801432e+01 
9.828956e+01 
9.861692e+01 
9.894627e+01 
9.924353e+01 
9.949191e+01 
9.968783e+01 
9.983549e+01 
6.552446e+01 
3.128963e+01 
1.739068e+02 
1.122380e+03 
2.331381e+03 
4.550316e+03 

5.235339e+03 
4.391720e+03 
4.745887e+03 
3.104837e+03 
1.385892e+03 
3.428894e+02 
1.004754e+02 
1.004326e+02 
1.003429e+02 
1.001892e+02 
9.995687e+01 
9.964163e+01 
9.926076e+01 
9.885909e+01 
9.850133e+01 
9.825101e+01 
9.814975e+01 
9.820635e+01 
9.839465e+01 
9.866247e+01 
9.895256e+01 
9.922255e+01 
9.945132e+01 
9.963405e+01 
9.977453e+01 
9.987959e+01 
6.449830e+01 
6.046271e+01 
2.766181e+02 
1.056556e+03 
1.977496e+03 
4.477603e+03 

4.989574e+03 
4.154437e+03 
4.590183e+03 
3.150913e+03 
1.528618e+03 
3.663944e+02 
1.004940e+02 
1.004503e+02 
1.003488e+02 
1.001695e+02 
9.990167e+01 
9.955987e+01 
9.919279e+01 
9.886317e+01 
9.860805e+01 
9.842938e+01 
9.832504e+01 
9.831424e+01 
9.842602e+01 
9.866157e+01 
9.897110e+01 
9.927986e+01 
9.953481e+01 
9.972090e+01 
9.984708e+01 
9.992924e+01 
9.190924e+01 
3.667723e+02 
8.588346e+02 
1.398918e+03 
1.684406e+03 
4.294892e+03 

4.404199e+03 
3.011733e+03 
3.129504e+03 
2.069087e+03 
9.839936e+02 
2.530040e+02 
1.002932e+02 
1.002316e+02 
1.001251e+02 
9.996683e+01 
9.975968e+01 
9.952154e+01 
9.928343e+01 
9.907646e+01 
9.891765e+01 
9.880949e+01 
9.875175e+01 
9.875039e+01 
9.881455e+01 
9.894485e+01 
9.912412e+01 
9.932077e+01 
9.950319e+01 
9.965213e+01 
9.976271e+01 
9.983930e+01 
8.441601e+01 
5.252775e+02 
1.199685e+03 
1.387945e+03 
9.143485e+02 
3.761711e+03 

3.352945e+03 
1.212573e+03 
8.728065e+02 
4.844715e+02 
2.216747e+02 
1.163321e+02 
1.000473e+02 
1.000003e+02 
9.993502e+01 
9.985115e+01 
9.975124e+01 
9.964151e+01 
9.953205e+01 
9.943548e+01 
9.936423e+01 
9.932717e+01 
9.932724e+01 
9.936100e+01 
9.942008e+01 
9.949368e+01 
9.957119e+01 
9.964409e+01 
9.970701e+01 
9.975762e+01 
9.979596e+01 
9.982350e+01 
4.662874e+01 
2.329445e+02 
7.366470e+02 
6.947366e+02 
1.454997e+02 
2.717502e+03 

1.946926e+03 
5.380037e+02 
1.078214e+02 
4.290198e+01 
1.971181e+01 
5.986837e+01 
9.987271e+01 
9.985318e+01 
9.983373e+01 
9.981583e+01 
9.980087e+01 
9.978990e+01 
9.978343e+01 
9.978133e+01 
9.978300e+01 
9.978765e+01 
9.979458e+01 
9.980334e+01 
9.981374e+01 
9.982560e+01 
9.983856e+01 
9.985192e+01 
9.986478e+01 
9.987618e+01 
9.988534e+01 
9.989181e+01 
5.423397e+01 
1.253476e+01 
1.317703e+02 
3.103233e+02 
3.765424e+02 
1.545451e+03 

7.502056e+02 
5.186807e+02 
2.941672e+02 
6.311517e+01 
2.056048e+00 
6.213817e+01 
9.991787e+01 
9.992711e+01 
9.993718e+01 
9.994741e+01 
9.995714e+01 
9.996585e+01 
9.997316e+01 
9.997886e+01 
9.998289e+01 
9.998526e+01 
9.998602e+01 
9.998523e+01 
9.998296e+01 
9.997930e+01 
9.997439e+01 
9.996845e+01 
9.996185e+01 
9.995500e+01 
9.994841e+01 
9.994254e+01 
7.142721e+01 
1.333964e+01 
1.353456e+01 
1.411899e+02 
2.991752e+02 
5.613590e+02 

