7.263029e+02 
1.604554e+03 
2.981231e+03 
4.461607e+03 
5.144598e+03 
5.347021e+03 
5.399174e+03 
5.438678e+03 
5.454789e+03 
5.451199e+03 
5.432300e+03 
5.402642e+03 
5.366413e+03 
5.327037e+03 
5.286923e+03 
5.247367e+03 
5.208551e+03 
5.169581e+03 
5.128542e+03 
5.082595e+03 
5.028177e+03 
4.961351e+03 
4.878308e+03 
4.775949e+03 
4.652398e+03 
4.507332e+03 
4.409086e+03 
4.272405e+03 
3.868385e+03 
2.987557e+03 
1.757445e+03 
7.567296e+02 

5.097662e+02 
1.206038e+03 
3.278057e+00 
2.087223e+03 
4.989979e+03 
6.751530e+03 
8.112282e+03 
9.948934e+03 
1.184287e+04 
1.368157e+04 
1.533498e+04 
1.667519e+04 
1.759941e+04 
1.804794e+04 
1.801076e+04 
1.752216e+04 
1.664805e+04 
1.547222e+04 
1.408503e+04 
1.257505e+04 
1.102284e+04 
9.496168e+03 
8.047028e+03 
6.710854e+03 
5.507881e+03 
4.446019e+03 
3.910307e+03 
3.471230e+03 
2.248187e+03 
7.203496e+02 
4.403087e+02 
5.535839e+02 

4.932725e+02 
3.976040e+03 
3.556249e+03 
2.770798e+03 
5.218192e+03 
7.383493e+03 
9.641584e+03 
1.299433e+04 
1.699570e+04 
2.157562e+04 
2.653830e+04 
3.153087e+04 
3.604160e+04 
3.945038e+04 
4.115101e+04 
4.073971e+04 
3.820278e+04 
3.397769e+04 
2.880709e+04 
2.346334e+04 
1.852123e+04 
1.428326e+04 
1.082808e+04 
8.100869e+03 
5.989844e+03 
4.373248e+03 
3.627147e+03 
3.093571e+03 
1.751380e+03 
2.313122e+02 
3.529546e+02 
4.745615e+02 

8.712253e+01 
2.168156e+03 
3.640397e+03 
2.554562e+03 
2.888322e+03 
4.143355e+03 
6.246290e+03 
9.669271e+03 
1.403708e+04 
1.913432e+04 
2.453673e+04 
2.975881e+04 
3.443124e+04 
3.833901e+04 
4.127683e+04 
4.283550e+04 
4.232652e+04 
3.910471e+04 
3.327985e+04 
2.605825e+04 
1.904029e+04 
1.325722e+04 
8.954903e+03 
5.929719e+03 
3.860058e+03 
2.460935e+03 
1.888541e+03 
1.572425e+03 
7.757399e+02 
4.460328e+01 
2.945021e+02 
1.559152e+02 

3.600468e+00 
1.847397e+02 
7.335450e+02 
9.477422e+02 
9.315847e+02 
1.220772e+03 
2.032488e+03 
3.722858e+03 
6.438553e+03 
1.040408e+04 
1.547601e+04 
2.099455e+04 
2.609985e+04 
3.023532e+04 
3.318468e+04 
3.465678e+04 
3.397708e+04 
3.044979e+04 
2.441425e+04 
1.757261e+04 
1.166774e+04 
7.378512e+03 
4.544526e+03 
2.754292e+03 
1.644344e+03 
9.619787e+02 
7.197917e+02 
6.175290e+02 
2.792749e+02 
8.193138e+00 
5.177801e+01 
2.608735e+00 

6.502550e+01 
2.271937e+01 
2.436756e+00 
4.063670e+01 
1.398063e+02 
2.361095e+02 
3.380003e+02 
5.289772e+02 
8.441462e+02 
1.350901e+03 
2.127042e+03 
3.223531e+03 
4.591110e+03 
6.007266e+03 
7.095227e+03 
7.488078e+03 
7.045671e+03 
5.947260e+03 
4.570599e+03 
3.265693e+03 
2.218516e+03 
1.462009e+03 
9.499990e+02 
6.167019e+02 
4.044576e+02 
2.708143e+02 
2.197365e+02 
1.888635e+02 
1.069444e+02 
4.421370e+01 
2.739678e+01 
5.490034e+01 

9.992340e+01 
9.978225e+01 
9.957418e+01 
9.954792e+01 
9.996671e+01 
1.002326e+02 
1.003619e+02 
1.005907e+02 
1.008915e+02 
1.012738e+02 
1.017375e+02 
1.022658e+02 
1.028186e+02 
1.033321e+02 
1.037289e+02 
1.039384e+02 
1.039197e+02 
1.036762e+02 
1.032545e+02 
1.027278e+02 
1.021723e+02 
1.016489e+02 
1.011941e+02 
1.008221e+02 
1.005312e+02 
1.003114e+02 
1.002319e+02 
1.001696e+02 
9.997741e+01 
9.980595e+01 
9.976669e+01 
9.990317e+01 

9.992600e+01 
9.978326e+01 
9.953958e+01 
9.941129e+01 
9.981733e+01 
1.001078e+02 
1.002149e+02 
1.004405e+02 
1.007533e+02 
1.011718e+02 
1.017059e+02 
1.023445e+02 
1.030425e+02 
1.037143e+02 
1.042464e+02 
1.045297e+02 
1.044995e+02 
1.041625e+02 
1.035937e+02 
1.029057e+02 
1.022088e+02 
1.015819e+02 
1.010642e+02 
1.006625e+02 
1.003648e+02 
1.001520e+02 
1.000874e+02 
1.000268e+02 
9.984846e+01 
9.973196e+01 
9.975088e+01 
9.991286e+01 

9.992968e+01 
9.978241e+01 
9.950524e+01 
9.926690e+01 
9.961885e+01 
9.993786e+01 
1.000079e+02 
1.002085e+02 
1.005063e+02 
1.009307e+02 
1.015060e+02 
1.022340e+02 
1.030706e+02 
1.039095e+02 
1.045924e+02 
1.049578e+02 
1.049097e+02 
1.044604e+02 
1.037249e+02 
1.028685e+02 
1.020413e+02 
1.013368e+02 
1.007890e+02 
1.003903e+02 
1.001142e+02 
9.993120e+01 
9.989048e+01 
9.983072e+01 
9.968420e+01 
9.964743e+01 
9.973638e+01 
9.992289e+01 

9.993432e+01 
9.977903e+01 
9.947116e+01 
9.912989e+01 
9.937882e+01 
9.972058e+01 
9.973966e+01 
9.988720e+01 
1.001315e+02 
1.005115e+02 
1.010668e+02 
1.018172e+02 
1.027276e+02 
1.036754e+02 
1.044631e+02 
1.048844e+02 
1.048122e+02 
1.042676e+02 
1.034073e+02 
1.024426e+02 
1.015548e+02 
1.008445e+02 
1.003310e+02 
9.998747e+01 
9.977252e+01 
9.964786e+01 
9.964030e+01 
9.958204e+01 
9.949041e+01 
9.955555e+01 
9.972382e+01 
9.993274e+01 

9.993970e+01 
9.977281e+01 
9.943684e+01 
9.901264e+01 
9.912282e+01 
9.945979e+01 
9.941740e+01 
9.948173e+01 
9.962739e+01 
9.989709e+01 
1.003407e+02 
1.009941e+02 
1.018348e+02 
1.027479e+02 
1.035237e+02 
1.039286e+02 
1.038298e+02 
1.032576e+02 
1.023886e+02 
1.014607e+02 
1.006577e+02 
1.000628e+02 
9.967657e+01 
9.945454e+01 
9.934604e+01 
9.931007e+01 
9.934394e+01 
9.929317e+01 
9.928153e+01 
9.946138e+01 
9.971374e+01 
9.994199e+01 

9.994551e+01 
9.976395e+01 
9.940116e+01 
9.891967e+01 
9.888534e+01 
9.916721e+01 
9.905923e+01 
9.901423e+01 
9.901942e+01 
9.911271e+01 
9.934415e+01 
9.975571e+01 
1.003465e+02 
1.010213e+02 
1.015987e+02 
1.018862e+02 
1.017651e+02 
1.012736e+02 
1.005839e+02 
9.989430e+01 
9.935347e+01 
9.901556e+01 
9.885483e+01 
9.881909e+01 
9.885818e+01 
9.893667e+01 
9.901828e+01 
9.899031e+01 
9.907853e+01 
9.937135e+01 
9.970652e+01 
9.995023e+01 

9.995143e+01 
9.975316e+01 
9.936252e+01 
9.884816e+01 
9.868972e+01 
9.886277e+01 
9.869317e+01 
9.852366e+01 
9.836168e+01 
9.823341e+01 
9.817880e+01 
9.824125e+01 
9.843518e+01 
9.871644e+01 
9.897239e+01 
9.906590e+01 
9.893119e+01 
9.861064e+01 
9.822869e+01 
9.792931e+01 
9.779009e+01 
9.780982e+01 
9.794386e+01 
9.813697e+01 
9.834898e+01 
9.855638e+01 
9.868939e+01 
9.870712e+01 
9.890142e+01 
9.929218e+01 
9.970233e+01 
9.995719e+01 

9.995711e+01 
9.974153e+01 
9.931935e+01 
9.879104e+01 
9.853800e+01 
9.857255e+01 
9.835360e+01 
9.806029e+01 
9.772831e+01 
9.736966e+01 
9.701182e+01 
9.669596e+01 
9.645944e+01 
9.630616e+01 
9.619746e+01 
9.608412e+01 
9.594483e+01 
9.582121e+01 
9.579472e+01 
9.592388e+01 
9.621338e+01 
9.661368e+01 
9.705510e+01 
9.748319e+01 
9.786942e+01 
9.820416e+01 
9.838887e+01 
9.847139e+01 
9.876115e+01 
9.922942e+01 
9.970115e+01 
9.996267e+01 

9.996226e+01 
9.973022e+01 
9.927129e+01 
9.873938e+01 
9.841740e+01 
9.832482e+01 
9.807560e+01 
9.767628e+01 
9.719718e+01 
9.663806e+01 
9.601691e+01 
9.537558e+01 
9.477188e+01 
9.425721e+01 
9.385702e+01 
9.357835e+01 
9.343807e+01 
9.347681e+01 
9.373623e+01 
9.422050e+01 
9.487325e+01 
9.559813e+01 
9.630448e+01 
9.693579e+01 
9.747210e+01 
9.791554e+01 
9.814802e+01 
9.829562e+01 
9.865840e+01 
9.918627e+01 
9.970277e+01 
9.996656e+01 

9.996660e+01 
9.972025e+01 
9.922074e+01 
9.868462e+01 
9.831338e+01 
9.814588e+01 
9.788883e+01 
9.741585e+01 
9.683357e+01 
9.613306e+01 
9.532611e+01 
9.445635e+01 
9.359705e+01 
9.283083e+01 
9.222596e+01 
9.183247e+01 
9.169180e+01 
9.184334e+01 
9.230350e+01 
9.303483e+01 
9.394002e+01 
9.489247e+01 
9.578553e+01 
9.656004e+01 
9.720158e+01 
9.772062e+01 
9.799185e+01 
9.818043e+01 
9.858929e+01 
9.916351e+01 
9.970680e+01 
9.996881e+01 

9.996990e+01 
9.971232e+01 
9.917408e+01 
9.862352e+01 
9.822329e+01 
9.805644e+01 
9.781254e+01 
9.730760e+01 
9.667919e+01 
9.591295e+01 
9.501526e+01 
9.402733e+01 
9.302772e+01 
9.211590e+01 
9.138775e+01 
9.092266e+01 
9.078084e+01 
9.100145e+01 
9.158213e+01 
9.245678e+01 
9.350118e+01 
9.457189e+01 
9.555656e+01 
9.639800e+01 
9.708691e+01 
9.763903e+01 
9.793516e+01 
9.812510e+01 
9.855168e+01 
9.916017e+01 
9.971276e+01 
9.996945e+01 

9.997200e+01 
9.970677e+01 
9.914115e+01 
9.856644e+01 
9.816787e+01 
9.806786e+01 
9.785246e+01 
9.736029e+01 
9.674722e+01 
9.599695e+01 
9.511095e+01 
9.412274e+01 
9.310451e+01 
9.215772e+01 
9.138981e+01 
9.089685e+01 
9.075373e+01 
9.100019e+01 
9.161968e+01 
9.252936e+01 
9.359301e+01 
9.466457e+01 
9.563795e+01 
9.646369e+01 
9.713747e+01 
9.767698e+01 
9.798074e+01 
9.813403e+01 
9.854761e+01 
9.917451e+01 
9.972002e+01 
9.996855e+01 

9.997273e+01 
9.970372e+01 
9.913191e+01 
9.854182e+01 
9.818719e+01 
9.817858e+01 
9.800015e+01 
9.756182e+01 
9.702103e+01 
9.636429e+01 
9.559159e+01 
9.472821e+01 
9.383232e+01 
9.298668e+01 
9.228664e+01 
9.182850e+01 
9.168586e+01 
9.189860e+01 
9.245238e+01 
9.326331e+01 
9.420565e+01 
9.515207e+01 
9.601089e+01 
9.674162e+01 
9.734177e+01 
9.782640e+01 
9.811935e+01 
9.821537e+01 
9.858218e+01 
9.920453e+01 
9.972797e+01 
9.996624e+01 

9.997200e+01 
9.970316e+01 
9.915205e+01 
9.858356e+01 
9.831131e+01 
9.837291e+01 
9.823468e+01 
9.788139e+01 
9.745625e+01 
9.695352e+01 
9.637747e+01 
9.574969e+01 
9.510830e+01 
9.450790e+01 
9.400638e+01 
9.365775e+01 
9.351976e+01 
9.363253e+01 
9.399520e+01 
9.456415e+01 
9.525124e+01 
9.595823e+01 
9.661577e+01 
9.718829e+01 
9.766943e+01 
9.806650e+01 
9.833124e+01 
9.837319e+01 
9.866054e+01 
9.924798e+01 
9.973597e+01 
9.996268e+01 

9.996974e+01 
9.970502e+01 
9.920049e+01 
9.870462e+01 
9.853136e+01 
9.862407e+01 
9.852648e+01 
9.827517e+01 
9.798810e+01 
9.766964e+01 
9.733235e+01 
9.699592e+01 
9.668388e+01 
9.640774e+01 
9.617040e+01 
9.598085e+01 
9.585611e+01 
9.583202e+01 
9.594358e+01 
9.619086e+01 
9.654268e+01 
9.694879e+01 
9.735817e+01 
9.773894e+01 
9.807646e+01 
9.836755e+01 
9.858975e+01 
9.859758e+01 
9.878356e+01 
9.930206e+01 
9.974351e+01 
9.995806e+01 

9.996594e+01 
9.970919e+01 
9.927053e+01 
9.888590e+01 
9.880557e+01 
9.890086e+01 
9.884282e+01 
9.869487e+01 
9.854480e+01 
9.840538e+01 
9.829496e+01 
9.823230e+01 
9.822278e+01 
9.824904e+01 
9.826794e+01 
9.823195e+01 
9.812815e+01 
9.798566e+01 
9.786009e+01 
9.780565e+01 
9.784335e+01 
9.796050e+01 
9.812924e+01 
9.832065e+01 
9.851374e+01 
9.869625e+01 
9.886655e+01 
9.886113e+01 
9.894369e+01 
9.936336e+01 
9.975024e+01 
9.995262e+01 

9.996068e+01 
9.971554e+01 
9.935305e+01 
9.909236e+01 
9.908738e+01 
9.917471e+01 
9.915355e+01 
9.909712e+01 
9.906364e+01 
9.906932e+01 
9.913259e+01 
9.926625e+01 
9.946333e+01 
9.968383e+01 
9.986090e+01 
9.992745e+01 
9.984893e+01 
9.964593e+01 
9.938309e+01 
9.913397e+01 
9.895144e+01 
9.885448e+01 
9.883391e+01 
9.886841e+01 
9.893647e+01 
9.902150e+01 
9.913685e+01 
9.912822e+01 
9.912428e+01 
9.942809e+01 
9.975601e+01 
9.994662e+01 

9.995408e+01 
9.972385e+01 
9.943944e+01 
9.929349e+01 
9.934431e+01 
9.942443e+01 
9.943549e+01 
9.945062e+01 
9.950274e+01 
9.960663e+01 
9.977562e+01 
1.000136e+02 
1.003041e+02 
1.006020e+02 
1.008395e+02 
1.009488e+02 
1.008936e+02 
1.006867e+02 
1.003839e+02 
1.000584e+02 
9.977066e+01 
9.955347e+01 
9.941267e+01 
9.933755e+01 
9.931162e+01 
9.931905e+01 
9.938264e+01 
9.936996e+01 
9.930463e+01 
9.949268e+01 
9.976087e+01 
9.994034e+01 

9.994641e+01 
9.973380e+01 
9.952316e+01 
9.947138e+01 
9.956067e+01 
9.963772e+01 
9.967459e+01 
9.973890e+01 
9.984442e+01 
1.000017e+02 
1.002174e+02 
1.004876e+02 
1.007907e+02 
1.010847e+02 
1.013134e+02 
1.014237e+02 
1.013866e+02 
1.012092e+02 
1.009323e+02 
1.006133e+02 
1.003057e+02 
1.000450e+02 
9.984603e+01 
9.970785e+01 
9.962107e+01 
9.957377e+01 
9.959359e+01 
9.957186e+01 
9.946782e+01 
9.955421e+01 
9.976499e+01 
9.993401e+01 

9.993797e+01 
9.974502e+01 
9.959997e+01 
9.961905e+01 
9.973281e+01 
9.981018e+01 
9.986551e+01 
9.995862e+01 
1.000905e+02 
1.002672e+02 
1.004896e+02 
1.007492e+02 
1.010243e+02 
1.012803e+02 
1.014748e+02 
1.015700e+02 
1.015451e+02 
1.014041e+02 
1.011746e+02 
1.008977e+02 
1.006149e+02 
1.003578e+02 
1.001443e+02 
9.997946e+01 
9.986027e+01 
9.977944e+01 
9.976594e+01 
9.973169e+01 
9.960501e+01 
9.961079e+01 
9.976862e+01 
9.992787e+01 

6.481810e+01 
1.814380e+01 
8.284454e+00 
2.941962e+01 
4.776916e+01 
5.552621e+01 
8.258590e+01 
1.170630e+02 
1.745100e+02 
2.675263e+02 
4.116102e+02 
6.200408e+02 
8.919916e+02 
1.196323e+03 
1.464854e+03 
1.613194e+03 
1.585652e+03 
1.390691e+03 
1.095992e+03 
7.873980e+02 
5.263700e+02 
3.353842e+02 
2.089951e+02 
1.309029e+02 
8.485715e+01 
5.860029e+01 
4.478297e+01 
3.864894e+01 
2.297716e+01 
6.983589e+00 
2.081483e+01 
6.344089e+01 

2.528170e+01 
1.543461e+02 
2.302318e+02 
2.944782e+02 
2.345388e+02 
6.736940e+01 
1.023781e+02 
2.516843e+02 
5.349081e+02 
1.022680e+03 
1.786150e+03 
2.845236e+03 
4.094332e+03 
5.288571e+03 
6.160439e+03 
6.557406e+03 
6.451142e+03 
5.870902e+03 
4.889341e+03 
3.667901e+03 
2.451511e+03 
1.455883e+03 
7.660778e+02 
3.499821e+02 
1.298609e+02 
3.245995e+01 
2.178855e+01 
1.352343e+02 
2.553751e+02 
2.771210e+02 
1.549442e+02 
8.995075e+00 

1.548317e+02 
7.399251e+02 
6.448575e+02 
7.471981e+02 
7.122735e+02 
4.166316e+02 
4.972594e+02 
9.654289e+02 
1.684645e+03 
2.715703e+03 
4.079076e+03 
5.702053e+03 
7.387239e+03 
8.858567e+03 
9.876233e+03 
1.032065e+04 
1.018145e+04 
9.502502e+03 
8.358743e+03 
6.876634e+03 
5.249382e+03 
3.697637e+03 
2.392845e+03 
1.409972e+03 
7.387934e+02 
3.246082e+02 
2.595928e+02 
4.360278e+02 
5.722563e+02 
8.556505e+02 
1.103905e+03 
1.385140e+02 

3.585973e+02 
8.203473e+02 
6.311761e+02 
1.196522e+03 
1.599984e+03 
1.539054e+03 
1.773505e+03 
2.550950e+03 
3.547191e+03 
4.784166e+03 
6.257334e+03 
7.914692e+03 
9.638112e+03 
1.124097e+04 
1.249626e+04 
1.319533e+04 
1.321463e+04 
1.255629e+04 
1.134275e+04 
9.772000e+03 
8.058279e+03 
6.383033e+03 
4.869647e+03 
3.581662e+03 
2.535683e+03 
1.718884e+03 
1.372555e+03 
1.218086e+03 
7.791639e+02 
5.943680e+02 
1.544728e+03 
5.061355e+02 

1.867242e+02 
8.875394e+01 
2.242484e+02 
1.298600e+03 
2.159708e+03 
2.359371e+03 
2.622664e+03 
3.276090e+03 
3.997604e+03 
4.771671e+03 
5.574221e+03 
6.372447e+03 
7.126128e+03 
7.790559e+03 
8.320615e+03 
8.675316e+03 
8.822428e+03 
8.742913e+03 
8.434876e+03 
7.915978e+03 
7.222780e+03 
6.406102e+03 
5.523190e+03 
4.629087e+03 
3.769867e+03 
2.979212e+03 
2.510248e+03 
2.018291e+03 
9.951198e+02 
4.867563e+01 
5.508960e+02 
4.271256e+02 

3.896078e+02 
1.143447e+03 
2.344040e+03 
3.155722e+03 
3.408518e+03 
3.422521e+03 
3.459156e+03 
3.561396e+03 
3.649040e+03 
3.722605e+03 
3.783544e+03 
3.834017e+03 
3.876549e+03 
3.913670e+03 
3.947605e+03 
3.980049e+03 
4.012030e+03 
4.043820e+03 
4.074870e+03 
4.103778e+03 
4.128303e+03 
4.145486e+03 
4.151901e+03 
4.144035e+03 
4.118734e+03 
4.073628e+03 
4.026924e+03 
3.893101e+03 
3.459804e+03 
2.500574e+03 
1.382130e+03 
5.747157e+02 

