5.391094e+01 
8.668789e+01 
-5.457880e+01 
-3.860390e+01 
8.121732e+01 
4.726513e+01 
4.499818e+01 
4.499426e+01 
4.499056e+01 
4.498724e+01 
4.498441e+01 
4.498209e+01 
4.498026e+01 
4.497884e+01 
4.497772e+01 
4.497682e+01 
4.497604e+01 
4.497534e+01 
4.497472e+01 
4.497422e+01 
4.497390e+01 
4.497389e+01 
4.497429e+01 
4.497523e+01 
4.497677e+01 
4.497893e+01 
3.748336e+01 
-5.750545e+00 
4.722112e+01 
-8.877405e-01 
-6.630546e+01 
3.616569e+01 

5.042883e+01 
7.135610e+01 
-5.177712e+01 
-1.057451e+01 
6.574009e+01 
4.533567e+01 
4.499565e+01 
4.499371e+01 
4.499102e+01 
4.498707e+01 
4.498149e+01 
4.497422e+01 
4.496561e+01 
4.495635e+01 
4.494740e+01 
4.493972e+01 
4.493410e+01 
4.493104e+01 
4.493065e+01 
4.493273e+01 
4.493681e+01 
4.494228e+01 
4.494849e+01 
4.495487e+01 
4.496099e+01 
4.496659e+01 
3.477937e+01 
7.525767e+01 
4.404840e+01 
2.550533e+01 
-7.327235e+01 
2.362959e+01 

4.665633e+01 
4.057592e+01 
5.912212e+01 
-8.283117e+01 
-5.766968e+01 
1.580394e+01 
4.493132e+01 
4.492059e+01 
4.491220e+01 
4.490730e+01 
4.490684e+01 
4.491123e+01 
4.491977e+01 
4.493043e+01 
4.494011e+01 
4.494574e+01 
4.494568e+01 
4.494055e+01 
4.493281e+01 
4.492532e+01 
4.492007e+01 
4.491779e+01 
4.491825e+01 
4.492078e+01 
4.492467e+01 
4.492937e+01 
1.318818e+01 
-7.707698e+01 
-8.936694e+01 
-8.644913e+01 
-3.456463e+01 
2.349622e+01 

4.666158e+01 
-7.822492e+00 
-5.068672e+01 
-5.651420e+01 
-5.125397e+01 
-1.077410e+01 
4.484044e+01 
4.481292e+01 
4.479010e+01 
4.477742e+01 
4.478010e+01 
4.480100e+01 
4.483902e+01 
4.488892e+01 
4.494187e+01 
4.498600e+01 
4.500854e+01 
4.500133e+01 
4.496804e+01 
4.492405e+01 
4.488598e+01 
4.486222e+01 
4.485272e+01 
4.485367e+01 
4.486098e+01 
4.487159e+01 
-6.293818e+00 
-6.087953e+01 
-6.726808e+01 
-5.942985e+01 
-2.670233e+01 
2.788849e+01 

4.873174e+01 
-1.182618e+01 
-3.644187e+01 
-3.655733e+01 
-2.711605e+01 
2.500446e+00 
4.484079e+01 
4.480196e+01 
4.476117e+01 
4.472691e+01 
4.471250e+01 
4.473067e+01 
4.478468e+01 
4.486483e+01 
4.495282e+01 
4.502645e+01 
4.506308e+01 
4.504895e+01 
4.499352e+01 
4.492709e+01 
4.487660e+01 
4.485050e+01 
4.484439e+01 
4.485072e+01 
4.486344e+01 
4.487867e+01 
1.311179e+00 
-4.723050e+01 
-5.323428e+01 
-4.362698e+01 
-1.673618e+01 
3.028821e+01 

5.012259e+01 
-9.957424e+00 
-3.066758e+01 
-2.185255e+01 
-2.099266e+00 
2.279231e+01 
4.494046e+01 
4.493030e+01 
4.491980e+01 
4.491091e+01 
4.490725e+01 
4.491412e+01 
4.493659e+01 
4.497507e+01 
4.502102e+01 
4.505822e+01 
4.507200e+01 
4.505925e+01 
4.502957e+01 
4.499693e+01 
4.497105e+01 
4.495515e+01 
4.494813e+01 
4.494736e+01 
4.495029e+01 
4.495505e+01 
2.830054e+01 
-1.295060e+01 
-2.785233e+01 
-2.651488e+01 
-9.753364e+00 
3.089731e+01 

5.136398e+01 
-8.675375e+00 
-3.014388e+01 
-1.949333e+01 
5.280396e+00 
2.909972e+01 
4.498008e+01 
4.498331e+01 
4.498847e+01 
4.499600e+01 
4.500622e+01 
4.501909e+01 
4.503399e+01 
4.504952e+01 
4.506362e+01 
4.507400e+01 
4.507893e+01 
4.507777e+01 
4.507121e+01 
4.506089e+01 
4.504881e+01 
4.503670e+01 
4.502574e+01 
4.501651e+01 
4.500918e+01 
4.500363e+01 
4.515712e+01 
3.433196e+01 
1.955429e+00 
-1.618424e+01 
-7.376121e+00 
3.187431e+01 

5.292327e+01 
-7.769677e+00 
-3.294120e+01 
-2.618422e+01 
-8.767356e-01 
2.584054e+01 
4.496998e+01 
4.497228e+01 
4.497681e+01 
4.498433e+01 
4.499558e+01 
4.501094e+01 
4.502998e+01 
4.505095e+01 
4.507082e+01 
4.508590e+01 
4.509321e+01 
4.509164e+01 
4.508235e+01 
4.506810e+01 
4.505199e+01 
4.503653e+01 
4.502318e+01 
4.501249e+01 
4.500442e+01 
4.499864e+01 
4.118368e+01 
2.375292e+01 
-3.091449e+00 
-1.748092e+01 
-7.221485e+00 
3.367523e+01 

5.428870e+01 
-6.660978e+00 
-3.573175e+01 
-3.308688e+01 
-7.587911e+00 
2.271398e+01 
4.495832e+01 
4.495910e+01 
4.496228e+01 
4.496901e+01 
4.498060e+01 
4.499814e+01 
4.502174e+01 
4.504954e+01 
4.507725e+01 
4.509902e+01 
4.510982e+01 
4.510774e+01 
4.509473e+01 
4.507528e+01 
4.505418e+01 
4.503487e+01 
4.501904e+01 
4.500703e+01 
4.499845e+01 
4.499269e+01 
3.710140e+01 
1.542935e+01 
-8.150883e+00 
-1.935717e+01 
-7.021875e+00 
3.539275e+01 

5.544088e+01 
-5.396591e+00 
-3.829640e+01 
-3.969397e+01 
-1.469226e+01 
1.973599e+01 
4.494535e+01 
4.494401e+01 
4.494503e+01 
4.494995e+01 
4.496077e+01 
4.497969e+01 
4.500791e+01 
4.504385e+01 
4.508170e+01 
4.511260e+01 
4.512833e+01 
4.512567e+01 
4.510781e+01 
4.508183e+01 
4.505483e+01 
4.503136e+01 
4.501316e+01 
4.500011e+01 
4.499137e+01 
4.498593e+01 
3.309320e+01 
8.106869e+00 
-1.358843e+01 
-2.175238e+01 
-6.840538e+00 
3.700007e+01 

5.636421e+01 
-4.025151e+00 
-4.039301e+01 
-4.543463e+01 
-2.169259e+01 
1.695164e+01 
4.493163e+01 
4.492764e+01 
4.492573e+01 
4.492778e+01 
4.493659e+01 
4.495574e+01 
4.498820e+01 
4.503307e+01 
4.508317e+01 
4.512557e+01 
4.514772e+01 
4.514452e+01 
4.512078e+01 
4.508716e+01 
4.505364e+01 
4.502597e+01 
4.500569e+01 
4.499202e+01 
4.498348e+01 
4.497865e+01 
2.929585e+01 
1.155720e+00 
-1.943468e+01 
-2.457456e+01 
-6.724607e+00 
3.847069e+01 

5.704717e+01 
-2.601097e+00 
-4.178639e+01 
-4.983304e+01 
-2.786509e+01 
1.445618e+01 
4.491795e+01 
4.491100e+01 
4.490566e+01 
4.490408e+01 
4.490985e+01 
4.492823e+01 
4.496422e+01 
4.501827e+01 
4.508167e+01 
4.513708e+01 
4.516668e+01 
4.516300e+01 
4.513283e+01 
4.509099e+01 
4.505083e+01 
4.501918e+01 
4.499724e+01 
4.498334e+01 
4.497530e+01 
4.497129e+01 
2.581619e+01 
-5.591916e+00 
-2.547808e+01 
-2.768556e+01 
-6.711296e+00 
3.977951e+01 

5.748221e+01 
-1.184832e+00 
-4.227676e+01 
-5.258204e+01 
-3.249546e+01 
1.239420e+01 
4.490530e+01 
4.489540e+01 
4.488655e+01 
4.488116e+01 
4.488354e+01 
4.490068e+01 
4.493953e+01 
4.500227e+01 
4.507851e+01 
4.514693e+01 
4.518402e+01 
4.517987e+01 
4.514340e+01 
4.509355e+01 
4.504718e+01 
4.501199e+01 
4.498877e+01 
4.497490e+01 
4.496753e+01 
4.496443e+01 
2.276048e+01 
-1.195762e+01 
-3.133418e+01 
-3.089824e+01 
-6.830762e+00 
4.090373e+01 

5.766551e+01 
1.612461e-01 
-4.172321e+01 
-5.351981e+01 
-3.507691e+01 
1.093161e+01 
4.489469e+01 
4.488222e+01 
4.487029e+01 
4.486155e+01 
4.486097e+01 
4.487698e+01 
4.491833e+01 
4.498835e+01 
4.507563e+01 
4.515513e+01 
4.519863e+01 
4.519408e+01 
4.515209e+01 
4.509543e+01 
4.504375e+01 
4.500562e+01 
4.498140e+01 
4.496765e+01 
4.496094e+01 
4.495867e+01 
2.025351e+01 
-1.754502e+01 
-3.655145e+01 
-3.398971e+01 
-7.106598e+00 
4.182348e+01 

5.759652e+01 
1.379518e+00 
-4.006298e+01 
-5.257042e+01 
-3.535969e+01 
1.020821e+01 
4.488707e+01 
4.487271e+01 
4.485854e+01 
4.484740e+01 
4.484481e+01 
4.486019e+01 
4.490356e+01 
4.497890e+01 
4.507409e+01 
4.516141e+01 
4.520945e+01 
4.520456e+01 
4.515859e+01 
4.509700e+01 
4.504144e+01 
4.500113e+01 
4.497613e+01 
4.496244e+01 
4.495621e+01 
4.495455e+01 
1.843535e+01 
-2.189804e+01 
-4.072721e+01 
-3.672980e+01 
-7.554673e+00 
4.252209e+01 

5.727764e+01 
2.424385e+00 
-3.732929e+01 
-4.971057e+01 
-3.331286e+01 
1.029090e+01 
4.488311e+01 
4.486778e+01 
4.485248e+01 
4.484017e+01 
4.483667e+01 
4.485192e+01 
4.489649e+01 
4.497462e+01 
4.507377e+01 
4.516500e+01 
4.521532e+01 
4.521032e+01 
4.516243e+01 
4.509834e+01 
4.504071e+01 
4.499916e+01 
4.497362e+01 
4.495989e+01 
4.495385e+01 
4.495248e+01 
1.743805e+01 
-2.463689e+01 
-4.357837e+01 
-3.891614e+01 
-8.181210e+00 
4.298607e+01 

5.671403e+01 
3.267470e+00 
-3.366455e+01 
-4.499438e+01 
-2.910933e+01 
1.114877e+01 
4.488318e+01 
4.486791e+01 
4.485270e+01 
4.484054e+01 
4.483723e+01 
4.485266e+01 
4.489732e+01 
4.497536e+01 
4.507426e+01 
4.516524e+01 
4.521555e+01 
4.521081e+01 
4.516324e+01 
4.509932e+01 
4.504164e+01 
4.499990e+01 
4.497417e+01 
4.496027e+01 
4.495410e+01 
4.495265e+01 
1.735461e+01 
-2.552308e+01 
-4.494978e+01 
-4.040446e+01 
-8.981128e+00 
4.320499e+01 

5.591366e+01 
3.899240e+00 
-2.931735e+01 
-3.863523e+01 
-2.316325e+01 
1.266078e+01 
4.488727e+01 
4.487308e+01 
4.485918e+01 
4.484846e+01 
4.484641e+01 
4.486234e+01 
4.490601e+01 
4.498113e+01 
4.507563e+01 
4.516226e+01 
4.521024e+01 
4.520603e+01 
4.516093e+01 
4.509979e+01 
4.504407e+01 
4.500325e+01 
4.497767e+01 
4.496351e+01 
4.495692e+01 
4.495504e+01 
1.821501e+01 
-2.446717e+01 
-4.479000e+01 
-4.112683e+01 
-9.937705e+00 
4.317136e+01 

5.488755e+01 
4.327054e+00 
-2.461016e+01 
-3.109218e+01 
-1.614090e+01 
1.465062e+01 
4.489498e+01 
4.488277e+01 
4.487126e+01 
4.486315e+01 
4.486341e+01 
4.488029e+01 
4.492216e+01 
4.499195e+01 
4.507829e+01 
4.515681e+01 
4.520019e+01 
4.519653e+01 
4.515569e+01 
4.509958e+01 
4.504763e+01 
4.500874e+01 
4.498367e+01 
4.496923e+01 
4.496201e+01 
4.495939e+01 
1.998045e+01 
-2.152611e+01 
-4.313389e+01 
-4.109728e+01 
-1.102416e+01 
4.288068e+01 

5.365017e+01 
4.570918e+00 
-1.987959e+01 
-2.305436e+01 
-8.838301e+00 
1.693333e+01 
4.490563e+01 
4.489605e+01 
4.488771e+01 
4.488307e+01 
4.488646e+01 
4.490466e+01 
4.494421e+01 
4.500678e+01 
4.508206e+01 
4.514942e+01 
4.518632e+01 
4.518304e+01 
4.514770e+01 
4.509837e+01 
4.505163e+01 
4.501558e+01 
4.499141e+01 
4.497674e+01 
4.496879e+01 
4.496529e+01 
2.255819e+01 
-1.690914e+01 
-4.011071e+01 
-4.040835e+01 
-1.220707e+01 
4.233159e+01 

5.221976e+01 
4.658667e+00 
-1.541211e+01 
-1.526217e+01 
-1.947648e+00 
1.935591e+01 
4.491826e+01 
4.491164e+01 
4.490682e+01 
4.490601e+01 
4.491279e+01 
4.493223e+01 
4.496893e+01 
4.502291e+01 
4.508549e+01 
4.513998e+01 
4.516937e+01 
4.516636e+01 
4.513710e+01 
4.509565e+01 
4.505513e+01 
4.502268e+01 
4.499985e+01 
4.498518e+01 
4.497658e+01 
4.497217e+01 
2.582968e+01 
-1.095773e+01 
-3.596971e+01 
-3.922119e+01 
-1.345058e+01 
4.152632e+01 

5.061837e+01 
4.621998e+00 
-1.140379e+01 
-8.273189e+00 
4.119666e+00 
2.182067e+01 
4.493187e+01 
4.492817e+01 
4.492673e+01 
4.492945e+01 
4.493911e+01 
4.495915e+01 
4.499219e+01 
4.503705e+01 
4.508655e+01 
4.512825e+01 
4.515021e+01 
4.514746e+01 
4.512435e+01 
4.509101e+01 
4.505722e+01 
4.502894e+01 
4.500795e+01 
4.499366e+01 
4.498463e+01 
4.497944e+01 
2.967561e+01 
-4.036416e+00 
-3.109145e+01 
-3.775114e+01 
-1.472017e+01 
4.047107e+01 

4.887149e+01 
4.494166e+00 
-7.954892e+00 
-2.350036e+00 
9.247648e+00 
2.428912e+01 
4.494547e+01 
4.494437e+01 
4.494576e+01 
4.495118e+01 
4.496263e+01 
4.498216e+01 
4.501077e+01 
4.504668e+01 
4.508413e+01 
4.511458e+01 
4.513017e+01 
4.512778e+01 
4.511032e+01 
4.508455e+01 
4.505741e+01 
4.503356e+01 
4.501488e+01 
4.500139e+01 
4.499228e+01 
4.498657e+01 
3.397953e+01 
3.699928e+00 
-2.595073e+01 
-3.625129e+01 
-1.598468e+01 
3.917634e+01 

4.700725e+01 
4.309602e+00 
-5.089389e+00 
2.495564e+00 
1.352485e+01 
2.677097e+01 
4.495830e+01 
4.495924e+01 
4.496269e+01 
4.496975e+01 
4.498172e+01 
4.499961e+01 
4.502341e+01 
4.505116e+01 
4.507862e+01 
4.510012e+01 
4.511084e+01 
4.510891e+01 
4.509616e+01 
4.507688e+01 
4.505576e+01 
4.503627e+01 
4.502017e+01 
4.500788e+01 
4.499907e+01 
4.499313e+01 
3.860246e+01 
1.268356e+01 
-2.103117e+01 
-3.500125e+01 
-1.721564e+01 
3.765702e+01 

4.505528e+01 
4.105452e+00 
-2.782034e+00 
6.398133e+00 
1.714794e+01 
2.930419e+01 
4.496982e+01 
4.497221e+01 
4.497689e+01 
4.498460e+01 
4.499605e+01 
4.501157e+01 
4.503066e+01 
4.505157e+01 
4.507127e+01 
4.508621e+01 
4.509347e+01 
4.509200e+01 
4.508289e+01 
4.506878e+01 
4.505273e+01 
4.503723e+01 
4.502377e+01 
4.501294e+01 
4.500475e+01 
4.499886e+01 
4.334333e+01 
2.467638e+01 
-1.674556e+01 
-3.431382e+01 
-1.838361e+01 
3.593207e+01 

4.304524e+01 
3.925014e+00 
-9.811778e-01 
9.555594e+00 
2.036506e+01 
3.193113e+01 
4.497978e+01 
4.498305e+01 
4.498828e+01 
4.499588e+01 
4.500617e+01 
4.501908e+01 
4.503397e+01 
4.504942e+01 
4.506340e+01 
4.507370e+01 
4.507861e+01 
4.507752e+01 
4.507109e+01 
4.506090e+01 
4.504892e+01 
4.503684e+01 
4.502587e+01 
4.501661e+01 
4.500924e+01 
4.500365e+01 
4.792390e+01 
4.461608e+01 
-1.345332e+01 
-3.458312e+01 
-1.945068e+01 
3.402387e+01 

4.188598e+01 
3.406737e+00 
-3.530207e+00 
2.724042e+00 
1.085978e+01 
2.519549e+01 
4.494002e+01 
4.493407e+01 
4.492997e+01 
4.492983e+01 
4.493651e+01 
4.495297e+01 
4.498032e+01 
4.501495e+01 
4.504706e+01 
4.506400e+01 
4.505808e+01 
4.503252e+01 
4.499926e+01 
4.497068e+01 
4.495309e+01 
4.494638e+01 
4.494721e+01 
4.495205e+01 
4.495836e+01 
4.496472e+01 
3.284277e+01 
-1.716265e+01 
-4.038736e+01 
-4.039828e+01 
-2.076529e+01 
3.271385e+01 

4.140353e+01 
2.309015e+00 
-1.017477e+01 
-1.079230e+01 
-6.137973e+00 
1.200390e+01 
4.486379e+01 
4.484539e+01 
4.482978e+01 
4.482191e+01 
4.482891e+01 
4.485774e+01 
4.490912e+01 
4.497129e+01 
4.502240e+01 
4.504212e+01 
4.502198e+01 
4.496785e+01 
4.489768e+01 
4.483508e+01 
4.479809e+01 
4.479061e+01 
4.480479e+01 
4.482980e+01 
4.485751e+01 
4.488358e+01 
2.455610e+00 
-5.394772e+01 
-6.223241e+01 
-5.252845e+01 
-2.261198e+01 
3.154726e+01 

4.051536e+01 
2.202253e+00 
-1.505510e+01 
-1.781252e+01 
-1.298003e+01 
9.798303e+00 
4.487076e+01 
4.486086e+01 
4.485522e+01 
4.485702e+01 
4.486963e+01 
4.489467e+01 
4.492917e+01 
4.496443e+01 
4.498870e+01 
4.499265e+01 
4.497342e+01 
4.493525e+01 
4.488788e+01 
4.484343e+01 
4.481217e+01 
4.479889e+01 
4.480225e+01 
4.481723e+01 
4.483831e+01 
4.486128e+01 
-1.172880e+01 
-6.956655e+01 
-7.772167e+01 
-7.186135e+01 
-2.265069e+01 
2.938725e+01 

3.976271e+01 
1.447789e+01 
-1.115331e+01 
-1.163102e+01 
1.560141e+00 
2.878267e+01 
4.495831e+01 
4.495701e+01 
4.495600e+01 
4.495530e+01 
4.495486e+01 
4.495450e+01 
4.495375e+01 
4.495174e+01 
4.494741e+01 
4.493995e+01 
4.492941e+01 
4.491703e+01 
4.490490e+01 
4.489526e+01 
4.488968e+01 
4.488877e+01 
4.489219e+01 
4.489905e+01 
4.490828e+01 
4.491890e+01 
7.451082e+00 
-8.116614e+01 
8.102879e+01 
6.538166e+01 
2.289741e+01 
2.803519e+01 

4.349476e+01 
6.691512e+01 
-7.444458e+01 
-5.728050e+01 
-8.894028e+01 
4.992823e+01 
4.499929e+01 
4.499363e+01 
4.498652e+01 
4.497810e+01 
4.496872e+01 
4.495896e+01 
4.494960e+01 
4.494144e+01 
4.493524e+01 
4.493148e+01 
4.493038e+01 
4.493178e+01 
4.493526e+01 
4.494017e+01 
4.494584e+01 
4.495168e+01 
4.495726e+01 
4.496238e+01 
4.496701e+01 
4.497126e+01 
3.562489e+01 
-7.768441e+01 
4.202826e+01 
-5.177541e+00 
8.263893e+01 
3.199422e+01 

5.387543e+01 
-8.461425e+01 
-4.233230e+01 
-1.562598e+01 
8.221509e+01 
4.329902e+01 
4.498745e+01 
4.498359e+01 
4.498037e+01 
4.497787e+01 
4.497608e+01 
4.497493e+01 
4.497431e+01 
4.497408e+01 
4.497412e+01 
4.497432e+01 
4.497463e+01 
4.497503e+01 
4.497555e+01 
4.497624e+01 
4.497719e+01 
4.497848e+01 
4.498018e+01 
4.498232e+01 
4.498488e+01 
4.498778e+01 
4.169616e+01 
3.420632e+01 
-8.977509e-01 
-3.221282e+01 
-8.687075e+01 
4.049528e+01 

