4.824573e+01
4.259031e+01
3.547083e+01
3.874911e+01
4.291490e+01
4.534276e+01
4.684845e+01
4.833055e+01
4.964842e+01
5.077993e+01
5.170829e+01
5.242286e+01
5.291891e+01
5.319646e+01
5.325847e+01
5.310894e+01
5.275132e+01
5.218803e+01
5.142086e+01
5.045261e+01
4.928910e+01
4.794117e+01
4.642599e+01
4.476703e+01
4.299288e+01
4.113500e+01
4.004915e+01
3.943299e+01
3.795218e+01
3.631791e+01
3.964115e+01
5.019928e+01

-7.726637e+01
-8.263815e+01
-6.320890e+01
-3.191136e+01
-2.096636e+01
-1.525918e+01
-1.216466e+01
-9.848873e+00
-7.424209e+00
-4.971155e+00
-2.576459e+00
-3.347988e-01
1.656930e+00
3.310367e+00
4.557689e+00
5.360860e+00
5.715467e+00
5.648558e+00
5.211645e+00
4.471027e+00
3.497816e+00
2.359789e+00
1.116495e+00
-1.817633e-01
-1.491068e+00
-2.767276e+00
-4.137444e+00
-5.597578e+00
-5.233440e+00
1.164123e+01
7.731373e+01
-7.943451e+01

-2.492024e+01
-4.182159e+01
-9.440128e-01
-8.695742e+01
-4.809686e+01
-3.612429e+01
-3.301875e+01
-3.358940e+01
-3.437392e+01
-3.520519e+01
-3.589513e+01
-3.624237e+01
-3.605245e+01
-3.517063e+01
-3.352101e+01
-3.113863e+01
-2.817639e+01
-2.487508e+01
-2.150427e+01
-1.830092e+01
-1.543282e+01
-1.299423e+01
-1.102321e+01
-9.525487e+00
-8.495394e+00
-7.930928e+00
-1.080584e+01
-1.701357e+01
-2.252715e+01
-2.439681e+01
-4.071477e+01
-3.163484e+01

1.234424e+01
4.728324e+00
2.537556e+01
7.547631e+01
-5.511972e+01
-2.847692e+01
-2.303433e+01
-2.756506e+01
-3.251378e+01
-3.764441e+01
-4.255776e+01
-4.675561e+01
-4.973251e+01
-5.105556e+01
-5.041031e+01
-4.763682e+01
-4.279888e+01
-3.628128e+01
-2.880900e+01
-2.126487e+01
-1.438026e+01
-8.545181e+00
-3.836591e+00
-1.495904e-01
2.692440e+00
4.885496e+00
-1.241962e+00
-1.462389e+01
-2.545129e+01
-5.654241e+01
-1.197414e+01
2.513363e+00

3.358465e+01
3.251740e+01
3.902774e+01
7.667643e+01
-4.844122e+01
-6.388999e+00
3.114812e+00
-3.067087e+00
-9.684936e+00
-1.687992e+01
-2.438135e+01
-3.150457e+01
-3.732594e+01
-4.098140e+01
-4.187491e+01
-3.973269e+01
-3.465237e+01
-2.723743e+01
-1.862096e+01
-1.010022e+01
-2.590363e+00
3.585672e+00
8.528344e+00
1.252670e+01
1.593046e+01
1.913024e+01
1.117965e+01
-6.518611e+00
-1.835289e+01
-2.910851e+01
-3.059447e+00
2.994640e+01

4.210203e+01
4.031149e+01
2.825265e+01
-3.965529e+01
-1.607938e+00
2.388893e+01
2.967731e+01
2.542665e+01
2.136433e+01
1.741520e+01
1.353327e+01
9.779166e+00
6.383149e+00
3.744317e+00
2.316896e+00
2.406453e+00
3.997574e+00
6.742593e+00
1.012502e+01
1.367694e+01
1.711213e+01
2.033861e+01
2.340299e+01
2.642427e+01
2.954036e+01
3.286696e+01
2.848961e+01
1.757591e+01
1.714520e+01
3.894563e+01
5.172968e+01
4.015781e+01

4.498774e+01
4.497108e+01
4.495536e+01
4.488829e+01
4.487049e+01
4.495014e+01
4.498262e+01
4.497047e+01
4.495544e+01
4.493733e+01
4.491640e+01
4.489352e+01
4.487043e+01
4.484957e+01
4.483373e+01
4.482536e+01
4.482584e+01
4.483505e+01
4.485143e+01
4.487246e+01
4.489540e+01
4.491789e+01
4.493835e+01
4.495599e+01
4.497063e+01
4.498246e+01
4.495896e+01
4.491119e+01
4.491944e+01
4.497273e+01
4.498313e+01
4.497944e+01

4.498488e+01
4.496586e+01
4.494567e+01
4.487894e+01
4.485109e+01
4.494848e+01
4.498946e+01
4.497729e+01
4.496162e+01
4.494197e+01
4.491829e+01
4.489138e+01
4.486323e+01
4.483705e+01
4.481679e+01
4.480602e+01
4.480679e+01
4.481889e+01
4.483996e+01
4.486631e+01
4.489413e+01
4.492041e+01
4.494338e+01
4.496238e+01
4.497751e+01
4.498927e+01
4.496121e+01
4.490618e+01
4.491565e+01
4.496813e+01
4.497453e+01
4.497559e+01

4.498200e+01
4.496098e+01
4.493691e+01
4.487559e+01
4.483672e+01
4.494945e+01
4.499863e+01
4.498724e+01
4.497185e+01
4.495159e+01
4.492599e+01
4.489550e+01
4.486224e+01
4.483023e+01
4.480488e+01
4.479132e+01
4.479252e+01
4.480812e+01
4.483461e+01
4.486674e+01
4.489936e+01
4.492885e+01
4.495342e+01
4.497279e+01
4.498750e+01
4.499840e+01
4.496654e+01
4.490586e+01
4.491591e+01
4.496347e+01
4.496535e+01
4.497235e+01

4.497920e+01
4.495628e+01
4.492978e+01
4.487916e+01
4.483306e+01
4.495459e+01
4.501010e+01
4.500049e+01
4.498667e+01
4.496739e+01
4.494160e+01
4.490923e+01
4.487225e+01
4.483541e+01
4.480559e+01
4.478953e+01
4.479125e+01
4.481019e+01
4.484151e+01
4.487833e+01
4.491425e+01
4.494516e+01
4.496956e+01
4.498773e+01
4.500073e+01
4.500978e+01
4.497586e+01
4.491296e+01
4.492201e+01
4.495907e+01
4.495588e+01
4.496972e+01

4.497658e+01
4.495154e+01
4.492502e+01
4.488916e+01
4.484489e+01
4.496542e+01
4.502352e+01
4.501678e+01
4.500605e+01
4.498982e+01
4.496652e+01
4.493545e+01
4.489818e+01
4.485959e+01
4.482751e+01
4.481018e+01
4.481237e+01
4.483331e+01
4.486714e+01
4.490553e+01
4.494133e+01
4.497051e+01
4.499212e+01
4.500707e+01
4.501690e+01
4.502306e+01
4.498972e+01
4.492980e+01
4.493478e+01
4.495514e+01
4.494649e+01
4.496771e+01

4.497420e+01
4.494652e+01
4.492321e+01
4.490436e+01
4.487304e+01
4.498277e+01
4.503816e+01
4.503522e+01
4.502903e+01
4.501800e+01
4.500028e+01
4.497463e+01
4.494182e+01
4.490636e+01
4.487614e+01
4.485956e+01
4.486194e+01
4.488240e+01
4.491444e+01
4.494955e+01
4.498064e+01
4.500422e+01
4.502013e+01
4.502984e+01
4.503513e+01
4.503749e+01
4.500781e+01
4.495647e+01
4.495293e+01
4.495164e+01
4.493760e+01
4.496626e+01

4.497212e+01
4.494108e+01
4.492458e+01
4.492376e+01
4.491364e+01
4.500590e+01
4.505289e+01
4.505433e+01
4.505365e+01
4.504943e+01
4.503979e+01
4.502306e+01
4.499923e+01
4.497149e+01
4.494664e+01
4.493279e+01
4.493496e+01
4.495234e+01
4.497880e+01
4.500615e+01
4.502834e+01
4.504312e+01
4.505107e+01
4.505408e+01
4.505395e+01
4.505199e+01
4.502851e+01
4.498921e+01
4.497259e+01
4.494822e+01
4.492967e+01
4.496530e+01

4.497034e+01
4.493526e+01
4.492869e+01
4.494654e+01
4.496040e+01
4.503186e+01
4.506637e+01
4.507220e+01
4.507721e+01
4.508029e+01
4.507969e+01
4.507346e+01
4.506066e+01
4.504305e+01
4.502584e+01
4.501573e+01
4.501738e+01
4.503018e+01
4.504862e+01
4.506592e+01
4.507742e+01
4.508206e+01
4.508128e+01
4.507720e+01
4.507150e+01
4.506525e+01
4.504877e+01
4.502059e+01
4.498858e+01
4.494427e+01
4.492309e+01
4.496475e+01

4.496884e+01
4.492935e+01
4.493432e+01
4.497125e+01
4.500638e+01
4.505581e+01
4.507724e+01
4.508682e+01
4.509681e+01
4.510637e+01
4.511394e+01
4.511737e+01
4.511488e+01
4.510682e+01
4.509676e+01
4.509023e+01
4.509133e+01
4.509966e+01
4.511058e+01
4.511844e+01
4.512000e+01
4.511541e+01
4.510678e+01
4.509642e+01
4.508588e+01
4.507595e+01
4.506472e+01
4.504247e+01
4.499671e+01
4.493921e+01
4.491822e+01
4.496453e+01

4.496761e+01
4.492379e+01
4.493953e+01
4.499465e+01
4.504392e+01
4.507240e+01
4.508433e+01
4.509649e+01
4.510995e+01
4.512411e+01
4.513757e+01
4.514806e+01
4.515329e+01
4.515259e+01
4.514828e+01
4.514474e+01
4.514550e+01
4.515031e+01
4.515526e+01
4.515585e+01
4.514995e+01
4.513854e+01
4.512421e+01
4.510937e+01
4.509544e+01
4.508298e+01
4.507283e+01
4.504926e+01
4.499515e+01
4.493283e+01
4.491522e+01
4.496458e+01

4.496660e+01
4.491915e+01
4.494226e+01
4.501111e+01
4.506434e+01
4.507775e+01
4.508693e+01
4.510011e+01
4.511504e+01
4.513125e+01
4.514752e+01
4.516169e+01
4.517132e+01
4.517527e+01
4.517493e+01
4.517372e+01
4.517448e+01
4.517697e+01
4.517797e+01
4.517396e+01
4.516366e+01
4.514859e+01
4.513144e+01
4.511454e+01
4.509913e+01
4.508562e+01
4.507133e+01
4.503943e+01
4.498435e+01
4.492549e+01
4.491416e+01
4.496487e+01

4.496579e+01
4.491595e+01
4.494120e+01
4.501389e+01
4.506055e+01
4.507103e+01
4.508483e+01
4.509742e+01
4.511165e+01
4.512714e+01
4.514286e+01
4.515694e+01
4.516725e+01
4.517266e+01
4.517416e+01
4.517440e+01
4.517549e+01
4.517706e+01
4.517647e+01
4.517096e+01
4.515980e+01
4.514458e+01
4.512780e+01
4.511148e+01
4.509667e+01
4.508370e+01
4.506090e+01
4.501506e+01
4.496621e+01
4.491805e+01
4.491494e+01
4.496536e+01

4.496517e+01
4.491458e+01
4.493658e+01
4.499904e+01
4.503251e+01
4.505463e+01
4.507845e+01
4.508897e+01
4.510056e+01
4.511281e+01
4.512480e+01
4.513502e+01
4.514194e+01
4.514504e+01
4.514556e+01
4.514578e+01
4.514738e+01
4.514982e+01
4.515060e+01
4.514731e+01
4.513923e+01
4.512750e+01
4.511416e+01
4.510087e+01
4.508856e+01
4.507756e+01
4.504440e+01
4.498111e+01
4.494341e+01
4.491164e+01
4.491736e+01
4.496608e+01

4.496475e+01
4.491521e+01
4.493012e+01
4.496976e+01
4.498984e+01
4.503307e+01
4.506865e+01
4.507604e+01
4.508362e+01
4.509083e+01
4.509676e+01
4.510023e+01
4.510046e+01
4.509780e+01
4.509430e+01
4.509278e+01
4.509487e+01
4.509981e+01
4.510496e+01
4.510738e+01
4.510570e+01
4.510042e+01
4.509287e+01
4.508444e+01
4.507601e+01
4.506804e+01
4.502573e+01
4.494476e+01
4.491927e+01
4.490737e+01
4.492117e+01
4.496703e+01

4.496458e+01
4.491781e+01
4.492410e+01
4.493579e+01
4.494678e+01
4.501106e+01
4.505664e+01
4.506040e+01
4.506336e+01
4.506482e+01
4.506385e+01
4.505961e+01
4.505194e+01
4.504231e+01
4.503376e+01
4.502962e+01
4.503190e+01
4.503978e+01
4.505016e+01
4.505959e+01
4.506575e+01
4.506810e+01
4.506735e+01
4.506458e+01
4.506069e+01
4.505630e+01
4.500841e+01
4.491389e+01
4.489765e+01
4.490606e+01
4.492610e+01
4.496823e+01

4.496470e+01
4.492215e+01
4.492033e+01
4.490718e+01
4.491380e+01
4.499212e+01
4.504372e+01
4.504389e+01
4.504244e+01
4.503861e+01
4.503153e+01
4.502070e+01
4.500663e+01
4.499143e+01
4.497872e+01
4.497239e+01
4.497449e+01
4.498432e+01
4.499878e+01
4.501391e+01
4.502670e+01
4.503582e+01
4.504130e+01
4.504389e+01
4.504441e+01
4.504359e+01
4.499462e+01
4.489436e+01
4.488234e+01
4.490806e+01
4.493193e+01
4.496972e+01

4.496519e+01
4.492791e+01
4.491958e+01
4.488907e+01
4.489438e+01
4.497800e+01
4.503105e+01
4.502815e+01
4.502311e+01
4.501524e+01
4.500391e+01
4.498900e+01
4.497144e+01
4.495370e+01
4.493938e+01
4.493205e+01
4.493372e+01
4.494386e+01
4.495970e+01
4.497753e+01
4.499418e+01
4.500777e+01
4.501779e+01
4.502458e+01
4.502878e+01
4.503107e+01
4.498503e+01
4.488772e+01
4.487576e+01
4.491324e+01
4.493844e+01
4.497151e+01

4.496613e+01
4.493466e+01
4.492172e+01
4.488154e+01
4.488700e+01
4.496891e+01
4.501953e+01
4.501432e+01
4.500681e+01
4.499647e+01
4.498298e+01
4.496657e+01
4.494844e+01
4.493089e+01
4.491705e+01
4.490990e+01
4.491109e+01
4.492027e+01
4.493529e+01
4.495305e+01
4.497066e+01
4.498616e+01
4.499867e+01
4.500815e+01
4.501496e+01
4.501963e+01
4.497924e+01
4.489156e+01
4.487804e+01
4.492104e+01
4.494546e+01
4.497359e+01

4.496758e+01
4.494203e+01
4.492608e+01
4.488215e+01
4.488829e+01
4.496414e+01
4.500971e+01
4.500302e+01
4.499414e+01
4.498275e+01
4.496880e+01
4.495279e+01
4.493592e+01
4.492021e+01
4.490811e+01
4.490183e+01
4.490262e+01
4.491027e+01
4.492324e+01
4.493920e+01
4.495581e+01
4.497126e+01
4.498453e+01
4.499527e+01
4.500360e+01
4.500984e+01
4.497636e+01
4.490173e+01
4.488719e+01
4.493064e+01
4.495283e+01
4.497596e+01

4.496960e+01
4.494963e+01
4.493185e+01
4.488800e+01
4.489495e+01
4.496261e+01
4.500180e+01
4.499439e+01
4.498505e+01
4.497366e+01
4.496037e+01
4.494577e+01
4.493098e+01
4.491761e+01
4.490751e+01
4.490228e+01
4.490279e+01
4.490894e+01
4.491965e+01
4.493325e+01
4.494793e+01
4.496220e+01
4.497503e+01
4.498596e+01
4.499487e+01
4.500193e+01
4.497546e+01
4.491455e+01
4.490034e+01
4.494118e+01
4.496041e+01
4.497859e+01

3.331089e+01
2.611135e+01
1.042506e+00
-2.089737e+01
-2.470341e+00
3.152694e+01
4.429392e+01
3.861673e+01
3.310246e+01
2.791028e+01
2.306048e+01
1.852838e+01
1.435420e+01
1.072180e+01
7.962107e+00
6.454457e+00
6.460334e+00
7.991628e+00
1.080812e+01
1.454791e+01
1.890006e+01
2.371240e+01
2.899004e+01
3.480134e+01
4.112811e+01
4.772251e+01
3.878225e+01
9.188104e+00
-1.348983e+01
1.438011e+01
3.433805e+01
3.786256e+01

-5.570703e+01
4.412062e+01
5.448392e+01
8.260909e+01
-7.379252e+01
-2.259499e+01
2.672308e+01
1.593974e+01
8.388728e+00
1.752983e+00
-4.902513e+00
-1.184530e+01
-1.883897e+01
-2.523949e+01
-3.022181e+01
-3.307924e+01
-3.341672e+01
-3.120099e+01
-2.675896e+01
-2.074072e+01
-1.395797e+01
-7.090101e+00
-4.016025e-01
6.495268e+00
1.531006e+01
3.297948e+01
-2.241844e+01
-7.624241e+01
7.614928e+01
4.678980e+01
3.515370e+01
-4.862256e+01

4.454459e+01
2.452314e+01
5.112167e+01
8.465885e+01
-7.072212e+01
-3.584247e+01
-7.843983e+00
-1.030844e+01
-1.344256e+01
-1.733628e+01
-2.194974e+01
-2.708050e+01
-3.233733e+01
-3.718000e+01
-4.103895e+01
-4.345640e+01
-4.417566e+01
-4.316572e+01
-4.061423e+01
-3.690525e+01
-3.256437e+01
-2.816258e+01
-2.421917e+01
-2.117346e+01
-1.949293e+01
-2.012516e+01
-4.206872e+01
-7.239558e+01
7.659159e+01
3.665473e+01
8.775568e+00
2.453743e+01

4.265691e+00
5.357400e+00
5.869098e+01
-7.586154e+01
-5.238586e+01
-3.267389e+01
-2.221300e+01
-2.189772e+01
-2.225606e+01
-2.316032e+01
-2.450527e+01
-2.617895e+01
-2.804493e+01
-2.993726e+01
-3.167194e+01
-3.307494e+01
-3.401822e+01
-3.444980e+01
-3.440516e+01
-3.399729e+01
-3.339254e+01
-3.278468e+01
-3.237859e+01
-3.239096e+01
-3.307424e+01
-3.477760e+01
-4.072275e+01
-5.299148e+01
-8.012655e+01
2.423335e+01
-2.880040e+01
-1.968781e+01

-5.232938e+01
-4.838048e+01
-5.056352e+01
-3.420896e+01
-2.324480e+01
-1.505603e+01
-1.110311e+01
-9.581418e+00
-8.060547e+00
-6.597662e+00
-5.245721e+00
-4.060502e+00
-3.102448e+00
-2.434063e+00
-2.113792e+00
-2.187889e+00
-2.682366e+00
-3.597290e+00
-4.905301e+00
-6.555209e+00
-8.480036e+00
-1.060733e+01
-1.286873e+01
-1.520598e+01
-1.757162e+01
-1.992370e+01
-2.237292e+01
-2.535909e+01
-2.841238e+01
3.156204e+01
-8.493228e+01
-7.472004e+01

3.377851e+01
2.273881e+01
2.308138e+01
2.843950e+01
3.202638e+01
3.351554e+01
3.471659e+01
3.640351e+01
3.798967e+01
3.944724e+01
4.075128e+01
4.188138e+01
4.282245e+01
4.356447e+01
4.410135e+01
4.442922e+01
4.454482e+01
4.444454e+01
4.412425e+01
4.358027e+01
4.281095e+01
4.181860e+01
4.061108e+01
3.920260e+01
3.761344e+01
3.586868e+01
3.458875e+01
3.321731e+01
3.054929e+01
2.807146e+01
3.245385e+01
4.151686e+01

