7.172260e+02 
1.543199e+03 
2.791014e+03 
4.260656e+03 
4.988011e+03 
5.227847e+03 
5.302424e+03 
5.361719e+03 
5.395326e+03 
5.406304e+03 
5.398698e+03 
5.376994e+03 
5.345551e+03 
5.308094e+03 
5.267360e+03 
5.224903e+03 
5.181030e+03 
5.134825e+03 
5.084241e+03 
5.026290e+03 
4.957349e+03 
4.873635e+03 
4.771785e+03 
4.649438e+03 
4.505689e+03 
4.341265e+03 
4.235507e+03 
4.105937e+03 
3.719403e+03 
2.875340e+03 
1.713673e+03 
7.715608e+02 

5.473120e+02 
1.297133e+03 
7.637637e+01 
1.356739e+03 
3.776764e+03 
5.300467e+03 
6.501552e+03 
8.133737e+03 
9.854959e+03 
1.156706e+04 
1.314990e+04 
1.447749e+04 
1.543990e+04 
1.596363e+04 
1.602310e+04 
1.563999e+04 
1.487320e+04 
1.380481e+04 
1.252666e+04 
1.112941e+04 
9.694535e+03 
8.288843e+03 
6.961939e+03 
5.746289e+03 
4.659450e+03 
3.707487e+03 
3.220684e+03 
2.828115e+03 
1.803035e+03 
5.935671e+02 
4.982813e+02 
6.040999e+02 

5.394741e+02 
3.803204e+03 
3.756596e+03 
1.941706e+03 
3.869008e+03 
5.718690e+03 
7.613366e+03 
1.040858e+04 
1.375630e+04 
1.760272e+04 
2.178946e+04 
2.602501e+04 
2.988162e+04 
3.283766e+04 
3.438066e+04 
3.416404e+04 
3.216165e+04 
2.872024e+04 
2.444534e+04 
1.997925e+04 
1.581149e+04 
1.220977e+04 
9.253719e+03 
6.907063e+03 
5.081601e+03 
3.677775e+03 
2.996657e+03 
2.497670e+03 
1.361788e+03 
1.375571e+02 
4.085841e+02 
5.134696e+02 

1.012799e+02 
2.332896e+03 
3.806236e+03 
2.044273e+03 
2.070463e+03 
3.188298e+03 
4.950754e+03 
7.748975e+03 
1.136592e+04 
1.567065e+04 
2.035109e+04 
2.499633e+04 
2.922907e+04 
3.276542e+04 
3.533914e+04 
3.656307e+04 
3.590420e+04 
3.296125e+04 
2.796726e+04 
2.194230e+04 
1.612782e+04 
1.131115e+04 
7.688510e+03 
5.110238e+03 
3.327084e+03 
2.111548e+03 
1.573881e+03 
1.258744e+03 
5.937852e+02 
2.393702e+01 
3.163400e+02 
1.712142e+02 

1.936030e+00 
2.114749e+02 
6.980510e+02 
7.089507e+02 
6.370794e+02 
9.682324e+02 
1.687172e+03 
3.069894e+03 
5.275553e+03 
8.496476e+03 
1.267122e+04 
1.734555e+04 
2.182895e+04 
2.554696e+04 
2.815266e+04 
2.930310e+04 
2.848674e+04 
2.533224e+04 
2.029650e+04 
1.472761e+04 
9.910287e+03 
6.355267e+03 
3.960513e+03 
2.420820e+03 
1.452747e+03 
8.517044e+02 
6.146671e+02 
4.965848e+02 
2.127414e+02 
3.332980e+00 
5.825974e+01 
1.689047e+00 

6.383691e+01 
1.999887e+01 
7.560343e-01 
2.067920e+01 
1.085449e+02 
2.110970e+02 
3.080204e+02 
4.735581e+02 
7.436196e+02 
1.172504e+03 
1.821086e+03 
2.726545e+03 
3.845403e+03 
4.998631e+03 
5.887522e+03 
6.220621e+03 
5.882711e+03 
5.008711e+03 
3.893130e+03 
2.816937e+03 
1.938036e+03 
1.292700e+03 
8.497360e+02 
5.579865e+02 
3.704138e+02 
2.513813e+02 
2.007345e+02 
1.653718e+02 
9.368813e+01 
4.271382e+01 
2.811003e+01 
5.222525e+01 

9.991173e+01 
9.974958e+01 
9.954571e+01 
9.952703e+01 
9.992804e+01 
1.002100e+02 
1.003513e+02 
1.005772e+02 
1.008746e+02 
1.012525e+02 
1.017111e+02 
1.022338e+02 
1.027808e+02 
1.032889e+02 
1.036817e+02 
1.038890e+02 
1.038704e+02 
1.036292e+02 
1.032118e+02 
1.026904e+02 
1.021406e+02 
1.016226e+02 
1.011728e+02 
1.008049e+02 
1.005175e+02 
1.003004e+02 
1.002113e+02 
1.001332e+02 
9.994364e+01 
9.978524e+01 
9.974505e+01 
9.988245e+01 

9.991333e+01 
9.975055e+01 
9.951009e+01 
9.940116e+01 
9.978325e+01 
1.000843e+02 
1.002063e+02 
1.004291e+02 
1.007382e+02 
1.011520e+02 
1.016803e+02 
1.023122e+02 
1.030031e+02 
1.036682e+02 
1.041950e+02 
1.044754e+02 
1.044454e+02 
1.041115e+02 
1.035482e+02 
1.028669e+02 
1.021770e+02 
1.015566e+02 
1.010445e+02 
1.006473e+02 
1.003531e+02 
1.001430e+02 
1.000673e+02 
9.999018e+01 
9.981534e+01 
9.970943e+01 
9.972661e+01 
9.989176e+01 

9.991608e+01 
9.974996e+01 
9.947490e+01 
9.926820e+01 
9.959633e+01 
9.991425e+01 
1.000020e+02 
1.001999e+02 
1.004940e+02 
1.009136e+02 
1.014827e+02 
1.022031e+02 
1.030312e+02 
1.038619e+02 
1.045381e+02 
1.048999e+02 
1.048521e+02 
1.044069e+02 
1.036783e+02 
1.028302e+02 
1.020111e+02 
1.013139e+02 
1.007721e+02 
1.003779e+02 
1.001053e+02 
9.992477e+01 
9.987175e+01 
9.979643e+01 
9.965347e+01 
9.962262e+01 
9.970923e+01 
9.990190e+01 

9.991998e+01 
9.974694e+01 
9.943992e+01 
9.913951e+01 
9.937406e+01 
9.969827e+01 
9.973681e+01 
9.988215e+01 
1.001232e+02 
1.004986e+02 
1.010477e+02 
1.017901e+02 
1.026912e+02 
1.036294e+02 
1.044093e+02 
1.048263e+02 
1.047546e+02 
1.042149e+02 
1.033628e+02 
1.024075e+02 
1.015287e+02 
1.008259e+02 
1.003183e+02 
9.997904e+01 
9.976710e+01 
9.964450e+01 
9.962427e+01 
9.955337e+01 
9.946385e+01 
9.952814e+01 
9.969368e+01 
9.991228e+01 

9.992484e+01 
9.974091e+01 
9.940447e+01 
9.902504e+01 
9.913645e+01 
9.944064e+01 
9.941811e+01 
9.948092e+01 
9.962413e+01 
9.989001e+01 
1.003280e+02 
1.009739e+02 
1.018053e+02 
1.027086e+02 
1.034761e+02 
1.038764e+02 
1.037781e+02 
1.032114e+02 
1.023511e+02 
1.014328e+02 
1.006386e+02 
1.000507e+02 
9.966959e+01 
9.945104e+01 
9.934478e+01 
9.931019e+01 
9.933209e+01 
9.927321e+01 
9.925992e+01 
9.943112e+01 
9.968066e+01 
9.992234e+01 

9.993040e+01 
9.973182e+01 
9.936730e+01 
9.892942e+01 
9.891047e+01 
9.915318e+01 
9.906372e+01 
9.901811e+01 
9.902194e+01 
9.911270e+01 
9.933999e+01 
9.974541e+01 
1.003282e+02 
1.009942e+02 
1.015639e+02 
1.018472e+02 
1.017267e+02 
1.012403e+02 
1.005586e+02 
9.987751e+01 
9.934416e+01 
9.901182e+01 
9.885479e+01 
9.882125e+01 
9.886150e+01 
9.894047e+01 
9.901186e+01 
9.898001e+01 
9.906067e+01 
9.933808e+01 
9.967070e+01 
9.993158e+01 

9.993628e+01 
9.972019e+01 
9.932683e+01 
9.885153e+01 
9.871602e+01 
9.885537e+01 
9.870139e+01 
9.853230e+01 
9.837025e+01 
9.824107e+01 
9.818426e+01 
9.824278e+01 
9.843103e+01 
9.870558e+01 
9.895543e+01 
9.904547e+01 
9.891122e+01 
9.859481e+01 
9.821918e+01 
9.792628e+01 
9.779227e+01 
9.781543e+01 
9.795127e+01 
9.814502e+01 
9.835693e+01 
9.856381e+01 
9.868897e+01 
9.870405e+01 
9.888433e+01 
9.925573e+01 
9.966416e+01 
9.993958e+01 

9.994211e+01 
9.970708e+01 
9.928165e+01 
9.878620e+01 
9.855746e+01 
9.857233e+01 
9.836516e+01 
9.807328e+01 
9.774254e+01 
9.738467e+01 
9.702670e+01 
9.670936e+01 
9.646978e+01 
9.631226e+01 
9.619937e+01 
9.608350e+01 
9.594447e+01 
9.582377e+01 
9.580155e+01 
9.593475e+01 
9.622696e+01 
9.662837e+01 
9.706961e+01 
9.749673e+01 
9.788160e+01 
9.821484e+01 
9.839398e+01 
9.847109e+01 
9.874188e+01 
9.918966e+01 
9.966116e+01 
9.994603e+01 

9.994749e+01 
9.969382e+01 
9.923157e+01 
9.872613e+01 
9.842702e+01 
9.833114e+01 
9.808981e+01 
9.769277e+01 
9.721602e+01 
9.665912e+01 
9.603964e+01 
9.539896e+01 
9.479448e+01 
9.427769e+01 
9.387492e+01 
9.359451e+01 
9.345431e+01 
9.349489e+01 
9.375686e+01 
9.424306e+01 
9.489637e+01 
9.562036e+01 
9.632483e+01 
9.695380e+01 
9.748768e+01 
9.792880e+01 
9.815710e+01 
9.829474e+01 
9.863573e+01 
9.914327e+01 
9.966157e+01 
9.995073e+01 

9.995207e+01 
9.968172e+01 
9.917912e+01 
9.866432e+01 
9.831513e+01 
9.815701e+01 
9.790474e+01 
9.743460e+01 
9.685543e+01 
9.615812e+01 
9.535410e+01 
9.448646e+01 
9.362798e+01 
9.286117e+01 
9.225490e+01 
9.186027e+01 
9.171958e+01 
9.187219e+01 
9.233362e+01 
9.306540e+01 
9.396960e+01 
9.491977e+01 
9.580977e+01 
9.658099e+01 
9.721937e+01 
9.773553e+01 
9.800262e+01 
9.817859e+01 
9.856408e+01 
9.911760e+01 
9.966505e+01 
9.995360e+01 

9.995554e+01 
9.967183e+01 
9.913064e+01 
9.859907e+01 
9.822243e+01 
9.806971e+01 
9.782902e+01 
9.732715e+01 
9.670215e+01 
9.593952e+01 
9.504533e+01 
9.406025e+01 
9.306232e+01 
9.215084e+01 
9.142209e+01 
9.095632e+01 
9.081447e+01 
9.103567e+01 
9.161684e+01 
9.249102e+01 
9.353357e+01 
9.460127e+01 
9.558231e+01 
9.642005e+01 
9.710550e+01 
9.765453e+01 
9.794511e+01 
9.812390e+01 
9.852599e+01 
9.911203e+01 
9.967102e+01 
9.995462e+01 

9.995765e+01 
9.966480e+01 
9.909575e+01 
9.854118e+01 
9.816876e+01 
9.808003e+01 
9.786837e+01 
9.737911e+01 
9.676926e+01 
9.602243e+01 
9.513977e+01 
9.415437e+01 
9.313794e+01 
9.219179e+01 
9.142366e+01 
9.093033e+01 
9.078726e+01 
9.103414e+01 
9.165381e+01 
9.256273e+01 
9.362436e+01 
9.469289e+01 
9.566275e+01 
9.648493e+01 
9.715539e+01 
9.769196e+01 
9.798756e+01 
9.813476e+01 
9.852348e+01 
9.912503e+01 
9.967878e+01 
9.995388e+01 

9.995820e+01 
9.966095e+01 
9.908435e+01 
9.851680e+01 
9.818819e+01 
9.818654e+01 
9.801443e+01 
9.757852e+01 
9.704035e+01 
9.638631e+01 
9.561613e+01 
9.475473e+01 
9.385995e+01 
9.301449e+01 
9.231408e+01 
9.185563e+01 
9.171318e+01 
9.192654e+01 
9.248078e+01 
9.329137e+01 
9.423230e+01 
9.517642e+01 
9.603245e+01 
9.676029e+01 
9.735769e+01 
9.783982e+01 
9.812135e+01 
9.821691e+01 
9.856062e+01 
9.915470e+01 
9.968752e+01 
9.995151e+01 

9.995706e+01 
9.966033e+01 
9.910240e+01 
9.855566e+01 
9.830506e+01 
9.837454e+01 
9.824648e+01 
9.789488e+01 
9.747145e+01 
9.697027e+01 
9.639541e+01 
9.576814e+01 
9.512645e+01 
9.452506e+01 
9.402238e+01 
9.367314e+01 
9.353550e+01 
9.364944e+01 
9.401348e+01 
9.458326e+01 
9.527026e+01 
9.597630e+01 
9.663230e+01 
9.720300e+01 
9.768227e+01 
9.807754e+01 
9.832766e+01 
9.837141e+01 
9.864085e+01 
9.919868e+01 
9.969650e+01 
9.994775e+01 

9.995419e+01 
9.966284e+01 
9.914940e+01 
9.866909e+01 
9.851158e+01 
9.861877e+01 
9.853523e+01 
9.828477e+01 
9.799833e+01 
9.768012e+01 
9.734245e+01 
9.700482e+01 
9.669073e+01 
9.641208e+01 
9.617250e+01 
9.598181e+01 
9.585752e+01 
9.583529e+01 
9.594938e+01 
9.619902e+01 
9.655246e+01 
9.695928e+01 
9.736862e+01 
9.774884e+01 
9.808552e+01 
9.837564e+01 
9.858087e+01 
9.858725e+01 
9.876329e+01 
9.925406e+01 
9.970510e+01 
9.994284e+01 

9.994960e+01 
9.966826e+01 
9.921912e+01 
9.884091e+01 
9.877178e+01 
9.888940e+01 
9.884826e+01 
9.870031e+01 
9.854985e+01 
9.840943e+01 
9.829722e+01 
9.823184e+01 
9.821878e+01 
9.824122e+01 
9.825693e+01 
9.821930e+01 
9.811595e+01 
9.797583e+01 
9.785378e+01 
9.780303e+01 
9.784386e+01 
9.796328e+01 
9.813340e+01 
9.832548e+01 
9.851875e+01 
9.870110e+01 
9.885349e+01 
9.883941e+01 
9.891972e+01 
9.931726e+01 
9.971292e+01 
9.993709e+01 

9.994344e+01 
9.967629e+01 
9.930257e+01 
9.903989e+01 
9.904364e+01 
9.915867e+01 
9.915568e+01 
9.909853e+01 
9.906381e+01 
9.906755e+01 
9.912802e+01 
9.925797e+01 
9.945067e+01 
9.966672e+01 
9.984017e+01 
9.990483e+01 
9.982668e+01 
9.962618e+01 
9.936724e+01 
9.912251e+01 
9.894405e+01 
9.885040e+01 
9.883228e+01 
9.886843e+01 
9.893752e+01 
9.902312e+01 
9.912109e+01 
9.909651e+01 
9.909458e+01 
9.938439e+01 
9.971982e+01 
9.993080e+01 

9.993593e+01 
9.968656e+01 
9.939092e+01 
9.923724e+01 
9.929574e+01 
9.940558e+01 
9.943456e+01 
9.944843e+01 
9.949872e+01 
9.960008e+01 
9.976574e+01 
9.999970e+01 
1.002856e+02 
1.005791e+02 
1.008131e+02 
1.009205e+02 
1.008656e+02 
1.006610e+02 
1.003620e+02 
1.000408e+02 
9.975740e+01 
9.954399e+01 
9.940623e+01 
9.933340e+01 
9.930911e+01 
9.931766e+01 
9.936560e+01 
9.933250e+01 
9.926948e+01 
9.945174e+01 
9.972585e+01 
9.992429e+01 

9.992742e+01 
9.969860e+01 
9.947718e+01 
9.941469e+01 
9.951139e+01 
9.961760e+01 
9.967098e+01 
9.973368e+01 
9.983705e+01 
9.999161e+01 
1.002039e+02 
1.004700e+02 
1.007689e+02 
1.010589e+02 
1.012846e+02 
1.013933e+02 
1.013563e+02 
1.011808e+02 
1.009072e+02 
1.005922e+02 
1.002886e+02 
1.000317e+02 
9.983594e+01 
9.970035e+01 
9.961555e+01 
9.956973e+01 
9.957629e+01 
9.953308e+01 
9.942931e+01 
9.951630e+01 
9.973124e+01 
9.991784e+01 

9.991836e+01 
9.971187e+01 
9.955673e+01 
9.956415e+01 
9.968544e+01 
9.978988e+01 
9.985965e+01 
9.995101e+01 
1.000807e+02 
1.002546e+02 
1.004738e+02 
1.007297e+02 
1.010012e+02 
1.012537e+02 
1.014457e+02 
1.015396e+02 
1.015148e+02 
1.013753e+02 
1.011485e+02 
1.008749e+02 
1.005957e+02 
1.003421e+02 
1.001316e+02 
9.996944e+01 
9.985236e+01 
9.977318e+01 
9.974899e+01 
9.969463e+01 
9.956577e+01 
9.957601e+01 
9.973625e+01 
9.991167e+01 

6.029775e+01 
1.577817e+01 
5.807789e+00 
2.070820e+01 
3.681201e+01 
5.229076e+01 
8.142372e+01 
1.123049e+02 
1.631853e+02 
2.445220e+02 
3.687702e+02 
5.459055e+02 
7.737350e+02 
1.025442e+03 
1.245259e+03 
1.365586e+03 
1.342275e+03 
1.182280e+03 
9.396829e+02 
6.835064e+02 
4.641931e+02 
3.014409e+02 
1.921232e+02 
1.235847e+02 
8.261075e+01 
5.895572e+01 
4.382226e+01 
3.150725e+01 
1.524869e+01 
4.901945e+00 
1.834165e+01 
6.042966e+01 

1.650453e+01 
1.594607e+02 
2.364932e+02 
2.620832e+02 
1.768003e+02 
4.265392e+01 
8.807481e+01 
2.132386e+02 
4.502300e+02 
8.548028e+02 
1.481459e+03 
2.344843e+03 
3.365662e+03 
4.356733e+03 
5.099647e+03 
5.449473e+03 
5.362036e+03 
4.860453e+03 
4.023853e+03 
3.005197e+03 
2.007356e+03 
1.195341e+03 
6.309153e+02 
2.881613e+02 
1.063295e+02 
2.703781e+01 
1.083983e+01 
9.358715e+01 
2.103418e+02 
2.656908e+02 
1.643039e+02 
3.772346e+00 

1.564082e+02 
7.683817e+02 
6.831944e+02 
6.619981e+02 
5.388859e+02 
2.836625e+02 
3.743214e+02 
7.550842e+02 
1.342661e+03 
2.184412e+03 
3.296445e+03 
4.624068e+03 
6.016148e+03 
7.253446e+03 
8.130876e+03 
8.528445e+03 
8.418273e+03 
7.832882e+03 
6.847553e+03 
5.587647e+03 
4.226945e+03 
2.947726e+03 
1.882842e+03 
1.086432e+03 
5.472667e+02 
2.207701e+02 
1.632475e+02 
3.106481e+02 
4.885112e+02 
8.784269e+02 
1.131576e+03 
1.486883e+02 

3.775480e+02 
8.761173e+02 
6.362504e+02 
9.481889e+02 
1.187475e+03 
1.138930e+03 
1.362493e+03 
2.006388e+03 
2.832086e+03 
3.856028e+03 
5.072602e+03 
6.437138e+03 
7.851139e+03 
9.160957e+03 
1.018107e+04 
1.074179e+04 
1.074321e+04 
1.018823e+04 
9.178285e+03 
7.876906e+03 
6.460861e+03 
5.079630e+03 
3.834602e+03 
2.777830e+03 
1.922949e+03 
1.259784e+03 
9.788900e+02 
8.650480e+02 
5.631446e+02 
6.236358e+02 
1.523575e+03 
5.286770e+02 

2.054871e+02 
1.177914e+02 
1.240575e+02 
9.229613e+02 
1.623558e+03 
1.827653e+03 
2.077820e+03 
2.647675e+03 
3.283452e+03 
3.971480e+03 
4.690040e+03 
5.408753e+03 
6.089435e+03 
6.688709e+03 
7.162184e+03 
7.469616e+03 
7.580345e+03 
7.478325e+03 
7.165877e+03 
6.664962e+03 
6.014869e+03 
5.266229e+03 
4.472870e+03 
3.684031e+03 
2.939075e+03 
2.265474e+03 
1.870027e+03 
1.472359e+03 
6.713016e+02 
3.801142e+01 
5.870752e+02 
4.518693e+02 

3.620427e+02 
1.050221e+03 
2.186852e+03 
2.983246e+03 
3.236780e+03 
3.247105e+03 
3.286201e+03 
3.399549e+03 
3.498783e+03 
3.583770e+03 
3.655372e+03 
3.715286e+03 
3.765744e+03 
3.809141e+03 
3.847677e+03 
3.883063e+03 
3.916318e+03 
3.947635e+03 
3.976307e+03 
4.000717e+03 
4.018412e+03 
4.026304e+03 
4.021009e+03 
3.999278e+03 
3.958469e+03 
3.896927e+03 
3.839764e+03 
3.700592e+03 
3.270870e+03 
2.352118e+03 
1.317659e+03 
5.638611e+02 

