1.051780e+03 
8.245703e+02 
4.410007e+02 
8.846463e+01 
1.847640e+01 
6.857973e+01 
9.991289e+01 
9.991558e+01 
9.992058e+01 
9.992744e+01 
9.993555e+01 
9.994420e+01 
9.995275e+01 
9.996065e+01 
9.996747e+01 
9.997292e+01 
9.997680e+01 
9.997894e+01 
9.997922e+01 
9.997755e+01 
9.997391e+01 
9.996842e+01 
9.996133e+01 
9.995311e+01 
9.994433e+01 
9.993565e+01 
6.814369e+01 
1.223761e+01 
3.498704e+01 
1.399434e+02 
1.475133e+02 
3.403050e+02 

2.779022e+03 
1.790337e+03 
8.399375e+02 
7.712703e+01 
8.878923e+00 
6.715083e+01 
9.991081e+01 
9.990476e+01 
9.989328e+01 
9.987680e+01 
9.985664e+01 
9.983487e+01 
9.981375e+01 
9.979516e+01 
9.978023e+01 
9.976924e+01 
9.976197e+01 
9.975808e+01 
9.975738e+01 
9.975989e+01 
9.976564e+01 
9.977451e+01 
9.978604e+01 
9.979946e+01 
9.981379e+01 
9.982801e+01 
4.073973e+01 
1.578881e+01 
1.666268e+02 
2.569005e+02 
4.031970e+01 
1.060987e+03 

4.242340e+03 
1.243266e+03 
1.338571e+02 
6.634602e+02 
1.858983e+02 
5.813922e+01 
9.988937e+01 
9.988411e+01 
9.986909e+01 
9.984043e+01 
9.979470e+01 
9.972986e+01 
9.964640e+01 
9.954874e+01 
9.944632e+01 
9.935344e+01 
9.928632e+01 
9.925771e+01 
9.927176e+01 
9.932284e+01 
9.939886e+01 
9.948623e+01 
9.957358e+01 
9.965329e+01 
9.972134e+01 
9.977643e+01 
3.679866e+01 
1.182555e+02 
4.394694e+02 
6.316828e+02 
2.494628e+02 
2.202415e+03 

5.778694e+03 
2.359082e+03 
3.644922e+03 
3.054252e+03 
1.024862e+03 
1.230658e+02 
9.992735e+01 
9.986803e+01 
9.977982e+01 
9.966329e+01 
9.952716e+01 
9.938577e+01 
9.925162e+01 
9.912848e+01 
9.901097e+01 
9.889302e+01 
9.878248e+01 
9.871112e+01 
9.872135e+01 
9.883114e+01 
9.901576e+01 
9.922827e+01 
9.942905e+01 
9.959730e+01 
9.972757e+01 
9.982283e+01 
6.959868e+01 
3.584856e+02 
9.431583e+02 
1.388952e+03 
1.085826e+03 
2.942963e+03 

6.720749e+03 
5.484199e+03 
7.256766e+03 
4.905651e+03 
1.699092e+03 
2.587354e+02 
1.002647e+02 
1.002192e+02 
1.001221e+02 
9.995530e+01 
9.971780e+01 
9.943860e+01 
9.916592e+01 
9.893360e+01 
9.874123e+01 
9.856909e+01 
9.841564e+01 
9.832728e+01 
9.837407e+01 
9.857396e+01 
9.886734e+01 
9.917319e+01 
9.943916e+01 
9.964706e+01 
9.979894e+01 
9.990470e+01 
8.702179e+01 
3.331963e+02 
8.484468e+02 
1.421909e+03 
1.528239e+03 
3.165499e+03 

7.093593e+03 
7.144764e+03 
8.851915e+03 
5.965548e+03 
1.965816e+03 
3.258813e+02 
1.004297e+02 
1.004022e+02 
1.003401e+02 
1.002282e+02 
1.000506e+02 
9.979608e+01 
9.946882e+01 
9.909683e+01 
9.873086e+01 
9.843246e+01 
9.825818e+01 
9.824162e+01 
9.837695e+01 
9.861951e+01 
9.890840e+01 
9.919190e+01 
9.943925e+01 
9.963896e+01 
9.979172e+01 
9.990396e+01 
7.476641e+01 
9.457739e+01 
3.245487e+02 
9.330302e+02 
1.440083e+03 
3.190877e+03 

7.233163e+03 
8.545380e+03 
1.088432e+04 
7.975639e+03 
2.711124e+03 
4.020298e+02 
1.005129e+02 
1.004660e+02 
1.003710e+02 
1.002125e+02 
9.997731e+01 
9.966150e+01 
9.927831e+01 
9.886436e+01 
9.847713e+01 
9.818157e+01 
9.802938e+01 
9.804101e+01 
9.819997e+01 
9.846174e+01 
9.877149e+01 
9.908104e+01 
9.935818e+01 
9.958755e+01 
9.976644e+01 
9.989941e+01 
8.548564e+01 
8.402325e+01 
2.436343e+02 
8.716391e+02 
1.528388e+03 
3.267609e+03 

7.340053e+03 
1.072889e+04 
1.457996e+04 
1.187626e+04 
4.536501e+03 
5.750414e+02 
1.007225e+02 
1.007029e+02 
1.006278e+02 
1.004723e+02 
1.002101e+02 
9.982363e+01 
9.931907e+01 
9.874203e+01 
9.817963e+01 
9.773921e+01 
9.751012e+01 
9.752809e+01 
9.776377e+01 
9.814113e+01 
9.857148e+01 
9.898326e+01 
9.933489e+01 
9.961204e+01 
9.981775e+01 
9.996302e+01 
1.061663e+02 
1.620949e+02 
4.741308e+02 
1.304784e+03 
1.963037e+03 
3.435109e+03 

7.410351e+03 
1.310073e+04 
1.876418e+04 
1.648867e+04 
7.238156e+03 
8.262536e+02 
1.009740e+02 
1.009984e+02 
1.009641e+02 
1.008346e+02 
1.005647e+02 
1.001123e+02 
9.946391e+01 
9.866925e+01 
9.785534e+01 
9.719882e+01 
9.685315e+01 
9.688015e+01 
9.722855e+01 
9.776918e+01 
9.836069e+01 
9.889978e+01 
9.933669e+01 
9.966318e+01 
9.989276e+01 
1.000459e+02 
1.361576e+02 
2.966831e+02 
8.254911e+02 
1.861883e+03 
2.465116e+03 
3.592542e+03 

7.446830e+03 
1.553116e+04 
2.321880e+04 
2.132271e+04 
1.083811e+04 
1.174578e+03 
1.012623e+02 
1.013490e+02 
1.013804e+02 
1.013080e+02 
1.010624e+02 
1.005631e+02 
9.975758e+01 
9.868587e+01 
9.752998e+01 
9.656724e+01 
9.605343e+01 
9.609254e+01 
9.659635e+01 
9.735602e+01 
9.815225e+01 
9.884157e+01 
9.937017e+01 
9.974360e+01 
9.999146e+01 
1.001465e+02 
1.776840e+02 
5.074907e+02 
1.314359e+03 
2.544983e+03 
3.029445e+03 
3.738173e+03 

7.453166e+03 
1.784050e+04 
2.765678e+04 
2.584829e+04 
1.503655e+04 
1.626920e+03 
1.015752e+02 
1.017407e+02 
1.018619e+02 
1.018797e+02 
1.016973e+02 
1.011815e+02 
1.002150e+02 
9.881783e+01 
9.722864e+01 
9.587018e+01 
9.513626e+01 
9.518810e+01 
9.589091e+01 
9.692040e+01 
9.795946e+01 
9.881512e+01 
9.943599e+01 
9.985038e+01 
1.001094e+02 
1.002602e+02 
2.318712e+02 
8.054850e+02 
1.928181e+03 
3.335664e+03 
3.643437e+03 
3.870931e+03 

7.433456e+03 
1.981798e+04 
3.176428e+04 
2.974199e+04 
1.926217e+04 
2.164512e+03 
1.018934e+02 
1.021478e+02 
1.023755e+02 
1.025086e+02 
1.024220e+02 
1.019163e+02 
1.007967e+02 
9.904099e+01 
9.696210e+01 
9.514707e+01 
9.415897e+01 
9.422689e+01 
9.515456e+01 
9.648792e+01 
9.778932e+01 
9.881735e+01 
9.952572e+01 
9.997363e+01 
1.002370e+02 
1.003785e+02 
2.973350e+02 
1.178765e+03 
2.610566e+03 
4.187712e+03 
4.284929e+03 
3.990454e+03 

7.391722e+03 
2.125730e+04 
3.523255e+04 
3.294069e+04 
2.295025e+04 
2.732470e+03 
1.021922e+02 
1.025360e+02 
1.028734e+02 
1.031287e+02 
1.031495e+02 
1.026651e+02 
1.014034e+02 
9.928680e+01 
9.672028e+01 
9.444492e+01 
9.320532e+01 
9.329374e+01 
9.444588e+01 
9.608382e+01 
9.764151e+01 
9.883478e+01 
9.962245e+01 
1.000974e+02 
1.003609e+02 
1.004905e+02 
3.688360e+02 
1.583046e+03 
3.267827e+03 
5.026979e+03 
4.920802e+03 
4.097020e+03 

7.331443e+03 
2.200119e+04 
3.776670e+04 
3.550522e+04 
2.575690e+04 
3.242983e+03 
1.024448e+02 
1.028673e+02 
1.033017e+02 
1.036650e+02 
1.037785e+02 
1.033103e+02 
1.019151e+02 
9.948327e+01 
9.648792e+01 
9.382053e+01 
9.237022e+01 
9.247886e+01 
9.383033e+01 
9.573070e+01 
9.751285e+01 
9.884937e+01 
9.970572e+01 
1.002033e+02 
1.004659e+02 
1.005845e+02 
4.369604e+02 
1.950297e+03 
3.802165e+03 
5.762598e+03 
5.507475e+03 
4.191367e+03 

7.255176e+03 
2.197938e+04 
3.908565e+04 
3.743760e+04 
2.750771e+04 
3.597633e+03 
1.026269e+02 
1.031069e+02 
1.036117e+02 
1.040516e+02 
1.042259e+02 
1.037593e+02 
1.022540e+02 
9.958562e+01 
9.627831e+01 
9.333484e+01 
9.173844e+01 
9.186544e+01 
9.336203e+01 
9.545330e+01 
9.740244e+01 
9.884743e+01 
9.975812e+01 
1.002748e+02 
1.005381e+02 
1.006495e+02 
4.897132e+02 
2.214867e+03 
4.148405e+03 
6.307287e+03 
5.994337e+03 
4.274437e+03 

7.164303e+03 
2.122404e+04 
3.894748e+04 
3.854609e+04 
2.802427e+04 
3.721458e+03 
1.027199e+02 
1.032290e+02 
1.037687e+02 
1.042445e+02 
1.044434e+02 
1.039675e+02 
1.023951e+02 
9.959644e+01 
9.612751e+01 
9.304294e+01 
9.137357e+01 
9.151069e+01 
9.308144e+01 
9.527425e+01 
9.731534e+01 
9.882387e+01 
9.976949e+01 
1.003011e+02 
1.005681e+02 
1.006778e+02 
5.159673e+02 
2.336252e+03 
4.285597e+03 
6.597578e+03 
6.330617e+03 
4.347083e+03 

7.058936e+03 
1.985670e+04 
3.722595e+04 
3.840409e+04 
2.706258e+04 
3.591240e+03 
1.027143e+02 
1.032203e+02 
1.037553e+02 
1.042240e+02 
1.044129e+02 
1.039251e+02 
1.023412e+02 
9.953506e+01 
9.606341e+01 
9.297855e+01 
9.130778e+01 
9.144209e+01 
9.301207e+01 
9.520925e+01 
9.726005e+01 
9.878064e+01 
9.973750e+01 
1.002780e+02 
1.005515e+02 
1.006658e+02 
5.094013e+02 
2.302654e+03 
4.222587e+03 
6.604808e+03 
6.474822e+03 
4.409793e+03 

6.938020e+03 
1.805356e+04 
3.401566e+04 
3.648534e+04 
2.447845e+04 
3.242811e+03 
1.026105e+02 
1.030817e+02 
1.035728e+02 
1.039921e+02 
1.041374e+02 
1.036356e+02 
1.020962e+02 
9.940437e+01 
9.608793e+01 
9.314269e+01 
9.154292e+01 
9.166375e+01 
9.315994e+01 
9.526562e+01 
9.724358e+01 
9.872338e+01 
9.966621e+01 
1.002083e+02 
1.004902e+02 
1.006147e+02 
4.709857e+02 
2.122491e+03 
3.978157e+03 
6.335013e+03 
6.404284e+03 
4.462467e+03 

6.799607e+03 
1.600439e+04 
2.968453e+04 
3.253817e+04 
2.052308e+04 
2.754518e+03 
1.024191e+02 
1.028279e+02 
1.032412e+02 
1.035728e+02 
1.036414e+02 
1.031179e+02 
1.016678e+02 
9.919608e+01 
9.618229e+01 
9.351022e+01 
9.205604e+01 
9.215962e+01 
9.351641e+01 
9.544295e+01 
9.727106e+01 
9.866066e+01 
9.956535e+01 
1.001009e+02 
1.003915e+02 
1.005300e+02 
4.087278e+02 
1.819184e+03 
3.571984e+03 
5.822666e+03 
6.121385e+03 
4.504302e+03 

6.641310e+03 
1.387927e+04 
2.479735e+04 
2.698392e+04 
1.592418e+04 
2.217124e+03 
1.021591e+02 
1.024860e+02 
1.027973e+02 
1.030138e+02 
1.029796e+02 
1.024273e+02 
1.010960e+02 
9.892645e+01 
9.633153e+01 
9.404687e+01 
9.280379e+01 
9.289210e+01 
9.405815e+01 
9.573307e+01 
9.734832e+01 
9.860513e+01 
9.945005e+01 
9.997017e+01 
1.002672e+02 
1.004211e+02 
3.347668e+02 
1.433676e+03 
3.029608e+03 
5.123530e+03 
5.653836e+03 
4.533778e+03 

6.460840e+03 
1.180979e+04 
1.993566e+04 
2.085300e+04 
1.154337e+04 
1.706157e+03 
1.018556e+02 
1.020913e+02 
1.022910e+02 
1.023829e+02 
1.022391e+02 
1.016628e+02 
1.004700e+02 
9.865531e+01 
9.654158e+01 
9.471234e+01 
9.372092e+01 
9.379401e+01 
9.474249e+01 
9.611870e+01 
9.748022e+01 
9.857288e+01 
9.933921e+01 
9.983354e+01 
1.001321e+02 
1.002995e+02 
2.612474e+02 
1.025025e+03 
2.394841e+03 
4.307858e+03 
5.048686e+03 
4.548775e+03 

6.256572e+03 
9.884359e+03 
1.553197e+04 
1.520257e+04 
7.943444e+03 
1.267833e+03 
1.015351e+02 
1.016819e+02 
1.017759e+02 
1.017548e+02 
1.015198e+02 
1.009401e+02 
9.990734e+01 
9.845448e+01 
9.682930e+01 
9.545379e+01 
9.471604e+01 
9.477549e+01 
9.550137e+01 
9.657188e+01 
9.766507e+01 
9.857819e+01 
9.925113e+01 
9.970835e+01 
1.000007e+02 
1.001768e+02 
1.969570e+02 
6.567877e+02 
1.736104e+03 
3.452102e+03 
4.362383e+03 
4.546788e+03 

6.028008e+03 
8.152786e+03 
1.180755e+04 
1.062389e+04 
5.272869e+03 
9.194287e+02 
1.012221e+02 
1.012916e+02 
1.012985e+02 
1.011924e+02 
1.009031e+02 
1.003520e+02 
9.949304e+01 
9.837535e+01 
9.718733e+01 
9.620738e+01 
9.568898e+01 
9.573514e+01 
9.625909e+01 
9.705232e+01 
9.789169e+01 
9.862686e+01 
9.919814e+01 
9.960793e+01 
9.988517e+01 
1.000632e+02 
1.460489e+02 
3.732150e+02 
1.133730e+03 
2.628232e+03 
3.650442e+03 
4.525224e+03 

5.776071e+03 
6.635231e+03 
8.806198e+03 
7.214176e+03 
3.417790e+03 
6.578548e+02 
1.009355e+02 
1.009447e+02 
1.008897e+02 
1.007329e+02 
1.004290e+02 
9.993761e+01 
9.924960e+01 
9.841998e+01 
9.758019e+01 
9.690840e+01 
9.655763e+01 
9.658940e+01 
9.695278e+01 
9.751794e+01 
9.814077e+01 
9.871383e+01 
9.918349e+01 
9.953903e+01 
9.979300e+01 
9.996592e+01 
1.087626e+02 
1.856885e+02 
6.517651e+02 
1.892979e+03 
2.959680e+03 
4.481746e+03 

5.503167e+03 
5.331620e+03 
6.465213e+03 
4.801396e+03 
2.179808e+03 
4.695755e+02 
1.006867e+02 
1.006544e+02 
1.005625e+02 
1.003857e+02 
1.000981e+02 
9.968335e+01 
9.915039e+01 
9.854799e+01 
9.796589e+01 
9.751288e+01 
9.727869e+01 
9.729912e+01 
9.754472e+01 
9.793874e+01 
9.839073e+01 
9.882662e+01 
9.920235e+01 
9.950175e+01 
9.972688e+01 
9.988851e+01 
8.307569e+01 
7.946678e+01 
3.164025e+02 
1.281098e+03 
2.324277e+03 
4.414609e+03 

5.213009e+03 
4.229660e+03 
4.677786e+03 
3.142848e+03 
1.373355e+03 
3.380751e+02 
1.004805e+02 
1.004231e+02 
1.003149e+02 
1.001401e+02 
9.988622e+01 
9.955009e+01 
9.914666e+01 
9.871440e+01 
9.831246e+01 
9.800691e+01 
9.785002e+01 
9.786246e+01 
9.802759e+01 
9.830032e+01 
9.862470e+01 
9.895102e+01 
9.924547e+01 
9.949143e+01 
9.968537e+01 
9.983146e+01 
6.623195e+01 
2.977337e+01 
1.170206e+02 
8.049624e+02 
1.765308e+03 
4.322946e+03 

5.020496e+03 
3.755167e+03 
4.046791e+03 
2.653745e+03 
1.191626e+03 
3.078940e+02 
1.004487e+02 
1.004035e+02 
1.003120e+02 
1.001583e+02 
9.992863e+01 
9.961962e+01 
9.924825e+01 
9.885720e+01 
9.850784e+01 
9.826118e+01 
9.815800e+01 
9.820762e+01 
9.838571e+01 
9.864332e+01 
9.892621e+01 
9.919312e+01 
9.942220e+01 
9.960725e+01 
9.975084e+01 
9.985903e+01 
6.095865e+01 
3.831045e+01 
1.784485e+02 
7.445786e+02 
1.476866e+03 
4.239776e+03 

4.789994e+03 
3.524987e+03 
3.828918e+03 
2.596822e+03 
1.249941e+03 
3.121501e+02 
1.004409e+02 
1.003936e+02 
1.002917e+02 
1.001173e+02 
9.986171e+01 
9.953770e+01 
9.918711e+01 
9.886501e+01 
9.860860e+01 
9.842736e+01 
9.832494e+01 
9.831868e+01 
9.842970e+01 
9.865289e+01 
9.894173e+01 
9.923156e+01 
9.947618e+01 
9.966063e+01 
9.979069e+01 
9.987917e+01 
7.282963e+01 
2.584925e+02 
6.292220e+02 
1.010450e+03 
1.238383e+03 
4.059193e+03 

4.247351e+03 
2.521511e+03 
2.550452e+03 
1.674689e+03 
7.921794e+02 
2.147771e+02 
1.002442e+02 
1.001834e+02 
1.000801e+02 
9.992797e+01 
9.972937e+01 
9.949997e+01 
9.926742e+01 
9.906076e+01 
9.889834e+01 
9.878616e+01 
9.872662e+01 
9.872567e+01 
9.879004e+01 
9.891746e+01 
9.908981e+01 
9.927754e+01 
9.945226e+01 
9.959686e+01 
9.970670e+01 
9.978525e+01 
6.207526e+01 
3.929907e+02 
9.490548e+02 
1.024696e+03 
6.298252e+02 
3.546922e+03 

3.256033e+03 
1.045336e+03 
6.650646e+02 
3.767450e+02 
1.794666e+02 
1.067440e+02 
1.000255e+02 
9.997915e+01 
9.991396e+01 
9.982952e+01 
9.972824e+01 
9.961631e+01 
9.950385e+01 
9.940363e+01 
9.932835e+01 
9.928725e+01 
9.928368e+01 
9.931455e+01 
9.937168e+01 
9.944432e+01 
9.952178e+01 
9.959542e+01 
9.965973e+01 
9.971224e+01 
9.975287e+01 
9.978300e+01 
3.703944e+01 
1.814230e+02 
6.399654e+02 
5.669908e+02 
1.270623e+02 
2.568125e+03 

1.927505e+03 
5.903827e+02 
1.367189e+02 
5.188556e+01 
2.246976e+01 
6.056690e+01 
9.986379e+01 
9.984259e+01 
9.982065e+01 
9.979956e+01 
9.978096e+01 
9.976625e+01 
9.975633e+01 
9.975145e+01 
9.975130e+01 
9.975519e+01 
9.976242e+01 
9.977238e+01 
9.978460e+01 
9.979857e+01 
9.981356e+01 
9.982862e+01 
9.984264e+01 
9.985465e+01 
9.986393e+01 
9.987018e+01 
5.033097e+01 
9.639008e+00 
1.577376e+02 
3.744942e+02 
4.089184e+02 
1.479748e+03 

7.814263e+02 
5.770356e+02 
3.395357e+02 
8.119927e+01 
3.255178e+00 
6.049655e+01 
9.990134e+01 
9.990988e+01 
9.991994e+01 
9.993075e+01 
9.994150e+01 
9.995148e+01 
9.996014e+01 
9.996709e+01 
9.997216e+01 
9.997527e+01 
9.997644e+01 
9.997574e+01 
9.997326e+01 
9.996918e+01 
9.996373e+01 
9.995728e+01 
9.995029e+01 
9.994332e+01 
9.993695e+01 
9.993167e+01 
7.003360e+01 
1.118541e+01 
1.839410e+01 
1.623622e+02 
3.195385e+02 
5.555909e+02 

