 -7.380664824542032E-017
 -5.950798763330385E-017
 -4.800137317621606E-017
 -3.886376757794044E-017
 -3.152830086154696E-017
 -2.565654319006245E-017
 -2.096082920205970E-017
 -1.720425801165751E-017
 -1.420069320852062E-017
 -1.179784136601111E-017
 -9.877252041188364E-018
 -8.337396282960438E-018
 -7.110588123932692E-018
 -6.129141596710496E-018
 -5.341446151155441E-018
 -4.711120579792911E-018
 -4.206860122702887E-018
 -3.804128616704813E-018
 -3.481774196987869E-018
 -3.223721446295826E-018
 -3.017279245742191E-018
 -2.852294700217771E-018
 -2.720307063798234E-018
 -2.614547739744118E-018
 -2.529940280500825E-018
 -2.445332821257533E-018
 -2.360725362014240E-018
 -2.276117902770947E-018
 -2.192296652040367E-018
 -2.110047284494740E-018
 -2.029368220448370E-018
 -1.950256872955404E-018
 -1.872709686318527E-018
 -1.796722173849452E-018
 -1.722288954882902E-018
 -1.649403791046231E-018
 -1.578059621787232E-018
 -1.508248599163125E-018
 -1.439962121894077E-018
 -1.373190868685009E-018
 -1.307924830819788E-018
 -1.244153344032243E-018
 -1.181865119658799E-018
 -1.121048275077790E-018
 -1.047077333822817E-018
 -9.579204228475285E-019
 -8.513313671755082E-019
 -7.254043036671418E-019
 -5.793128324433327E-019
 -4.138170856125092E-019
 -2.322150049041651E-019
 -4.142499707146121E-020
  1.454927134301122E-019
  3.095834127780361E-019
  4.266351998470201E-019
  4.730318014868725E-019
  4.337898659729875E-019
  3.177449416739041E-019
  1.658412402396247E-019
  3.995558545968257E-020
 -1.656782423630484E-020
 -1.500051697863571E-020
 -1.698993585413649E-021
  7.732488595860146E-022
 -6.418221576008405E-024
 -4.716158748566664E-024
  2.041084936050038E-025
