  2.276117902770954E-018
  2.276117902770954E-018
  2.276117902770954E-018
  2.276117902770954E-018
  2.276117902770954E-018
  2.276117902770954E-018
  2.276117902770954E-018
  2.276117902770954E-018
  2.276117902770954E-018
  2.276117902770954E-018
  2.276117902770954E-018
  2.276117902770954E-018
  2.276117902770954E-018
  2.276117902770954E-018
  2.276117902770954E-018
  2.276117902770954E-018
  2.276117902770954E-018
  2.276117902770954E-018
  2.276117902770954E-018
  2.276117902770954E-018
  2.276117902770954E-018
  2.276117902770954E-018
  2.276117902770954E-018
  2.276117902770954E-018
  2.276117902770954E-018
  2.276117902770954E-018
  2.276117902770954E-018
  2.276117902770954E-018
  2.275341346220113E-018
  2.273050102063929E-018
  2.269300994205987E-018
  2.264149761728616E-018
  2.257651060677924E-018
  2.249858466518152E-018
  2.240824477229278E-018
  2.230600517022278E-018
  2.219236940647000E-018
  2.206783038268101E-018
  2.193287040885013E-018
  2.178796126272413E-018
  2.163356425418170E-018
  2.147013029436252E-018
  2.129809996932585E-018
  2.111790361802322E-018
  2.088181385222379E-018
  2.057140587303667E-018
  2.016091073323000E-018
  1.961606545592137E-018
  1.889358680170475E-018
  1.793970737504845E-018
  1.669122664296002E-018
  1.507924451712316E-018
  1.305352445528669E-018
  1.060477309855193E-018
  7.816342611194773E-019
  4.886807772829923E-019
  2.167634497121936E-019
  1.319554003779237E-020
 -8.767855386213761E-020
 -8.836306364620567E-020
 -3.912622997836952E-020
 -2.094398547110107E-021
  3.808006744969250E-021
  3.079998601301518E-022
 -1.116427287105904E-022
  7.581511092826870E-024
 -3.276977256609561E-025
