  8.602916874972182E-019
  8.602916874972182E-019
  8.602916874972182E-019
  8.602916874972182E-019
  8.602916874972182E-019
  8.602916874972182E-019
  8.602916874972182E-019
  8.602916874972182E-019
  8.602916874972182E-019
  8.602916874972182E-019
  8.602916874972182E-019
  8.602916874972182E-019
  8.602916874972182E-019
  8.602916874972182E-019
  8.602916874972182E-019
  8.602916874972182E-019
  8.602916874972182E-019
  8.602916874972182E-019
  8.602916874972182E-019
  8.602916874972182E-019
  8.602916874972182E-019
  8.602916874972182E-019
  8.602916874972182E-019
  8.602916874972182E-019
  8.602916874972182E-019
  8.602916874972182E-019
  8.602916874972182E-019
  8.602916874972182E-019
  8.602494322744785E-019
  8.601234576945269E-019
  8.599149441052602E-019
  8.596250634763251E-019
  8.592549794011467E-019
  8.588058470997508E-019
  8.582788134223671E-019
  8.576750168538016E-019
  8.569955875185698E-019
  8.562416471867748E-019
  8.554143092807252E-019
  8.545146788822760E-019
  8.535438527408871E-019
  8.525029192823842E-019
  8.513929586184131E-019
  8.502150425565791E-019
  8.486487046100035E-019
  8.465504254739968E-019
  8.437091873498887E-019
  8.398231211468164E-019
  8.344692351011761E-019
  8.270464812473940E-019
  8.167016337277884E-019
  8.021878416873063E-019
  7.819393790197177E-019
  7.537881085086692E-019
  7.151563506850129E-019
  6.628399382423852E-019
  5.934311857544401E-019
  5.051675313220317E-019
  3.982303206589913E-019
  2.779575793651562E-019
  1.563661368608699E-019
  5.209553289677390E-020
 -1.540470748817464E-020
 -3.716238082999296E-020
 -2.507626398530968E-020
 -5.932288373266752E-021
  1.478160100434510E-021
