 -3.214600894538552E-017
 -2.601801184659262E-017
 -2.108660589726816E-017
 -1.717048940809872E-017
 -1.402671811540438E-017
 -1.151025066773439E-017
 -9.497801916355652E-018
 -7.887842915252665E-018
 -6.600600921127529E-018
 -5.570807325827419E-018
 -4.747697656344585E-018
 -4.087759507243811E-018
 -3.561984608234952E-018
 -3.141364689027865E-018
 -2.803780943526315E-018
 -2.533641426449350E-018
 -2.317529812787777E-018
 -2.144930604561421E-018
 -2.006778717304611E-018
 -1.896184686823437E-018
 -1.807709462438498E-018
 -1.737001803606272E-018
 -1.680435676540492E-018
 -1.635110254212142E-018
 -1.598849916349462E-018
 -1.562589578486782E-018
 -1.526329240624102E-018
 -1.490068902761422E-018
 -1.454029155338446E-018
 -1.418430524217580E-018
 -1.383272817395970E-018
 -1.348555718513100E-018
 -1.314278789933005E-018
 -1.280441475787862E-018
 -1.247043104982998E-018
 -1.214082894163351E-018
 -1.181559950641459E-018
 -1.149473275287033E-018
 -1.117821765378199E-018
 -1.086604217414496E-018
 -1.055819329891722E-018
 -1.025465706038739E-018
 -9.955418565163496E-019
 -9.660462020783650E-019
 -9.297762364133191E-019
 -8.854409321048136E-019
 -8.314630290938222E-019
 -7.661554248596273E-019
 -6.879676532993332E-019
 -5.955808885725874E-019
 -4.882010985937964E-019
 -3.659145029848673E-019
 -2.311610180960474E-019
 -8.913284550940275E-020
  5.072007451832789E-020
  1.753257581416416E-019
  2.675249101372369E-019
  3.087658379528230E-019
  2.883675784419673E-019
  2.123696691130190E-019
  1.101482691500639E-019
  2.565510981659354E-020
 -1.120224971738339E-020
 -9.406798263601828E-021
 -8.628298279455762E-022
  4.684653868468696E-022
 -1.370041507798291E-023
