  1.490068902761422E-018
  1.490068902761422E-018
  1.490068902761422E-018
  1.490068902761422E-018
  1.490068902761422E-018
  1.490068902761422E-018
  1.490068902761422E-018
  1.490068902761422E-018
  1.490068902761422E-018
  1.490068902761422E-018
  1.490068902761422E-018
  1.490068902761422E-018
  1.490068902761422E-018
  1.490068902761422E-018
  1.490068902761422E-018
  1.490068902761422E-018
  1.490068902761422E-018
  1.490068902761422E-018
  1.490068902761422E-018
  1.490068902761422E-018
  1.490068902761422E-018
  1.490068902761422E-018
  1.490068902761422E-018
  1.490068902761422E-018
  1.490068902761422E-018
  1.490068902761422E-018
  1.490068902761422E-018
  1.490068902761422E-018
  1.489850090838168E-018
  1.489200747259504E-018
  1.488131412362231E-018
  1.486652495933770E-018
  1.484774277305750E-018
  1.482506905483520E-018
  1.479860399310655E-018
  1.476844647667587E-018
  1.473469409703477E-018
  1.469744315100458E-018
  1.465678864369391E-018
  1.461282429176301E-018
  1.456564252698655E-018
  1.451533450010646E-018
  1.446199008496700E-018
  1.440569788292385E-018
  1.433132023191219E-018
  1.423248180277853E-018
  1.409999757045917E-018
  1.392110506559797E-018
  1.367862274519277E-018
  1.334932789372453E-018
  1.290236857150171E-018
  1.229728215619772E-018
  1.148802241659140E-018
  1.042525214852448E-018
  9.071802118771395E-019
  7.411867630931589E-019
  5.485940578448240E-019
  3.450758155717828E-019
  1.557888438180436E-019
  1.347840488279995E-020
 -5.690381918273102E-020
 -5.765612042912286E-020
 -2.470233919849737E-020
 -8.501982362322507E-022
  2.386972122863714E-021
  1.260772173913894E-022
 -6.053167418683988E-023
