 -8.418244681297308E-017
 -6.784112101192543E-017
 -5.469070498268000E-017
 -4.424772754769096E-017
 -3.586433732904699E-017
 -2.915375738471145E-017
 -2.378722731395320E-017
 -1.949400325734660E-017
 -1.606135789677150E-017
 -1.331524160831142E-017
 -1.112028246225354E-017
 -9.360447375986871E-018
 -7.958380961104083E-018
 -6.836727829197854E-018
 -5.936504496607595E-018
 -5.216132442064371E-018
 -4.639834798429792E-018
 -4.179570237406201E-018
 -3.811165200116310E-018
 -3.516247781813379E-018
 -3.280313847171034E-018
 -3.091760087928177E-018
 -2.940917080533891E-018
 -2.820049286147444E-018
 -2.723355050638286E-018
 -2.626660815129128E-018
 -2.529966579619971E-018
 -2.433272344110813E-018
 -2.337538663313699E-018
 -2.243725347433312E-018
 -2.151830195503331E-018
 -2.061849607578957E-018
 -1.973778642026389E-018
 -1.887611071618873E-018
 -1.803339438442392E-018
 -1.720955107614872E-018
 -1.640448319823544E-018
 -1.561808242685853E-018
 -1.485023020939973E-018
 -1.410079825471698E-018
 -1.336964901185075E-018
 -1.265663613724786E-018
 -1.196160495058841E-018
 -1.128439287930702E-018
 -1.046267621292465E-018
 -9.475327171745422E-019
 -8.299691965370434E-019
 -6.918165157848339E-019
 -5.326848720566767E-019
 -3.541690446470298E-019
 -1.609412694334405E-019
  3.805293889414147E-020
  2.270571330514311E-019
  3.842457446666437E-019
  4.834821736381646E-019
  5.018820334643056E-019
  4.299573503412718E-019
  2.877359661579899E-019
  1.278796921467784E-019
  1.480128063270421E-020
 -2.168745349807241E-020
 -1.088621978510088E-020
  1.109936486781852E-022
  4.938630370105249E-022
 -4.080504820597623E-023
  1.267197441756110E-024
 -7.099500083337261E-026
