  2.433272344110810E-018
  2.433272344110810E-018
  2.433272344110810E-018
  2.433272344110810E-018
  2.433272344110810E-018
  2.433272344110810E-018
  2.433272344110810E-018
  2.433272344110810E-018
  2.433272344110810E-018
  2.433272344110810E-018
  2.433272344110810E-018
  2.433272344110810E-018
  2.433272344110810E-018
  2.433272344110810E-018
  2.433272344110810E-018
  2.433272344110810E-018
  2.433272344110810E-018
  2.433272344110810E-018
  2.433272344110810E-018
  2.433272344110810E-018
  2.433272344110810E-018
  2.433272344110810E-018
  2.433272344110810E-018
  2.433272344110810E-018
  2.433272344110810E-018
  2.433272344110810E-018
  2.433272344110810E-018
  2.433272344110810E-018
  2.432324387940276E-018
  2.429530658859669E-018
  2.424965229039221E-018
  2.418700656219662E-018
  2.410807986550851E-018
  2.401356758489842E-018
  2.390415007714092E-018
  2.378049273006461E-018
  2.364324603069584E-018
  2.349304564228139E-018
  2.333051248978442E-018
  2.315625285345774E-018
  2.297085847010683E-018
  2.277490664166503E-018
  2.256896035071177E-018
  2.235356838257403E-018
  2.207185871712533E-018
  2.170228906284513E-018
  2.121492901215642E-018
  2.057038225249448E-018
  1.971963096328907E-018
  1.860306334052630E-018
  1.715292015221320E-018
  1.529951987675285E-018
  1.300175535596775E-018
  1.027455838294210E-018
  7.246671548724043E-019
  4.178935225569055E-019
  1.485778198107728E-019
 -3.420257216216811E-020
 -1.039618802951569E-019
 -8.004655829426798E-020
 -2.578233698628865E-020
  2.563767691552147E-021
  2.814514141381809E-021
 -9.563381986240336E-023
 -4.238980261912713E-023
  3.736506206231572E-024
 -1.175653510050887E-025
