 -2.397358404446556E-018
 -2.324837726001671E-018
 -2.252317047556786E-018
 -2.179796369111901E-018
 -2.107275690667016E-018
 -2.035378920981801E-018
 -1.964729605231292E-018
 -1.895326666429883E-018
 -1.827168338541999E-018
 -1.760252190819914E-018
 -1.694575151705168E-018
 -1.630133532294412E-018
 -1.566923049370768E-018
 -1.504938848002009E-018
 -1.444175523707025E-018
 -1.384627144192314E-018
 -1.326287270660371E-018
 -1.269148978692059E-018
 -1.213204878705212E-018
 -1.158447135991916E-018
 -1.104867490337030E-018
