  2.107275690667019E-018
  2.107275690667019E-018
  2.107275690667019E-018
  2.107275690667019E-018
  2.107275690667019E-018
  2.106658878043176E-018
  2.104836700742668E-018
  2.101850995667610E-018
  2.097742861679256E-018
  2.092552660642598E-018
  2.086320018864624E-018
  2.079083828912062E-018
  2.070882251794723E-018
  2.061752719500805E-018
  2.051731937870778E-018
  2.040855889796715E-018
  2.029159838734203E-018
  2.016678332514217E-018
  2.003445207442585E-018
  1.989493592674939E-018
  1.974855914855270E-018
