4.500047e+01
4.500047e+01
4.500047e+01
4.500047e+01
4.500047e+01
4.500047e+01
4.500047e+01
4.500047e+01
4.500047e+01
4.500047e+01
4.500047e+01
4.500047e+01
4.500047e+01
4.500047e+01
4.500047e+01
4.500047e+01
4.500047e+01
4.500047e+01
4.500047e+01
4.500047e+01
4.500047e+01
4.500047e+01
4.500047e+01
4.500047e+01
4.500047e+01
4.500047e+01
4.500047e+01
4.500047e+01
4.500047e+01
4.500047e+01
4.500047e+01
4.500047e+01
4.500047e+01
4.500047e+01
4.500047e+01
4.500047e+01
4.500047e+01
4.500047e+01
4.500047e+01
4.500047e+01
4.500047e+01
4.500047e+01
4.500047e+01
4.500047e+01
4.500047e+01
4.500047e+01
4.500047e+01
4.500047e+01
4.500047e+01
4.500047e+01
4.500047e+01
4.500047e+01
4.500047e+01
4.500047e+01
4.500047e+01
4.500047e+01
4.500047e+01
4.500047e+01
4.500047e+01
4.500047e+01
4.500047e+01
4.500047e+01
4.500047e+01
4.500047e+01
4.500047e+01
4.500047e+01

4.500047e+01
4.500047e+01
4.500047e+01
4.500047e+01
4.500047e+01
4.500047e+01
4.500047e+01
4.500047e+01
4.500047e+01
4.500047e+01
4.500047e+01
4.500047e+01
4.500047e+01
4.500047e+01
4.500047e+01
4.500047e+01
4.500047e+01
4.500047e+01
4.500047e+01
4.500047e+01
4.500047e+01
4.500047e+01
4.500047e+01
4.500047e+01
4.500047e+01
4.500047e+01
4.500047e+01
4.500047e+01
4.500047e+01
4.500047e+01
4.500047e+01
4.500047e+01
4.500047e+01
4.500047e+01
4.500047e+01
4.500047e+01
4.500047e+01
4.500047e+01
4.500047e+01
4.500047e+01
4.500047e+01
4.500047e+01
4.500047e+01
4.500047e+01
4.500047e+01
4.500047e+01
4.500047e+01
4.500047e+01
4.500047e+01
4.500047e+01
4.500047e+01
4.500047e+01
4.500047e+01
4.500047e+01
4.500047e+01
4.500047e+01
4.500047e+01
4.500047e+01
4.500047e+01
4.500047e+01
4.500047e+01
4.500047e+01
4.500047e+01
4.500047e+01
4.500047e+01
4.500047e+01

4.500047e+01
4.500047e+01
4.500047e+01
4.500047e+01
4.500047e+01
4.500047e+01
4.500047e+01
4.500047e+01
4.500047e+01
4.500047e+01
4.500047e+01
4.500047e+01
4.500047e+01
4.500047e+01
4.500047e+01
4.500047e+01
4.500047e+01
4.500047e+01
4.500047e+01
4.500047e+01
4.500047e+01
4.500047e+01
4.500047e+01
4.500047e+01
4.500047e+01
4.500047e+01
4.500047e+01
4.500047e+01
4.500047e+01
4.500047e+01
4.500047e+01
4.500047e+01
4.500047e+01
4.500047e+01
4.500047e+01
4.500047e+01
4.500047e+01
4.500047e+01
4.500047e+01
4.500047e+01
4.500047e+01
4.500047e+01
4.500047e+01
4.500047e+01
4.500047e+01
4.500047e+01
4.500047e+01
4.500047e+01
4.500047e+01
4.500047e+01
4.500047e+01
4.500047e+01
4.500047e+01
4.500047e+01
4.500047e+01
4.500047e+01
4.500047e+01
4.500047e+01
4.500047e+01
4.500047e+01
4.500047e+01
4.500047e+01
4.500047e+01
4.500047e+01
4.500047e+01
4.500047e+01

4.500047e+01
4.500047e+01
4.500047e+01
4.500047e+01
4.500047e+01
4.500047e+01
4.500047e+01
4.500047e+01
4.500047e+01
4.500047e+01
4.500047e+01
4.500047e+01
4.500047e+01
4.500046e+01
4.500046e+01
4.500046e+01
4.500046e+01
4.500046e+01
4.500046e+01
4.500046e+01
4.500046e+01
4.500046e+01
4.500046e+01
4.500046e+01
4.500046e+01
4.500046e+01
4.500046e+01
4.500046e+01
4.500046e+01
4.500046e+01
4.500046e+01
4.500046e+01
4.500046e+01
4.500046e+01
4.500046e+01
4.500046e+01
4.500046e+01
4.500046e+01
4.500046e+01
4.500046e+01
4.500046e+01
4.500046e+01
4.500046e+01
4.500046e+01
4.500046e+01
4.500046e+01
4.500046e+01
4.500046e+01
4.500046e+01
4.500046e+01
4.500046e+01
4.500046e+01
4.500046e+01
4.500047e+01
4.500047e+01
4.500047e+01
4.500047e+01
4.500047e+01
4.500047e+01
4.500047e+01
4.500047e+01
4.500047e+01
4.500047e+01
4.500047e+01
4.500047e+01
4.500047e+01

4.500047e+01
4.500047e+01
4.500047e+01
4.500047e+01
4.500047e+01
4.500047e+01
4.500047e+01
4.500046e+01
4.500046e+01
4.500046e+01
4.500046e+01
4.500045e+01
4.500045e+01
4.500045e+01
4.500045e+01
4.500045e+01
4.500045e+01
4.500045e+01
4.500045e+01
4.500045e+01
4.500045e+01
4.500045e+01
4.500045e+01
4.500045e+01
4.500045e+01
4.500045e+01
4.500045e+01
4.500045e+01
4.500045e+01
4.500045e+01
4.500045e+01
4.500045e+01
4.500045e+01
4.500045e+01
4.500045e+01
4.500045e+01
4.500045e+01
4.500045e+01
4.500045e+01
4.500045e+01
4.500045e+01
4.500045e+01
4.500045e+01
4.500045e+01
4.500045e+01
4.500045e+01
4.500045e+01
4.500045e+01
4.500045e+01
4.500045e+01
4.500045e+01
4.500045e+01
4.500045e+01
4.500045e+01
4.500045e+01
4.500045e+01
4.500046e+01
4.500046e+01
4.500046e+01
4.500047e+01
4.500047e+01
4.500047e+01
4.500047e+01
4.500047e+01
4.500047e+01
4.500047e+01

4.500047e+01
4.500047e+01
4.500047e+01
4.500047e+01
4.500047e+01
4.500047e+01
4.500046e+01
4.500046e+01
4.500045e+01
4.500044e+01
4.500043e+01
4.500043e+01
4.500043e+01
4.500042e+01
4.500042e+01
4.500042e+01
4.500042e+01
4.500042e+01
4.500042e+01
4.500042e+01
4.500042e+01
4.500042e+01
4.500042e+01
4.500042e+01
4.500042e+01
4.500042e+01
4.500042e+01
4.500042e+01
4.500042e+01
4.500042e+01
4.500042e+01
4.500042e+01
4.500042e+01
4.500042e+01
4.500042e+01
4.500042e+01
4.500042e+01
4.500042e+01
4.500042e+01
4.500042e+01
4.500042e+01
4.500042e+01
4.500042e+01
4.500042e+01
4.500042e+01
4.500042e+01
4.500042e+01
4.500042e+01
4.500042e+01
4.500042e+01
4.500042e+01
4.500042e+01
4.500042e+01
4.500043e+01
4.500043e+01
4.500043e+01
4.500044e+01
4.500045e+01
4.500046e+01
4.500046e+01
4.500047e+01
4.500047e+01
4.500047e+01
4.500047e+01
4.500047e+01
4.500047e+01

4.500047e+01
4.500047e+01
4.500047e+01
4.500048e+01
4.500048e+01
4.500047e+01
4.500046e+01
4.500045e+01
4.500044e+01
4.500042e+01
4.500041e+01
4.500039e+01
4.500039e+01
4.500038e+01
4.500037e+01
4.500037e+01
4.500037e+01
4.500037e+01
4.500037e+01
4.500037e+01
4.500037e+01
4.500037e+01
4.500037e+01
4.500036e+01
4.500036e+01
4.500036e+01
4.500036e+01
4.500036e+01
4.500036e+01
4.500036e+01
4.500036e+01
4.500036e+01
4.500036e+01
4.500036e+01
4.500036e+01
4.500036e+01
4.500036e+01
4.500036e+01
4.500036e+01
4.500036e+01
4.500036e+01
4.500036e+01
4.500036e+01
4.500036e+01
4.500036e+01
4.500037e+01
4.500037e+01
4.500037e+01
4.500037e+01
4.500037e+01
4.500037e+01
4.500037e+01
4.500038e+01
4.500038e+01
4.500039e+01
4.500040e+01
4.500042e+01
4.500043e+01
4.500045e+01
4.500046e+01
4.500047e+01
4.500047e+01
4.500047e+01
4.500047e+01
4.500047e+01
4.500047e+01

4.500047e+01
4.500047e+01
4.500047e+01
4.500048e+01
4.500048e+01
4.500047e+01
4.500046e+01
4.500045e+01
4.500042e+01
4.500040e+01
4.500037e+01
4.500035e+01
4.500033e+01
4.500031e+01
4.500030e+01
4.500029e+01
4.500029e+01
4.500029e+01
4.500028e+01
4.500028e+01
4.500028e+01
4.500028e+01
4.500028e+01
4.500028e+01
4.500028e+01
4.500028e+01
4.500028e+01
4.500028e+01
4.500028e+01
4.500028e+01
4.500028e+01
4.500028e+01
4.500028e+01
4.500028e+01
4.500028e+01
4.500028e+01
4.500028e+01
4.500028e+01
4.500028e+01
4.500028e+01
4.500028e+01
4.500028e+01
4.500028e+01
4.500028e+01
4.500028e+01
4.500028e+01
4.500028e+01
4.500028e+01
4.500028e+01
4.500029e+01
4.500029e+01
4.500030e+01
4.500031e+01
4.500032e+01
4.500034e+01
4.500037e+01
4.500039e+01
4.500042e+01
4.500045e+01
4.500046e+01
4.500047e+01
4.500048e+01
4.500048e+01
4.500047e+01
4.500047e+01
4.500047e+01

4.500047e+01
4.500047e+01
4.500047e+01
4.500048e+01
4.500048e+01
4.500048e+01
4.500047e+01
4.500045e+01
4.500042e+01
4.500038e+01
4.500034e+01
4.500029e+01
4.500025e+01
4.500022e+01
4.500020e+01
4.500018e+01
4.500017e+01
4.500016e+01
4.500016e+01
4.500015e+01
4.500015e+01
4.500015e+01
4.500015e+01
4.500014e+01
4.500014e+01
4.500014e+01
4.500014e+01
4.500014e+01
4.500014e+01
4.500014e+01
4.500014e+01
4.500014e+01
4.500014e+01
4.500014e+01
4.500014e+01
4.500014e+01
4.500014e+01
4.500014e+01
4.500014e+01
4.500014e+01
4.500014e+01
4.500014e+01
4.500014e+01
4.500014e+01
4.500015e+01
4.500015e+01
4.500015e+01
4.500015e+01
4.500016e+01
4.500017e+01
4.500018e+01
4.500019e+01
4.500022e+01
4.500025e+01
4.500029e+01
4.500033e+01
4.500037e+01
4.500042e+01
4.500045e+01
4.500047e+01
4.500048e+01
4.500048e+01
4.500048e+01
4.500047e+01
4.500047e+01
4.500047e+01

4.500047e+01
4.500047e+01
4.500047e+01
4.500048e+01
4.500048e+01
4.500048e+01
4.500047e+01
4.500046e+01
4.500043e+01
4.500038e+01
4.500031e+01
4.500024e+01
4.500018e+01
4.500012e+01
4.500007e+01
4.500003e+01
4.500001e+01
4.499999e+01
4.499997e+01
4.499996e+01
4.499996e+01
4.499995e+01
4.499995e+01
4.499995e+01
4.499994e+01
4.499994e+01
4.499994e+01
4.499994e+01
4.499994e+01
4.499994e+01
4.499994e+01
4.499994e+01
4.499994e+01
4.499994e+01
4.499994e+01
4.499994e+01
4.499994e+01
4.499994e+01
4.499994e+01
4.499994e+01
4.499994e+01
4.499994e+01
4.499994e+01
4.499995e+01
4.499995e+01
4.499995e+01
4.499996e+01
4.499997e+01
4.499998e+01
4.500000e+01
4.500003e+01
4.500006e+01
4.500011e+01
4.500017e+01
4.500023e+01
4.500031e+01
4.500037e+01
4.500042e+01
4.500045e+01
4.500047e+01
4.500048e+01
4.500048e+01
4.500048e+01
4.500047e+01
4.500047e+01
4.500047e+01

4.500047e+01
4.500047e+01
4.500047e+01
4.500048e+01
4.500048e+01
4.500048e+01
4.500048e+01
4.500047e+01
4.500044e+01
4.500039e+01
4.500031e+01
4.500022e+01
4.500011e+01
4.500001e+01
4.499992e+01
4.499985e+01
4.499979e+01
4.499975e+01
4.499972e+01
4.499970e+01
4.499968e+01
4.499967e+01
4.499966e+01
4.499966e+01
4.499965e+01
4.499965e+01
4.499965e+01
4.499964e+01
4.499964e+01
4.499964e+01
4.499964e+01
4.499963e+01
4.499963e+01
4.499963e+01
4.499963e+01
4.499963e+01
4.499964e+01
4.499964e+01
4.499964e+01
4.499964e+01
4.499964e+01
4.499965e+01
4.499965e+01
4.499966e+01
4.499966e+01
4.499967e+01
4.499969e+01
4.499971e+01
4.499974e+01
4.499978e+01
4.499983e+01
4.499991e+01
4.499999e+01
4.500010e+01
4.500020e+01
4.500030e+01
4.500038e+01
4.500043e+01
4.500046e+01
4.500048e+01
4.500048e+01
4.500048e+01
4.500048e+01
4.500047e+01
4.500047e+01
4.500047e+01

4.500047e+01
4.500047e+01
4.500047e+01
4.500048e+01
4.500048e+01
4.500049e+01
4.500049e+01
4.500048e+01
4.500046e+01
4.500041e+01
4.500034e+01
4.500023e+01
4.500008e+01
4.499993e+01
4.499978e+01
4.499964e+01
4.499953e+01
4.499944e+01
4.499938e+01
4.499933e+01
4.499930e+01
4.499927e+01
4.499925e+01
4.499924e+01
4.499923e+01
4.499922e+01
4.499921e+01
4.499921e+01
4.499920e+01
4.499920e+01
4.499919e+01
4.499919e+01
4.499919e+01
4.499919e+01
4.499919e+01
4.499919e+01
4.499919e+01
4.499920e+01
4.499920e+01
4.499921e+01
4.499921e+01
4.499922e+01
4.499923e+01
4.499924e+01
4.499926e+01
4.499928e+01
4.499932e+01
4.499936e+01
4.499942e+01
4.499951e+01
4.499962e+01
4.499975e+01
4.499990e+01
4.500006e+01
4.500021e+01
4.500032e+01
4.500040e+01
4.500045e+01
4.500047e+01
4.500048e+01
4.500049e+01
4.500048e+01
4.500048e+01
4.500047e+01
4.500047e+01
4.500047e+01

4.500047e+01
4.500047e+01
4.500047e+01
4.500048e+01
4.500048e+01
4.500049e+01
4.500049e+01
4.500049e+01
4.500047e+01
4.500044e+01
4.500038e+01
4.500027e+01
4.500011e+01
4.499990e+01
4.499967e+01
4.499944e+01
4.499924e+01
4.499908e+01
4.499895e+01
4.499885e+01
4.499877e+01
4.499872e+01
4.499868e+01
4.499865e+01
4.499863e+01
4.499861e+01
4.499859e+01
4.499857e+01
4.499856e+01
4.499855e+01
4.499854e+01
4.499853e+01
4.499853e+01
4.499853e+01
4.499853e+01
4.499853e+01
4.499854e+01
4.499855e+01
4.499856e+01
4.499858e+01
4.499859e+01
4.499861e+01
4.499863e+01
4.499866e+01
4.499870e+01
4.499875e+01
4.499882e+01
4.499891e+01
4.499904e+01
4.499920e+01
4.499940e+01
4.499963e+01
4.499986e+01
4.500008e+01
4.500025e+01
4.500036e+01
4.500043e+01
4.500047e+01
4.500048e+01
4.500049e+01
4.500049e+01
4.500048e+01
4.500048e+01
4.500047e+01
4.500047e+01
4.500047e+01

4.500047e+01
4.500047e+01
4.500047e+01
4.500048e+01
4.500048e+01
4.500049e+01
4.500049e+01
4.500049e+01
4.500049e+01
4.500047e+01
4.500043e+01
4.500034e+01
4.500018e+01
4.499995e+01
4.499964e+01
4.499931e+01
4.499898e+01
4.499868e+01
4.499843e+01
4.499824e+01
4.499809e+01
4.499798e+01
4.499789e+01
4.499783e+01
4.499778e+01
4.499773e+01
4.499769e+01
4.499765e+01
4.499762e+01
4.499760e+01
4.499758e+01
4.499756e+01
4.499755e+01
4.499755e+01
4.499756e+01
4.499757e+01
4.499758e+01
4.499761e+01
4.499763e+01
4.499767e+01
4.499770e+01
4.499775e+01
4.499779e+01
4.499785e+01
4.499793e+01
4.499804e+01
4.499819e+01
4.499838e+01
4.499862e+01
4.499892e+01
4.499925e+01
4.499959e+01
4.499990e+01
4.500015e+01
4.500032e+01
4.500041e+01
4.500046e+01
4.500048e+01
4.500049e+01
4.500049e+01
4.500049e+01
4.500048e+01
4.500048e+01
4.500047e+01
4.500047e+01
4.500047e+01

4.500047e+01
4.500047e+01
4.500048e+01
4.500048e+01
4.500048e+01
4.500049e+01
4.500050e+01
4.500050e+01
4.500050e+01
4.500050e+01
4.500048e+01
4.500042e+01
4.500030e+01
4.500007e+01
4.499973e+01
4.499929e+01
4.499881e+01
4.499833e+01
4.499790e+01
4.499753e+01
4.499724e+01
4.499701e+01
4.499684e+01
4.499671e+01
4.499661e+01
4.499651e+01
4.499642e+01
4.499634e+01
4.499627e+01
4.499621e+01
4.499617e+01
4.499613e+01
4.499612e+01
4.499611e+01
4.499612e+01
4.499615e+01
4.499618e+01
4.499623e+01
4.499630e+01
4.499637e+01
4.499645e+01
4.499655e+01
4.499665e+01
4.499678e+01
4.499694e+01
4.499716e+01
4.499745e+01
4.499781e+01
4.499824e+01
4.499872e+01
4.499921e+01
4.499966e+01
4.500001e+01
4.500026e+01
4.500040e+01
4.500046e+01
4.500049e+01
4.500050e+01
4.500050e+01
4.500049e+01
4.500049e+01
4.500048e+01
4.500048e+01
4.500047e+01
4.500047e+01
4.500047e+01

4.500047e+01
4.500047e+01
4.500048e+01
4.500048e+01
4.500048e+01
4.500049e+01
4.500050e+01
4.500050e+01
4.500051e+01
4.500052e+01
4.500052e+01
4.500050e+01
4.500042e+01
4.500024e+01
4.499992e+01
4.499943e+01
4.499881e+01
4.499812e+01
4.499744e+01
4.499682e+01
4.499629e+01
4.499586e+01
4.499553e+01
4.499527e+01
4.499505e+01
4.499484e+01
4.499465e+01
4.499448e+01
4.499434e+01
4.499421e+01
4.499412e+01
4.499405e+01
4.499401e+01
4.499401e+01
4.499403e+01
4.499409e+01
4.499417e+01
4.499428e+01
4.499442e+01
4.499458e+01
4.499475e+01
4.499495e+01
4.499516e+01
4.499542e+01
4.499574e+01
4.499616e+01
4.499668e+01
4.499730e+01
4.499799e+01
4.499869e+01
4.499933e+01
4.499984e+01
4.500018e+01
4.500038e+01
4.500048e+01
4.500051e+01
4.500051e+01
4.500051e+01
4.500050e+01
4.500050e+01
4.500049e+01
4.500048e+01
4.500048e+01
4.500048e+01
4.500047e+01
4.500047e+01

4.500047e+01
4.500047e+01
4.500048e+01
4.500048e+01
4.500048e+01
4.500049e+01
4.500050e+01
4.500051e+01
4.500052e+01
4.500054e+01
4.500056e+01
4.500057e+01
4.500055e+01
4.500044e+01
4.500018e+01
4.499971e+01
4.499902e+01
4.499815e+01
4.499719e+01
4.499624e+01
4.499537e+01
4.499463e+01
4.499401e+01
4.499353e+01
4.499310e+01
4.499270e+01
4.499232e+01
4.499197e+01
4.499167e+01
4.499141e+01
4.499121e+01
4.499107e+01
4.499099e+01
4.499098e+01
4.499104e+01
4.499116e+01
4.499134e+01
4.499157e+01
4.499186e+01
4.499219e+01
4.499255e+01
4.499294e+01
4.499336e+01
4.499383e+01
4.499444e+01
4.499517e+01
4.499604e+01
4.499700e+01
4.499798e+01
4.499887e+01
4.499959e+01
4.500009e+01
4.500038e+01
4.500051e+01
4.500055e+01
4.500054e+01
4.500053e+01
4.500051e+01
4.500050e+01
4.500050e+01
4.500049e+01
4.500048e+01
4.500048e+01
4.500048e+01
4.500047e+01
4.500047e+01

4.500047e+01
4.500047e+01
4.500048e+01
4.500048e+01
4.500048e+01
4.500049e+01
4.500050e+01
4.500051e+01
4.500052e+01
4.500055e+01
4.500058e+01
4.500062e+01
4.500065e+01
4.500062e+01
4.500046e+01
4.500009e+01
4.499942e+01
4.499846e+01
4.499726e+01
4.499596e+01
4.499467e+01
4.499349e+01
4.499247e+01
4.499163e+01
4.499087e+01
4.499012e+01
4.498940e+01
4.498874e+01
4.498814e+01
4.498762e+01
4.498722e+01
4.498693e+01
4.498678e+01
4.498676e+01
4.498688e+01
4.498713e+01
4.498750e+01
4.498798e+01
4.498855e+01
4.498919e+01
4.498989e+01
4.499062e+01
4.499137e+01
4.499220e+01
4.499322e+01
4.499440e+01
4.499569e+01
4.499702e+01
4.499824e+01
4.499925e+01
4.499996e+01
4.500037e+01
4.500057e+01
4.500062e+01
4.500060e+01
4.500057e+01
4.500054e+01
4.500052e+01
4.500051e+01
4.500050e+01
4.500049e+01
4.500048e+01
4.500048e+01
4.500048e+01
4.500047e+01
4.500047e+01

4.500047e+01
4.500047e+01
4.500048e+01
4.500048e+01
4.500048e+01
4.500049e+01
4.500050e+01
4.500051e+01
4.500053e+01
4.500056e+01
4.500060e+01
4.500067e+01
4.500074e+01
4.500079e+01
4.500074e+01
4.500050e+01
4.499995e+01
4.499901e+01
4.499770e+01
4.499611e+01
4.499440e+01
4.499272e+01
4.499117e+01
4.498983e+01
4.498858e+01
4.498731e+01
4.498604e+01
4.498483e+01
4.498372e+01
4.498275e+01
4.498197e+01
4.498142e+01
4.498112e+01
4.498109e+01
4.498133e+01
4.498183e+01
4.498255e+01
4.498348e+01
4.498455e+01
4.498573e+01
4.498696e+01
4.498822e+01
4.498946e+01
4.499079e+01
4.499234e+01
4.499403e+01
4.499577e+01
4.499740e+01
4.499876e+01
4.499976e+01
4.500036e+01
4.500065e+01
4.500073e+01
4.500071e+01
4.500065e+01
4.500059e+01
4.500055e+01
4.500052e+01
4.500051e+01
4.500050e+01
4.500049e+01
4.500048e+01
4.500048e+01
4.500048e+01
4.500047e+01
4.500047e+01

4.500047e+01
4.500047e+01
4.500048e+01
4.500048e+01
4.500048e+01
4.500049e+01
4.500050e+01
4.500051e+01
4.500053e+01
4.500056e+01
4.500062e+01
4.500070e+01
4.500080e+01
4.500092e+01
4.500098e+01
4.500089e+01
4.500052e+01
4.499972e+01
4.499844e+01
4.499671e+01
4.499467e+01
4.499251e+01
4.499041e+01
4.498848e+01
4.498660e+01
4.498461e+01
4.498256e+01
4.498054e+01
4.497862e+01
4.497690e+01
4.497549e+01
4.497448e+01
4.497393e+01
4.497389e+01
4.497435e+01
4.497528e+01
4.497662e+01
4.497827e+01
4.498013e+01
4.498212e+01
4.498413e+01
4.498610e+01
4.498798e+01
4.498990e+01
4.499203e+01
4.499422e+01
4.499631e+01
4.499810e+01
4.499945e+01
4.500032e+01
4.500076e+01
4.500089e+01
4.500087e+01
4.500078e+01
4.500068e+01
4.500061e+01
4.500056e+01
4.500053e+01
4.500051e+01
4.500050e+01
4.500049e+01
4.500048e+01
4.500048e+01
4.500048e+01
4.500047e+01
4.500047e+01

4.500047e+01
4.500047e+01
4.500048e+01
4.500048e+01
4.500048e+01
4.500049e+01
4.500050e+01
4.500051e+01
4.500053e+01
4.500057e+01
4.500062e+01
4.500072e+01
4.500085e+01
4.500102e+01
4.500118e+01
4.500124e+01
4.500106e+01
4.500048e+01
4.499937e+01
4.499767e+01
4.499548e+01
4.499297e+01
4.499037e+01
4.498786e+01
4.498529e+01
4.498247e+01
4.497944e+01
4.497632e+01
4.497327e+01
4.497046e+01
4.496809e+01
4.496637e+01
4.496544e+01
4.496538e+01
4.496619e+01
4.496781e+01
4.497007e+01
4.497280e+01
4.497579e+01
4.497885e+01
4.498185e+01
4.498466e+01
4.498723e+01
4.498975e+01
4.499238e+01
4.499494e+01
4.499721e+01
4.499900e+01
4.500021e+01
4.500087e+01
4.500111e+01
4.500110e+01
4.500097e+01
4.500083e+01
4.500070e+01
4.500062e+01
4.500056e+01
4.500053e+01
4.500051e+01
4.500050e+01
4.500049e+01
4.500048e+01
4.500048e+01
4.500048e+01
4.500047e+01
4.500047e+01

4.500047e+01
4.500047e+01
4.500048e+01
4.500048e+01
4.500048e+01
4.500049e+01
4.500050e+01
4.500051e+01
4.500053e+01
4.500057e+01
4.500063e+01
4.500074e+01
4.500089e+01
4.500110e+01
4.500133e+01
4.500152e+01
4.500154e+01
4.500121e+01
4.500035e+01
4.499883e+01
4.499667e+01
4.499401e+01
4.499108e+01
4.498810e+01
4.498491e+01
4.498124e+01
4.497714e+01
4.497275e+01
4.496828e+01
4.496403e+01
4.496037e+01
4.495765e+01
4.495617e+01
4.495610e+01
4.495744e+01
4.496002e+01
4.496356e+01
4.496769e+01
4.497208e+01
4.497642e+01
4.498048e+01
4.498415e+01
4.498735e+01
4.499035e+01
4.499334e+01
4.499608e+01
4.499833e+01
4.499996e+01
4.500093e+01
4.500135e+01
4.500140e+01
4.500126e+01
4.500105e+01
4.500087e+01
4.500072e+01
4.500062e+01
4.500056e+01
4.500053e+01
4.500051e+01
4.500050e+01
4.500049e+01
4.500048e+01
4.500048e+01
4.500048e+01
4.500047e+01
4.500047e+01

4.500047e+01
4.500047e+01
4.500048e+01
4.500048e+01
4.500049e+01
4.500049e+01
4.500050e+01
4.500051e+01
4.500053e+01
4.500057e+01
4.500064e+01
4.500075e+01
4.500092e+01
4.500115e+01
4.500145e+01
4.500175e+01
4.500194e+01
4.500185e+01
4.500128e+01
4.500004e+01
4.499807e+01
4.499546e+01
4.499239e+01
4.498913e+01
4.498547e+01
4.498108e+01
4.497597e+01
4.497027e+01
4.496424e+01
4.495832e+01
4.495308e+01
4.494912e+01
4.494694e+01
4.494686e+01
4.494888e+01
4.495268e+01
4.495778e+01
4.496356e+01
4.496949e+01
4.497512e+01
4.498020e+01
4.498459e+01
4.498827e+01
4.499158e+01
4.499472e+01
4.499744e+01
4.499952e+01
4.500089e+01
4.500158e+01
4.500176e+01
4.500163e+01
4.500138e+01
4.500111e+01
4.500089e+01
4.500074e+01
4.500063e+01
4.500057e+01
4.500053e+01
4.500051e+01
4.500050e+01
4.500049e+01
4.500048e+01
4.500048e+01
4.500048e+01
4.500047e+01
4.500047e+01

4.500047e+01
4.500047e+01
4.500048e+01
4.500048e+01
4.500049e+01
4.500049e+01
4.500050e+01
4.500051e+01
4.500053e+01
4.500057e+01
4.500064e+01
4.500075e+01
4.500093e+01
4.500120e+01
4.500154e+01
4.500192e+01
4.500226e+01
4.500240e+01
4.500210e+01
4.500118e+01
4.499950e+01
4.499708e+01
4.499408e+01
4.499072e+01
4.498680e+01
4.498191e+01
4.497598e+01
4.496911e+01
4.496156e+01
4.495391e+01
4.494695e+01
4.494158e+01
4.493862e+01
4.493854e+01
4.494134e+01
4.494653e+01
4.495332e+01
4.496081e+01
4.496823e+01
4.497502e+01
4.498091e+01
4.498582e+01
4.498977e+01
4.499320e+01
4.499630e+01
4.499884e+01
4.500066e+01
4.500172e+01
4.500213e+01
4.500209e+01
4.500182e+01
4.500147e+01
4.500116e+01
4.500092e+01
4.500074e+01
4.500063e+01
4.500057e+01
4.500053e+01
4.500051e+01
4.500050e+01
4.500049e+01
4.500048e+01
4.500048e+01
4.500048e+01
4.500047e+01
4.500047e+01

4.500047e+01
4.500047e+01
4.500048e+01
4.500048e+01
4.500049e+01
4.500049e+01
4.500050e+01
4.500051e+01
4.500053e+01
4.500057e+01
4.500064e+01
4.500076e+01
4.500095e+01
4.500123e+01
4.500161e+01
4.500207e+01
4.500255e+01
4.500288e+01
4.500288e+01
4.500231e+01
4.500101e+01
4.499891e+01
4.499613e+01
4.499287e+01
4.498889e+01
4.498373e+01
4.497721e+01
4.496933e+01
4.496035e+01
4.495091e+01
4.494207e+01
4.493511e+01
4.493124e+01
4.493118e+01
4.493489e+01
4.494166e+01
4.495030e+01
4.495954e+01
4.496836e+01
4.497614e+01
4.498263e+01
4.498781e+01
4.499185e+01
4.499520e+01
4.499810e+01
4.500033e+01
4.500179e+01
4.500251e+01
4.500263e+01
4.500238e+01
4.500197e+01
4.500155e+01
4.500120e+01
4.500093e+01
4.500075e+01
4.500064e+01
4.500057e+01
4.500053e+01
4.500051e+01
4.500050e+01
4.500049e+01
4.500048e+01
4.500048e+01
4.500048e+01
4.500047e+01
4.500047e+01

4.500047e+01
4.500047e+01
4.500048e+01
4.500048e+01
4.500049e+01
4.500049e+01
4.500050e+01
4.500051e+01
4.500053e+01
4.500057e+01
4.500065e+01
4.500077e+01
4.500096e+01
4.500126e+01
4.500168e+01
4.500221e+01
4.500282e+01
4.500337e+01
4.500369e+01
4.500353e+01
4.500270e+01
4.500109e+01
4.499873e+01
4.499579e+01
4.499200e+01
4.498685e+01
4.498006e+01
4.497145e+01
4.496120e+01
4.494998e+01
4.493910e+01
4.493035e+01
4.492544e+01
4.492540e+01
4.493019e+01
4.493873e+01
4.494934e+01
4.496031e+01
4.497037e+01
4.497886e+01
4.498564e+01
4.499082e+01
4.499469e+01
4.499775e+01
4.500025e+01
4.500202e+01
4.500302e+01
4.500332e+01
4.500313e+01
4.500266e+01
4.500212e+01
4.500163e+01
4.500123e+01
4.500095e+01
4.500076e+01
4.500064e+01
4.500057e+01
4.500053e+01
4.500051e+01
4.500050e+01
4.500049e+01
4.500048e+01
4.500048e+01
4.500048e+01
4.500047e+01
4.500047e+01

4.500047e+01
4.500047e+01
4.500048e+01
4.500048e+01
4.500049e+01
4.500049e+01
4.500050e+01
4.500051e+01
4.500053e+01
4.500057e+01
4.500065e+01
4.500077e+01
4.500098e+01
4.500129e+01
4.500174e+01
4.500234e+01
4.500307e+01
4.500384e+01
4.500449e+01
4.500479e+01
4.500453e+01
4.500356e+01
4.500183e+01
4.499946e+01
4.499618e+01
4.499148e+01
4.498492e+01
4.497619e+01
4.496525e+01
4.495276e+01
4.494027e+01
4.492998e+01
4.492413e+01
4.492409e+01
4.492982e+01
4.493987e+01
4.495204e+01
4.496422e+01
4.497493e+01
4.498357e+01
4.499013e+01
4.499492e+01
4.499830e+01
4.500082e+01
4.500271e+01
4.500387e+01
4.500430e+01
4.500414e+01
4.500362e+01
4.500293e+01
4.500226e+01
4.500170e+01
4.500126e+01
4.500096e+01
4.500077e+01
4.500064e+01
4.500057e+01
4.500053e+01
4.500051e+01
4.500050e+01
4.500049e+01
4.500048e+01
4.500048e+01
4.500048e+01
4.500047e+01
4.500047e+01

4.500047e+01
4.500047e+01
4.500048e+01
4.500048e+01
4.500049e+01
4.500049e+01
4.500050e+01
4.500051e+01
4.500053e+01
4.500057e+01
4.500065e+01
4.500078e+01
4.500099e+01
4.500131e+01
4.500180e+01
4.500246e+01
4.500330e+01
4.500428e+01
4.500526e+01
4.500605e+01
4.500643e+01
4.500622e+01
4.500532e+01
4.500377e+01
4.500137e+01
4.499760e+01
4.499198e+01
4.498402e+01
4.497352e+01
4.496099e+01
4.494800e+01
4.493702e+01
4.493068e+01
4.493059e+01
4.493672e+01
4.494738e+01
4.496000e+01
4.497221e+01
4.498252e+01
4.499044e+01
4.499612e+01
4.500002e+01
4.500258e+01
4.500430e+01
4.500538e+01
4.500579e+01
4.500559e+01
4.500495e+01
4.500408e+01
4.500318e+01
4.500239e+01
4.500176e+01
4.500129e+01
4.500098e+01
4.500077e+01
4.500065e+01
4.500057e+01
4.500053e+01
4.500051e+01
4.500050e+01
4.500049e+01
4.500049e+01
4.500048e+01
4.500048e+01
4.500047e+01
4.500047e+01

4.500047e+01
4.500047e+01
4.500048e+01
4.500048e+01
4.500049e+01
4.500049e+01
4.500050e+01
4.500051e+01
4.500053e+01
4.500058e+01
4.500065e+01
4.500078e+01
4.500100e+01
4.500134e+01
4.500184e+01
4.500256e+01
4.500351e+01
4.500467e+01
4.500597e+01
4.500724e+01
4.500829e+01
4.500892e+01
4.500900e+01
4.500849e+01
4.500726e+01
4.500491e+01
4.500095e+01
4.499482e+01
4.498618e+01
4.497530e+01
4.496358e+01
4.495342e+01
4.494736e+01
4.494713e+01
4.495273e+01
4.496245e+01
4.497378e+01
4.498442e+01
4.499300e+01
4.499920e+01
4.500332e+01
4.500586e+01
4.500730e+01
4.500800e+01
4.500814e+01
4.500771e+01
4.500683e+01
4.500570e+01
4.500450e+01
4.500341e+01
4.500250e+01
4.500181e+01
4.500132e+01
4.500099e+01
4.500078e+01
4.500065e+01
4.500057e+01
4.500053e+01
4.500051e+01
4.500050e+01
4.500049e+01
4.500049e+01
4.500048e+01
4.500048e+01
4.500047e+01
4.500047e+01

4.500047e+01
4.500047e+01
4.500048e+01
4.500048e+01
4.500049e+01
4.500049e+01
4.500050e+01
4.500051e+01
4.500053e+01
4.500058e+01
4.500065e+01
4.500078e+01
4.500100e+01
4.500135e+01
4.500188e+01
4.500264e+01
4.500368e+01
4.500501e+01
4.500660e+01
4.500832e+01
4.501002e+01
4.501150e+01
4.501261e+01
4.501325e+01
4.501337e+01
4.501277e+01
4.501102e+01
4.500757e+01
4.500200e+01
4.499435e+01
4.498557e+01
4.497753e+01
4.497251e+01
4.497205e+01
4.497623e+01
4.498365e+01
4.499211e+01
4.499969e+01
4.500540e+01
4.500909e+01
4.501112e+01
4.501198e+01
4.501210e+01
4.501168e+01
4.501079e+01
4.500950e+01
4.500797e+01
4.500636e+01
4.500487e+01
4.500360e+01
4.500260e+01
4.500186e+01
4.500134e+01
4.500100e+01
4.500078e+01
4.500065e+01
4.500057e+01
4.500053e+01
4.500051e+01
4.500050e+01
4.500049e+01
4.500049e+01
4.500048e+01
4.500048e+01
4.500047e+01
4.500047e+01

4.500047e+01
4.500047e+01
4.500048e+01
4.500048e+01
4.500049e+01
4.500049e+01
4.500050e+01
4.500051e+01
4.500053e+01
4.500058e+01
4.500065e+01
4.500079e+01
4.500101e+01
4.500137e+01
4.500191e+01
4.500271e+01
4.500382e+01
4.500528e+01
4.500710e+01
4.500922e+01
4.501149e+01
4.501375e+01
4.501583e+01
4.501759e+01
4.501908e+01
4.502030e+01
4.502093e+01
4.502050e+01
4.501854e+01
4.501484e+01
4.500983e+01
4.500477e+01
4.500124e+01
4.500053e+01
4.500283e+01
4.500714e+01
4.501191e+01
4.501578e+01
4.501809e+01
4.501893e+01
4.501868e+01
4.501778e+01
4.501655e+01
4.501502e+01
4.501315e+01
4.501107e+01
4.500893e+01
4.500692e+01
4.500518e+01
4.500376e+01
4.500267e+01
4.500189e+01
4.500136e+01
4.500100e+01
4.500078e+01
4.500065e+01
4.500058e+01
4.500053e+01
4.500051e+01
4.500050e+01
4.500049e+01
4.500049e+01
4.500048e+01
4.500048e+01
4.500047e+01
4.500047e+01

4.500047e+01
4.500047e+01
4.500048e+01
4.500048e+01
4.500049e+01
4.500049e+01
4.500050e+01
4.500051e+01
4.500053e+01
4.500058e+01
4.500065e+01
4.500079e+01
4.500101e+01
4.500137e+01
4.500193e+01
4.500275e+01
4.500391e+01
4.500548e+01
4.500747e+01
4.500988e+01
4.501260e+01
4.501549e+01
4.501836e+01
4.502106e+01
4.502373e+01
4.502655e+01
4.502930e+01
4.503160e+01
4.503297e+01
4.503295e+01
4.503150e+01
4.502922e+01
4.502717e+01
4.502631e+01
4.502690e+01
4.502837e+01
4.502969e+01
4.503005e+01
4.502921e+01
4.502742e+01
4.502510e+01
4.502262e+01
4.502021e+01
4.501772e+01
4.501503e+01
4.501229e+01
4.500968e+01
4.500735e+01
4.500540e+01
4.500387e+01
4.500273e+01
4.500192e+01
4.500137e+01
4.500101e+01
4.500079e+01
4.500065e+01
4.500058e+01
4.500053e+01
4.500051e+01
4.500050e+01
4.500049e+01
4.500049e+01
4.500048e+01
4.500048e+01
4.500047e+01
4.500047e+01

4.500047e+01
4.500047e+01
4.500048e+01
4.500048e+01
4.500049e+01
4.500049e+01
4.500050e+01
4.500051e+01
4.500053e+01
4.500058e+01
4.500065e+01
4.500079e+01
4.500101e+01
4.500138e+01
4.500194e+01
4.500278e+01
4.500397e+01
4.500558e+01
4.500769e+01
4.501027e+01
4.501327e+01
4.501656e+01
4.501996e+01
4.502328e+01
4.502676e+01
4.503069e+01
4.503495e+01
4.503924e+01
4.504305e+01
4.504578e+01
4.504708e+01
4.504705e+01
4.504628e+01
4.504542e+01
4.504477e+01
4.504406e+01
4.504274e+01
4.504043e+01
4.503720e+01
4.503343e+01
4.502958e+01
4.502595e+01
4.502269e+01
4.501953e+01
4.501627e+01
4.501309e+01
4.501016e+01
4.500762e+01
4.500555e+01
4.500395e+01
4.500277e+01
4.500194e+01
4.500138e+01
4.500101e+01
4.500079e+01
4.500065e+01
4.500058e+01
4.500053e+01
4.500051e+01
4.500050e+01
4.500049e+01
4.500049e+01
4.500048e+01
4.500048e+01
4.500047e+01
4.500047e+01

4.500047e+01
4.500047e+01
4.500048e+01
4.500048e+01
4.500049e+01
4.500049e+01
4.500050e+01
4.500051e+01
4.500053e+01
4.500058e+01
4.500065e+01
4.500079e+01
4.500101e+01
4.500138e+01
4.500194e+01
4.500278e+01
4.500397e+01
4.500560e+01
4.500773e+01
4.501037e+01
4.501345e+01
4.501687e+01
4.502045e+01
4.502401e+01
4.502781e+01
4.503221e+01
4.503715e+01
4.504240e+01
4.504749e+01
4.505182e+01
4.505485e+01
4.505638e+01
4.505661e+01
4.505593e+01
4.505459e+01
4.505253e+01
4.504957e+01
4.504565e+01
4.504105e+01
4.503622e+01
4.503159e+01
4.502740e+01
4.502375e+01
4.502029e+01
4.501678e+01
4.501341e+01
4.501035e+01
4.500773e+01
4.500561e+01
4.500398e+01
4.500278e+01
4.500194e+01
4.500138e+01
4.500102e+01
4.500079e+01
4.500065e+01
4.500058e+01
4.500053e+01
4.500051e+01
4.500050e+01
4.500049e+01
4.500049e+01
4.500048e+01
4.500048e+01
4.500047e+01
4.500047e+01

4.500047e+01
4.500047e+01
4.500048e+01
4.500048e+01
4.500049e+01
4.500049e+01
4.500050e+01
4.500051e+01
4.500053e+01
4.500058e+01
4.500065e+01
4.500079e+01
4.500101e+01
4.500137e+01
4.500193e+01
4.500276e+01
4.500393e+01
4.500553e+01
4.500760e+01
4.501016e+01
4.501313e+01
4.501641e+01
4.501982e+01
4.502320e+01
4.502680e+01
4.503098e+01
4.503569e+01
4.504078e+01
4.504587e+01
4.505046e+01
4.505403e+01
4.505628e+01
4.505715e+01
4.505681e+01
4.505537e+01
4.505292e+01
4.504946e+01
4.504516e+01
4.504037e+01
4.503551e+01
4.503095e+01
4.502685e+01
4.502330e+01
4.501994e+01
4.501652e+01
4.501324e+01
4.501024e+01
4.500767e+01
4.500557e+01
4.500396e+01
4.500277e+01
4.500194e+01
4.500138e+01
4.500102e+01
4.500079e+01
4.500065e+01
4.500058e+01
4.500053e+01
4.500051e+01
4.500050e+01
4.500049e+01
4.500049e+01
4.500048e+01
4.500048e+01
4.500047e+01
4.500047e+01

4.500047e+01
4.500047e+01
4.500048e+01
4.500048e+01
4.500049e+01
4.500049e+01
4.500050e+01
4.500051e+01
4.500053e+01
4.500058e+01
4.500065e+01
4.500079e+01
4.500101e+01
4.500136e+01
4.500191e+01
4.500272e+01
4.500385e+01
4.500537e+01
4.500732e+01
4.500967e+01
4.501234e+01
4.501522e+01
4.501815e+01
4.502098e+01
4.502393e+01
4.502726e+01
4.503092e+01
4.503478e+01
4.503857e+01
4.504197e+01
4.504467e+01
4.504652e+01
4.504746e+01
4.504752e+01
4.504672e+01
4.504502e+01
4.504246e+01
4.503916e+01
4.503541e+01
4.503155e+01
4.502784e+01
4.502445e+01
4.502144e+01
4.501854e+01
4.501554e+01
4.501259e+01
4.500985e+01
4.500744e+01
4.500545e+01
4.500390e+01
4.500275e+01
4.500193e+01
4.500137e+01
4.500101e+01
4.500079e+01
4.500065e+01
4.500058e+01
4.500053e+01
4.500051e+01
4.500050e+01
4.500049e+01
4.500049e+01
4.500048e+01
4.500048e+01
4.500047e+01
4.500047e+01

4.500047e+01
4.500047e+01
4.500048e+01
4.500048e+01
4.500049e+01
4.500049e+01
4.500050e+01
4.500051e+01
4.500053e+01
4.500058e+01
4.500065e+01
4.500078e+01
4.500100e+01
4.500135e+01
4.500188e+01
4.500266e+01
4.500373e+01
4.500514e+01
4.500688e+01
4.500893e+01
4.501116e+01
4.501344e+01
4.501565e+01
4.501766e+01
4.501962e+01
4.502166e+01
4.502369e+01
4.502554e+01
4.502703e+01
4.502803e+01
4.502856e+01
4.502883e+01
4.502915e+01
4.502961e+01
4.503008e+01
4.503029e+01
4.502991e+01
4.502883e+01
4.502714e+01
4.502505e+01
4.502280e+01
4.502057e+01
4.501845e+01
4.501629e+01
4.501395e+01
4.501154e+01
4.500920e+01
4.500707e+01
4.500525e+01
4.500380e+01
4.500270e+01
4.500191e+01
4.500136e+01
4.500101e+01
4.500079e+01
4.500065e+01
4.500058e+01
4.500053e+01
4.500051e+01
4.500050e+01
4.500049e+01
4.500049e+01
4.500048e+01
4.500048e+01
4.500047e+01
4.500047e+01

4.500047e+01
4.500047e+01
4.500048e+01
4.500048e+01
4.500049e+01
4.500049e+01
4.500050e+01
4.500051e+01
4.500053e+01
4.500057e+01
4.500065e+01
4.500078e+01
4.500099e+01
4.500133e+01
4.500184e+01
4.500258e+01
4.500357e+01
4.500483e+01
4.500633e+01
4.500798e+01
4.500966e+01
4.501123e+01
4.501258e+01
4.501364e+01
4.501445e+01
4.501503e+01
4.501520e+01
4.501476e+01
4.501359e+01
4.501174e+01
4.500961e+01
4.500789e+01
4.500721e+01
4.500793e+01
4.500983e+01
4.501228e+01
4.501460e+01
4.501625e+01
4.501706e+01
4.501711e+01
4.501661e+01
4.501574e+01
4.501470e+01
4.501344e+01
4.501190e+01
4.501016e+01
4.500833e+01
4.500656e+01
4.500498e+01
4.500366e+01
4.500263e+01
4.500188e+01
4.500135e+01
4.500100e+01
4.500078e+01
4.500065e+01
4.500058e+01
4.500053e+01
4.500051e+01
4.500050e+01
4.500049e+01
4.500049e+01
4.500048e+01
4.500048e+01
4.500047e+01
4.500047e+01

4.500047e+01
4.500047e+01
4.500048e+01
4.500048e+01
4.500049e+01
4.500049e+01
4.500050e+01
4.500051e+01
4.500053e+01
4.500057e+01
4.500065e+01
4.500078e+01
4.500098e+01
4.500131e+01
4.500180e+01
4.500248e+01
4.500337e+01
4.500446e+01
4.500567e+01
4.500689e+01
4.500797e+01
4.500878e+01
4.500924e+01
4.500934e+01
4.500905e+01
4.500824e+01
4.500671e+01
4.500426e+01
4.500081e+01
4.499661e+01
4.499230e+01
4.498887e+01
4.498731e+01
4.498811e+01
4.499104e+01
4.499530e+01
4.499985e+01
4.500386e+01
4.500691e+01
4.500894e+01
4.501008e+01
4.501057e+01
4.501059e+01
4.501026e+01
4.500957e+01
4.500856e+01
4.500731e+01
4.500595e+01
4.500464e+01
4.500348e+01
4.500254e+01
4.500184e+01
4.500133e+01
4.500100e+01
4.500078e+01
4.500065e+01
4.500058e+01
4.500053e+01
4.500051e+01
4.500050e+01
4.500049e+01
4.500049e+01
4.500048e+01
4.500048e+01
4.500047e+01
4.500047e+01

4.500047e+01
4.500047e+01
4.500048e+01
4.500048e+01
4.500049e+01
4.500049e+01
4.500050e+01
4.500051e+01
4.500053e+01
4.500057e+01
4.500065e+01
4.500077e+01
4.500097e+01
4.500129e+01
4.500174e+01
4.500237e+01
4.500315e+01
4.500404e+01
4.500495e+01
4.500572e+01
4.500620e+01
4.500627e+01
4.500592e+01
4.500516e+01
4.500394e+01
4.500202e+01
4.499921e+01
4.499537e+01
4.499052e+01
4.498500e+01
4.497960e+01
4.497538e+01
4.497336e+01
4.497408e+01
4.497737e+01
4.498241e+01
4.498811e+01
4.499353e+01
4.499807e+01
4.500153e+01
4.500396e+01
4.500556e+01
4.500652e+01
4.500703e+01
4.500715e+01
4.500685e+01
4.500619e+01
4.500527e+01
4.500425e+01
4.500328e+01
4.500244e+01
4.500179e+01
4.500131e+01
4.500099e+01
4.500078e+01
4.500065e+01
4.500058e+01
4.500053e+01
4.500051e+01
4.500050e+01
4.500049e+01
4.500049e+01
4.500048e+01
4.500048e+01
4.500047e+01
4.500047e+01

4.500047e+01
4.500047e+01
4.500048e+01
4.500048e+01
4.500049e+01
4.500049e+01
4.500050e+01
4.500051e+01
4.500053e+01
4.500057e+01
4.500064e+01
4.500076e+01
4.500096e+01
4.500126e+01
4.500168e+01
4.500224e+01
4.500290e+01
4.500359e+01
4.500418e+01
4.500451e+01
4.500443e+01
4.500386e+01
4.500282e+01
4.500140e+01
4.499948e+01
4.499682e+01
4.499327e+01
4.498875e+01
4.498339e+01
4.497758e+01
4.497209e+01
4.496787e+01
4.496582e+01
4.496641e+01
4.496951e+01
4.497445e+01
4.498028e+01
4.498608e+01
4.499125e+01
4.499548e+01
4.499874e+01
4.500112e+01
4.500278e+01
4.500397e+01
4.500478e+01
4.500513e+01
4.500502e+01
4.500454e+01
4.500382e+01
4.500305e+01
4.500233e+01
4.500173e+01
4.500129e+01
4.500098e+01
4.500077e+01
4.500065e+01
4.500057e+01
4.500053e+01
4.500051e+01
4.500050e+01
4.500049e+01
4.500049e+01
4.500048e+01
4.500048e+01
4.500047e+01
4.500047e+01

4.500047e+01
4.500047e+01
4.500048e+01
4.500048e+01
4.500048e+01
4.500049e+01
4.500050e+01
4.500051e+01
4.500053e+01
4.500057e+01
4.500064e+01
4.500076e+01
4.500095e+01
4.500123e+01
4.500161e+01
4.500210e+01
4.500264e+01
4.500312e+01
4.500341e+01
4.500332e+01
4.500275e+01
4.500165e+01
4.500009e+01
4.499821e+01
4.499588e+01
4.499284e+01
4.498900e+01
4.498438e+01
4.497916e+01
4.497374e+01
4.496879e+01
4.496506e+01
4.496323e+01
4.496368e+01
4.496632e+01
4.497065e+01
4.497594e+01
4.498144e+01
4.498658e+01
4.499101e+01
4.499462e+01
4.499744e+01
4.499956e+01
4.500124e+01
4.500259e+01
4.500348e+01
4.500386e+01
4.500378e+01
4.500337e+01
4.500280e+01
4.500220e+01
4.500167e+01
4.500126e+01
4.500096e+01
4.500077e+01
4.500065e+01
4.500057e+01
4.500053e+01
4.500051e+01
4.500050e+01
4.500049e+01
4.500049e+01
4.500048e+01
4.500048e+01
4.500047e+01
4.500047e+01

4.500047e+01
4.500047e+01
4.500048e+01
4.500048e+01
4.500048e+01
4.500049e+01
4.500050e+01
4.500051e+01
4.500053e+01
4.500057e+01
4.500064e+01
4.500075e+01
4.500093e+01
4.500119e+01
4.500154e+01
4.500195e+01
4.500236e+01
4.500264e+01
4.500264e+01
4.500219e+01
4.500122e+01
4.499972e+01
4.499782e+01
4.499567e+01
4.499315e+01
4.499002e+01
4.498624e+01
4.498188e+01
4.497716e+01
4.497244e+01
4.496823e+01
4.496513e+01
4.496361e+01
4.496395e+01
4.496609e+01
4.496968e+01
4.497418e+01
4.497903e+01
4.498375e+01
4.498800e+01
4.499163e+01
4.499460e+01
4.499695e+01
4.499892e+01
4.500064e+01
4.500195e+01
4.500274e+01
4.500303e+01
4.500291e+01
4.500253e+01
4.500206e+01
4.500160e+01
4.500123e+01
4.500095e+01
4.500076e+01
4.500064e+01
4.500057e+01
4.500053e+01
4.500051e+01
4.500050e+01
4.500049e+01
4.500049e+01
4.500048e+01
4.500048e+01
4.500047e+01
4.500047e+01

4.500047e+01
4.500047e+01
4.500048e+01
4.500048e+01
4.500048e+01
4.500049e+01
4.500050e+01
4.500051e+01
4.500053e+01
4.500057e+01
4.500063e+01
4.500074e+01
4.500091e+01
4.500115e+01
4.500145e+01
4.500178e+01
4.500204e+01
4.500211e+01
4.500182e+01
4.500104e+01
4.499972e+01
4.499793e+01
4.499582e+01
4.499357e+01
4.499105e+01
4.498805e+01
4.498457e+01
4.498073e+01
4.497672e+01
4.497284e+01
4.496947e+01
4.496704e+01
4.496585e+01
4.496610e+01
4.496774e+01
4.497055e+01
4.497418e+01
4.497820e+01
4.498225e+01
4.498606e+01
4.498945e+01
4.499234e+01
4.499474e+01
4.499685e+01
4.499881e+01
4.500043e+01
4.500159e+01
4.500222e+01
4.500239e+01
4.500223e+01
4.500189e+01
4.500152e+01
4.500119e+01
4.500093e+01
4.500075e+01
4.500064e+01
4.500057e+01
4.500053e+01
4.500051e+01
4.500050e+01
4.500049e+01
4.500049e+01
4.500048e+01
4.500048e+01
4.500047e+01
4.500047e+01

4.500047e+01
4.500047e+01
4.500048e+01
4.500048e+01
4.500048e+01
4.500049e+01
4.500050e+01
4.500051e+01
4.500053e+01
4.500057e+01
4.500063e+01
4.500073e+01
4.500088e+01
4.500109e+01
4.500133e+01
4.500155e+01
4.500165e+01
4.500147e+01
4.500088e+01
4.499978e+01
4.499820e+01
4.499624e+01
4.499408e+01
4.499189e+01
4.498956e+01
4.498690e+01
4.498395e+01
4.498082e+01
4.497766e+01
4.497472e+01
4.497223e+01
4.497047e+01
4.496961e+01
4.496978e+01
4.497095e+01
4.497299e+01
4.497568e+01
4.497876e+01
4.498198e+01
4.498513e+01
4.498804e+01
4.499065e+01
4.499290e+01
4.499500e+01
4.499705e+01
4.499887e+01
4.500032e+01
4.500128e+01
4.500176e+01
4.500184e+01
4.500168e+01
4.500141e+01
4.500113e+01
4.500091e+01
4.500074e+01
4.500064e+01
4.500057e+01
4.500053e+01
4.500051e+01
4.500050e+01
4.500049e+01
4.500049e+01
4.500048e+01
4.500048e+01
4.500047e+01
4.500047e+01

4.500047e+01
4.500047e+01
4.500048e+01
4.500048e+01
4.500048e+01
4.500049e+01
4.500050e+01
4.500051e+01
4.500053e+01
4.500056e+01
4.500062e+01
4.500071e+01
4.500085e+01
4.500101e+01
4.500118e+01
4.500127e+01
4.500117e+01
4.500074e+01
4.499988e+01
4.499855e+01
4.499682e+01
4.499487e+01
4.499284e+01
4.499090e+01
4.498893e+01
4.498677e+01
4.498448e+01
4.498214e+01
4.497988e+01
4.497782e+01
4.497614e+01
4.497496e+01
4.497440e+01
4.497451e+01
4.497528e+01
4.497664e+01
4.497848e+01
4.498064e+01
4.498298e+01
4.498536e+01
4.498765e+01
4.498979e+01
4.499173e+01
4.499362e+01
4.499557e+01
4.499744e+01
4.499905e+01
4.500027e+01
4.500103e+01
4.500137e+01
4.500140e+01
4.500126e+01
4.500106e+01
4.500087e+01
4.500073e+01
4.500063e+01
4.500057e+01
4.500053e+01
4.500051e+01
4.500050e+01
4.500049e+01
4.500049e+01
4.500048e+01
4.500048e+01
4.500047e+01
4.500047e+01

4.500047e+01
4.500047e+01
4.500048e+01
4.500048e+01
4.500048e+01
4.500049e+01
4.500050e+01
4.500051e+01
4.500053e+01
4.500056e+01
4.500061e+01
4.500069e+01
4.500080e+01
4.500091e+01
4.500098e+01
4.500093e+01
4.500063e+01
4.499997e+01
4.499891e+01
4.499747e+01
4.499579e+01
4.499403e+01
4.499231e+01
4.499075e+01
4.498925e+01
4.498766e+01
4.498604e+01
4.498445e+01
4.498297e+01
4.498166e+01
4.498061e+01
4.497989e+01
4.497955e+01
4.497962e+01
4.498009e+01
4.498093e+01
4.498208e+01
4.498347e+01
4.498502e+01
4.498665e+01
4.498829e+01
4.498988e+01
4.499139e+01
4.499292e+01
4.499460e+01
4.499631e+01
4.499792e+01
4.499927e+01
4.500025e+01
4.500083e+01
4.500106e+01
4.500107e+01
4.500096e+01
4.500083e+01
4.500071e+01
4.500062e+01
4.500056e+01
4.500053e+01
4.500051e+01
4.500050e+01
4.500049e+01
4.500048e+01
4.500048e+01
4.500048e+01
4.500047e+01
4.500047e+01

4.500047e+01
4.500047e+01
4.500048e+01
4.500048e+01
4.500048e+01
4.500049e+01
4.500050e+01
4.500051e+01
4.500053e+01
4.500055e+01
4.500060e+01
4.500066e+01
4.500073e+01
4.500078e+01
4.500075e+01
4.500054e+01
4.500005e+01
4.499924e+01
4.499810e+01
4.499673e+01
4.499527e+01
4.499384e+01
4.499254e+01
4.499141e+01
4.499037e+01
4.498932e+01
4.498828e+01
4.498730e+01
4.498641e+01
4.498564e+01
4.498504e+01
4.498464e+01
4.498445e+01
4.498449e+01
4.498476e+01
4.498523e+01
4.498590e+01
4.498672e+01
4.498766e+01
4.498868e+01
4.498974e+01
4.499081e+01
4.499186e+01
4.499299e+01
4.499428e+01
4.499568e+01
4.499710e+01
4.499842e+01
4.499950e+01
4.500025e+01
4.500067e+01
4.500084e+01
4.500084e+01
4.500076e+01
4.500068e+01
4.500061e+01
4.500056e+01
4.500053e+01
4.500051e+01
4.500050e+01
4.500049e+01
4.500048e+01
4.500048e+01
4.500048e+01
4.500047e+01
4.500047e+01

4.500047e+01
4.500047e+01
4.500048e+01
4.500048e+01
4.500048e+01
4.500049e+01
4.500050e+01
4.500051e+01
4.500052e+01
4.500055e+01
4.500058e+01
4.500062e+01
4.500065e+01
4.500062e+01
4.500047e+01
4.500012e+01
4.499952e+01
4.499865e+01
4.499758e+01
4.499643e+01
4.499529e+01
4.499427e+01
4.499338e+01
4.499265e+01
4.499200e+01
4.499137e+01
4.499076e+01
4.499020e+01
4.498971e+01
4.498930e+01
4.498898e+01
4.498877e+01
4.498867e+01
4.498869e+01
4.498883e+01
4.498909e+01
4.498945e+01
4.498990e+01
4.499042e+01
4.499101e+01
4.499164e+01
4.499229e+01
4.499295e+01
4.499369e+01
4.499458e+01
4.499560e+01
4.499672e+01
4.499785e+01
4.499887e+01
4.499970e+01
4.500026e+01
4.500056e+01
4.500068e+01
4.500068e+01
4.500064e+01
4.500059e+01
4.500055e+01
4.500053e+01
4.500051e+01
4.500050e+01
4.500049e+01
4.500048e+01
4.500048e+01
4.500048e+01
4.500047e+01
4.500047e+01

4.500047e+01
4.500047e+01
4.500048e+01
4.500048e+01
4.500048e+01
4.500049e+01
4.500050e+01
4.500051e+01
4.500052e+01
4.500053e+01
4.500055e+01
4.500056e+01
4.500054e+01
4.500043e+01
4.500018e+01
4.499974e+01
4.499910e+01
4.499830e+01
4.499743e+01
4.499657e+01
4.499579e+01
4.499512e+01
4.499458e+01
4.499415e+01
4.499378e+01
4.499343e+01
4.499311e+01
4.499281e+01
4.499256e+01
4.499235e+01
4.499219e+01
4.499208e+01
4.499204e+01
4.499205e+01
4.499212e+01
4.499225e+01
4.499243e+01
4.499267e+01
4.499294e+01
4.499325e+01
4.499360e+01
4.499396e+01
4.499434e+01
4.499478e+01
4.499533e+01
4.499600e+01
4.499677e+01
4.499763e+01
4.499848e+01
4.499926e+01
4.499987e+01
4.500027e+01
4.500049e+01
4.500058e+01
4.500059e+01
4.500057e+01
4.500054e+01
4.500052e+01
4.500051e+01
4.500050e+01
4.500049e+01
4.500048e+01
4.500048e+01
4.500048e+01
4.500047e+01
4.500047e+01

4.500047e+01
4.500047e+01
4.500048e+01
4.500048e+01
4.500048e+01
4.500049e+01
4.500050e+01
4.500050e+01
4.500051e+01
4.500052e+01
4.500052e+01
4.500049e+01
4.500042e+01
4.500024e+01
4.499992e+01
4.499946e+01
4.499888e+01
4.499823e+01
4.499760e+01
4.499703e+01
4.499655e+01
4.499617e+01
4.499587e+01
4.499564e+01
4.499544e+01
4.499526e+01
4.499510e+01
4.499495e+01
4.499483e+01
4.499473e+01
4.499465e+01
4.499460e+01
4.499458e+01
4.499459e+01
4.499462e+01
4.499468e+01
4.499477e+01
4.499489e+01
4.499502e+01
4.499518e+01
4.499536e+01
4.499555e+01
4.499575e+01
4.499599e+01
4.499630e+01
4.499669e+01
4.499717e+01
4.499774e+01
4.499837e+01
4.499900e+01
4.499956e+01
4.500001e+01
4.500030e+01
4.500046e+01
4.500052e+01
4.500053e+01
4.500053e+01
4.500051e+01
4.500050e+01
4.500050e+01
4.500049e+01
4.500048e+01
4.500048e+01
4.500048e+01
4.500047e+01
4.500047e+01

4.500047e+01
4.500047e+01
4.500047e+01
4.500048e+01
4.500048e+01
4.500049e+01
4.500049e+01
4.500050e+01
4.500050e+01
4.500050e+01
4.500048e+01
4.500042e+01
4.500029e+01
4.500007e+01
4.499974e+01
4.499932e+01
4.499886e+01
4.499841e+01
4.499801e+01
4.499767e+01
4.499740e+01
4.499720e+01
4.499704e+01
4.499692e+01
4.499683e+01
4.499674e+01
4.499666e+01
4.499659e+01
4.499653e+01
4.499649e+01
4.499645e+01
4.499643e+01
4.499642e+01
4.499643e+01
4.499644e+01
4.499647e+01
4.499651e+01
4.499657e+01
4.499663e+01
4.499671e+01
4.499679e+01
4.499689e+01
4.499699e+01
4.499711e+01
4.499727e+01
4.499748e+01
4.499776e+01
4.499810e+01
4.499850e+01
4.499895e+01
4.499940e+01
4.499980e+01
4.500012e+01
4.500033e+01
4.500044e+01
4.500049e+01
4.500051e+01
4.500051e+01
4.500050e+01
4.500050e+01
4.500049e+01
4.500048e+01
4.500048e+01
4.500048e+01
4.500047e+01
4.500047e+01

4.500047e+01
4.500047e+01
4.500047e+01
4.500048e+01
4.500048e+01
4.500049e+01
4.500049e+01
4.500049e+01
4.500049e+01
4.500047e+01
4.500043e+01
4.500033e+01
4.500018e+01
4.499995e+01
4.499965e+01
4.499933e+01
4.499902e+01
4.499874e+01
4.499850e+01
4.499832e+01
4.499818e+01
4.499808e+01
4.499801e+01
4.499795e+01
4.499791e+01
4.499786e+01
4.499783e+01
4.499780e+01
4.499777e+01
4.499775e+01
4.499774e+01
4.499773e+01
4.499772e+01
4.499772e+01
4.499773e+01
4.499775e+01
4.499776e+01
4.499779e+01
4.499782e+01
4.499785e+01
4.499789e+01
4.499794e+01
4.499799e+01
4.499805e+01
4.499812e+01
4.499823e+01
4.499837e+01
4.499856e+01
4.499879e+01
4.499908e+01
4.499939e+01
4.499971e+01
4.499999e+01
4.500021e+01
4.500036e+01
4.500044e+01
4.500048e+01
4.500049e+01
4.500050e+01
4.500049e+01
4.500049e+01
4.500048e+01
4.500048e+01
4.500047e+01
4.500047e+01
4.500047e+01

4.500047e+01
4.500047e+01
4.500047e+01
4.500048e+01
4.500048e+01
4.500049e+01
4.500049e+01
4.500049e+01
4.500047e+01
4.500044e+01
4.500038e+01
4.500027e+01
4.500010e+01
4.499990e+01
4.499968e+01
4.499946e+01
4.499927e+01
4.499911e+01
4.499899e+01
4.499890e+01
4.499883e+01
4.499878e+01
4.499875e+01
4.499872e+01
4.499870e+01
4.499868e+01
4.499867e+01
4.499865e+01
4.499864e+01
4.499863e+01
4.499863e+01
4.499862e+01
4.499862e+01
4.499862e+01
4.499863e+01
4.499863e+01
4.499864e+01
4.499865e+01
4.499867e+01
4.499868e+01
4.499870e+01
4.499872e+01
4.499874e+01
4.499877e+01
4.499881e+01
4.499886e+01
4.499893e+01
4.499902e+01
4.499915e+01
4.499931e+01
4.499950e+01
4.499972e+01
4.499994e+01
4.500013e+01
4.500029e+01
4.500039e+01
4.500045e+01
4.500048e+01
4.500049e+01
4.500049e+01
4.500049e+01
4.500048e+01
4.500048e+01
4.500047e+01
4.500047e+01
4.500047e+01

4.500047e+01
4.500047e+01
4.500047e+01
4.500048e+01
4.500048e+01
4.500049e+01
4.500048e+01
4.500048e+01
4.500045e+01
4.500041e+01
4.500033e+01
4.500022e+01
4.500008e+01
4.499993e+01
4.499978e+01
4.499965e+01
4.499955e+01
4.499947e+01
4.499941e+01
4.499936e+01
4.499933e+01
4.499931e+01
4.499930e+01
4.499928e+01
4.499927e+01
4.499927e+01
4.499926e+01
4.499925e+01
4.499925e+01
4.499924e+01
4.499924e+01
4.499924e+01
4.499924e+01
4.499924e+01
4.499924e+01
4.499924e+01
4.499925e+01
4.499925e+01
4.499926e+01
4.499927e+01
4.499927e+01
4.499928e+01
4.499929e+01
4.499931e+01
4.499932e+01
4.499935e+01
4.499938e+01
4.499943e+01
4.499949e+01
4.499957e+01
4.499968e+01
4.499981e+01
4.499996e+01
4.500011e+01
4.500024e+01
4.500035e+01
4.500042e+01
4.500046e+01
4.500048e+01
4.500049e+01
4.500049e+01
4.500048e+01
4.500048e+01
4.500047e+01
4.500047e+01
4.500047e+01

4.500047e+01
4.500047e+01
4.500047e+01
4.500048e+01
4.500048e+01
4.500048e+01
4.500048e+01
4.500047e+01
4.500044e+01
4.500039e+01
4.500031e+01
4.500022e+01
4.500011e+01
4.500001e+01
4.499993e+01
4.499986e+01
4.499981e+01
4.499977e+01
4.499974e+01
4.499972e+01
4.499970e+01
4.499969e+01
4.499969e+01
4.499968e+01
4.499968e+01
4.499968e+01
4.499967e+01
4.499967e+01
4.499967e+01
4.499967e+01
4.499967e+01
4.499966e+01
4.499966e+01
4.499966e+01
4.499967e+01
4.499967e+01
4.499967e+01
4.499967e+01
4.499967e+01
4.499968e+01
4.499968e+01
4.499968e+01
4.499969e+01
4.499969e+01
4.499970e+01
4.499971e+01
4.499973e+01
4.499975e+01
4.499978e+01
4.499982e+01
4.499987e+01
4.499994e+01
4.500003e+01
4.500013e+01
4.500023e+01
4.500032e+01
4.500040e+01
4.500044e+01
4.500047e+01
4.500048e+01
4.500048e+01
4.500048e+01
4.500048e+01
4.500047e+01
4.500047e+01
4.500047e+01

4.500047e+01
4.500047e+01
4.500047e+01
4.500048e+01
4.500048e+01
4.500048e+01
4.500047e+01
4.500046e+01
4.500042e+01
4.500038e+01
4.500031e+01
4.500024e+01
4.500018e+01
4.500012e+01
4.500008e+01
4.500004e+01
4.500002e+01
4.500000e+01
4.499999e+01
4.499998e+01
4.499997e+01
4.499997e+01
4.499996e+01
4.499996e+01
4.499996e+01
4.499996e+01
4.499996e+01
4.499996e+01
4.499996e+01
4.499995e+01
4.499995e+01
4.499995e+01
4.499995e+01
4.499995e+01
4.499995e+01
4.499996e+01
4.499996e+01
4.499996e+01
4.499996e+01
4.499996e+01
4.499996e+01
4.499996e+01
4.499996e+01
4.499997e+01
4.499997e+01
4.499998e+01
4.499998e+01
4.499999e+01
4.500000e+01
4.500002e+01
4.500005e+01
4.500008e+01
4.500013e+01
4.500019e+01
4.500025e+01
4.500032e+01
4.500038e+01
4.500043e+01
4.500046e+01
4.500048e+01
4.500048e+01
4.500048e+01
4.500048e+01
4.500047e+01
4.500047e+01
4.500047e+01

4.500047e+01
4.500047e+01
4.500047e+01
4.500048e+01
4.500048e+01
4.500048e+01
4.500047e+01
4.500045e+01
4.500042e+01
4.500038e+01
4.500034e+01
4.500029e+01
4.500026e+01
4.500023e+01
4.500020e+01
4.500019e+01
4.500018e+01
4.500017e+01
4.500016e+01
4.500016e+01
4.500016e+01
4.500016e+01
4.500015e+01
4.500015e+01
4.500015e+01
4.500015e+01
4.500015e+01
4.500015e+01
4.500015e+01
4.500015e+01
4.500015e+01
4.500015e+01
4.500015e+01
4.500015e+01
4.500015e+01
4.500015e+01
4.500015e+01
4.500015e+01
4.500015e+01
4.500015e+01
4.500015e+01
4.500015e+01
4.500016e+01
4.500016e+01
4.500016e+01
4.500016e+01
4.500016e+01
4.500017e+01
4.500017e+01
4.500018e+01
4.500019e+01
4.500021e+01
4.500023e+01
4.500026e+01
4.500030e+01
4.500034e+01
4.500038e+01
4.500042e+01
4.500045e+01
4.500047e+01
4.500048e+01
4.500048e+01
4.500048e+01
4.500047e+01
4.500047e+01
4.500047e+01

4.500047e+01
4.500047e+01
4.500047e+01
4.500048e+01
4.500048e+01
4.500047e+01
4.500046e+01
4.500045e+01
4.500042e+01
4.500040e+01
4.500037e+01
4.500035e+01
4.500033e+01
4.500031e+01
4.500030e+01
4.500030e+01
4.500029e+01
4.500029e+01
4.500029e+01
4.500029e+01
4.500028e+01
4.500028e+01
4.500028e+01
4.500028e+01
4.500028e+01
4.500028e+01
4.500028e+01
4.500028e+01
4.500028e+01
4.500028e+01
4.500028e+01
4.500028e+01
4.500028e+01
4.500028e+01
4.500028e+01
4.500028e+01
4.500028e+01
4.500028e+01
4.500028e+01
4.500028e+01
4.500028e+01
4.500028e+01
4.500028e+01
4.500028e+01
4.500028e+01
4.500029e+01
4.500029e+01
4.500029e+01
4.500029e+01
4.500029e+01
4.500030e+01
4.500031e+01
4.500032e+01
4.500033e+01
4.500035e+01
4.500037e+01
4.500040e+01
4.500043e+01
4.500045e+01
4.500047e+01
4.500047e+01
4.500048e+01
4.500048e+01
4.500047e+01
4.500047e+01
4.500047e+01

4.500047e+01
4.500047e+01
4.500047e+01
4.500047e+01
4.500047e+01
4.500047e+01
4.500046e+01
4.500045e+01
4.500043e+01
4.500042e+01
4.500041e+01
4.500039e+01
4.500039e+01
4.500038e+01
4.500038e+01
4.500037e+01
4.500037e+01
4.500037e+01
4.500037e+01
4.500037e+01
4.500037e+01
4.500037e+01
4.500037e+01
4.500037e+01
4.500037e+01
4.500037e+01
4.500037e+01
4.500037e+01
4.500037e+01
4.500037e+01
4.500037e+01
4.500037e+01
4.500037e+01
4.500037e+01
4.500037e+01
4.500037e+01
4.500037e+01
4.500037e+01
4.500037e+01
4.500037e+01
4.500037e+01
4.500037e+01
4.500037e+01
4.500037e+01
4.500037e+01
4.500037e+01
4.500037e+01
4.500037e+01
4.500037e+01
4.500037e+01
4.500037e+01
4.500038e+01
4.500038e+01
4.500039e+01
4.500040e+01
4.500041e+01
4.500042e+01
4.500044e+01
4.500045e+01
4.500046e+01
4.500047e+01
4.500048e+01
4.500048e+01
4.500047e+01
4.500047e+01
4.500047e+01

4.500047e+01
4.500047e+01
4.500047e+01
4.500047e+01
4.500047e+01
4.500047e+01
4.500046e+01
4.500046e+01
4.500045e+01
4.500044e+01
4.500044e+01
4.500043e+01
4.500043e+01
4.500043e+01
4.500042e+01
4.500042e+01
4.500042e+01
4.500042e+01
4.500042e+01
4.500042e+01
4.500042e+01
4.500042e+01
4.500042e+01
4.500042e+01
4.500042e+01
4.500042e+01
4.500042e+01
4.500042e+01
4.500042e+01
4.500042e+01
4.500042e+01
4.500042e+01
4.500042e+01
4.500042e+01
4.500042e+01
4.500042e+01
4.500042e+01
4.500042e+01
4.500042e+01
4.500042e+01
4.500042e+01
4.500042e+01
4.500042e+01
4.500042e+01
4.500042e+01
4.500042e+01
4.500042e+01
4.500042e+01
4.500042e+01
4.500042e+01
4.500042e+01
4.500042e+01
4.500043e+01
4.500043e+01
4.500043e+01
4.500044e+01
4.500044e+01
4.500045e+01
4.500046e+01
4.500047e+01
4.500047e+01
4.500047e+01
4.500047e+01
4.500047e+01
4.500047e+01
4.500047e+01

4.500047e+01
4.500047e+01
4.500047e+01
4.500047e+01
4.500047e+01
4.500047e+01
4.500047e+01
4.500046e+01
4.500046e+01
4.500046e+01
4.500046e+01
4.500045e+01
4.500045e+01
4.500045e+01
4.500045e+01
4.500045e+01
4.500045e+01
4.500045e+01
4.500045e+01
4.500045e+01
4.500045e+01
4.500045e+01
4.500045e+01
4.500045e+01
4.500045e+01
4.500045e+01
4.500045e+01
4.500045e+01
4.500045e+01
4.500045e+01
4.500045e+01
4.500045e+01
4.500045e+01
4.500045e+01
4.500045e+01
4.500045e+01
4.500045e+01
4.500045e+01
4.500045e+01
4.500045e+01
4.500045e+01
4.500045e+01
4.500045e+01
4.500045e+01
4.500045e+01
4.500045e+01
4.500045e+01
4.500045e+01
4.500045e+01
4.500045e+01
4.500045e+01
4.500045e+01
4.500045e+01
4.500045e+01
4.500045e+01
4.500046e+01
4.500046e+01
4.500046e+01
4.500046e+01
4.500047e+01
4.500047e+01
4.500047e+01
4.500047e+01
4.500047e+01
4.500047e+01
4.500047e+01

4.500047e+01
4.500047e+01
4.500047e+01
4.500047e+01
4.500047e+01
4.500047e+01
4.500047e+01
4.500047e+01
4.500047e+01
4.500047e+01
4.500047e+01
4.500047e+01
4.500047e+01
4.500047e+01
4.500047e+01
4.500046e+01
4.500046e+01
4.500046e+01
4.500046e+01
4.500046e+01
4.500046e+01
4.500046e+01
4.500046e+01
4.500046e+01
4.500046e+01
4.500046e+01
4.500046e+01
4.500046e+01
4.500046e+01
4.500046e+01
4.500046e+01
4.500046e+01
4.500046e+01
4.500046e+01
4.500046e+01
4.500046e+01
4.500046e+01
4.500046e+01
4.500046e+01
4.500046e+01
4.500046e+01
4.500046e+01
4.500046e+01
4.500046e+01
4.500046e+01
4.500046e+01
4.500046e+01
4.500046e+01
4.500046e+01
4.500046e+01
4.500046e+01
4.500047e+01
4.500047e+01
4.500047e+01
4.500047e+01
4.500047e+01
4.500047e+01
4.500047e+01
4.500047e+01
4.500047e+01
4.500047e+01
4.500047e+01
4.500047e+01
4.500047e+01
4.500047e+01
4.500047e+01

4.500047e+01
4.500047e+01
4.500047e+01
4.500047e+01
4.500047e+01
4.500047e+01
4.500047e+01
4.500047e+01
4.500047e+01
4.500047e+01
4.500047e+01
4.500047e+01
4.500047e+01
4.500047e+01
4.500047e+01
4.500047e+01
4.500047e+01
4.500047e+01
4.500047e+01
4.500047e+01
4.500047e+01
4.500047e+01
4.500047e+01
4.500047e+01
4.500047e+01
4.500047e+01
4.500047e+01
4.500047e+01
4.500047e+01
4.500047e+01
4.500047e+01
4.500047e+01
4.500047e+01
4.500047e+01
4.500047e+01
4.500047e+01
4.500047e+01
4.500047e+01
4.500047e+01
4.500047e+01
4.500047e+01
4.500047e+01
4.500047e+01
4.500047e+01
4.500047e+01
4.500047e+01
4.500047e+01
4.500047e+01
4.500047e+01
4.500047e+01
4.500047e+01
4.500047e+01
4.500047e+01
4.500047e+01
4.500047e+01
4.500047e+01
4.500047e+01
4.500047e+01
4.500047e+01
4.500047e+01
4.500047e+01
4.500047e+01
4.500047e+01
4.500047e+01
4.500047e+01
4.500047e+01

4.500047e+01
4.500047e+01
4.500047e+01
4.500047e+01
4.500047e+01
4.500047e+01
4.500047e+01
4.500047e+01
4.500047e+01
4.500047e+01
4.500047e+01
4.500047e+01
4.500047e+01
4.500047e+01
4.500047e+01
4.500047e+01
4.500047e+01
4.500047e+01
4.500047e+01
4.500047e+01
4.500047e+01
4.500047e+01
4.500047e+01
4.500047e+01
4.500047e+01
4.500047e+01
4.500047e+01
4.500047e+01
4.500047e+01
4.500047e+01
4.500047e+01
4.500047e+01
4.500047e+01
4.500047e+01
4.500047e+01
4.500047e+01
4.500047e+01
4.500047e+01
4.500047e+01
4.500047e+01
4.500047e+01
4.500047e+01
4.500047e+01
4.500047e+01
4.500047e+01
4.500047e+01
4.500047e+01
4.500047e+01
4.500047e+01
4.500047e+01
4.500047e+01
4.500047e+01
4.500047e+01
4.500047e+01
4.500047e+01
4.500047e+01
4.500047e+01
4.500047e+01
4.500047e+01
4.500047e+01
4.500047e+01
4.500047e+01
4.500047e+01
4.500047e+01
4.500047e+01
4.500047e+01

4.500047e+01
4.500047e+01
4.500047e+01
4.500047e+01
4.500047e+01
4.500047e+01
4.500047e+01
4.500047e+01
4.500047e+01
4.500047e+01
4.500047e+01
4.500047e+01
4.500047e+01
4.500047e+01
4.500047e+01
4.500047e+01
4.500047e+01
4.500047e+01
4.500047e+01
4.500047e+01
4.500047e+01
4.500047e+01
4.500047e+01
4.500047e+01
4.500047e+01
4.500047e+01
4.500047e+01
4.500047e+01
4.500047e+01
4.500047e+01
4.500047e+01
4.500047e+01
4.500047e+01
4.500047e+01
4.500047e+01
4.500047e+01
4.500047e+01
4.500047e+01
4.500047e+01
4.500047e+01
4.500047e+01
4.500047e+01
4.500047e+01
4.500047e+01
4.500047e+01
4.500047e+01
4.500047e+01
4.500047e+01
4.500047e+01
4.500047e+01
4.500047e+01
4.500047e+01
4.500047e+01
4.500047e+01
4.500047e+01
4.500047e+01
4.500047e+01
4.500047e+01
4.500047e+01
4.500047e+01
4.500047e+01
4.500047e+01
4.500047e+01
4.500047e+01
4.500047e+01
4.500047e+01

