1.000000e+02 
1.000000e+02 
1.000000e+02 
1.000000e+02 
1.000000e+02 
1.000000e+02 
1.000000e+02 
1.000000e+02 
1.000000e+02 
1.000000e+02 
1.000000e+02 
1.000000e+02 
1.000000e+02 
1.000000e+02 
1.000000e+02 
1.000000e+02 
1.000000e+02 
1.000000e+02 
1.000000e+02 
1.000000e+02 
1.000000e+02 
1.000000e+02 
1.000000e+02 
1.000000e+02 
1.000000e+02 
1.000000e+02 
1.000000e+02 
1.000000e+02 
1.000000e+02 
1.000000e+02 
1.000000e+02 
1.000000e+02 
1.000000e+02 
1.000000e+02 
1.000000e+02 
1.000000e+02 
1.000000e+02 
1.000000e+02 
1.000000e+02 
1.000000e+02 
1.000000e+02 
1.000000e+02 
1.000000e+02 
1.000000e+02 
1.000000e+02 
1.000000e+02 
1.000000e+02 
1.000000e+02 
1.000000e+02 
1.000000e+02 
1.000000e+02 
1.000000e+02 
1.000000e+02 
1.000000e+02 
1.000000e+02 
1.000000e+02 
1.000000e+02 
1.000000e+02 
1.000000e+02 
1.000000e+02 
1.000000e+02 
1.000000e+02 
1.000000e+02 
1.000000e+02 
1.000000e+02 
1.000000e+02 

1.000000e+02 
1.000000e+02 
1.000000e+02 
1.000000e+02 
1.000000e+02 
1.000000e+02 
1.000000e+02 
1.000000e+02 
1.000000e+02 
1.000000e+02 
1.000000e+02 
1.000000e+02 
1.000000e+02 
1.000000e+02 
1.000000e+02 
1.000000e+02 
1.000000e+02 
1.000000e+02 
1.000000e+02 
1.000000e+02 
1.000000e+02 
1.000000e+02 
1.000000e+02 
1.000000e+02 
1.000000e+02 
1.000000e+02 
1.000000e+02 
1.000000e+02 
1.000000e+02 
1.000000e+02 
1.000000e+02 
1.000000e+02 
1.000000e+02 
1.000000e+02 
1.000000e+02 
1.000000e+02 
1.000000e+02 
1.000000e+02 
1.000000e+02 
1.000000e+02 
1.000000e+02 
1.000000e+02 
1.000000e+02 
1.000000e+02 
1.000000e+02 
1.000000e+02 
1.000000e+02 
1.000000e+02 
1.000000e+02 
1.000000e+02 
1.000000e+02 
1.000000e+02 
1.000000e+02 
1.000000e+02 
1.000000e+02 
1.000000e+02 
1.000000e+02 
1.000000e+02 
1.000000e+02 
1.000000e+02 
1.000000e+02 
1.000000e+02 
1.000000e+02 
1.000000e+02 
1.000000e+02 
1.000000e+02 

1.000000e+02 
1.000000e+02 
1.000000e+02 
1.000000e+02 
1.000000e+02 
1.000000e+02 
1.000000e+02 
1.000000e+02 
1.000000e+02 
1.000000e+02 
1.000000e+02 
1.000000e+02 
1.000000e+02 
1.000000e+02 
1.000000e+02 
1.000000e+02 
1.000000e+02 
1.000000e+02 
1.000000e+02 
1.000000e+02 
1.000000e+02 
1.000000e+02 
1.000000e+02 
1.000000e+02 
1.000000e+02 
1.000000e+02 
1.000000e+02 
1.000000e+02 
1.000000e+02 
1.000000e+02 
1.000000e+02 
1.000000e+02 
1.000000e+02 
1.000000e+02 
1.000000e+02 
1.000000e+02 
1.000000e+02 
1.000000e+02 
1.000000e+02 
1.000000e+02 
1.000000e+02 
1.000000e+02 
1.000000e+02 
1.000000e+02 
1.000000e+02 
1.000000e+02 
1.000000e+02 
1.000000e+02 
1.000000e+02 
1.000000e+02 
1.000000e+02 
1.000000e+02 
1.000000e+02 
1.000000e+02 
1.000000e+02 
1.000000e+02 
1.000000e+02 
1.000000e+02 
1.000000e+02 
1.000000e+02 
1.000000e+02 
1.000000e+02 
1.000000e+02 
1.000000e+02 
1.000000e+02 
1.000000e+02 

1.000000e+02 
1.000000e+02 
1.000000e+02 
1.000000e+02 
1.000000e+02 
1.000000e+02 
9.999999e+01 
9.999999e+01 
9.999999e+01 
9.999999e+01 
9.999999e+01 
9.999999e+01 
9.999999e+01 
9.999999e+01 
9.999999e+01 
9.999999e+01 
9.999999e+01 
9.999999e+01 
9.999999e+01 
9.999999e+01 
9.999999e+01 
9.999999e+01 
9.999999e+01 
9.999999e+01 
9.999999e+01 
9.999999e+01 
9.999999e+01 
9.999999e+01 
9.999999e+01 
9.999999e+01 
9.999999e+01 
9.999999e+01 
9.999999e+01 
9.999999e+01 
9.999999e+01 
9.999999e+01 
9.999999e+01 
9.999999e+01 
9.999999e+01 
9.999999e+01 
9.999999e+01 
9.999999e+01 
9.999999e+01 
9.999999e+01 
9.999999e+01 
9.999999e+01 
9.999999e+01 
9.999999e+01 
9.999999e+01 
9.999999e+01 
9.999999e+01 
9.999999e+01 
9.999999e+01 
9.999999e+01 
9.999999e+01 
9.999999e+01 
9.999999e+01 
9.999999e+01 
9.999999e+01 
9.999999e+01 
1.000000e+02 
1.000000e+02 
1.000000e+02 
1.000000e+02 
1.000000e+02 
1.000000e+02 

1.000000e+02 
1.000000e+02 
1.000000e+02 
1.000000e+02 
9.999999e+01 
9.999999e+01 
9.999999e+01 
9.999998e+01 
9.999998e+01 
9.999997e+01 
9.999997e+01 
9.999996e+01 
9.999996e+01 
9.999996e+01 
9.999996e+01 
9.999996e+01 
9.999996e+01 
9.999996e+01 
9.999996e+01 
9.999996e+01 
9.999996e+01 
9.999996e+01 
9.999996e+01 
9.999996e+01 
9.999996e+01 
9.999996e+01 
9.999996e+01 
9.999996e+01 
9.999996e+01 
9.999996e+01 
9.999996e+01 
9.999996e+01 
9.999996e+01 
9.999996e+01 
9.999996e+01 
9.999996e+01 
9.999996e+01 
9.999996e+01 
9.999996e+01 
9.999996e+01 
9.999996e+01 
9.999996e+01 
9.999996e+01 
9.999996e+01 
9.999996e+01 
9.999996e+01 
9.999996e+01 
9.999996e+01 
9.999996e+01 
9.999996e+01 
9.999996e+01 
9.999996e+01 
9.999996e+01 
9.999996e+01 
9.999997e+01 
9.999997e+01 
9.999997e+01 
9.999998e+01 
9.999998e+01 
9.999999e+01 
9.999999e+01 
9.999999e+01 
1.000000e+02 
1.000000e+02 
1.000000e+02 
1.000000e+02 

1.000000e+02 
1.000000e+02 
1.000000e+02 
1.000000e+02 
9.999999e+01 
9.999999e+01 
9.999998e+01 
9.999997e+01 
9.999995e+01 
9.999994e+01 
9.999993e+01 
9.999992e+01 
9.999992e+01 
9.999991e+01 
9.999991e+01 
9.999991e+01 
9.999991e+01 
9.999991e+01 
9.999991e+01 
9.999990e+01 
9.999990e+01 
9.999990e+01 
9.999990e+01 
9.999990e+01 
9.999990e+01 
9.999990e+01 
9.999990e+01 
9.999990e+01 
9.999990e+01 
9.999990e+01 
9.999990e+01 
9.999990e+01 
9.999990e+01 
9.999990e+01 
9.999990e+01 
9.999990e+01 
9.999990e+01 
9.999990e+01 
9.999990e+01 
9.999990e+01 
9.999990e+01 
9.999990e+01 
9.999990e+01 
9.999990e+01 
9.999990e+01 
9.999990e+01 
9.999991e+01 
9.999991e+01 
9.999991e+01 
9.999991e+01 
9.999991e+01 
9.999991e+01 
9.999991e+01 
9.999992e+01 
9.999992e+01 
9.999993e+01 
9.999994e+01 
9.999996e+01 
9.999997e+01 
9.999998e+01 
9.999999e+01 
9.999999e+01 
1.000000e+02 
1.000000e+02 
1.000000e+02 
1.000000e+02 

1.000000e+02 
1.000000e+02 
1.000000e+02 
9.999999e+01 
9.999999e+01 
9.999999e+01 
9.999998e+01 
9.999996e+01 
9.999994e+01 
9.999991e+01 
9.999989e+01 
9.999986e+01 
9.999984e+01 
9.999983e+01 
9.999982e+01 
9.999981e+01 
9.999981e+01 
9.999980e+01 
9.999980e+01 
9.999980e+01 
9.999980e+01 
9.999980e+01 
9.999980e+01 
9.999980e+01 
9.999980e+01 
9.999980e+01 
9.999980e+01 
9.999980e+01 
9.999980e+01 
9.999980e+01 
9.999980e+01 
9.999980e+01 
9.999980e+01 
9.999980e+01 
9.999980e+01 
9.999980e+01 
9.999980e+01 
9.999980e+01 
9.999980e+01 
9.999980e+01 
9.999980e+01 
9.999980e+01 
9.999980e+01 
9.999980e+01 
9.999980e+01 
9.999980e+01 
9.999980e+01 
9.999980e+01 
9.999981e+01 
9.999981e+01 
9.999981e+01 
9.999982e+01 
9.999983e+01 
9.999985e+01 
9.999986e+01 
9.999989e+01 
9.999992e+01 
9.999994e+01 
9.999996e+01 
9.999998e+01 
9.999999e+01 
9.999999e+01 
9.999999e+01 
1.000000e+02 
1.000000e+02 
1.000000e+02 

1.000000e+02 
1.000000e+02 
1.000000e+02 
9.999999e+01 
9.999999e+01 
9.999999e+01 
9.999999e+01 
9.999998e+01 
9.999995e+01 
9.999991e+01 
9.999985e+01 
9.999979e+01 
9.999974e+01 
9.999970e+01 
9.999967e+01 
9.999965e+01 
9.999963e+01 
9.999962e+01 
9.999961e+01 
9.999961e+01 
9.999960e+01 
9.999960e+01 
9.999960e+01 
9.999960e+01 
9.999960e+01 
9.999960e+01 
9.999960e+01 
9.999960e+01 
9.999960e+01 
9.999960e+01 
9.999959e+01 
9.999959e+01 
9.999959e+01 
9.999959e+01 
9.999959e+01 
9.999960e+01 
9.999960e+01 
9.999960e+01 
9.999960e+01 
9.999960e+01 
9.999960e+01 
9.999960e+01 
9.999960e+01 
9.999960e+01 
9.999960e+01 
9.999961e+01 
9.999961e+01 
9.999961e+01 
9.999962e+01 
9.999963e+01 
9.999965e+01 
9.999967e+01 
9.999970e+01 
9.999974e+01 
9.999979e+01 
9.999985e+01 
9.999991e+01 
9.999996e+01 
9.999998e+01 
9.999999e+01 
9.999999e+01 
9.999999e+01 
9.999999e+01 
1.000000e+02 
1.000000e+02 
1.000000e+02 

1.000000e+02 
1.000000e+02 
1.000000e+02 
9.999999e+01 
9.999999e+01 
1.000000e+02 
1.000000e+02 
1.000000e+02 
1.000000e+02 
9.999996e+01 
9.999987e+01 
9.999975e+01 
9.999963e+01 
9.999952e+01 
9.999944e+01 
9.999937e+01 
9.999932e+01 
9.999929e+01 
9.999927e+01 
9.999925e+01 
9.999924e+01 
9.999923e+01 
9.999923e+01 
9.999922e+01 
9.999922e+01 
9.999922e+01 
9.999921e+01 
9.999921e+01 
9.999921e+01 
9.999921e+01 
9.999921e+01 
9.999921e+01 
9.999921e+01 
9.999921e+01 
9.999921e+01 
9.999921e+01 
9.999921e+01 
9.999921e+01 
9.999921e+01 
9.999921e+01 
9.999922e+01 
9.999922e+01 
9.999922e+01 
9.999923e+01 
9.999923e+01 
9.999924e+01 
9.999925e+01 
9.999927e+01 
9.999929e+01 
9.999933e+01 
9.999937e+01 
9.999944e+01 
9.999953e+01 
9.999963e+01 
9.999975e+01 
9.999987e+01 
9.999996e+01 
1.000000e+02 
1.000000e+02 
1.000000e+02 
1.000000e+02 
9.999999e+01 
9.999999e+01 
1.000000e+02 
1.000000e+02 
1.000000e+02 

1.000000e+02 
1.000000e+02 
1.000000e+02 
9.999999e+01 
9.999999e+01 
1.000000e+02 
1.000000e+02 
1.000001e+02 
1.000001e+02 
1.000001e+02 
1.000000e+02 
9.999983e+01 
9.999959e+01 
9.999934e+01 
9.999912e+01 
9.999895e+01 
9.999881e+01 
9.999872e+01 
9.999865e+01 
9.999860e+01 
9.999856e+01 
9.999854e+01 
9.999852e+01 
9.999851e+01 
9.999850e+01 
9.999849e+01 
9.999848e+01 
9.999847e+01 
9.999847e+01 
9.999846e+01 
9.999846e+01 
9.999846e+01 
9.999845e+01 
9.999845e+01 
9.999846e+01 
9.999846e+01 
9.999846e+01 
9.999847e+01 
9.999847e+01 
9.999848e+01 
9.999849e+01 
9.999850e+01 
9.999851e+01 
9.999852e+01 
9.999854e+01 
9.999856e+01 
9.999860e+01 
9.999865e+01 
9.999872e+01 
9.999881e+01 
9.999895e+01 
9.999912e+01 
9.999934e+01 
9.999958e+01 
9.999982e+01 
1.000000e+02 
1.000001e+02 
1.000001e+02 
1.000001e+02 
1.000000e+02 
1.000000e+02 
9.999999e+01 
9.999999e+01 
1.000000e+02 
1.000000e+02 
1.000000e+02 

1.000000e+02 
1.000000e+02 
1.000000e+02 
9.999999e+01 
1.000000e+02 
1.000000e+02 
1.000001e+02 
1.000002e+02 
1.000003e+02 
1.000004e+02 
1.000004e+02 
1.000002e+02 
9.999980e+01 
9.999932e+01 
9.999884e+01 
9.999840e+01 
9.999805e+01 
9.999778e+01 
9.999758e+01 
9.999743e+01 
9.999733e+01 
9.999726e+01 
9.999720e+01 
9.999716e+01 
9.999713e+01 
9.999710e+01 
9.999708e+01 
9.999706e+01 
9.999704e+01 
9.999702e+01 
9.999701e+01 
9.999700e+01 
9.999700e+01 
9.999700e+01 
9.999700e+01 
9.999701e+01 
9.999702e+01 
9.999703e+01 
9.999705e+01 
9.999707e+01 
9.999709e+01 
9.999712e+01 
9.999715e+01 
9.999719e+01 
9.999724e+01 
9.999731e+01 
9.999741e+01 
9.999756e+01 
9.999775e+01 
9.999802e+01 
9.999837e+01 
9.999880e+01 
9.999928e+01 
9.999976e+01 
1.000001e+02 
1.000003e+02 
1.000004e+02 
1.000003e+02 
1.000002e+02 
1.000001e+02 
1.000000e+02 
1.000000e+02 
9.999999e+01 
1.000000e+02 
1.000000e+02 
1.000000e+02 

1.000000e+02 
1.000000e+02 
1.000000e+02 
9.999999e+01 
1.000000e+02 
1.000000e+02 
1.000001e+02 
1.000003e+02 
1.000005e+02 
1.000008e+02 
1.000010e+02 
1.000009e+02 
1.000005e+02 
9.999979e+01 
9.999888e+01 
9.999795e+01 
9.999712e+01 
9.999643e+01 
9.999590e+01 
9.999550e+01 
9.999520e+01 
9.999499e+01 
9.999483e+01 
9.999472e+01 
9.999462e+01 
9.999454e+01 
9.999447e+01 
9.999440e+01 
9.999435e+01 
9.999430e+01 
9.999427e+01 
9.999424e+01 
9.999423e+01 
9.999422e+01 
9.999423e+01 
9.999425e+01 
9.999427e+01 
9.999431e+01 
9.999436e+01 
9.999442e+01 
9.999449e+01 
9.999456e+01 
9.999465e+01 
9.999476e+01 
9.999490e+01 
9.999511e+01 
9.999539e+01 
9.999578e+01 
9.999630e+01 
9.999697e+01 
9.999779e+01 
9.999872e+01 
9.999964e+01 
1.000004e+02 
1.000008e+02 
1.000009e+02 
1.000007e+02 
1.000005e+02 
1.000003e+02 
1.000001e+02 
1.000000e+02 
1.000000e+02 
9.999999e+01 
1.000000e+02 
1.000000e+02 
1.000000e+02 

1.000000e+02 
1.000000e+02 
1.000000e+02 
9.999999e+01 
1.000000e+02 
1.000000e+02 
1.000001e+02 
1.000003e+02 
1.000007e+02 
1.000012e+02 
1.000017e+02 
1.000021e+02 
1.000020e+02 
1.000012e+02 
9.999987e+01 
9.999818e+01 
9.999645e+01 
9.999489e+01 
9.999359e+01 
9.999256e+01 
9.999179e+01 
9.999120e+01 
9.999077e+01 
9.999045e+01 
9.999019e+01 
9.998996e+01 
9.998974e+01 
9.998955e+01 
9.998939e+01 
9.998926e+01 
9.998915e+01 
9.998908e+01 
9.998903e+01 
9.998902e+01 
9.998903e+01 
9.998908e+01 
9.998916e+01 
9.998926e+01 
9.998940e+01 
9.998956e+01 
9.998975e+01 
9.998996e+01 
9.999020e+01 
9.999049e+01 
9.999089e+01 
9.999143e+01 
9.999217e+01 
9.999316e+01 
9.999442e+01 
9.999596e+01 
9.999769e+01 
9.999940e+01 
1.000008e+02 
1.000016e+02 
1.000019e+02 
1.000016e+02 
1.000011e+02 
1.000006e+02 
1.000003e+02 
1.000001e+02 
1.000000e+02 
1.000000e+02 
9.999999e+01 
1.000000e+02 
1.000000e+02 
1.000000e+02 

1.000000e+02 
1.000000e+02 
1.000000e+02 
9.999999e+01 
1.000000e+02 
1.000000e+02 
1.000001e+02 
1.000004e+02 
1.000009e+02 
1.000016e+02 
1.000026e+02 
1.000036e+02 
1.000042e+02 
1.000040e+02 
1.000026e+02 
1.000002e+02 
9.999716e+01 
9.999404e+01 
9.999120e+01 
9.998880e+01 
9.998688e+01 
9.998541e+01 
9.998428e+01 
9.998344e+01 
9.998273e+01 
9.998208e+01 
9.998149e+01 
9.998097e+01 
9.998051e+01 
9.998013e+01 
9.997983e+01 
9.997961e+01 
9.997948e+01 
9.997943e+01 
9.997947e+01 
9.997959e+01 
9.997979e+01 
9.998008e+01 
9.998044e+01 
9.998088e+01 
9.998138e+01 
9.998195e+01 
9.998258e+01 
9.998335e+01 
9.998438e+01 
9.998576e+01 
9.998758e+01 
9.998989e+01 
9.999269e+01 
9.999581e+01 
9.999891e+01 
1.000015e+02 
1.000031e+02 
1.000036e+02 
1.000032e+02 
1.000023e+02 
1.000015e+02 
1.000008e+02 
1.000004e+02 
1.000001e+02 
1.000000e+02 
1.000000e+02 
9.999999e+01 
1.000000e+02 
1.000000e+02 
1.000000e+02 

1.000000e+02 
1.000000e+02 
1.000000e+02 
9.999999e+01 
1.000000e+02 
1.000000e+02 
1.000002e+02 
1.000004e+02 
1.000010e+02 
1.000019e+02 
1.000033e+02 
1.000052e+02 
1.000070e+02 
1.000081e+02 
1.000077e+02 
1.000053e+02 
1.000011e+02 
9.999588e+01 
9.999044e+01 
9.998543e+01 
9.998115e+01 
9.997768e+01 
9.997495e+01 
9.997284e+01 
9.997106e+01 
9.996938e+01 
9.996783e+01 
9.996643e+01 
9.996521e+01 
9.996417e+01 
9.996335e+01 
9.996273e+01 
9.996235e+01 
9.996219e+01 
9.996227e+01 
9.996258e+01 
9.996312e+01 
9.996387e+01 
9.996482e+01 
9.996596e+01 
9.996726e+01 
9.996872e+01 
9.997030e+01 
9.997221e+01 
9.997472e+01 
9.997797e+01 
9.998208e+01 
9.998700e+01 
9.999248e+01 
9.999793e+01 
1.000025e+02 
1.000055e+02 
1.000066e+02 
1.000060e+02 
1.000046e+02 
1.000030e+02 
1.000018e+02 
1.000009e+02 
1.000004e+02 
1.000001e+02 
1.000000e+02 
1.000000e+02 
9.999999e+01 
1.000000e+02 
1.000000e+02 
1.000000e+02 

1.000000e+02 
1.000000e+02 
1.000000e+02 
9.999999e+01 
1.000000e+02 
1.000000e+02 
1.000002e+02 
1.000005e+02 
1.000011e+02 
1.000022e+02 
1.000040e+02 
1.000066e+02 
1.000100e+02 
1.000132e+02 
1.000151e+02 
1.000144e+02 
1.000104e+02 
1.000034e+02 
9.999473e+01 
9.998564e+01 
9.997715e+01 
9.996980e+01 
9.996374e+01 
9.995889e+01 
9.995467e+01 
9.995061e+01 
9.994678e+01 
9.994326e+01 
9.994013e+01 
9.993744e+01 
9.993525e+01 
9.993361e+01 
9.993256e+01 
9.993211e+01 
9.993228e+01 
9.993305e+01 
9.993440e+01 
9.993630e+01 
9.993869e+01 
9.994153e+01 
9.994474e+01 
9.994826e+01 
9.995201e+01 
9.995643e+01 
9.996208e+01 
9.996910e+01 
9.997746e+01 
9.998674e+01 
9.999601e+01 
1.000040e+02 
1.000093e+02 
1.000115e+02 
1.000108e+02 
1.000086e+02 
1.000059e+02 
1.000036e+02 
1.000020e+02 
1.000010e+02 
1.000004e+02 
1.000002e+02 
1.000000e+02 
1.000000e+02 
9.999999e+01 
1.000000e+02 
1.000000e+02 
1.000000e+02 

1.000000e+02 
1.000000e+02 
1.000000e+02 
9.999999e+01 
1.000000e+02 
1.000000e+02 
1.000002e+02 
1.000005e+02 
1.000011e+02 
1.000024e+02 
1.000045e+02 
1.000079e+02 
1.000127e+02 
1.000186e+02 
1.000241e+02 
1.000273e+02 
1.000261e+02 
1.000196e+02 
1.000086e+02 
9.999483e+01 
9.998031e+01 
9.996660e+01 
9.995455e+01 
9.994443e+01 
9.993530e+01 
9.992624e+01 
9.991745e+01 
9.990917e+01 
9.990161e+01 
9.989500e+01 
9.988953e+01 
9.988538e+01 
9.988266e+01 
9.988145e+01 
9.988179e+01 
9.988364e+01 
9.988692e+01 
9.989150e+01 
9.989722e+01 
9.990389e+01 
9.991130e+01 
9.991924e+01 
9.992748e+01 
9.993689e+01 
9.994845e+01 
9.996208e+01 
9.997715e+01 
9.999229e+01 
1.000055e+02 
1.000148e+02 
1.000191e+02 
1.000187e+02 
1.000153e+02 
1.000109e+02 
1.000070e+02 
1.000040e+02 
1.000022e+02 
1.000010e+02 
1.000005e+02 
1.000002e+02 
1.000000e+02 
1.000000e+02 
9.999999e+01 
1.000000e+02 
1.000000e+02 
1.000000e+02 

1.000000e+02 
1.000000e+02 
1.000000e+02 
9.999999e+01 
1.000000e+02 
1.000000e+02 
1.000002e+02 
1.000005e+02 
1.000012e+02 
1.000025e+02 
1.000049e+02 
1.000089e+02 
1.000151e+02 
1.000236e+02 
1.000335e+02 
1.000426e+02 
1.000477e+02 
1.000458e+02 
1.000360e+02 
1.000193e+02 
9.999857e+01 
9.997657e+01 
9.995555e+01 
9.993680e+01 
9.991903e+01 
9.990065e+01 
9.988215e+01 
9.986411e+01 
9.984716e+01 
9.983193e+01 
9.981907e+01 
9.980910e+01 
9.980247e+01 
9.979943e+01 
9.980007e+01 
9.980432e+01 
9.981189e+01 
9.982238e+01 
9.983526e+01 
9.984994e+01 
9.986583e+01 
9.988232e+01 
9.989890e+01 
9.991706e+01 
9.993830e+01 
9.996170e+01 
9.998539e+01 
1.000065e+02 
1.000221e+02 
1.000301e+02 
1.000307e+02 
1.000262e+02 
1.000194e+02 
1.000129e+02 
1.000078e+02 
1.000044e+02 
1.000023e+02 
1.000011e+02 
1.000005e+02 
1.000002e+02 
1.000000e+02 
1.000000e+02 
9.999999e+01 
1.000000e+02 
1.000000e+02 
1.000000e+02 

1.000000e+02 
1.000000e+02 
1.000000e+02 
9.999999e+01 
1.000000e+02 
1.000000e+02 
1.000002e+02 
1.000005e+02 
1.000012e+02 
1.000026e+02 
1.000052e+02 
1.000097e+02 
1.000170e+02 
1.000279e+02 
1.000423e+02 
1.000586e+02 
1.000729e+02 
1.000805e+02 
1.000778e+02 
1.000635e+02 
1.000397e+02 
1.000101e+02 
9.997864e+01 
9.994826e+01 
9.991763e+01 
9.988425e+01 
9.984898e+01 
9.981307e+01 
9.977799e+01 
9.974545e+01 
9.971718e+01 
9.969479e+01 
9.967959e+01 
9.967244e+01 
9.967364e+01 
9.968291e+01 
9.969943e+01 
9.972196e+01 
9.974899e+01 
9.977892e+01 
9.981021e+01 
9.984148e+01 
9.987162e+01 
9.990309e+01 
9.993776e+01 
9.997312e+01 
1.000054e+02 
1.000303e+02 
1.000447e+02 
1.000480e+02 
1.000428e+02 
1.000332e+02 
1.000230e+02 
1.000145e+02 
1.000085e+02 
1.000046e+02 
1.000024e+02 
1.000011e+02 
1.000005e+02 
1.000002e+02 
1.000000e+02 
1.000000e+02 
9.999999e+01 
1.000000e+02 
1.000000e+02 
1.000000e+02 

1.000000e+02 
1.000000e+02 
1.000000e+02 
9.999999e+01 
1.000000e+02 
1.000000e+02 
1.000002e+02 
1.000005e+02 
1.000012e+02 
1.000027e+02 
1.000054e+02 
1.000103e+02 
1.000185e+02 
1.000314e+02 
1.000499e+02 
1.000734e+02 
1.000986e+02 
1.001199e+02 
1.001308e+02 
1.001269e+02 
1.001074e+02 
1.000753e+02 
1.000355e+02 
9.999311e+01 
9.994695e+01 
9.989324e+01 
9.983305e+01 
9.976837e+01 
9.970214e+01 
9.963815e+01 
9.958066e+01 
9.953391e+01 
9.950152e+01 
9.948596e+01 
9.948809e+01 
9.950715e+01 
9.954084e+01 
9.958583e+01 
9.963825e+01 
9.969424e+01 
9.975041e+01 
9.980407e+01 
9.985336e+01 
9.990208e+01 
9.995232e+01 
9.999930e+01 
1.000374e+02 
1.000618e+02 
1.000707e+02 
1.000664e+02 
1.000540e+02 
1.000391e+02 
1.000258e+02 
1.000157e+02 
1.000090e+02 
1.000048e+02 
1.000024e+02 
1.000011e+02 
1.000005e+02 
1.000002e+02 
1.000000e+02 
1.000000e+02 
9.999999e+01 
1.000000e+02 
1.000000e+02 
1.000000e+02 

1.000000e+02 
1.000000e+02 
1.000000e+02 
9.999999e+01 
1.000000e+02 
1.000000e+02 
1.000002e+02 
1.000005e+02 
1.000013e+02 
1.000027e+02 
1.000055e+02 
1.000107e+02 
1.000196e+02 
1.000341e+02 
1.000561e+02 
1.000862e+02 
1.001226e+02 
1.001596e+02 
1.001894e+02 
1.002038e+02 
1.001982e+02 
1.001727e+02 
1.001317e+02 
1.000815e+02 
1.000211e+02 
9.994508e+01 
9.985359e+01 
9.974883e+01 
9.963543e+01 
9.952047e+01 
9.941303e+01 
9.932297e+01 
9.925921e+01 
9.922800e+01 
9.923168e+01 
9.926826e+01 
9.933203e+01 
9.941493e+01 
9.950821e+01 
9.960382e+01 
9.969541e+01 
9.977867e+01 
9.985123e+01 
9.991887e+01 
9.998388e+01 
1.000392e+02 
1.000783e+02 
1.000973e+02 
1.000972e+02 
1.000835e+02 
1.000637e+02 
1.000440e+02 
1.000279e+02 
1.000166e+02 
1.000093e+02 
1.000049e+02 
1.000025e+02 
1.000011e+02 
1.000005e+02 
1.000002e+02 
1.000000e+02 
1.000000e+02 
9.999999e+01 
1.000000e+02 
1.000000e+02 
1.000000e+02 

1.000000e+02 
1.000000e+02 
1.000000e+02 
9.999999e+01 
1.000000e+02 
1.000000e+02 
1.000002e+02 
1.000005e+02 
1.000013e+02 
1.000028e+02 
1.000057e+02 
1.000110e+02 
1.000204e+02 
1.000362e+02 
1.000610e+02 
1.000968e+02 
1.001433e+02 
1.001963e+02 
1.002475e+02 
1.002861e+02 
1.003033e+02 
1.002951e+02 
1.002633e+02 
1.002138e+02 
1.001457e+02 
1.000509e+02 
9.992695e+01 
9.977429e+01 
9.959820e+01 
9.940980e+01 
9.922579e+01 
9.906627e+01 
9.895071e+01 
9.889331e+01 
9.889946e+01 
9.896464e+01 
9.907609e+01 
9.921663e+01 
9.936877e+01 
9.951791e+01 
9.965396e+01 
9.977141e+01 
9.986841e+01 
9.995361e+01 
1.000298e+02 
1.000884e+02 
1.001232e+02 
1.001327e+02 
1.001216e+02 
1.000983e+02 
1.000715e+02 
1.000477e+02 
1.000296e+02 
1.000173e+02 
1.000095e+02 
1.000050e+02 
1.000025e+02 
1.000012e+02 
1.000005e+02 
1.000002e+02 
1.000000e+02 
1.000000e+02 
9.999999e+01 
1.000000e+02 
1.000000e+02 
1.000000e+02 

1.000000e+02 
1.000000e+02 
1.000000e+02 
9.999999e+01 
1.000000e+02 
1.000000e+02 
1.000002e+02 
1.000005e+02 
1.000013e+02 
1.000028e+02 
1.000057e+02 
1.000112e+02 
1.000210e+02 
1.000377e+02 
1.000647e+02 
1.001051e+02 
1.001605e+02 
1.002282e+02 
1.003007e+02 
1.003662e+02 
1.004122e+02 
1.004303e+02 
1.004183e+02 
1.003801e+02 
1.003144e+02 
1.002101e+02 
1.000593e+02 
9.985767e+01 
9.960841e+01 
9.932566e+01 
9.903618e+01 
9.877618e+01 
9.858338e+01 
9.848646e+01 
9.849645e+01 
9.860404e+01 
9.878391e+01 
9.900340e+01 
9.923163e+01 
9.944543e+01 
9.963119e+01 
9.978358e+01 
9.990301e+01 
1.000020e+02 
1.000843e+02 
1.001411e+02 
1.001675e+02 
1.001654e+02 
1.001428e+02 
1.001104e+02 
1.000777e+02 
1.000506e+02 
1.000308e+02 
1.000177e+02 
1.000097e+02 
1.000051e+02 
1.000025e+02 
1.000012e+02 
1.000005e+02 
1.000002e+02 
1.000000e+02 
1.000000e+02 
9.999999e+01 
1.000000e+02 
1.000000e+02 
1.000000e+02 

1.000000e+02 
1.000000e+02 
1.000000e+02 
9.999999e+01 
1.000000e+02 
1.000000e+02 
1.000002e+02 
1.000005e+02 
1.000013e+02 
1.000028e+02 
1.000058e+02 
1.000114e+02 
1.000214e+02 
1.000388e+02 
1.000675e+02 
1.001116e+02 
1.001742e+02 
1.002547e+02 
1.003469e+02 
1.004389e+02 
1.005160e+02 
1.005657e+02 
1.005814e+02 
1.005640e+02 
1.005114e+02 
1.004096e+02 
1.002431e+02 
9.999928e+01 
9.967455e+01 
9.928314e+01 
9.886259e+01 
9.847119e+01 
9.817432e+01 
9.802364e+01 
9.803920e+01 
9.820394e+01 
9.847265e+01 
9.878993e+01 
9.910706e+01 
9.939138e+01 
9.962723e+01 
9.981174e+01 
9.994945e+01 
1.000575e+02 
1.001412e+02 
1.001921e+02 
1.002080e+02 
1.001937e+02 
1.001603e+02 
1.001201e+02 
1.000825e+02 
1.000527e+02 
1.000317e+02 
1.000181e+02 
1.000098e+02 
1.000051e+02 
1.000025e+02 
1.000012e+02 
1.000005e+02 
1.000002e+02 
1.000000e+02 
1.000000e+02 
9.999999e+01 
1.000000e+02 
1.000000e+02 
1.000000e+02 

1.000000e+02 
1.000000e+02 
1.000000e+02 
9.999999e+01 
1.000000e+02 
1.000000e+02 
1.000002e+02 
1.000005e+02 
1.000013e+02 
1.000028e+02 
1.000058e+02 
1.000115e+02 
1.000218e+02 
1.000398e+02 
1.000698e+02 
1.001171e+02 
1.001862e+02 
1.002784e+02 
1.003897e+02 
1.005090e+02 
1.006202e+02 
1.007074e+02 
1.007596e+02 
1.007735e+02 
1.007465e+02 
1.006619e+02 
1.004945e+02 
1.002183e+02 
9.981609e+01 
9.929557e+01 
9.870424e+01 
9.813133e+01 
9.768579e+01 
9.745765e+01 
9.748216e+01 
9.772861e+01 
9.811930e+01 
9.856387e+01 
9.898944e+01 
9.935357e+01 
9.964147e+01 
9.985606e+01 
1.000085e+02 
1.001214e+02 
1.002023e+02 
1.002439e+02 
1.002470e+02 
1.002199e+02 
1.001760e+02 
1.001284e+02 
1.000865e+02 
1.000545e+02 
1.000324e+02 
1.000183e+02 
1.000099e+02 
1.000052e+02 
1.000025e+02 
1.000012e+02 
1.000005e+02 
1.000002e+02 
1.000000e+02 
1.000000e+02 
9.999999e+01 
1.000000e+02 
1.000000e+02 
1.000000e+02 

1.000000e+02 
1.000000e+02 
1.000000e+02 
9.999999e+01 
1.000000e+02 
1.000000e+02 
1.000002e+02 
1.000005e+02 
1.000013e+02 
1.000028e+02 
1.000059e+02 
1.000116e+02 
1.000221e+02 
1.000406e+02 
1.000720e+02 
1.001223e+02 
1.001977e+02 
1.003018e+02 
1.004331e+02 
1.005822e+02 
1.007328e+02 
1.008659e+02 
1.009662e+02 
1.010249e+02 
1.010397e+02 
1.009920e+02 
1.008445e+02 
1.005514e+02 
1.000708e+02 
9.939118e+01 
9.856573e+01 
9.772665e+01 
9.705584e+01 
9.670957e+01 
9.674913e+01 
9.711992e+01 
9.768789e+01 
9.830751e+01 
9.887252e+01 
9.933166e+01 
9.967625e+01 
9.992004e+01 
1.000840e+02 
1.001979e+02 
1.002716e+02 
1.003002e+02 
1.002878e+02 
1.002463e+02 
1.001912e+02 
1.001363e+02 
1.000903e+02 
1.000561e+02 
1.000330e+02 
1.000186e+02 
1.000100e+02 
1.000052e+02 
1.000025e+02 
1.000012e+02 
1.000005e+02 
1.000002e+02 
1.000000e+02 
1.000000e+02 
9.999999e+01 
1.000000e+02 
1.000000e+02 
1.000000e+02 

1.000000e+02 
1.000000e+02 
1.000000e+02 
9.999999e+01 
1.000000e+02 
1.000000e+02 
1.000002e+02 
1.000005e+02 
1.000013e+02 
1.000029e+02 
1.000059e+02 
1.000117e+02 
1.000224e+02 
1.000414e+02 
1.000740e+02 
1.001271e+02 
1.002084e+02 
1.003242e+02 
1.004758e+02 
1.006564e+02 
1.008503e+02 
1.010369e+02 
1.011960e+02 
1.013135e+02 
1.013878e+02 
1.014006e+02 
1.013016e+02 
1.010191e+02 
1.004714e+02 
9.960746e+01 
9.847377e+01 
9.726416e+01 
9.626844e+01 
9.575075e+01 
9.581467e+01 
9.636373e+01 
9.717793e+01 
9.802780e+01 
9.876398e+01 
9.933061e+01 
9.973343e+01 
1.000033e+02 
1.001746e+02 
1.002848e+02 
1.003468e+02 
1.003589e+02 
1.003290e+02 
1.002721e+02 
1.002057e+02 
1.001437e+02 
1.000937e+02 
1.000575e+02 
1.000336e+02 
1.000188e+02 
1.000101e+02 
1.000052e+02 
1.000026e+02 
1.000012e+02 
1.000005e+02 
1.000002e+02 
1.000000e+02 
1.000000e+02 
9.999999e+01 
1.000000e+02 
1.000000e+02 
1.000000e+02 

1.000000e+02 
1.000000e+02 
1.000000e+02 
9.999999e+01 
1.000000e+02 
1.000000e+02 
1.000002e+02 
1.000005e+02 
1.000013e+02 
1.000029e+02 
1.000059e+02 
1.000118e+02 
1.000226e+02 
1.000421e+02 
1.000758e+02 
1.001314e+02 
1.002183e+02 
1.003450e+02 
1.005164e+02 
1.007288e+02 
1.009683e+02 
1.012132e+02 
1.014396e+02 
1.016275e+02 
1.017774e+02 
1.018742e+02 
1.018547e+02 
1.016173e+02 
1.010244e+02 
9.995849e+01 
9.845064e+01 
9.676111e+01 
9.533926e+01 
9.459575e+01 
9.469183e+01 
9.547704e+01 
9.660396e+01 
9.773624e+01 
9.866995e+01 
9.935128e+01 
9.981048e+01 
1.001018e+02 
1.002755e+02 
1.003777e+02 
1.004245e+02 
1.004176e+02 
1.003688e+02 
1.002964e+02 
1.002191e+02 
1.001503e+02 
1.000967e+02 
1.000588e+02 
1.000341e+02 
1.000190e+02 
1.000102e+02 
1.000052e+02 
1.000026e+02 
1.000012e+02 
1.000005e+02 
1.000002e+02 
1.000000e+02 
1.000000e+02 
9.999999e+01 
1.000000e+02 
1.000000e+02 
1.000000e+02 

1.000000e+02 
1.000000e+02 
1.000000e+02 
9.999999e+01 
1.000000e+02 
1.000000e+02 
1.000002e+02 
1.000005e+02 
1.000013e+02 
1.000029e+02 
1.000060e+02 
1.000119e+02 
1.000229e+02 
1.000427e+02 
1.000773e+02 
1.001352e+02 
1.002270e+02 
1.003637e+02 
1.005535e+02 
1.007965e+02 
1.010811e+02 
1.013857e+02 
1.016832e+02 
1.019482e+02 
1.021844e+02 
1.023817e+02 
1.024662e+02 
1.023043e+02 
1.016873e+02 
1.004179e+02 
9.848912e+01 
9.625000e+01 
9.433141e+01 
9.332535e+01 
9.346127e+01 
9.451758e+01 
9.600277e+01 
9.744712e+01 
9.859213e+01 
9.938836e+01 
9.989945e+01 
1.002072e+02 
1.003793e+02 
1.004705e+02 
1.004999e+02 
1.004730e+02 
1.004055e+02 
1.003183e+02 
1.002308e+02 
1.001561e+02 
1.000992e+02 
1.000599e+02 
1.000345e+02 
1.000191e+02 
1.000102e+02 
1.000053e+02 
1.000026e+02 
1.000012e+02 
1.000005e+02 
1.000002e+02 
1.000000e+02 
1.000000e+02 
9.999999e+01 
1.000000e+02 
1.000000e+02 
1.000000e+02 

1.000000e+02 
1.000000e+02 
1.000000e+02 
9.999999e+01 
1.000000e+02 
1.000000e+02 
1.000002e+02 
1.000005e+02 
1.000013e+02 
1.000029e+02 
1.000060e+02 
1.000120e+02 
1.000230e+02 
1.000432e+02 
1.000786e+02 
1.001383e+02 
1.002343e+02 
1.003797e+02 
1.005857e+02 
1.008562e+02 
1.011825e+02 
1.015436e+02 
1.019102e+02 
1.022518e+02 
1.025756e+02 
1.028779e+02 
1.030749e+02 
1.030018e+02 
1.023732e+02 
1.009121e+02 
9.855939e+01 
9.577177e+01 
9.335046e+01 
9.208191e+01 
9.225933e+01 
9.358359e+01 
9.542675e+01 
9.717718e+01 
9.852712e+01 
9.943085e+01 
9.998796e+01 
1.003082e+02 
1.004765e+02 
1.005555e+02 
1.005676e+02 
1.005218e+02 
1.004372e+02 
1.003368e+02 
1.002406e+02 
1.001607e+02 
1.001013e+02 
1.000607e+02 
1.000348e+02 
1.000193e+02 
1.000103e+02 
1.000053e+02 
1.000026e+02 
1.000012e+02 
1.000005e+02 
1.000002e+02 
1.000000e+02 
1.000000e+02 
9.999999e+01 
1.000000e+02 
1.000000e+02 
1.000000e+02 

1.000000e+02 
1.000000e+02 
1.000000e+02 
9.999999e+01 
1.000000e+02 
1.000000e+02 
1.000002e+02 
1.000005e+02 
1.000013e+02 
1.000029e+02 
1.000060e+02 
1.000120e+02 
1.000232e+02 
1.000435e+02 
1.000795e+02 
1.001408e+02 
1.002401e+02 
1.003924e+02 
1.006117e+02 
1.009049e+02 
1.012663e+02 
1.016759e+02 
1.021027e+02 
1.025121e+02 
1.029141e+02 
1.033112e+02 
1.036102e+02 
1.036170e+02 
1.029810e+02 
1.013489e+02 
9.863242e+01 
9.536656e+01 
9.251747e+01 
9.102495e+01 
9.123326e+01 
9.278649e+01 
9.493062e+01 
9.694408e+01 
9.846943e+01 
9.946573e+01 
1.000620e+02 
1.003923e+02 
1.005567e+02 
1.006251e+02 
1.006223e+02 
1.005606e+02 
1.004620e+02 
1.003511e+02 
1.002480e+02 
1.001643e+02 
1.001028e+02 
1.000613e+02 
1.000351e+02 
1.000193e+02 
1.000103e+02 
1.000053e+02 
1.000026e+02 
1.000012e+02 
1.000005e+02 
1.000002e+02 
1.000000e+02 
1.000000e+02 
9.999999e+01 
1.000000e+02 
1.000000e+02 
1.000000e+02 

1.000000e+02 
1.000000e+02 
1.000000e+02 
9.999999e+01 
1.000000e+02 
1.000000e+02 
1.000002e+02 
1.000005e+02 
1.000013e+02 
1.000029e+02 
1.000060e+02 
1.000120e+02 
1.000233e+02 
1.000438e+02 
1.000802e+02 
1.001425e+02 
1.002441e+02 
1.004014e+02 
1.006302e+02 
1.009398e+02 
1.013270e+02 
1.017725e+02 
1.022444e+02 
1.027047e+02 
1.031659e+02 
1.036344e+02 
1.040091e+02 
1.040725e+02 
1.034279e+02 
1.016669e+02 
9.868718e+01 
9.507958e+01 
9.192913e+01 
9.027588e+01 
9.050080e+01 
9.220912e+01 
9.456193e+01 
9.676308e+01 
9.841620e+01 
9.948246e+01 
1.001093e+02 
1.004484e+02 
1.006109e+02 
1.006721e+02 
1.006592e+02 
1.005867e+02 
1.004785e+02 
1.003604e+02 
1.002528e+02 
1.001665e+02 
1.001038e+02 
1.000617e+02 
1.000352e+02 
1.000194e+02 
1.000103e+02 
1.000053e+02 
1.000026e+02 
1.000012e+02 
1.000005e+02 
1.000002e+02 
1.000000e+02 
1.000000e+02 
9.999999e+01 
1.000000e+02 
1.000000e+02 
1.000000e+02 

1.000000e+02 
1.000000e+02 
1.000000e+02 
9.999999e+01 
1.000000e+02 
1.000000e+02 
1.000002e+02 
1.000005e+02 
1.000013e+02 
1.000029e+02 
1.000060e+02 
1.000121e+02 
1.000233e+02 
1.000440e+02 
1.000807e+02 
1.001435e+02 
1.002464e+02 
1.004064e+02 
1.006404e+02 
1.009591e+02 
1.013605e+02 
1.018258e+02 
1.023226e+02 
1.028111e+02 
1.033049e+02 
1.038125e+02 
1.042280e+02 
1.043209e+02 
1.036705e+02 
1.018424e+02 
9.872695e+01 
9.494654e+01 
9.164013e+01 
8.989899e+01 
9.012231e+01 
9.189801e+01 
9.435103e+01 
9.664705e+01 
9.836892e+01 
9.947575e+01 
1.001224e+02 
1.004689e+02 
1.006325e+02 
1.006917e+02 
1.006749e+02 
1.005979e+02 
1.004856e+02 
1.003644e+02 
1.002548e+02 
1.001674e+02 
1.001042e+02 
1.000618e+02 
1.000353e+02 
1.000194e+02 
1.000103e+02 
1.000053e+02 
1.000026e+02 
1.000012e+02 
1.000005e+02 
1.000002e+02 
1.000000e+02 
1.000000e+02 
9.999999e+01 
1.000000e+02 
1.000000e+02 
1.000000e+02 

1.000000e+02 
1.000000e+02 
1.000000e+02 
9.999999e+01 
1.000000e+02 
1.000000e+02 
1.000002e+02 
1.000005e+02 
1.000013e+02 
1.000029e+02 
1.000060e+02 
1.000121e+02 
1.000234e+02 
1.000440e+02 
1.000808e+02 
1.001437e+02 
1.002469e+02 
1.004072e+02 
1.006419e+02 
1.009616e+02 
1.013643e+02 
1.018314e+02 
1.023301e+02 
1.028207e+02 
1.033167e+02 
1.038269e+02 
1.042453e+02 
1.043413e+02 
1.036947e+02 
1.018715e+02 
9.876146e+01 
9.498325e+01 
9.167126e+01 
8.991476e+01 
9.011650e+01 
9.187200e+01 
9.431266e+01 
9.660602e+01 
9.833199e+01 
9.944556e+01 
1.000989e+02 
1.004509e+02 
1.006188e+02 
1.006815e+02 
1.006678e+02 
1.005933e+02 
1.004828e+02 
1.003628e+02 
1.002539e+02 
1.001670e+02 
1.001040e+02 
1.000617e+02 
1.000352e+02 
1.000194e+02 
1.000103e+02 
1.000053e+02 
1.000026e+02 
1.000012e+02 
1.000005e+02 
1.000002e+02 
1.000000e+02 
1.000000e+02 
9.999999e+01 
1.000000e+02 
1.000000e+02 
1.000000e+02 

1.000000e+02 
1.000000e+02 
1.000000e+02 
9.999999e+01 
1.000000e+02 
1.000000e+02 
1.000002e+02 
1.000005e+02 
1.000013e+02 
1.000029e+02 
1.000060e+02 
1.000121e+02 
1.000233e+02 
1.000440e+02 
1.000806e+02 
1.001431e+02 
1.002454e+02 
1.004039e+02 
1.006346e+02 
1.009472e+02 
1.013384e+02 
1.017889e+02 
1.022665e+02 
1.027328e+02 
1.032004e+02 
1.036762e+02 
1.040591e+02 
1.041314e+02 
1.034974e+02 
1.017504e+02 
9.878573e+01 
9.518431e+01 
9.201762e+01 
9.032050e+01 
9.048402e+01 
9.213468e+01 
9.445236e+01 
9.664584e+01 
9.831052e+01 
9.939587e+01 
1.000416e+02 
1.003964e+02 
1.005711e+02 
1.006426e+02 
1.006385e+02 
1.005731e+02 
1.004702e+02 
1.003557e+02 
1.002502e+02 
1.001652e+02 
1.001031e+02 
1.000614e+02 
1.000351e+02 
1.000193e+02 
1.000103e+02 
1.000053e+02 
1.000026e+02 
1.000012e+02 
1.000005e+02 
1.000002e+02 
1.000000e+02 
1.000000e+02 
9.999999e+01 
1.000000e+02 
1.000000e+02 
1.000000e+02 

1.000000e+02 
1.000000e+02 
1.000000e+02 
9.999999e+01 
1.000000e+02 
1.000000e+02 
1.000002e+02 
1.000005e+02 
1.000013e+02 
1.000029e+02 
1.000060e+02 
1.000120e+02 
1.000233e+02 
1.000438e+02 
1.000801e+02 
1.001418e+02 
1.002422e+02 
1.003964e+02 
1.006188e+02 
1.009167e+02 
1.012846e+02 
1.017021e+02 
1.021379e+02 
1.025564e+02 
1.029684e+02 
1.033767e+02 
1.036880e+02 
1.037079e+02 
1.030875e+02 
1.014758e+02 
9.878091e+01 
9.552334e+01 
9.264911e+01 
9.109045e+01 
9.120679e+01 
9.267409e+01 
9.476582e+01 
9.676756e+01 
9.830954e+01 
9.933387e+01 
9.995794e+01 
1.003118e+02 
1.004947e+02 
1.005786e+02 
1.005895e+02 
1.005390e+02 
1.004486e+02 
1.003433e+02 
1.002437e+02 
1.001621e+02 
1.001018e+02 
1.000608e+02 
1.000348e+02 
1.000192e+02 
1.000103e+02 
1.000053e+02 
1.000026e+02 
1.000012e+02 
1.000005e+02 
1.000002e+02 
1.000000e+02 
1.000000e+02 
9.999999e+01 
1.000000e+02 
1.000000e+02 
1.000000e+02 

1.000000e+02 
1.000000e+02 
1.000000e+02 
9.999999e+01 
1.000000e+02 
1.000000e+02 
1.000002e+02 
1.000005e+02 
1.000013e+02 
1.000029e+02 
1.000060e+02 
1.000120e+02 
1.000232e+02 
1.000435e+02 
1.000793e+02 
1.001398e+02 
1.002372e+02 
1.003852e+02 
1.005955e+02 
1.008721e+02 
1.012068e+02 
1.015781e+02 
1.019561e+02 
1.023093e+02 
1.026453e+02 
1.029615e+02 
1.031735e+02 
1.031160e+02 
1.025058e+02 
1.010670e+02 
9.873784e+01 
9.595636e+01 
9.350329e+01 
9.215564e+01 
9.222502e+01 
9.344922e+01 
9.523049e+01 
9.696635e+01 
9.833421e+01 
9.926974e+01 
9.985909e+01 
1.002071e+02 
1.003977e+02 
1.004958e+02 
1.005249e+02 
1.004932e+02 
1.004193e+02 
1.003263e+02 
1.002348e+02 
1.001577e+02 
1.000998e+02 
1.000600e+02 
1.000345e+02 
1.000191e+02 
1.000102e+02 
1.000052e+02 
1.000026e+02 
1.000012e+02 
1.000005e+02 
1.000002e+02 
1.000000e+02 
1.000000e+02 
9.999999e+01 
1.000000e+02 
1.000000e+02 
1.000000e+02 

1.000000e+02 
1.000000e+02 
1.000000e+02 
9.999999e+01 
1.000000e+02 
1.000000e+02 
1.000002e+02 
1.000005e+02 
1.000013e+02 
1.000029e+02 
1.000060e+02 
1.000120e+02 
1.000230e+02 
1.000431e+02 
1.000782e+02 
1.001370e+02 
1.002306e+02 
1.003706e+02 
1.005655e+02 
1.008158e+02 
1.011103e+02 
1.014266e+02 
1.017370e+02 
1.020149e+02 
1.022646e+02 
1.024771e+02 
1.025776e+02 
1.024322e+02 
1.018334e+02 
1.005848e+02 
9.867494e+01 
9.643658e+01 
9.448120e+01 
9.339368e+01 
9.342170e+01 
9.437838e+01 
9.580142e+01 
9.722881e+01 
9.838919e+01 
9.921539e+01 
9.975833e+01 
1.000944e+02 
1.002899e+02 
1.004016e+02 
1.004499e+02 
1.004390e+02 
1.003839e+02 
1.003054e+02 
1.002236e+02 
1.001523e+02 
1.000973e+02 
1.000590e+02 
1.000341e+02 
1.000190e+02 
1.000102e+02 
1.000052e+02 
1.000026e+02 
1.000012e+02 
1.000005e+02 
1.000002e+02 
1.000000e+02 
1.000000e+02 
9.999999e+01 
1.000000e+02 
1.000000e+02 
1.000000e+02 

1.000000e+02 
1.000000e+02 
1.000000e+02 
9.999999e+01 
1.000000e+02 
1.000000e+02 
1.000002e+02 
1.000005e+02 
1.000013e+02 
1.000029e+02 
1.000060e+02 
1.000119e+02 
1.000229e+02 
1.000426e+02 
1.000768e+02 
1.001337e+02 
1.002226e+02 
1.003531e+02 
1.005302e+02 
1.007509e+02 
1.010011e+02 
1.012586e+02 
1.014983e+02 
1.016995e+02 
1.018631e+02 
1.019748e+02 
1.019711e+02 
1.017495e+02 
1.011725e+02 
1.001225e+02 
9.862514e+01 
9.692878e+01 
9.546755e+01 
9.464901e+01 
9.464986e+01 
9.534760e+01 
9.641868e+01 
9.753252e+01 
9.847623e+01 
9.918167e+01 
9.966853e+01 
9.998575e+01 
1.001817e+02 
1.003041e+02 
1.003700e+02 
1.003797e+02 
1.003443e+02 
1.002816e+02 
1.002107e+02 
1.001458e+02 
1.000944e+02 
1.000577e+02 
1.000336e+02 
1.000188e+02 
1.000101e+02 
1.000052e+02 
1.000025e+02 
1.000012e+02 
1.000005e+02 
1.000002e+02 
1.000000e+02 
1.000000e+02 
9.999999e+01 
1.000000e+02 
1.000000e+02 
1.000000e+02 

1.000000e+02 
1.000000e+02 
1.000000e+02 
9.999999e+01 
1.000000e+02 
1.000000e+02 
1.000002e+02 
1.000005e+02 
1.000013e+02 
1.000029e+02 
1.000060e+02 
1.000118e+02 
1.000226e+02 
1.000420e+02 
1.000753e+02 
1.001297e+02 
1.002134e+02 
1.003332e+02 
1.004911e+02 
1.006804e+02 
1.008855e+02 
1.010847e+02 
1.012570e+02 
1.013871e+02 
1.014743e+02 
1.015010e+02 
1.014161e+02 
1.011473e+02 
1.006119e+02 
9.975732e+01 
9.862558e+01 
9.740170e+01 
9.636734e+01 
9.578601e+01 
9.577336e+01 
9.625269e+01 
9.702019e+01 
9.785153e+01 
9.859159e+01 
9.917492e+01 
9.959929e+01 
9.989080e+01 
1.000815e+02 
1.002102e+02 
1.002903e+02 
1.003188e+02 
1.003024e+02 
1.002557e+02 
1.001963e+02 
1.001386e+02 
1.000911e+02 
1.000563e+02 
1.000330e+02 
1.000185e+02 
1.000100e+02 
1.000052e+02 
1.000025e+02 
1.000012e+02 
1.000005e+02 
1.000002e+02 
1.000000e+02 
1.000000e+02 
9.999999e+01 
1.000000e+02 
1.000000e+02 
1.000000e+02 

1.000000e+02 
1.000000e+02 
1.000000e+02 
9.999999e+01 
1.000000e+02 
1.000000e+02 
1.000002e+02 
1.000005e+02 
1.000013e+02 
1.000029e+02 
1.000059e+02 
1.000117e+02 
1.000224e+02 
1.000413e+02 
1.000734e+02 
1.001252e+02 
1.002032e+02 
1.003116e+02 
1.004495e+02 
1.006075e+02 
1.007690e+02 
1.009144e+02 
1.010269e+02 
1.010972e+02 
1.011234e+02 
1.010876e+02 
1.009518e+02 
1.006693e+02 
1.001969e+02 
9.952065e+01 
9.869025e+01 
9.783295e+01 
9.712681e+01 
9.672961e+01 
9.671112e+01 
9.702923e+01 
9.756024e+01 
9.816223e+01 
9.872625e+01 
9.919531e+01 
9.955515e+01 
9.981565e+01 
9.999564e+01 
1.001254e+02 
1.002153e+02 
1.002593e+02 
1.002601e+02 
1.002288e+02 
1.001809e+02 
1.001307e+02 
1.000873e+02 
1.000547e+02 
1.000324e+02 
1.000183e+02 
1.000099e+02 
1.000051e+02 
1.000025e+02 
1.000012e+02 
1.000005e+02 
1.000002e+02 
1.000000e+02 
1.000000e+02 
9.999999e+01 
1.000000e+02 
1.000000e+02 
1.000000e+02 

1.000000e+02 
1.000000e+02 
1.000000e+02 
9.999999e+01 
1.000000e+02 
1.000000e+02 
1.000002e+02 
1.000005e+02 
1.000013e+02 
1.000028e+02 
1.000059e+02 
1.000116e+02 
1.000221e+02 
1.000405e+02 
1.000714e+02 
1.001203e+02 
1.001921e+02 
1.002889e+02 
1.004069e+02 
1.005349e+02 
1.006566e+02 
1.007550e+02 
1.008183e+02 
1.008421e+02 
1.008247e+02 
1.007498e+02 
1.005913e+02 
1.003224e+02 
9.992431e+01 
9.940280e+01 
9.880275e+01 
9.821082e+01 
9.773495e+01 
9.746736e+01 
9.744896e+01 
9.765652e+01 
9.801851e+01 
9.844726e+01 
9.886891e+01 
9.923782e+01 
9.953562e+01 
9.976231e+01 
9.992714e+01 
1.000531e+02 
1.001480e+02 
1.002034e+02 
1.002189e+02 
1.002017e+02 
1.001650e+02 
1.001223e+02 
1.000833e+02 
1.000529e+02 
1.000316e+02 
1.000180e+02 
1.000098e+02 
1.000051e+02 
1.000025e+02 
1.000012e+02 
1.000005e+02 
1.000002e+02 
1.000000e+02 
1.000000e+02 
9.999999e+01 
1.000000e+02 
1.000000e+02 
1.000000e+02 

1.000000e+02 
1.000000e+02 
1.000000e+02 
9.999999e+01 
1.000000e+02 
1.000000e+02 
1.000002e+02 
1.000005e+02 
1.000013e+02 
1.000028e+02 
1.000059e+02 
1.000115e+02 
1.000218e+02 
1.000396e+02 
1.000692e+02 
1.001150e+02 
1.001805e+02 
1.002656e+02 
1.003644e+02 
1.004648e+02 
1.005516e+02 
1.006113e+02 
1.006366e+02 
1.006275e+02 
1.005826e+02 
1.004881e+02 
1.003279e+02 
1.000884e+02 
9.976471e+01 
9.936957e+01 
9.893893e+01 
9.852997e+01 
9.820823e+01 
9.802737e+01 
9.801120e+01 
9.814713e+01 
9.839371e+01 
9.869740e+01 
9.900927e+01 
9.929498e+01 
9.953669e+01 
9.972949e+01 
9.987642e+01 
9.999474e+01 
1.000900e+02 
1.001529e+02 
1.001800e+02 
1.001752e+02 
1.001490e+02 
1.001136e+02 
1.000791e+02 
1.000510e+02 
1.000309e+02 
1.000177e+02 
1.000097e+02 
1.000051e+02 
1.000025e+02 
1.000012e+02 
1.000005e+02 
1.000002e+02 
1.000000e+02 
1.000000e+02 
9.999999e+01 
1.000000e+02 
1.000000e+02 
1.000000e+02 

1.000000e+02 
1.000000e+02 
1.000000e+02 
9.999999e+01 
1.000000e+02 
1.000000e+02 
1.000002e+02 
1.000005e+02 
1.000013e+02 
1.000028e+02 
1.000058e+02 
1.000114e+02 
1.000214e+02 
1.000386e+02 
1.000665e+02 
1.001087e+02 
1.001671e+02 
1.002394e+02 
1.003183e+02 
1.003915e+02 
1.004462e+02 
1.004728e+02 
1.004686e+02 
1.004369e+02 
1.003768e+02 
1.002776e+02 
1.001306e+02 
9.993084e+01 
9.968042e+01 
9.939259e+01 
9.909328e+01 
9.881839e+01 
9.860617e+01 
9.848685e+01 
9.847383e+01 
9.856047e+01 
9.872365e+01 
9.893197e+01 
9.915465e+01 
9.936771e+01 
9.955631e+01 
9.971383e+01 
9.983958e+01 
9.994613e+01 
1.000375e+02 
1.001042e+02 
1.001404e+02 
1.001470e+02 
1.001312e+02 
1.001036e+02 
1.000741e+02 
1.000487e+02 
1.000299e+02 
1.000173e+02 
1.000095e+02 
1.000050e+02 
1.000025e+02 
1.000012e+02 
1.000005e+02 
1.000002e+02 
1.000000e+02 
1.000000e+02 
9.999999e+01 
1.000000e+02 
1.000000e+02 
1.000000e+02 

1.000000e+02 
1.000000e+02 
1.000000e+02 
9.999999e+01 
1.000000e+02 
1.000000e+02 
1.000002e+02 
1.000005e+02 
1.000013e+02 
1.000028e+02 
1.000057e+02 
1.000112e+02 
1.000208e+02 
1.000371e+02 
1.000629e+02 
1.001006e+02 
1.001501e+02 
1.002076e+02 
1.002646e+02 
1.003101e+02 
1.003345e+02 
1.003330e+02 
1.003070e+02 
1.002620e+02 
1.001975e+02 
1.001056e+02 
9.998328e+01 
9.983048e+01 
9.965190e+01 
9.945816e+01 
9.926569e+01 
9.909462e+01 
9.896497e+01 
9.889198e+01 
9.888241e+01 
9.893316e+01 
9.903272e+01 
9.916465e+01 
9.931164e+01 
9.945881e+01 
9.959550e+01 
9.971546e+01 
9.981617e+01 
9.990631e+01 
9.998891e+01 
1.000550e+02 
1.000978e+02 
1.001148e+02 
1.001100e+02 
1.000913e+02 
1.000677e+02 
1.000457e+02 
1.000286e+02 
1.000168e+02 
1.000094e+02 
1.000049e+02 
1.000025e+02 
1.000011e+02 
1.000005e+02 
1.000002e+02 
1.000000e+02 
1.000000e+02 
9.999999e+01 
1.000000e+02 
1.000000e+02 
1.000000e+02 

1.000000e+02 
1.000000e+02 
1.000000e+02 
9.999999e+01 
1.000000e+02 
1.000000e+02 
1.000002e+02 
1.000005e+02 
1.000013e+02 
1.000028e+02 
1.000056e+02 
1.000109e+02 
1.000201e+02 
1.000352e+02 
1.000582e+02 
1.000902e+02 
1.001295e+02 
1.001706e+02 
1.002055e+02 
1.002255e+02 
1.002253e+02 
1.002046e+02 
1.001673e+02 
1.001198e+02 
1.000613e+02 
9.998633e+01 
9.989491e+01 
9.978888e+01 
9.967258e+01 
9.955294e+01 
9.943899e+01 
9.934075e+01 
9.926753e+01 
9.922619e+01 
9.921975e+01 
9.924696e+01 
9.930274e+01 
9.937944e+01 
9.946847e+01 
9.956174e+01 
9.965266e+01 
9.973662e+01 
9.981087e+01 
9.988122e+01 
9.995018e+01 
1.000106e+02 
1.000556e+02 
1.000805e+02 
1.000858e+02 
1.000765e+02 
1.000596e+02 
1.000418e+02 
1.000269e+02 
1.000161e+02 
1.000091e+02 
1.000048e+02 
1.000024e+02 
1.000011e+02 
1.000005e+02 
1.000002e+02 
1.000000e+02 
1.000000e+02 
9.999999e+01 
1.000000e+02 
1.000000e+02 
1.000000e+02 

1.000000e+02 
1.000000e+02 
1.000000e+02 
9.999999e+01 
1.000000e+02 
1.000000e+02 
1.000002e+02 
1.000005e+02 
1.000013e+02 
1.000027e+02 
1.000055e+02 
1.000105e+02 
1.000190e+02 
1.000325e+02 
1.000522e+02 
1.000775e+02 
1.001054e+02 
1.001302e+02 
1.001452e+02 
1.001454e+02 
1.001295e+02 
1.001003e+02 
1.000625e+02 
1.000213e+02 
9.997568e+01 
9.992196e+01 
9.986102e+01 
9.979472e+01 
9.972593e+01 
9.965838e+01 
9.959639e+01 
9.954434e+01 
9.950608e+01 
9.948435e+01 
9.948037e+01 
9.949370e+01 
9.952235e+01 
9.956318e+01 
9.961244e+01 
9.966630e+01 
9.972131e+01 
9.977468e+01 
9.982437e+01 
9.987418e+01 
9.992641e+01 
9.997635e+01 
1.000183e+02 
1.000470e+02 
1.000602e+02 
1.000595e+02 
1.000499e+02 
1.000369e+02 
1.000246e+02 
1.000152e+02 
1.000087e+02 
1.000047e+02 
1.000024e+02 
1.000011e+02 
1.000005e+02 
1.000002e+02 
1.000000e+02 
1.000000e+02 
9.999999e+01 
1.000000e+02 
1.000000e+02 
1.000000e+02 

1.000000e+02 
1.000000e+02 
1.000000e+02 
9.999999e+01 
1.000000e+02 
1.000000e+02 
1.000002e+02 
1.000005e+02 
1.000012e+02 
1.000027e+02 
1.000053e+02 
1.000100e+02 
1.000176e+02 
1.000291e+02 
1.000446e+02 
1.000625e+02 
1.000792e+02 
1.000896e+02 
1.000898e+02 
1.000782e+02 
1.000564e+02 
1.000282e+02 
9.999741e+01 
9.996729e+01 
9.993654e+01 
9.990264e+01 
9.986644e+01 
9.982910e+01 
9.979211e+01 
9.975719e+01 
9.972610e+01 
9.970054e+01 
9.968194e+01 
9.967129e+01 
9.966901e+01 
9.967499e+01 
9.968851e+01 
9.970845e+01 
9.973336e+01 
9.976166e+01 
9.979183e+01 
9.982244e+01 
9.985235e+01 
9.988399e+01 
9.991935e+01 
9.995607e+01 
9.999044e+01 
1.000181e+02 
1.000354e+02 
1.000416e+02 
1.000388e+02 
1.000308e+02 
1.000217e+02 
1.000139e+02 
1.000082e+02 
1.000045e+02 
1.000023e+02 
1.000011e+02 
1.000005e+02 
1.000002e+02 
1.000000e+02 
1.000000e+02 
9.999999e+01 
1.000000e+02 
1.000000e+02 
1.000000e+02 

1.000000e+02 
1.000000e+02 
1.000000e+02 
9.999999e+01 
1.000000e+02 
1.000000e+02 
1.000002e+02 
1.000005e+02 
1.000012e+02 
1.000026e+02 
1.000050e+02 
1.000092e+02 
1.000158e+02 
1.000249e+02 
1.000358e+02 
1.000464e+02 
1.000532e+02 
1.000533e+02 
1.000452e+02 
1.000300e+02 
1.000101e+02 
9.998849e+01 
9.996753e+01 
9.994860e+01 
9.993047e+01 
9.991152e+01 
9.989223e+01 
9.987317e+01 
9.985498e+01 
9.983831e+01 
9.982383e+01 
9.981211e+01 
9.980362e+01 
9.979870e+01 
9.979749e+01 
9.979994e+01 
9.980585e+01 
9.981484e+01 
9.982641e+01 
9.984001e+01 
9.985504e+01 
9.987090e+01 
9.988707e+01 
9.990501e+01 
9.992627e+01 
9.995007e+01 
9.997464e+01 
9.999718e+01 
1.000145e+02 
1.000245e+02 
1.000270e+02 
1.000239e+02 
1.000182e+02 
1.000123e+02 
1.000075e+02 
1.000042e+02 
1.000022e+02 
1.000011e+02 
1.000005e+02 
1.000002e+02 
1.000000e+02 
1.000000e+02 
9.999999e+01 
1.000000e+02 
1.000000e+02 
1.000000e+02 

1.000000e+02 
1.000000e+02 
1.000000e+02 
9.999999e+01 
1.000000e+02 
1.000000e+02 
1.000002e+02 
1.000005e+02 
1.000012e+02 
1.000024e+02 
1.000047e+02 
1.000083e+02 
1.000134e+02 
1.000198e+02 
1.000262e+02 
1.000305e+02 
1.000305e+02 
1.000252e+02 
1.000151e+02 
1.000018e+02 
9.998754e+01 
9.997381e+01 
9.996156e+01 
9.995118e+01 
9.994170e+01 
9.993220e+01 
9.992288e+01 
9.991396e+01 
9.990569e+01 
9.989828e+01 
9.989194e+01 
9.988687e+01 
9.988321e+01 
9.988105e+01 
9.988043e+01 
9.988136e+01 
9.988376e+01 
9.988753e+01 
9.989252e+01 
9.989854e+01 
9.990539e+01 
9.991286e+01 
9.992075e+01 
9.992987e+01 
9.994123e+01 
9.995481e+01 
9.997009e+01 
9.998578e+01 
9.999990e+01 
1.000103e+02 
1.000158e+02 
1.000166e+02 
1.000140e+02 
1.000102e+02 
1.000066e+02 
1.000039e+02 
1.000021e+02 
1.000010e+02 
1.000004e+02 
1.000002e+02 
1.000000e+02 
1.000000e+02 
9.999999e+01 
1.000000e+02 
1.000000e+02 
1.000000e+02 

1.000000e+02 
1.000000e+02 
1.000000e+02 
9.999999e+01 
1.000000e+02 
1.000000e+02 
1.000002e+02 
1.000005e+02 
1.000011e+02 
1.000022e+02 
1.000042e+02 
1.000070e+02 
1.000106e+02 
1.000144e+02 
1.000170e+02 
1.000170e+02 
1.000136e+02 
1.000072e+02 
9.999884e+01 
9.998986e+01 
9.998131e+01 
9.997381e+01 
9.996754e+01 
9.996247e+01 
9.995801e+01 
9.995367e+01 
9.994953e+01 
9.994566e+01 
9.994214e+01 
9.993904e+01 
9.993641e+01 
9.993433e+01 
9.993281e+01 
9.993190e+01 
9.993160e+01 
9.993192e+01 
9.993284e+01 
9.993432e+01 
9.993633e+01 
9.993881e+01 
9.994170e+01 
9.994493e+01 
9.994844e+01 
9.995263e+01 
9.995807e+01 
9.996493e+01 
9.997324e+01 
9.998261e+01 
9.999220e+01 
1.000007e+02 
1.000068e+02 
1.000097e+02 
1.000097e+02 
1.000079e+02 
1.000055e+02 
1.000034e+02 
1.000019e+02 
1.000010e+02 
1.000004e+02 
1.000002e+02 
1.000000e+02 
1.000000e+02 
9.999999e+01 
1.000000e+02 
1.000000e+02 
1.000000e+02 

1.000000e+02 
1.000000e+02 
1.000000e+02 
9.999999e+01 
1.000000e+02 
1.000000e+02 
1.000002e+02 
1.000005e+02 
1.000010e+02 
1.000020e+02 
1.000035e+02 
1.000055e+02 
1.000076e+02 
1.000091e+02 
1.000091e+02 
1.000071e+02 
1.000032e+02 
9.999820e+01 
9.999282e+01 
9.998775e+01 
9.998336e+01 
9.997975e+01 
9.997688e+01 
9.997463e+01 
9.997270e+01 
9.997087e+01 
9.996915e+01 
9.996758e+01 
9.996616e+01 
9.996492e+01 
9.996389e+01 
9.996306e+01 
9.996246e+01 
9.996209e+01 
9.996195e+01 
9.996205e+01 
9.996238e+01 
9.996293e+01 
9.996369e+01 
9.996464e+01 
9.996578e+01 
9.996708e+01 
9.996852e+01 
9.997028e+01 
9.997265e+01 
9.997576e+01 
9.997975e+01 
9.998462e+01 
9.999015e+01 
9.999578e+01 
1.000007e+02 
1.000041e+02 
1.000056e+02 
1.000054e+02 
1.000042e+02 
1.000028e+02 
1.000017e+02 
1.000009e+02 
1.000004e+02 
1.000001e+02 
1.000000e+02 
1.000000e+02 
9.999999e+01 
1.000000e+02 
1.000000e+02 
1.000000e+02 

1.000000e+02 
1.000000e+02 
1.000000e+02 
9.999999e+01 
1.000000e+02 
1.000000e+02 
1.000002e+02 
1.000004e+02 
1.000009e+02 
1.000017e+02 
1.000027e+02 
1.000039e+02 
1.000047e+02 
1.000047e+02 
1.000036e+02 
1.000014e+02 
9.999844e+01 
9.999534e+01 
9.999246e+01 
9.998998e+01 
9.998798e+01 
9.998641e+01 
9.998520e+01 
9.998428e+01 
9.998350e+01 
9.998277e+01 
9.998210e+01 
9.998149e+01 
9.998095e+01 
9.998047e+01 
9.998008e+01 
9.997976e+01 
9.997953e+01 
9.997938e+01 
9.997932e+01 
9.997934e+01 
9.997945e+01 
9.997965e+01 
9.997992e+01 
9.998027e+01 
9.998069e+01 
9.998118e+01 
9.998174e+01 
9.998243e+01 
9.998338e+01 
9.998466e+01 
9.998639e+01 
9.998863e+01 
9.999139e+01 
9.999453e+01 
9.999773e+01 
1.000005e+02 
1.000023e+02 
1.000031e+02 
1.000028e+02 
1.000021e+02 
1.000014e+02 
1.000008e+02 
1.000004e+02 
1.000001e+02 
1.000000e+02 
1.000000e+02 
9.999999e+01 
1.000000e+02 
1.000000e+02 
1.000000e+02 

1.000000e+02 
1.000000e+02 
1.000000e+02 
9.999999e+01 
1.000000e+02 
1.000000e+02 
1.000001e+02 
1.000004e+02 
1.000007e+02 
1.000013e+02 
1.000019e+02 
1.000024e+02 
1.000024e+02 
1.000017e+02 
1.000005e+02 
9.999887e+01 
9.999715e+01 
9.999556e+01 
9.999421e+01 
9.999313e+01 
9.999230e+01 
9.999167e+01 
9.999119e+01 
9.999084e+01 
9.999054e+01 
9.999026e+01 
9.999001e+01 
9.998978e+01 
9.998958e+01 
9.998941e+01 
9.998926e+01 
9.998914e+01 
9.998905e+01 
9.998900e+01 
9.998897e+01 
9.998897e+01 
9.998901e+01 
9.998907e+01 
9.998917e+01 
9.998929e+01 
9.998944e+01 
9.998961e+01 
9.998981e+01 
9.999007e+01 
9.999042e+01 
9.999092e+01 
9.999161e+01 
9.999254e+01 
9.999375e+01 
9.999527e+01 
9.999700e+01 
9.999876e+01 
1.000003e+02 
1.000012e+02 
1.000016e+02 
1.000014e+02 
1.000010e+02 
1.000006e+02 
1.000003e+02 
1.000001e+02 
1.000000e+02 
1.000000e+02 
9.999999e+01 
1.000000e+02 
1.000000e+02 
1.000000e+02 

1.000000e+02 
1.000000e+02 
1.000000e+02 
9.999999e+01 
1.000000e+02 
1.000000e+02 
1.000001e+02 
1.000003e+02 
1.000005e+02 
1.000009e+02 
1.000011e+02 
1.000011e+02 
1.000008e+02 
1.000001e+02 
9.999924e+01 
9.999831e+01 
9.999746e+01 
9.999675e+01 
9.999618e+01 
9.999575e+01 
9.999543e+01 
9.999519e+01 
9.999501e+01 
9.999488e+01 
9.999477e+01 
9.999467e+01 
9.999458e+01 
9.999450e+01 
9.999443e+01 
9.999436e+01 
9.999431e+01 
9.999427e+01 
9.999424e+01 
9.999421e+01 
9.999420e+01 
9.999420e+01 
9.999421e+01 
9.999423e+01 
9.999426e+01 
9.999430e+01 
9.999435e+01 
9.999441e+01 
9.999448e+01 
9.999457e+01 
9.999470e+01 
9.999488e+01 
9.999513e+01 
9.999549e+01 
9.999598e+01 
9.999662e+01 
9.999743e+01 
9.999836e+01 
9.999931e+01 
1.000001e+02 
1.000006e+02 
1.000008e+02 
1.000007e+02 
1.000004e+02 
1.000002e+02 
1.000001e+02 
1.000000e+02 
1.000000e+02 
9.999999e+01 
1.000000e+02 
1.000000e+02 
1.000000e+02 

1.000000e+02 
1.000000e+02 
1.000000e+02 
9.999999e+01 
1.000000e+02 
1.000000e+02 
1.000001e+02 
1.000002e+02 
1.000004e+02 
1.000005e+02 
1.000005e+02 
1.000003e+02 
9.999996e+01 
9.999950e+01 
9.999902e+01 
9.999858e+01 
9.999821e+01 
9.999792e+01 
9.999771e+01 
9.999755e+01 
9.999743e+01 
9.999734e+01 
9.999728e+01 
9.999723e+01 
9.999719e+01 
9.999716e+01 
9.999713e+01 
9.999710e+01 
9.999707e+01 
9.999705e+01 
9.999703e+01 
9.999702e+01 
9.999700e+01 
9.999700e+01 
9.999699e+01 
9.999699e+01 
9.999699e+01 
9.999700e+01 
9.999701e+01 
9.999702e+01 
9.999704e+01 
9.999706e+01 
9.999708e+01 
9.999711e+01 
9.999715e+01 
9.999721e+01 
9.999730e+01 
9.999743e+01 
9.999761e+01 
9.999786e+01 
9.999819e+01 
9.999862e+01 
9.999910e+01 
9.999959e+01 
1.000000e+02 
1.000002e+02 
1.000003e+02 
1.000003e+02 
1.000002e+02 
1.000001e+02 
1.000000e+02 
9.999999e+01 
9.999999e+01 
1.000000e+02 
1.000000e+02 
1.000000e+02 

1.000000e+02 
1.000000e+02 
1.000000e+02 
9.999999e+01 
9.999999e+01 
1.000000e+02 
1.000001e+02 
1.000001e+02 
1.000002e+02 
1.000002e+02 
1.000001e+02 
9.999991e+01 
9.999968e+01 
9.999943e+01 
9.999921e+01 
9.999903e+01 
9.999888e+01 
9.999878e+01 
9.999870e+01 
9.999864e+01 
9.999860e+01 
9.999857e+01 
9.999855e+01 
9.999853e+01 
9.999852e+01 
9.999851e+01 
9.999850e+01 
9.999849e+01 
9.999848e+01 
9.999847e+01 
9.999847e+01 
9.999846e+01 
9.999846e+01 
9.999845e+01 
9.999845e+01 
9.999845e+01 
9.999845e+01 
9.999845e+01 
9.999845e+01 
9.999846e+01 
9.999846e+01 
9.999847e+01 
9.999848e+01 
9.999849e+01 
9.999850e+01 
9.999852e+01 
9.999855e+01 
9.999859e+01 
9.999866e+01 
9.999874e+01 
9.999887e+01 
9.999904e+01 
9.999925e+01 
9.999950e+01 
9.999974e+01 
9.999995e+01 
1.000001e+02 
1.000001e+02 
1.000001e+02 
1.000000e+02 
1.000000e+02 
9.999999e+01 
9.999999e+01 
1.000000e+02 
1.000000e+02 
1.000000e+02 

1.000000e+02 
1.000000e+02 
1.000000e+02 
9.999999e+01 
9.999999e+01 
1.000000e+02 
1.000000e+02 
1.000000e+02 
1.000000e+02 
9.999999e+01 
9.999991e+01 
9.999979e+01 
9.999967e+01 
9.999956e+01 
9.999947e+01 
9.999940e+01 
9.999935e+01 
9.999931e+01 
9.999929e+01 
9.999927e+01 
9.999925e+01 
9.999924e+01 
9.999924e+01 
9.999923e+01 
9.999923e+01 
9.999922e+01 
9.999922e+01 
9.999922e+01 
9.999921e+01 
9.999921e+01 
9.999921e+01 
9.999921e+01 
9.999921e+01 
9.999921e+01 
9.999920e+01 
9.999920e+01 
9.999920e+01 
9.999920e+01 
9.999921e+01 
9.999921e+01 
9.999921e+01 
9.999921e+01 
9.999921e+01 
9.999922e+01 
9.999922e+01 
9.999923e+01 
9.999924e+01 
9.999925e+01 
9.999927e+01 
9.999930e+01 
9.999934e+01 
9.999940e+01 
9.999949e+01 
9.999959e+01 
9.999971e+01 
9.999983e+01 
9.999993e+01 
1.000000e+02 
1.000000e+02 
1.000000e+02 
1.000000e+02 
9.999999e+01 
9.999999e+01 
1.000000e+02 
1.000000e+02 
1.000000e+02 

1.000000e+02 
1.000000e+02 
1.000000e+02 
9.999999e+01 
9.999999e+01 
9.999999e+01 
9.999999e+01 
9.999999e+01 
9.999997e+01 
9.999992e+01 
9.999987e+01 
9.999981e+01 
9.999976e+01 
9.999971e+01 
9.999968e+01 
9.999966e+01 
9.999964e+01 
9.999963e+01 
9.999962e+01 
9.999961e+01 
9.999961e+01 
9.999961e+01 
9.999960e+01 
9.999960e+01 
9.999960e+01 
9.999960e+01 
9.999960e+01 
9.999960e+01 
9.999960e+01 
9.999960e+01 
9.999960e+01 
9.999960e+01 
9.999959e+01 
9.999959e+01 
9.999959e+01 
9.999959e+01 
9.999959e+01 
9.999959e+01 
9.999959e+01 
9.999959e+01 
9.999960e+01 
9.999960e+01 
9.999960e+01 
9.999960e+01 
9.999960e+01 
9.999960e+01 
9.999960e+01 
9.999961e+01 
9.999961e+01 
9.999962e+01 
9.999964e+01 
9.999966e+01 
9.999969e+01 
9.999973e+01 
9.999978e+01 
9.999983e+01 
9.999989e+01 
9.999994e+01 
9.999997e+01 
9.999999e+01 
9.999999e+01 
9.999999e+01 
9.999999e+01 
1.000000e+02 
1.000000e+02 
1.000000e+02 

1.000000e+02 
1.000000e+02 
1.000000e+02 
9.999999e+01 
9.999999e+01 
9.999999e+01 
9.999998e+01 
9.999997e+01 
9.999995e+01 
9.999992e+01 
9.999989e+01 
9.999987e+01 
9.999985e+01 
9.999984e+01 
9.999982e+01 
9.999982e+01 
9.999981e+01 
9.999981e+01 
9.999980e+01 
9.999980e+01 
9.999980e+01 
9.999980e+01 
9.999980e+01 
9.999980e+01 
9.999980e+01 
9.999980e+01 
9.999980e+01 
9.999980e+01 
9.999980e+01 
9.999980e+01 
9.999980e+01 
9.999980e+01 
9.999980e+01 
9.999980e+01 
9.999980e+01 
9.999980e+01 
9.999980e+01 
9.999980e+01 
9.999980e+01 
9.999980e+01 
9.999980e+01 
9.999980e+01 
9.999980e+01 
9.999980e+01 
9.999980e+01 
9.999980e+01 
9.999980e+01 
9.999980e+01 
9.999980e+01 
9.999981e+01 
9.999981e+01 
9.999982e+01 
9.999983e+01 
9.999984e+01 
9.999986e+01 
9.999988e+01 
9.999991e+01 
9.999994e+01 
9.999996e+01 
9.999998e+01 
9.999999e+01 
9.999999e+01 
9.999999e+01 
1.000000e+02 
1.000000e+02 
1.000000e+02 

1.000000e+02 
1.000000e+02 
1.000000e+02 
1.000000e+02 
9.999999e+01 
9.999999e+01 
9.999998e+01 
9.999997e+01 
9.999996e+01 
9.999994e+01 
9.999993e+01 
9.999993e+01 
9.999992e+01 
9.999991e+01 
9.999991e+01 
9.999991e+01 
9.999991e+01 
9.999991e+01 
9.999991e+01 
9.999991e+01 
9.999990e+01 
9.999990e+01 
9.999990e+01 
9.999990e+01 
9.999990e+01 
9.999990e+01 
9.999990e+01 
9.999990e+01 
9.999990e+01 
9.999990e+01 
9.999990e+01 
9.999990e+01 
9.999990e+01 
9.999990e+01 
9.999990e+01 
9.999990e+01 
9.999990e+01 
9.999990e+01 
9.999990e+01 
9.999990e+01 
9.999990e+01 
9.999990e+01 
9.999990e+01 
9.999990e+01 
9.999990e+01 
9.999990e+01 
9.999990e+01 
9.999990e+01 
9.999991e+01 
9.999991e+01 
9.999991e+01 
9.999991e+01 
9.999991e+01 
9.999992e+01 
9.999992e+01 
9.999993e+01 
9.999994e+01 
9.999995e+01 
9.999997e+01 
9.999998e+01 
9.999999e+01 
9.999999e+01 
1.000000e+02 
1.000000e+02 
1.000000e+02 
1.000000e+02 

1.000000e+02 
1.000000e+02 
1.000000e+02 
1.000000e+02 
9.999999e+01 
9.999999e+01 
9.999999e+01 
9.999998e+01 
9.999998e+01 
9.999997e+01 
9.999997e+01 
9.999997e+01 
9.999996e+01 
9.999996e+01 
9.999996e+01 
9.999996e+01 
9.999996e+01 
9.999996e+01 
9.999996e+01 
9.999996e+01 
9.999996e+01 
9.999996e+01 
9.999996e+01 
9.999996e+01 
9.999996e+01 
9.999996e+01 
9.999996e+01 
9.999996e+01 
9.999996e+01 
9.999996e+01 
9.999996e+01 
9.999996e+01 
9.999996e+01 
9.999996e+01 
9.999996e+01 
9.999996e+01 
9.999996e+01 
9.999996e+01 
9.999996e+01 
9.999996e+01 
9.999996e+01 
9.999996e+01 
9.999996e+01 
9.999996e+01 
9.999996e+01 
9.999996e+01 
9.999996e+01 
9.999996e+01 
9.999996e+01 
9.999996e+01 
9.999996e+01 
9.999996e+01 
9.999996e+01 
9.999996e+01 
9.999996e+01 
9.999997e+01 
9.999997e+01 
9.999997e+01 
9.999998e+01 
9.999999e+01 
9.999999e+01 
9.999999e+01 
1.000000e+02 
1.000000e+02 
1.000000e+02 
1.000000e+02 

1.000000e+02 
1.000000e+02 
1.000000e+02 
1.000000e+02 
1.000000e+02 
1.000000e+02 
9.999999e+01 
9.999999e+01 
9.999999e+01 
9.999999e+01 
9.999999e+01 
9.999999e+01 
9.999999e+01 
9.999999e+01 
9.999999e+01 
9.999999e+01 
9.999999e+01 
9.999999e+01 
9.999999e+01 
9.999999e+01 
9.999999e+01 
9.999999e+01 
9.999999e+01 
9.999999e+01 
9.999999e+01 
9.999999e+01 
9.999999e+01 
9.999999e+01 
9.999999e+01 
9.999999e+01 
9.999999e+01 
9.999999e+01 
9.999999e+01 
9.999999e+01 
9.999999e+01 
9.999999e+01 
9.999999e+01 
9.999999e+01 
9.999999e+01 
9.999999e+01 
9.999999e+01 
9.999999e+01 
9.999999e+01 
9.999999e+01 
9.999999e+01 
9.999999e+01 
9.999999e+01 
9.999999e+01 
9.999999e+01 
9.999999e+01 
9.999999e+01 
9.999999e+01 
9.999999e+01 
9.999999e+01 
9.999999e+01 
9.999999e+01 
9.999999e+01 
9.999999e+01 
9.999999e+01 
9.999999e+01 
1.000000e+02 
1.000000e+02 
1.000000e+02 
1.000000e+02 
1.000000e+02 
1.000000e+02 

1.000000e+02 
1.000000e+02 
1.000000e+02 
1.000000e+02 
1.000000e+02 
1.000000e+02 
1.000000e+02 
1.000000e+02 
1.000000e+02 
1.000000e+02 
1.000000e+02 
1.000000e+02 
1.000000e+02 
1.000000e+02 
1.000000e+02 
1.000000e+02 
1.000000e+02 
1.000000e+02 
1.000000e+02 
1.000000e+02 
1.000000e+02 
1.000000e+02 
1.000000e+02 
1.000000e+02 
1.000000e+02 
1.000000e+02 
1.000000e+02 
1.000000e+02 
1.000000e+02 
1.000000e+02 
1.000000e+02 
1.000000e+02 
1.000000e+02 
1.000000e+02 
1.000000e+02 
1.000000e+02 
1.000000e+02 
1.000000e+02 
1.000000e+02 
1.000000e+02 
1.000000e+02 
1.000000e+02 
1.000000e+02 
1.000000e+02 
1.000000e+02 
1.000000e+02 
1.000000e+02 
1.000000e+02 
1.000000e+02 
1.000000e+02 
1.000000e+02 
1.000000e+02 
1.000000e+02 
1.000000e+02 
1.000000e+02 
1.000000e+02 
1.000000e+02 
1.000000e+02 
1.000000e+02 
1.000000e+02 
1.000000e+02 
1.000000e+02 
1.000000e+02 
1.000000e+02 
1.000000e+02 
1.000000e+02 

1.000000e+02 
1.000000e+02 
1.000000e+02 
1.000000e+02 
1.000000e+02 
1.000000e+02 
1.000000e+02 
1.000000e+02 
1.000000e+02 
1.000000e+02 
1.000000e+02 
1.000000e+02 
1.000000e+02 
1.000000e+02 
1.000000e+02 
1.000000e+02 
1.000000e+02 
1.000000e+02 
1.000000e+02 
1.000000e+02 
1.000000e+02 
1.000000e+02 
1.000000e+02 
1.000000e+02 
1.000000e+02 
1.000000e+02 
1.000000e+02 
1.000000e+02 
1.000000e+02 
1.000000e+02 
1.000000e+02 
1.000000e+02 
1.000000e+02 
1.000000e+02 
1.000000e+02 
1.000000e+02 
1.000000e+02 
1.000000e+02 
1.000000e+02 
1.000000e+02 
1.000000e+02 
1.000000e+02 
1.000000e+02 
1.000000e+02 
1.000000e+02 
1.000000e+02 
1.000000e+02 
1.000000e+02 
1.000000e+02 
1.000000e+02 
1.000000e+02 
1.000000e+02 
1.000000e+02 
1.000000e+02 
1.000000e+02 
1.000000e+02 
1.000000e+02 
1.000000e+02 
1.000000e+02 
1.000000e+02 
1.000000e+02 
1.000000e+02 
1.000000e+02 
1.000000e+02 
1.000000e+02 
1.000000e+02 

1.000000e+02 
1.000000e+02 
1.000000e+02 
1.000000e+02 
1.000000e+02 
1.000000e+02 
1.000000e+02 
1.000000e+02 
1.000000e+02 
1.000000e+02 
1.000000e+02 
1.000000e+02 
1.000000e+02 
1.000000e+02 
1.000000e+02 
1.000000e+02 
1.000000e+02 
1.000000e+02 
1.000000e+02 
1.000000e+02 
1.000000e+02 
1.000000e+02 
1.000000e+02 
1.000000e+02 
1.000000e+02 
1.000000e+02 
1.000000e+02 
1.000000e+02 
1.000000e+02 
1.000000e+02 
1.000000e+02 
1.000000e+02 
1.000000e+02 
1.000000e+02 
1.000000e+02 
1.000000e+02 
1.000000e+02 
1.000000e+02 
1.000000e+02 
1.000000e+02 
1.000000e+02 
1.000000e+02 
1.000000e+02 
1.000000e+02 
1.000000e+02 
1.000000e+02 
1.000000e+02 
1.000000e+02 
1.000000e+02 
1.000000e+02 
1.000000e+02 
1.000000e+02 
1.000000e+02 
1.000000e+02 
1.000000e+02 
1.000000e+02 
1.000000e+02 
1.000000e+02 
1.000000e+02 
1.000000e+02 
1.000000e+02 
1.000000e+02 
1.000000e+02 
1.000000e+02 
1.000000e+02 
1.000000e+02 

