5.794782e+01 
5.596688e+01 
5.024109e+01 
4.712811e+01 
4.576157e+01 
4.516795e+01 
4.500049e+01 
4.500049e+01 
4.500050e+01 
4.500050e+01 
4.500051e+01 
4.500052e+01 
4.500052e+01 
4.500053e+01 
4.500053e+01 
4.500054e+01 
4.500055e+01 
4.500055e+01 
4.500056e+01 
4.500057e+01 
4.500057e+01 
4.500058e+01 
4.500058e+01 
4.500059e+01 
4.500060e+01 
4.500061e+01 
4.527749e+01 
4.615087e+01 
4.712032e+01 
4.249918e+01 
3.078473e+01 
3.384258e+01 

7.628289e+01 
7.817489e+01 
6.638831e+01 
5.461898e+01 
4.934129e+01 
4.608007e+01 
4.500128e+01 
4.500130e+01 
4.500133e+01 
4.500135e+01 
4.500136e+01 
4.500139e+01 
4.500141e+01 
4.500143e+01 
4.500146e+01 
4.500149e+01 
4.500152e+01 
4.500156e+01 
4.500159e+01 
4.500164e+01 
4.500168e+01 
4.500173e+01 
4.500178e+01 
4.500183e+01 
4.500187e+01 
4.500190e+01 
4.638033e+01 
4.925821e+01 
3.490101e+01 
1.316784e+00 
1.662056e+01 
2.186766e+01 

8.253220e+01 
-8.437994e+01 
-7.846064e+01 
7.177171e+01 
5.680404e+01 
4.792136e+01 
4.500329e+01 
4.500352e+01 
4.500376e+01 
4.500400e+01 
4.500423e+01 
4.500445e+01 
4.500466e+01 
4.500485e+01 
4.500502e+01 
4.500518e+01 
4.500533e+01 
4.500546e+01 
4.500558e+01 
4.500567e+01 
4.500572e+01 
4.500573e+01 
4.500569e+01 
4.500560e+01 
4.500544e+01 
4.500514e+01 
4.708389e+01 
-4.355220e+01 
-3.380109e+01 
7.637318e+00 
2.113481e+01 
1.677242e+01 

8.426476e+01 
-7.551750e+01 
-4.662015e+01 
-5.738906e+01 
7.277897e+01 
5.045759e+01 
4.500559e+01 
4.500610e+01 
4.500670e+01 
4.500741e+01 
4.500822e+01 
4.500911e+01 
4.501002e+01 
4.501089e+01 
4.501164e+01 
4.501219e+01 
4.501248e+01 
4.501250e+01 
4.501227e+01 
4.501184e+01 
4.501121e+01 
4.501029e+01 
4.500868e+01 
4.500525e+01 
4.499746e+01 
4.498358e+01 
2.487696e+00 
-5.615851e+00 
1.169133e+01 
2.253431e+01 
2.344428e+01 
1.384895e+01 

8.439391e+01 
-7.397793e+01 
-3.680436e+01 
-1.190099e+01 
-5.575441e+01 
5.999476e+01 
4.501384e+01 
4.501417e+01 
4.501339e+01 
4.501281e+01 
4.501276e+01 
4.501307e+01 
4.501350e+01 
4.501375e+01 
4.501356e+01 
4.501260e+01 
4.501054e+01 
4.500685e+01 
4.500056e+01 
4.498984e+01 
4.497365e+01 
4.495962e+01 
4.495993e+01 
4.496859e+01 
4.497667e+01 
4.498238e+01 
3.372515e+01 
2.661795e+01 
2.769538e+01 
2.594649e+01 
2.287082e+01 
1.240583e+01 

8.430908e+01 
-7.400617e+01 
-3.585347e+01 
6.419571e+00 
-4.002091e+01 
5.700216e+01 
4.501116e+01 
4.501238e+01 
4.501369e+01 
4.501498e+01 
4.501602e+01 
4.501634e+01 
4.501526e+01 
4.501216e+01 
4.500699e+01 
4.500072e+01 
4.499496e+01 
4.499104e+01 
4.498928e+01 
4.498914e+01 
4.498982e+01 
4.499074e+01 
4.499162e+01 
4.499238e+01 
4.499304e+01 
4.499362e+01 
4.267064e+01 
4.332668e+01 
3.398992e+01 
2.540336e+01 
2.228256e+01 
1.190700e+01 

8.422899e+01 
-7.450407e+01 
-3.852904e+01 
1.404552e+01 
-2.894374e+01 
5.829108e+01 
4.501168e+01 
4.501280e+01 
4.501392e+01 
4.501497e+01 
4.501583e+01 
4.501637e+01 
4.501644e+01 
4.501589e+01 
4.501466e+01 
4.501278e+01 
4.501039e+01 
4.500771e+01 
4.500501e+01 
4.500250e+01 
4.500037e+01 
4.499867e+01 
4.499742e+01 
4.499657e+01 
4.499605e+01 
4.499578e+01 
4.545971e+01 
5.126284e+01 
3.277407e+01 
2.420156e+01 
2.191341e+01 
1.177500e+01 

8.413747e+01 
-7.542387e+01 
-4.417933e+01 
2.362032e+01 
-1.532670e+01 
6.078381e+01 
4.501290e+01 
4.501432e+01 
4.501580e+01 
4.501725e+01 
4.501853e+01 
4.501943e+01 
4.501973e+01 
4.501922e+01 
4.501779e+01 
4.501547e+01 
4.501245e+01 
4.500906e+01 
4.500565e+01 
4.500252e+01 
4.499991e+01 
4.499791e+01 
4.499650e+01 
4.499560e+01 
4.499512e+01 
4.499493e+01 
4.644466e+01 
5.735537e+01 
2.754707e+01 
2.237193e+01 
2.153581e+01 
1.172987e+01 

8.404575e+01 
-7.625273e+01 
-5.021766e+01 
4.396743e+01 
2.440392e+00 
6.383607e+01 
4.501416e+01 
4.501593e+01 
4.501785e+01 
4.501983e+01 
4.502169e+01 
4.502315e+01 
4.502385e+01 
4.502348e+01 
4.502186e+01 
4.501903e+01 
4.501525e+01 
4.501095e+01 
4.500660e+01 
4.500264e+01 
4.499941e+01 
4.499701e+01 
4.499543e+01 
4.499451e+01 
4.499409e+01 
4.499401e+01 
4.793349e+01 
6.980413e+01 
2.072772e+01 
2.082153e+01 
2.124148e+01 
1.170279e+01 

8.395057e+01 
-7.700093e+01 
-5.638102e+01 
8.940594e+01 
3.097071e+01 
6.762690e+01 
4.501541e+01 
4.501759e+01 
4.502004e+01 
4.502269e+01 
4.502535e+01 
4.502761e+01 
4.502892e+01 
4.502880e+01 
4.502705e+01 
4.502372e+01 
4.501920e+01 
4.501386e+01 
4.500832e+01 
4.500321e+01 
4.499901e+01 
4.499606e+01 
4.499425e+01 
4.499333e+01 
4.499301e+01 
4.499308e+01 
5.005361e+01 
-8.327205e+01 
1.245869e+01 
1.959253e+01 
2.102373e+01 
1.169430e+01 

8.385064e+01 
-7.768118e+01 
-6.237908e+01 
-4.871330e+01 
7.077177e+01 
7.243690e+01 
4.501661e+01 
4.501921e+01 
4.502226e+01 
4.502573e+01 
4.502942e+01 
4.503282e+01 
4.503498e+01 
4.503500e+01 
4.503304e+01 
4.502988e+01 
4.502504e+01 
4.501906e+01 
4.501204e+01 
4.500472e+01 
4.499892e+01 
4.499513e+01 
4.499305e+01 
4.499213e+01 
4.499193e+01 
4.499216e+01 
5.284854e+01 
-4.314947e+01 
3.659648e+00 
1.871018e+01 
2.087681e+01 
1.170477e+01 

8.374634e+01 
-7.830742e+01 
-6.796064e+01 
-3.131386e+01 
-7.967101e+01 
7.871488e+01 
4.501768e+01 
4.502071e+01 
4.502439e+01 
4.502876e+01 
4.503370e+01 
4.503866e+01 
4.504197e+01 
4.504224e+01 
4.504060e+01 
4.503730e+01 
4.503316e+01 
4.502643e+01 
4.501747e+01 
4.500757e+01 
4.499911e+01 
4.499430e+01 
4.499193e+01 
4.499102e+01 
4.499094e+01 
4.499134e+01 
5.613381e+01 
-1.715817e+01 
-4.008957e+00 
1.818399e+01 
2.079642e+01 
1.173439e+01 

8.363928e+01 
-7.889365e+01 
-7.296073e+01 
-2.384626e+01 
-6.477348e+01 
8.711208e+01 
4.501855e+01 
4.502198e+01 
4.502626e+01 
4.503154e+01 
4.503780e+01 
4.504457e+01 
4.504963e+01 
4.505011e+01 
4.504946e+01 
4.504543e+01 
4.504196e+01 
4.503433e+01 
4.502301e+01 
4.501076e+01 
4.499941e+01 
4.499362e+01 
4.499097e+01 
4.499008e+01 
4.499013e+01 
4.499067e+01 
5.933064e+01 
-5.772674e+00 
-8.928613e+00 
1.801092e+01 
2.078005e+01 
1.178307e+01 

8.353172e+01 
-7.945305e+01 
-7.730997e+01 
-2.035590e+01 
-5.766858e+01 
-8.175981e+01 
4.501917e+01 
4.502290e+01 
4.502769e+01 
4.503376e+01 
4.504122e+01 
4.504970e+01 
4.505675e+01 
4.505782e+01 
4.505766e+01 
4.505328e+01 
4.504913e+01 
4.504046e+01 
4.502720e+01 
4.501284e+01 
4.499968e+01 
4.499316e+01 
4.499030e+01 
4.498942e+01 
4.498956e+01 
4.499022e+01 
6.148171e+01 
-1.285577e+00 
-1.028789e+01 
1.817933e+01 
2.082686e+01 
1.185050e+01 

8.342613e+01 
-7.999745e+01 
-8.101322e+01 
-1.892070e+01 
-5.472111e+01 
-6.833363e+01 
4.501946e+01 
4.502340e+01 
4.502854e+01 
4.503517e+01 
4.504352e+01 
4.505325e+01 
4.506174e+01 
4.506386e+01 
4.506379e+01 
4.505899e+01 
4.505370e+01 
4.504373e+01 
4.502932e+01 
4.501389e+01 
4.499993e+01 
4.499300e+01 
4.499001e+01 
4.498913e+01 
4.498932e+01 
4.499003e+01 
6.167622e+01 
-9.678617e-01 
-8.166792e+00 
1.867255e+01 
2.093736e+01 
1.193623e+01 

8.332486e+01 
-8.053704e+01 
-8.411648e+01 
-1.881040e+01 
-5.444980e+01 
-5.534840e+01 
4.501940e+01 
4.502341e+01 
4.502870e+01 
4.503561e+01 
4.504442e+01 
4.505479e+01 
4.506404e+01 
4.506676e+01 
4.506688e+01 
4.506181e+01 
4.505588e+01 
4.504521e+01 
4.503026e+01 
4.501451e+01 
4.500030e+01 
4.499322e+01 
4.499016e+01 
4.498925e+01 
4.498944e+01 
4.499015e+01 
5.968467e+01 
-5.456440e+00 
-3.291295e+00 
1.947123e+01 
2.111304e+01 
1.203978e+01 

8.322993e+01 
-8.108033e+01 
-8.667629e+01 
-1.971851e+01 
-5.626051e+01 
-4.662521e+01 
4.501900e+01 
4.502294e+01 
4.502816e+01 
4.503503e+01 
4.504384e+01 
4.505429e+01 
4.506374e+01 
4.506673e+01 
4.506707e+01 
4.506206e+01 
4.505600e+01 
4.504528e+01 
4.503044e+01 
4.501492e+01 
4.500084e+01 
4.499382e+01 
4.499075e+01 
4.498980e+01 
4.498992e+01 
4.499055e+01 
5.617146e+01 
-2.168275e+01 
3.221670e+00 
2.055427e+01 
2.135592e+01 
1.216068e+01 

8.314300e+01 
-8.163421e+01 
-8.873765e+01 
-2.152294e+01 
-5.995472e+01 
-4.429675e+01 
4.501827e+01 
4.502200e+01 
4.502695e+01 
4.503347e+01 
4.504185e+01 
4.505189e+01 
4.506111e+01 
4.506420e+01 
4.506475e+01 
4.505991e+01 
4.505389e+01 
4.504354e+01 
4.502944e+01 
4.501483e+01 
4.500143e+01 
4.499472e+01 
4.499173e+01 
4.499072e+01 
4.499072e+01 
4.499123e+01 
5.222189e+01 
-7.428909e+01 
1.019567e+01 
2.189819e+01 
2.166831e+01 
1.229854e+01 

8.306527e+01 
-8.220399e+01 
8.967912e+01 
-2.420071e+01 
-6.552724e+01 
-4.867407e+01 
4.501726e+01 
4.502068e+01 
4.502518e+01 
4.503109e+01 
4.503865e+01 
4.504776e+01 
4.505634e+01 
4.505948e+01 
4.506017e+01 
4.505515e+01 
4.504898e+01 
4.503914e+01 
4.502613e+01 
4.501371e+01 
4.500181e+01 
4.499581e+01 
4.499300e+01 
4.499193e+01 
4.499179e+01 
4.499212e+01 
4.869725e+01 
5.966307e+01 
1.674519e+01 
2.347555e+01 
2.205269e+01 
1.245304e+01 

8.299751e+01 
-8.279333e+01 
8.858414e+01 
-2.779842e+01 
-7.305751e+01 
-5.903875e+01 
4.501605e+01 
4.501907e+01 
4.502301e+01 
4.502809e+01 
4.503452e+01 
4.504219e+01 
4.504961e+01 
4.505260e+01 
4.505287e+01 
4.504803e+01 
4.504121e+01 
4.503222e+01 
4.502114e+01 
4.501123e+01 
4.500199e+01 
4.499698e+01 
4.499444e+01 
4.499334e+01 
4.499303e+01 
4.499317e+01 
4.598705e+01 
4.567251e+01 
2.242008e+01 
2.525298e+01 
2.251166e+01 
1.262388e+01 

8.293996e+01 
-8.340401e+01 
8.801730e+01 
-3.243202e+01 
-8.264039e+01 
-7.315939e+01 
4.501472e+01 
4.501730e+01 
4.502060e+01 
4.502476e+01 
4.502988e+01 
4.503578e+01 
4.504142e+01 
4.504410e+01 
4.504350e+01 
4.503937e+01 
4.503249e+01 
4.502450e+01 
4.501614e+01 
4.500845e+01 
4.500214e+01 
4.499818e+01 
4.499595e+01 
4.499481e+01 
4.499436e+01 
4.499430e+01 
4.412751e+01 
4.068888e+01 
2.711507e+01 
2.718990e+01 
2.304800e+01 
1.281076e+01 

8.289232e+01 
-8.403573e+01 
8.804093e+01 
-3.831638e+01 
8.560987e+01 
-8.744035e+01 
4.501334e+01 
4.501549e+01 
4.501815e+01 
4.502140e+01 
4.502523e+01 
4.502939e+01 
4.503309e+01 
4.503505e+01 
4.503414e+01 
4.503064e+01 
4.502502e+01 
4.501848e+01 
4.501231e+01 
4.500680e+01 
4.500245e+01 
4.499936e+01 
4.499740e+01 
4.499625e+01 
4.499566e+01 
4.499543e+01 
4.299139e+01 
3.870558e+01 
3.090621e+01 
2.923846e+01 
2.366451e+01 
1.301340e+01 

8.285373e+01 
-8.468587e+01 
8.872397e+01 
-4.585223e+01 
7.135790e+01 
8.076417e+01 
4.501198e+01 
4.501372e+01 
4.501580e+01 
4.501825e+01 
4.502098e+01 
4.502373e+01 
4.502597e+01 
4.502699e+01 
4.502623e+01 
4.502360e+01 
4.501957e+01 
4.501489e+01 
4.501027e+01 
4.500623e+01 
4.500294e+01 
4.500045e+01 
4.499871e+01 
4.499757e+01 
4.499688e+01 
4.499651e+01 
4.240842e+01 
3.802340e+01 
3.393118e+01 
3.134528e+01 
2.436376e+01 
1.323153e+01 

8.282281e+01 
-8.534941e+01 
-8.988490e+01 
-5.586123e+01 
5.343905e+01 
7.198813e+01 
4.501069e+01 
4.501207e+01 
4.501367e+01 
4.501546e+01 
4.501735e+01 
4.501913e+01 
4.502047e+01 
4.502097e+01 
4.502036e+01 
4.501856e+01 
4.501581e+01 
4.501252e+01 
4.500915e+01 
4.500606e+01 
4.500345e+01 
4.500137e+01 
4.499981e+01 
4.499870e+01 
4.499796e+01 
4.499748e+01 
4.221780e+01 
3.799491e+01 
3.632984e+01 
3.345485e+01 
2.514752e+01 
1.346503e+01 

8.279768e+01 
-8.601914e+01 
-8.779527e+01 
-7.026883e+01 
2.875409e+01 
6.566926e+01 
4.500950e+01 
4.501058e+01 
4.501178e+01 
4.501308e+01 
4.501438e+01 
4.501554e+01 
4.501635e+01 
4.501661e+01 
4.501614e+01 
4.501491e+01 
4.501303e+01 
4.501072e+01 
4.500826e+01 
4.500590e+01 
4.500381e+01 
4.500206e+01 
4.500067e+01 
4.499962e+01 
4.499886e+01 
4.499833e+01 
4.228521e+01 
3.831501e+01 
3.822286e+01 
3.551383e+01 
2.601614e+01 
1.371401e+01 

8.277615e+01 
-8.668617e+01 
-8.511565e+01 
8.591767e+01 
-6.513483e+00 
6.110580e+01 
4.500843e+01 
4.500927e+01 
4.501016e+01 
4.501109e+01 
4.501199e+01 
4.501275e+01 
4.501327e+01 
4.501341e+01 
4.501307e+01 
4.501223e+01 
4.501093e+01 
4.500929e+01 
4.500748e+01 
4.500567e+01 
4.500398e+01 
4.500251e+01 
4.500129e+01 
4.500032e+01 
4.499958e+01 
4.499903e+01 
4.250538e+01 
3.881637e+01 
3.970767e+01 
3.747521e+01 
2.696777e+01 
1.397898e+01 

8.281745e+01 
-8.720136e+01 
-8.362696e+01 
4.396602e+01 
-4.562021e+01 
5.737344e+01 
4.500712e+01 
4.500781e+01 
4.500862e+01 
4.500954e+01 
4.501061e+01 
4.501181e+01 
4.501308e+01 
4.501429e+01 
4.501521e+01 
4.501558e+01 
4.501520e+01 
4.501404e+01 
4.501224e+01 
4.501009e+01 
4.500790e+01 
4.500591e+01 
4.500423e+01 
4.500289e+01 
4.500184e+01 
4.500103e+01 
4.478207e+01 
4.453676e+01 
4.364822e+01 
3.968869e+01 
2.830675e+01 
1.423289e+01 

8.278984e+01 
-8.914881e+01 
-8.722171e+01 
-4.931564e+01 
8.817418e+01 
5.239069e+01 
4.500490e+01 
4.500539e+01 
4.500605e+01 
4.500692e+01 
4.500808e+01 
4.500953e+01 
4.501126e+01 
4.501311e+01 
4.501483e+01 
4.501610e+01 
4.501665e+01 
4.501635e+01 
4.501526e+01 
4.501359e+01 
4.501164e+01 
4.500968e+01 
4.500789e+01 
4.500635e+01 
4.500507e+01 
4.500402e+01 
4.832830e+01 
5.778692e+01 
5.601938e+01 
4.473089e+01 
3.161081e+01 
1.497331e+01 

8.180186e+01 
8.340730e+01 
8.232399e+01 
7.927548e+01 
6.096662e+01 
4.840100e+01 
4.500322e+01 
4.500360e+01 
4.500411e+01 
4.500477e+01 
4.500560e+01 
4.500659e+01 
4.500770e+01 
4.500884e+01 
4.500991e+01 
4.501075e+01 
4.501125e+01 
4.501135e+01 
4.501104e+01 
4.501039e+01 
4.500950e+01 
4.500848e+01 
4.500745e+01 
4.500648e+01 
4.500559e+01 
4.500481e+01 
4.901361e+01 
6.184720e+01 
6.877970e+01 
5.426201e+01 
3.792714e+01 
1.772634e+01 

7.686517e+01 
7.095758e+01 
6.883714e+01 
6.188680e+01 
5.328008e+01 
4.710414e+01 
4.500246e+01 
4.500267e+01 
4.500290e+01 
4.500313e+01 
4.500337e+01 
4.500359e+01 
4.500379e+01 
4.500397e+01 
4.500411e+01 
4.500424e+01 
4.500434e+01 
4.500441e+01 
4.500445e+01 
4.500446e+01 
4.500442e+01 
4.500432e+01 
4.500417e+01 
4.500398e+01 
4.500375e+01 
4.500350e+01 
4.813570e+01 
5.651943e+01 
6.330963e+01 
5.759733e+01 
4.375087e+01 
2.467937e+01 

6.512488e+01 
6.014633e+01 
5.784583e+01 
5.385117e+01 
4.952927e+01 
4.615383e+01 
4.500131e+01 
4.500131e+01 
4.500131e+01 
4.500131e+01 
4.500130e+01 
4.500129e+01 
4.500128e+01 
4.500127e+01 
4.500126e+01 
4.500125e+01 
4.500125e+01 
4.500124e+01 
4.500123e+01 
4.500123e+01 
4.500123e+01 
4.500123e+01 
4.500123e+01 
4.500124e+01 
4.500125e+01 
4.500125e+01 
4.613417e+01 
4.949255e+01 
5.297466e+01 
5.114038e+01 
4.345963e+01 
3.286284e+01 

5.097296e+01 
4.981809e+01 
4.960709e+01 
4.769161e+01 
4.602085e+01 
4.521930e+01 
4.500051e+01 
4.500051e+01 
4.500050e+01 
4.500050e+01 
4.500050e+01 
4.500050e+01 
4.500049e+01 
4.500049e+01 
4.500049e+01 
4.500049e+01 
4.500049e+01 
4.500048e+01 
4.500048e+01 
4.500048e+01 
4.500048e+01 
4.500048e+01 
4.500048e+01 
4.500047e+01 
4.500047e+01 
4.500046e+01 
4.513450e+01 
4.558025e+01 
4.636106e+01 
4.636261e+01 
4.321719e+01 
4.032662e+01 

