6.012657e+01
8.738616e+01
-8.280068e+01
-8.049516e+01
-8.055266e+01
-8.072866e+01
-8.089200e+01
-8.112564e+01
-8.133813e+01
-8.153216e+01
-8.170915e+01
-8.186921e+01
-8.201138e+01
-8.213412e+01
-8.223588e+01
-8.231564e+01
-8.237315e+01
-8.240879e+01
-8.242331e+01
-8.241734e+01
-8.239100e+01
-8.234375e+01
-8.227447e+01
-8.218169e+01
-8.206404e+01
-8.192053e+01
-8.166193e+01
-8.107000e+01
-8.050305e+01
-8.634858e+01
7.054270e+01
5.146078e+01

5.487649e+01
7.681216e+01
-7.337168e+01
-5.453175e+01
-5.035592e+01
-4.990369e+01
-5.040985e+01
-5.153276e+01
-5.254032e+01
-5.342637e+01
-5.419232e+01
-5.484683e+01
-5.540406e+01
-5.588067e+01
-5.629244e+01
-5.665150e+01
-5.696516e+01
-5.723648e+01
-5.746645e+01
-5.765682e+01
-5.781266e+01
-5.794387e+01
-5.806537e+01
-5.819637e+01
-5.835945e+01
-5.857995e+01
-5.779661e+01
-5.669251e+01
-7.660436e+01
5.244613e+01
5.053173e+01
4.802174e+01

4.817900e+01
5.607353e+01
8.400892e+01
-3.854247e+01
-1.033900e+01
-2.843728e+00
-2.306879e+00
-4.077373e+00
-6.030776e+00
-8.184054e+00
-1.052800e+01
-1.301441e+01
-1.555299e+01
-1.802446e+01
-2.030819e+01
-2.231287e+01
-2.399576e+01
-2.536344e+01
-2.645767e+01
-2.733649e+01
-2.806018e+01
-2.868805e+01
-2.928719e+01
-2.995193e+01
-3.083224e+01
-3.217113e+01
-3.145972e+01
5.035093e+01
2.287606e+01
3.807359e+01
4.556751e+01
4.625422e+01

4.544803e+01
4.716616e+01
5.279006e+01
8.368747e+01
-2.826397e+01
6.553429e+00
1.201781e+01
1.385782e+01
1.554631e+01
1.717691e+01
1.876242e+01
2.025303e+01
2.154950e+01
2.251552e+01
2.299126e+01
2.280872e+01
2.180959e+01
1.986901e+01
1.693600e+01
1.310128e+01
8.654115e+00
3.940999e+00
-1.230298e+00
-8.400723e+00
-2.059926e+01
-4.055350e+01
7.086953e+01
3.042749e+01
3.179539e+01
3.849508e+01
4.443819e+01
4.548379e+01

4.495731e+01
4.558271e+01
4.734314e+01
4.845720e+01
5.651636e+01
-8.257957e+01
-7.085487e+01
-5.041798e+01
-3.379458e+01
-2.246585e+01
-1.512511e+01
-1.034156e+01
-7.207954e+00
-5.224481e+00
-4.130510e+00
-3.800984e+00
-4.196967e+00
-5.359480e+00
-7.492292e+00
-1.133919e+01
-1.904762e+01
-3.326818e+01
-5.194720e+01
-7.010093e+01
-8.531233e+01
8.287774e+01
6.670480e+01
4.864988e+01
3.811727e+01
4.115060e+01
4.475836e+01
4.511947e+01

4.497563e+01
4.513257e+01
4.570778e+01
4.472268e+01
3.876471e+01
4.955113e+01
5.000747e+01
5.079673e+01
5.172899e+01
5.284362e+01
5.417527e+01
5.570874e+01
5.732263e+01
5.877554e+01
5.978671e+01
6.019388e+01
6.008110e+01
5.975147e+01
5.951025e+01
5.939158e+01
5.909739e+01
5.829018e+01
5.692743e+01
5.524854e+01
5.354039e+01
5.198841e+01
4.881230e+01
4.489431e+01
4.294197e+01
4.398721e+01
4.495511e+01
4.501481e+01

4.500036e+01
4.500056e+01
4.500177e+01
4.500227e+01
4.499545e+01
4.500543e+01
4.500705e+01
4.500815e+01
4.500937e+01
4.501069e+01
4.501204e+01
4.501336e+01
4.501454e+01
4.501545e+01
4.501597e+01
4.501602e+01
4.501556e+01
4.501462e+01
4.501330e+01
4.501174e+01
4.501010e+01
4.500849e+01
4.500703e+01
4.500576e+01
4.500469e+01
4.500380e+01
4.500076e+01
4.499751e+01
4.499758e+01
4.499945e+01
4.500034e+01
4.500037e+01

4.500036e+01
4.500055e+01
4.500181e+01
4.500241e+01
4.499418e+01
4.500451e+01
4.500697e+01
4.500817e+01
4.500955e+01
4.501107e+01
4.501269e+01
4.501431e+01
4.501579e+01
4.501698e+01
4.501772e+01
4.501786e+01
4.501735e+01
4.501621e+01
4.501458e+01
4.501265e+01
4.501065e+01
4.500874e+01
4.500705e+01
4.500563e+01
4.500446e+01
4.500353e+01
4.500029e+01
4.499713e+01
4.499747e+01
4.499949e+01
4.500034e+01
4.500037e+01

4.500036e+01
4.500054e+01
4.500181e+01
4.500251e+01
4.499322e+01
4.500304e+01
4.500667e+01
4.500794e+01
4.500942e+01
4.501111e+01
4.501293e+01
4.501477e+01
4.501648e+01
4.501787e+01
4.501878e+01
4.501905e+01
4.501859e+01
4.501738e+01
4.501553e+01
4.501329e+01
4.501094e+01
4.500874e+01
4.500684e+01
4.500529e+01
4.500407e+01
4.500312e+01
4.499983e+01
4.499689e+01
4.499746e+01
4.499955e+01
4.500034e+01
4.500036e+01

4.500037e+01
4.500052e+01
4.500179e+01
4.500252e+01
4.499244e+01
4.500095e+01
4.500610e+01
4.500737e+01
4.500888e+01
4.501063e+01
4.501254e+01
4.501442e+01
4.501601e+01
4.501720e+01
4.501800e+01
4.501835e+01
4.501819e+01
4.501733e+01
4.501565e+01
4.501334e+01
4.501077e+01
4.500834e+01
4.500630e+01
4.500470e+01
4.500348e+01
4.500256e+01
4.499944e+01
4.499683e+01
4.499757e+01
4.499963e+01
4.500034e+01
4.500036e+01

4.500037e+01
4.500050e+01
4.500171e+01
4.500242e+01
4.499175e+01
4.499833e+01
4.500522e+01
4.500640e+01
4.500784e+01
4.500952e+01
4.501134e+01
4.501298e+01
4.501388e+01
4.501350e+01
4.501265e+01
4.501264e+01
4.501336e+01
4.501420e+01
4.501413e+01
4.501243e+01
4.500986e+01
4.500736e+01
4.500533e+01
4.500378e+01
4.500265e+01
4.500184e+01
4.499917e+01
4.499703e+01
4.499782e+01
4.499973e+01
4.500034e+01
4.500036e+01

4.500037e+01
4.500048e+01
4.500160e+01
4.500219e+01
4.499112e+01
4.499539e+01
4.500402e+01
4.500501e+01
4.500623e+01
4.500766e+01
4.500918e+01
4.501040e+01
4.501009e+01
4.500864e+01
4.500730e+01
4.500681e+01
4.500825e+01
4.501016e+01
4.501093e+01
4.501014e+01
4.500794e+01
4.500564e+01
4.500384e+01
4.500252e+01
4.500160e+01
4.500095e+01
4.499906e+01
4.499752e+01
4.499822e+01
4.499984e+01
4.500033e+01
4.500035e+01

4.500038e+01
4.500046e+01
4.500143e+01
4.500181e+01
4.499056e+01
4.499250e+01
4.500251e+01
4.500321e+01
4.500407e+01
4.500506e+01
4.500605e+01
4.500665e+01
4.500578e+01
4.500350e+01
4.500105e+01
4.500019e+01
4.500180e+01
4.500431e+01
4.500618e+01
4.500627e+01
4.500477e+01
4.500313e+01
4.500184e+01
4.500093e+01
4.500032e+01
4.499992e+01
4.499914e+01
4.499831e+01
4.499878e+01
4.499997e+01
4.500032e+01
4.500035e+01

4.500038e+01
4.500044e+01
4.500121e+01
4.500128e+01
4.499011e+01
4.499007e+01
4.500075e+01
4.500106e+01
4.500143e+01
4.500182e+01
4.500208e+01
4.500186e+01
4.500057e+01
4.499808e+01
4.499570e+01
4.499482e+01
4.499572e+01
4.499788e+01
4.499985e+01
4.500067e+01
4.500048e+01
4.499990e+01
4.499940e+01
4.499906e+01
4.499888e+01
4.499880e+01
4.499939e+01
4.499936e+01
4.499947e+01
4.500011e+01
4.500032e+01
4.500035e+01

4.500038e+01
4.500042e+01
4.500094e+01
4.500061e+01
4.498989e+01
4.498840e+01
4.499882e+01
4.499868e+01
4.499847e+01
4.499813e+01
4.499751e+01
4.499632e+01
4.499408e+01
4.499087e+01
4.498772e+01
4.498599e+01
4.498649e+01
4.498877e+01
4.499167e+01
4.499408e+01
4.499552e+01
4.499624e+01
4.499669e+01
4.499704e+01
4.499735e+01
4.499763e+01
4.499975e+01
4.500062e+01
4.500027e+01
4.500026e+01
4.500031e+01
4.500034e+01

4.500039e+01
4.500040e+01
4.500062e+01
4.499985e+01
4.499001e+01
4.498758e+01
4.499683e+01
4.499620e+01
4.499539e+01
4.499428e+01
4.499273e+01
4.499047e+01
4.498706e+01
4.498258e+01
4.497823e+01
4.497571e+01
4.497611e+01
4.497911e+01
4.498337e+01
4.498743e+01
4.499045e+01
4.499249e+01
4.499392e+01
4.499499e+01
4.499582e+01
4.499647e+01
4.500016e+01
4.500198e+01
4.500114e+01
4.500042e+01
4.500030e+01
4.500034e+01

4.500039e+01
4.500037e+01
4.500027e+01
4.499907e+01
4.499058e+01
4.498749e+01
4.499490e+01
4.499381e+01
4.499240e+01
4.499057e+01
4.498816e+01
4.498493e+01
4.498051e+01
4.497508e+01
4.496993e+01
4.496687e+01
4.496717e+01
4.497066e+01
4.497595e+01
4.498136e+01
4.498574e+01
4.498896e+01
4.499132e+01
4.499307e+01
4.499439e+01
4.499540e+01
4.500053e+01
4.500335e+01
4.500203e+01
4.500058e+01
4.500029e+01
4.500034e+01

4.500039e+01
4.500034e+01
4.499989e+01
4.499833e+01
4.499167e+01
4.498785e+01
4.499315e+01
4.499165e+01
4.498973e+01
4.498729e+01
4.498418e+01
4.498025e+01
4.497530e+01
4.496955e+01
4.496415e+01
4.496082e+01
4.496084e+01
4.496427e+01
4.496999e+01
4.497628e+01
4.498173e+01
4.498593e+01
4.498907e+01
4.499140e+01
4.499314e+01
4.499446e+01
4.500077e+01
4.500459e+01
4.500287e+01
4.500074e+01
4.500028e+01
4.500034e+01

4.500040e+01
4.500031e+01
4.499949e+01
4.499770e+01
4.499321e+01
4.498839e+01
4.499166e+01
4.498985e+01
4.498755e+01
4.498467e+01
4.498108e+01
4.497680e+01
4.497193e+01
4.496698e+01
4.496253e+01
4.495941e+01
4.495889e+01
4.496132e+01
4.496621e+01
4.497256e+01
4.497870e+01
4.498362e+01
4.498734e+01
4.499010e+01
4.499216e+01
4.499371e+01
4.500082e+01
4.500561e+01
4.500363e+01
4.500089e+01
4.500027e+01
4.500033e+01

4.500040e+01
4.500027e+01
4.499910e+01
4.499723e+01
4.499496e+01
4.498890e+01
4.499051e+01
4.498850e+01
4.498598e+01
4.498286e+01
4.497907e+01
4.497468e+01
4.497035e+01
4.496599e+01
4.496196e+01
4.495926e+01
4.495819e+01
4.495993e+01
4.496447e+01
4.497056e+01
4.497692e+01
4.498221e+01
4.498623e+01
4.498923e+01
4.499147e+01
4.499317e+01
4.500067e+01
4.500632e+01
4.500426e+01
4.500105e+01
4.500026e+01
4.500033e+01

4.500040e+01
4.500022e+01
4.499873e+01
4.499694e+01
4.499648e+01
4.498930e+01
4.498974e+01
4.498764e+01
4.498506e+01
4.498192e+01
4.497816e+01
4.497391e+01
4.496972e+01
4.496580e+01
4.496238e+01
4.495992e+01
4.495895e+01
4.496054e+01
4.496463e+01
4.497040e+01
4.497658e+01
4.498178e+01
4.498578e+01
4.498881e+01
4.499109e+01
4.499284e+01
4.500031e+01
4.500667e+01
4.500473e+01
4.500119e+01
4.500026e+01
4.500033e+01

4.500040e+01
4.500016e+01
4.499839e+01
4.499682e+01
4.499730e+01
4.498961e+01
4.498933e+01
4.498727e+01
4.498477e+01
4.498178e+01
4.497829e+01
4.497438e+01
4.497030e+01
4.496643e+01
4.496306e+01
4.496080e+01
4.496057e+01
4.496260e+01
4.496669e+01
4.497211e+01
4.497756e+01
4.498224e+01
4.498594e+01
4.498880e+01
4.499101e+01
4.499272e+01
4.499980e+01
4.500666e+01
4.500503e+01
4.500132e+01
4.500025e+01
4.500033e+01

4.500041e+01
4.500010e+01
4.499809e+01
4.499682e+01
4.499721e+01
4.498990e+01
4.498925e+01
4.498731e+01
4.498501e+01
4.498232e+01
4.497925e+01
4.497587e+01
4.497234e+01
4.496893e+01
4.496613e+01
4.496460e+01
4.496483e+01
4.496697e+01
4.497063e+01
4.497504e+01
4.497945e+01
4.498335e+01
4.498657e+01
4.498913e+01
4.499116e+01
4.499277e+01
4.499922e+01
4.500633e+01
4.500516e+01
4.500144e+01
4.500025e+01
4.500032e+01

4.500041e+01
4.500003e+01
4.499785e+01
4.499687e+01
4.499637e+01
4.499022e+01
4.498945e+01
4.498769e+01
4.498566e+01
4.498334e+01
4.498077e+01
4.497803e+01
4.497527e+01
4.497278e+01
4.497091e+01
4.497006e+01
4.497051e+01
4.497226e+01
4.497502e+01
4.497833e+01
4.498172e+01
4.498482e+01
4.498749e+01
4.498970e+01
4.499150e+01
4.499296e+01
4.499863e+01
4.500574e+01
4.500514e+01
4.500153e+01
4.500025e+01
4.500032e+01

4.500042e+01
4.499995e+01
4.499767e+01
4.499689e+01
4.499527e+01
4.499062e+01
4.498986e+01
4.498831e+01
4.498657e+01
4.498464e+01
4.498258e+01
4.498046e+01
4.497843e+01
4.497670e+01
4.497551e+01
4.497509e+01
4.497557e+01
4.497693e+01
4.497897e+01
4.498141e+01
4.498396e+01
4.498639e+01
4.498855e+01
4.499040e+01
4.499195e+01
4.499325e+01
4.499811e+01
4.500499e+01
4.500499e+01
4.500161e+01
4.500026e+01
4.500032e+01

4.500042e+01
4.499987e+01
4.499754e+01
4.499684e+01
4.499432e+01
4.499110e+01
4.499040e+01
4.498908e+01
4.498762e+01
4.498607e+01
4.498445e+01
4.498286e+01
4.498140e+01
4.498022e+01
4.497947e+01
4.497927e+01
4.497971e+01
4.498074e+01
4.498225e+01
4.498406e+01
4.498599e+01
4.498788e+01
4.498961e+01
4.499115e+01
4.499247e+01
4.499360e+01
4.499768e+01
4.500416e+01
4.500474e+01
4.500166e+01
4.500027e+01
4.500031e+01

4.497579e+01
4.385589e+01
4.086353e+01
4.131055e+01
3.980593e+01
3.891455e+01
3.882823e+01
3.809635e+01
3.725810e+01
3.626967e+01
3.507943e+01
3.366327e+01
3.207858e+01
3.048615e+01
2.909756e+01
2.808676e+01
2.754217e+01
2.747439e+01
2.784595e+01
2.859486e+01
2.964590e+01
3.091512e+01
3.231354e+01
3.375435e+01
3.516281e+01
3.648407e+01
4.011130e+01
4.674068e+01
4.913084e+01
4.676285e+01
4.498838e+01
4.491089e+01

4.469123e+01
3.895479e+01
2.848536e+01
3.586719e+01
3.379444e+01
3.016432e+01
2.844421e+01
2.624063e+01
2.382529e+01
2.134832e+01
1.906081e+01
1.723007e+01
1.601631e+01
1.541455e+01
1.529949e+01
1.551178e+01
1.591848e+01
1.643327e+01
1.701351e+01
1.765098e+01
1.836300e+01
1.918331e+01
2.015045e+01
2.129381e+01
2.262141e+01
2.411450e+01
3.142131e+01
5.001705e+01
5.903191e+01
5.186840e+01
4.521459e+01
4.459486e+01

4.293066e+01
2.836967e+01
2.134274e+01
3.190028e+01
2.802064e+01
2.208084e+01
1.953640e+01
1.799756e+01
1.691164e+01
1.634081e+01
1.629316e+01
1.672156e+01
1.753302e+01
1.860471e+01
1.980225e+01
2.099701e+01
2.208035e+01
2.297404e+01
2.363565e+01
2.405872e+01
2.426811e+01
2.431234e+01
2.425440e+01
2.416292e+01
2.410418e+01
2.413580e+01
2.949538e+01
4.843391e+01
6.501356e+01
5.687447e+01
4.609334e+01
4.402885e+01

3.715734e+01
2.088561e+01
2.322520e+01
2.673988e+01
2.453064e+01
2.352517e+01
2.349865e+01
2.373867e+01
2.420414e+01
2.486778e+01
2.569112e+01
2.662743e+01
2.762629e+01
2.863902e+01
2.962339e+01
3.054599e+01
3.138159e+01
3.211024e+01
3.271442e+01
3.317844e+01
3.349065e+01
3.364713e+01
3.365460e+01
3.353091e+01
3.330301e+01
3.300344e+01
3.467618e+01
4.151096e+01
5.324565e+01
5.419313e+01
4.560126e+01
4.353435e+01

3.322178e+01
2.309730e+01
2.316743e+01
2.220082e+01
2.116041e+01
2.059617e+01
2.030971e+01
2.009007e+01
1.988475e+01
1.969670e+01
1.953436e+01
1.941043e+01
1.933930e+01
1.933394e+01
1.940353e+01
1.955262e+01
1.978205e+01
2.009090e+01
2.047827e+01
2.094398e+01
2.148770e+01
2.210702e+01
2.279539e+01
2.354104e+01
2.432734e+01
2.513461e+01
2.619813e+01
2.867324e+01
3.376908e+01
4.019449e+01
4.079888e+01
4.231840e+01

3.448561e+01
2.210962e+01
1.598697e+01
1.277765e+01
1.151608e+01
1.114437e+01
1.107878e+01
1.109992e+01
1.114013e+01
1.119800e+01
1.127141e+01
1.135785e+01
1.145489e+01
1.156061e+01
1.167390e+01
1.179439e+01
1.192228e+01
1.205787e+01
1.220128e+01
1.235225e+01
1.251035e+01
1.267527e+01
1.284730e+01
1.302757e+01
1.321823e+01
1.342220e+01
1.362729e+01
1.424781e+01
1.649858e+01
2.236219e+01
3.084907e+01
3.958918e+01

