1.352089e+02 
1.450127e+02 
1.189709e+02 
1.029523e+02 
9.694574e+01 
9.503615e+01 
9.450632e+01 
9.429482e+01 
9.412945e+01 
9.401817e+01 
9.397066e+01 
9.399658e+01 
9.410395e+01 
9.429804e+01 
9.458126e+01 
9.495366e+01 
9.541390e+01 
9.596006e+01 
9.659008e+01 
9.730215e+01 
9.809523e+01 
9.896986e+01 
9.992913e+01 
1.009794e+02 
1.021305e+02 
1.033956e+02 
1.047765e+02 
1.089553e+02 
1.258584e+02 
1.855441e+02 
2.051845e+02 
1.308128e+02 

1.002653e+02 
1.276718e+02 
1.737786e+02 
1.445830e+02 
1.155528e+02 
1.050763e+02 
1.017372e+02 
9.984167e+01 
9.865939e+01 
9.806988e+01 
9.796892e+01 
9.827262e+01 
9.892235e+01 
9.988793e+01 
1.011673e+02 
1.027833e+02 
1.047784e+02 
1.072126e+02 
1.101625e+02 
1.137232e+02 
1.180097e+02 
1.231583e+02 
1.293272e+02 
1.366999e+02 
1.454915e+02 
1.559598e+02 
1.742264e+02 
2.502929e+02 
6.951780e+02 
3.040552e+02 
1.360825e+02 
1.086442e+02 

9.399137e+01 
1.072667e+02 
1.903605e+02 
1.454670e+02 
8.312816e+01 
6.510415e+01 
5.680170e+01 
4.818596e+01 
4.154993e+01 
3.648124e+01 
3.270530e+01 
3.003562e+01 
2.834085e+01 
2.752550e+01 
2.752240e+01 
2.829451e+01 
2.984257e+01 
3.221526e+01 
3.552153e+01 
3.994918e+01 
4.579854e+01 
5.354490e+01 
6.394996e+01 
7.825638e+01 
9.852638e+01 
1.282296e+02 
2.649624e+02 
5.343132e+03 
1.344054e+02 
9.021156e+01 
1.010185e+02 
1.012780e+02 

9.714311e+01 
1.103566e+02 
2.409076e+02 
5.017454e+02 
1.792354e+02 
1.932936e+02 
1.780715e+02 
1.353054e+02 
1.071229e+02 
8.743482e+01 
7.286099e+01 
6.143366e+01 
5.198542e+01 
4.384011e+01 
3.664350e+01 
3.026008e+01 
2.470031e+01 
2.006276e+01 
1.649145e+01 
1.416801e+01 
1.338756e+01 
1.483767e+01 
2.039338e+01 
3.516795e+01 
7.089691e+01 
1.366256e+02 
1.397919e+02 
2.086455e+01 
3.294432e+01 
7.531866e+01 
9.877853e+01 
9.941209e+01 

9.934823e+01 
1.058218e+02 
1.640587e+02 
3.626521e+02 
4.076534e+02 
1.031995e+03 
1.581762e+03 
1.582062e+03 
1.304143e+03 
1.022193e+03 
8.248688e+02 
6.949118e+02 
6.030615e+02 
5.283624e+02 
4.585901e+02 
3.885384e+02 
3.184454e+02 
2.522693e+02 
1.957120e+02 
1.540340e+02 
1.283470e+02 
1.096536e+02 
8.931087e+01 
7.395675e+01 
6.704661e+01 
6.592326e+01 
3.604898e+01 
2.126228e+01 
4.833731e+01 
8.821447e+01 
9.967102e+01 
9.942112e+01 

9.992507e+01 
1.014283e+02 
1.131391e+02 
1.412646e+02 
1.454970e+02 
1.570836e+02 
1.851005e+02 
2.138466e+02 
2.546878e+02 
3.119960e+02 
3.888437e+02 
4.823001e+02 
5.769143e+02 
6.426595e+02 
6.468747e+02 
5.779866e+02 
4.586077e+02 
3.306636e+02 
2.269335e+02 
1.576342e+02 
1.172154e+02 
9.596086e+01 
8.602714e+01 
8.237535e+01 
8.200835e+01 
8.319906e+01 
7.427840e+01 
6.874535e+01 
8.395386e+01 
9.748094e+01 
9.992716e+01 
9.983930e+01 

1.000000e+02 
1.000010e+02 
1.000090e+02 
1.000287e+02 
1.000394e+02 
1.000284e+02 
1.000436e+02 
1.000564e+02 
1.000734e+02 
1.000953e+02 
1.001220e+02 
1.001516e+02 
1.001794e+02 
1.001984e+02 
1.002016e+02 
1.001854e+02 
1.001516e+02 
1.001071e+02 
1.000617e+02 
1.000234e+02 
9.999643e+01 
9.998085e+01 
9.997410e+01 
9.997294e+01 
9.997471e+01 
9.997766e+01 
9.997218e+01 
9.997089e+01 
9.998839e+01 
9.999900e+01 
9.999996e+01 
9.999987e+01 

1.000000e+02 
1.000011e+02 
1.000093e+02 
1.000314e+02 
1.000516e+02 
1.000268e+02 
1.000468e+02 
1.000632e+02 
1.000866e+02 
1.001195e+02 
1.001642e+02 
1.002193e+02 
1.002777e+02 
1.003246e+02 
1.003428e+02 
1.003212e+02 
1.002613e+02 
1.001789e+02 
1.000956e+02 
1.000289e+02 
9.998608e+01 
9.996501e+01 
9.995868e+01 
9.996022e+01 
9.996496e+01 
9.997044e+01 
9.996564e+01 
9.996717e+01 
9.998801e+01 
9.999908e+01 
9.999992e+01 
9.999988e+01 

1.000001e+02 
1.000013e+02 
1.000096e+02 
1.000339e+02 
1.000635e+02 
1.000233e+02 
1.000485e+02 
1.000686e+02 
1.000993e+02 
1.001465e+02 
1.002185e+02 
1.003208e+02 
1.004444e+02 
1.005603e+02 
1.006245e+02 
1.006001e+02 
1.004875e+02 
1.003225e+02 
1.001581e+02 
1.000359e+02 
9.996700e+01 
9.994035e+01 
9.993747e+01 
9.994430e+01 
9.995361e+01 
9.996251e+01 
9.995916e+01 
9.996412e+01 
9.998788e+01 
9.999913e+01 
9.999987e+01 
9.999989e+01 

1.000001e+02 
1.000014e+02 
1.000098e+02 
1.000359e+02 
1.000741e+02 
1.000178e+02 
1.000479e+02 
1.000709e+02 
1.001081e+02 
1.001702e+02 
1.002762e+02 
1.004535e+02 
1.007179e+02 
1.010049e+02 
1.011972e+02 
1.011958e+02 
1.009673e+02 
1.006112e+02 
1.002713e+02 
1.000378e+02 
9.993016e+01 
9.990383e+01 
9.991058e+01 
9.992606e+01 
9.994152e+01 
9.995453e+01 
9.995354e+01 
9.996225e+01 
9.998805e+01 
9.999915e+01 
9.999982e+01 
9.999990e+01 

1.000001e+02 
1.000015e+02 
1.000101e+02 
1.000374e+02 
1.000823e+02 
1.000100e+02 
1.000439e+02 
1.000680e+02 
1.001089e+02 
1.001814e+02 
1.003150e+02 
1.005770e+02 
1.010593e+02 
1.018139e+02 
1.024841e+02 
1.025914e+02 
1.021244e+02 
1.012727e+02 
1.004462e+02 
1.000014e+02 
9.986503e+01 
9.985663e+01 
9.988095e+01 
9.990774e+01 
9.993022e+01 
9.994748e+01 
9.994973e+01 
9.996204e+01 
9.998855e+01 
9.999911e+01 
9.999977e+01 
9.999991e+01 

1.000002e+02 
1.000017e+02 
1.000103e+02 
1.000380e+02 
1.000871e+02 
1.000007e+02 
1.000360e+02 
1.000584e+02 
1.000980e+02 
1.001708e+02 
1.003126e+02 
1.005980e+02 
1.012933e+02 
1.021719e+02 
1.028108e+02 
1.029622e+02 
1.022923e+02 
1.012739e+02 
1.004127e+02 
9.989059e+01 
9.977619e+01 
9.980968e+01 
9.985447e+01 
9.989287e+01 
9.992171e+01 
9.994254e+01 
9.994865e+01 
9.996391e+01 
9.998940e+01 
9.999903e+01 
9.999972e+01 
9.999992e+01 

1.000002e+02 
1.000018e+02 
1.000104e+02 
1.000377e+02 
1.000878e+02 
9.999052e+01 
1.000241e+02 
1.000419e+02 
1.000742e+02 
1.001351e+02 
1.002543e+02 
1.004972e+02 
1.010322e+02 
1.017575e+02 
1.023547e+02 
1.024000e+02 
1.017481e+02 
1.008615e+02 
1.000824e+02 
9.970703e+01 
9.970977e+01 
9.977706e+01 
9.983883e+01 
9.988517e+01 
9.991798e+01 
9.994079e+01 
9.995097e+01 
9.996805e+01 
9.999060e+01 
9.999888e+01 
9.999967e+01 
9.999993e+01 

1.000002e+02 
1.000020e+02 
1.000106e+02 
1.000364e+02 
1.000837e+02 
9.998049e+01 
1.000089e+02 
1.000193e+02 
1.000394e+02 
1.000781e+02 
1.001530e+02 
1.002966e+02 
1.005238e+02 
1.008020e+02 
1.009140e+02 
1.007388e+02 
1.003880e+02 
9.996102e+01 
9.967632e+01 
9.962701e+01 
9.968893e+01 
9.977213e+01 
9.983918e+01 
9.988727e+01 
9.992039e+01 
9.994297e+01 
9.995690e+01 
9.997440e+01 
9.999211e+01 
9.999869e+01 
9.999962e+01 
9.999994e+01 

1.000003e+02 
1.000022e+02 
1.000107e+02 
1.000339e+02 
1.000750e+02 
9.997151e+01 
9.999154e+01 
9.999302e+01 
9.999773e+01 
1.000091e+02 
1.000328e+02 
1.000715e+02 
1.001072e+02 
1.000913e+02 
1.000060e+02 
9.987250e+01 
9.972739e+01 
9.962817e+01 
9.960230e+01 
9.964224e+01 
9.971861e+01 
9.979545e+01 
9.985646e+01 
9.989975e+01 
9.992928e+01 
9.994924e+01 
9.996610e+01 
9.998259e+01 
9.999388e+01 
9.999846e+01 
9.999958e+01 
9.999994e+01 

1.000003e+02 
1.000024e+02 
1.000108e+02 
1.000304e+02 
1.000622e+02 
9.996423e+01 
9.997374e+01 
9.996571e+01 
9.995425e+01 
9.993758e+01 
9.991268e+01 
9.987356e+01 
9.980856e+01 
9.971930e+01 
9.962810e+01 
9.956497e+01 
9.954843e+01 
9.957342e+01 
9.962873e+01 
9.970109e+01 
9.977509e+01 
9.983913e+01 
9.988756e+01 
9.992124e+01 
9.994391e+01 
9.995916e+01 
9.997769e+01 
9.999198e+01 
9.999584e+01 
9.999821e+01 
9.999954e+01 
9.999995e+01 

1.000003e+02 
1.000025e+02 
1.000108e+02 
1.000260e+02 
1.000467e+02 
9.995896e+01 
9.995720e+01 
9.994031e+01 
9.991371e+01 
9.987072e+01 
9.980097e+01 
9.969257e+01 
9.954133e+01 
9.937428e+01 
9.925517e+01 
9.924356e+01 
9.934089e+01 
9.949258e+01 
9.964135e+01 
9.975825e+01 
9.984022e+01 
9.989416e+01 
9.992796e+01 
9.994913e+01 
9.996273e+01 
9.997177e+01 
9.999046e+01 
1.000018e+02 
9.999787e+01 
9.999795e+01 
9.999950e+01 
9.999996e+01 

1.000004e+02 
1.000027e+02 
1.000107e+02 
1.000210e+02 
1.000303e+02 
9.995570e+01 
9.994350e+01 
9.991946e+01 
9.988044e+01 
9.981497e+01 
9.970269e+01 
9.951340e+01 
9.922169e+01 
9.888759e+01 
9.865421e+01 
9.864917e+01 
9.889519e+01 
9.926293e+01 
9.958950e+01 
9.980216e+01 
9.991067e+01 
9.995612e+01 
9.997338e+01 
9.998028e+01 
9.998365e+01 
9.998575e+01 
1.000031e+02 
1.000111e+02 
9.999989e+01 
9.999771e+01 
9.999946e+01 
9.999996e+01 

1.000004e+02 
1.000029e+02 
1.000105e+02 
1.000157e+02 
1.000152e+02 
9.995419e+01 
9.993385e+01 
9.990526e+01 
9.985824e+01 
9.977730e+01 
9.963253e+01 
9.936008e+01 
9.886713e+01 
9.814588e+01 
9.753799e+01 
9.744378e+01 
9.787797e+01 
9.865853e+01 
9.942719e+01 
9.985367e+01 
9.999275e+01 
1.000222e+02 
1.000193e+02 
1.000113e+02 
1.000044e+02 
9.999964e+01 
1.000142e+02 
1.000192e+02 
1.000018e+02 
9.999751e+01 
9.999941e+01 
9.999997e+01 

1.000004e+02 
1.000031e+02 
1.000101e+02 
1.000106e+02 
1.000035e+02 
9.995413e+01 
9.992886e+01 
9.989889e+01 
9.984958e+01 
9.976421e+01 
9.960747e+01 
9.930619e+01 
9.863159e+01 
9.777931e+01 
9.712482e+01 
9.695035e+01 
9.755940e+01 
9.853095e+01 
9.939974e+01 
9.994306e+01 
1.000885e+02 
1.000839e+02 
1.000602e+02 
1.000384e+02 
1.000226e+02 
1.000120e+02 
1.000230e+02 
1.000254e+02 
1.000035e+02 
9.999736e+01 
9.999936e+01 
9.999998e+01 

1.000004e+02 
1.000033e+02 
1.000095e+02 
1.000060e+02 
9.999635e+01 
9.995521e+01 
9.992847e+01 
9.990021e+01 
9.985453e+01 
9.977679e+01 
9.963702e+01 
9.937168e+01 
9.882007e+01 
9.809076e+01 
9.750349e+01 
9.741144e+01 
9.798436e+01 
9.885047e+01 
9.965435e+01 
1.001008e+02 
1.001654e+02 
1.001306e+02 
1.000901e+02 
1.000585e+02 
1.000365e+02 
1.000217e+02 
1.000289e+02 
1.000295e+02 
1.000049e+02 
9.999728e+01 
9.999931e+01 
9.999999e+01 

1.000005e+02 
1.000035e+02 
1.000089e+02 
1.000022e+02 
9.999349e+01 
9.995717e+01 
9.993194e+01 
9.990777e+01 
9.987019e+01 
9.980915e+01 
9.970646e+01 
9.952845e+01 
9.924844e+01 
9.889807e+01 
9.869290e+01 
9.879735e+01 
9.914806e+01 
9.964289e+01 
1.000480e+02 
1.002041e+02 
1.002021e+02 
1.001524e+02 
1.001052e+02 
1.000697e+02 
1.000449e+02 
1.000281e+02 
1.000319e+02 
1.000313e+02 
1.000060e+02 
9.999727e+01 
9.999925e+01 
1.000000e+02 

1.000005e+02 
1.000036e+02 
1.000081e+02 
9.999949e+01 
9.999323e+01 
9.995977e+01 
9.993803e+01 
9.991921e+01 
9.989164e+01 
9.985035e+01 
9.978824e+01 
9.970048e+01 
9.959926e+01 
9.953603e+01 
9.956045e+01 
9.968426e+01 
9.987958e+01 
1.000687e+02 
1.001875e+02 
1.002222e+02 
1.001963e+02 
1.001494e+02 
1.001057e+02 
1.000721e+02 
1.000480e+02 
1.000312e+02 
1.000322e+02 
1.000311e+02 
1.000068e+02 
9.999732e+01 
9.999919e+01 
1.000000e+02 

1.000006e+02 
1.000038e+02 
1.000072e+02 
9.999778e+01 
9.999349e+01 
9.996277e+01 
9.994542e+01 
9.993199e+01 
9.991392e+01 
9.988980e+01 
9.985933e+01 
9.982662e+01 
9.980450e+01 
9.981030e+01 
9.985744e+01 
9.994389e+01 
1.000462e+02 
1.001336e+02 
1.001829e+02 
1.001892e+02 
1.001657e+02 
1.001302e+02 
1.000957e+02 
1.000676e+02 
1.000465e+02 
1.000313e+02 
1.000305e+02 
1.000294e+02 
1.000072e+02 
9.999745e+01 
9.999914e+01 
1.000000e+02 

1.000006e+02 
1.000039e+02 
1.000063e+02 
9.999700e+01 
9.999300e+01 
9.996595e+01 
9.995294e+01 
9.994411e+01 
9.993351e+01 
9.992147e+01 
9.990972e+01 
9.990234e+01 
9.990566e+01 
9.992619e+01 
9.996625e+01 
1.000205e+02 
1.000770e+02 
1.001215e+02 
1.001446e+02 
1.001450e+02 
1.001290e+02 
1.001050e+02 
1.000804e+02 
1.000591e+02 
1.000421e+02 
1.000292e+02 
1.000275e+02 
1.000267e+02 
1.000074e+02 
9.999763e+01 
9.999909e+01 
1.000000e+02 

1.000006e+02 
1.000040e+02 
1.000054e+02 
9.999685e+01 
9.999165e+01 
9.996909e+01 
9.995983e+01 
9.995445e+01 
9.994890e+01 
9.994402e+01 
9.994142e+01 
9.994362e+01 
9.995351e+01 
9.997308e+01 
1.000018e+02 
1.000358e+02 
1.000685e+02 
1.000933e+02 
1.001060e+02 
1.001059e+02 
1.000961e+02 
1.000809e+02 
1.000643e+02 
1.000489e+02 
1.000360e+02 
1.000258e+02 
1.000238e+02 
1.000234e+02 
1.000073e+02 
9.999785e+01 
9.999904e+01 
1.000000e+02 

1.008964e+02 
1.041277e+02 
1.013114e+02 
9.008480e+01 
8.152355e+01 
6.567661e+01 
6.045091e+01 
5.777601e+01 
5.557581e+01 
5.431827e+01 
5.468770e+01 
5.758910e+01 
6.406242e+01 
7.504715e+01 
9.089995e+01 
1.107297e+02 
1.319796e+02 
1.508153e+02 
1.634993e+02 
1.680273e+02 
1.648796e+02 
1.564286e+02 
1.455804e+02 
1.346501e+02 
1.249611e+02 
1.170014e+02 
1.202535e+02 
1.302822e+02 
1.141913e+02 
9.938350e+01 
9.869084e+01 
9.994721e+01 

1.042048e+02 
1.143315e+02 
8.643897e+01 
5.790904e+01 
4.481598e+01 
2.924419e+01 
2.521290e+01 
2.454521e+01 
2.486613e+01 
2.661689e+01 
3.042485e+01 
3.713370e+01 
4.775183e+01 
6.322090e+01 
8.394448e+01 
1.091808e+02 
1.366279e+02 
1.626092e+02 
1.830255e+02 
1.947364e+02 
1.966554e+02 
1.899457e+02 
1.772868e+02 
1.617419e+02 
1.458527e+02 
1.312566e+02 
1.428329e+02 
1.911289e+02 
1.554917e+02 
1.010006e+02 
9.477004e+01 
9.954578e+01 

1.108194e+02 
1.076712e+02 
4.922065e+01 
3.093087e+01 
2.300110e+01 
2.024727e+01 
2.067272e+01 
2.244154e+01 
2.496572e+01 
2.837282e+01 
3.278597e+01 
3.830130e+01 
4.495695e+01 
5.269769e+01 
6.134230e+01 
7.056332e+01 
7.988946e+01 
8.873958e+01 
9.649106e+01 
1.025749e+02 
1.065762e+02 
1.083111e+02 
1.078545e+02 
1.055092e+02 
1.017300e+02 
9.703088e+01 
1.013837e+02 
1.293817e+02 
1.514911e+02 
1.067911e+02 
9.023950e+01 
9.774671e+01 

1.099291e+02 
6.875303e+01 
3.050040e+01 
2.071251e+01 
1.956464e+01 
2.032625e+01 
2.099418e+01 
2.183383e+01 
2.272737e+01 
2.364940e+01 
2.457670e+01 
2.549320e+01 
2.639473e+01 
2.729164e+01 
2.820810e+01 
2.917789e+01 
3.023766e+01 
3.141910e+01 
3.274150e+01 
3.420589e+01 
3.579218e+01 
3.746012e+01 
3.915445e+01 
4.081318e+01 
4.237697e+01 
4.379700e+01 
4.490402e+01 
4.773791e+01 
6.171995e+01 
8.445712e+01 
8.527071e+01 
9.376532e+01 

8.642648e+01 
4.827704e+01 
3.020911e+01 
2.462372e+01 
2.317910e+01 
2.265658e+01 
2.252678e+01 
2.253896e+01 
2.255903e+01 
2.259836e+01 
2.266705e+01 
2.277187e+01 
2.291477e+01 
2.309270e+01 
2.329876e+01 
2.352419e+01 
2.376072e+01 
2.400242e+01 
2.424718e+01 
2.449750e+01 
2.476065e+01 
2.504801e+01 
2.537342e+01 
2.575082e+01 
2.619179e+01 
2.670361e+01 
2.700424e+01 
2.779557e+01 
3.154061e+01 
4.473498e+01 
6.794308e+01 
8.845633e+01 

7.182052e+01 
4.646060e+01 
4.026027e+01 
3.947601e+01 
4.018292e+01 
4.066764e+01 
4.094790e+01 
4.126246e+01 
4.154703e+01 
4.179812e+01 
4.201307e+01 
4.219058e+01 
4.233101e+01 
4.243618e+01 
4.250894e+01 
4.255246e+01 
4.256963e+01 
4.256265e+01 
4.253275e+01 
4.248006e+01 
4.240353e+01 
4.230112e+01 
4.217013e+01 
4.200783e+01 
4.181218e+01 
4.158246e+01 
4.127350e+01 
4.060164e+01 
3.961250e+01 
4.088189e+01 
5.189835e+01 
7.843185e+01 

