1.242785e+02 
1.013185e+02 
9.528078e+01 
9.700466e+01 
9.877228e+01 
9.970873e+01 
9.999966e+01 
9.999969e+01 
9.999971e+01 
9.999973e+01 
9.999975e+01 
9.999977e+01 
9.999979e+01 
9.999980e+01 
9.999982e+01 
9.999984e+01 
9.999987e+01 
9.999989e+01 
9.999992e+01 
9.999995e+01 
9.999998e+01 
1.000000e+02 
1.000000e+02 
1.000001e+02 
1.000001e+02 
1.000001e+02 
1.004561e+02 
1.028160e+02 
1.123523e+02 
1.375470e+02 
1.064669e+02 
7.146092e+01 

1.285327e+02 
1.278829e+02 
1.024516e+02 
1.079217e+02 
1.048796e+02 
1.010613e+02 
9.999995e+01 
9.999999e+01 
1.000001e+02 
1.000001e+02 
1.000002e+02 
1.000003e+02 
1.000005e+02 
1.000006e+02 
1.000008e+02 
1.000009e+02 
1.000011e+02 
1.000013e+02 
1.000015e+02 
1.000017e+02 
1.000020e+02 
1.000023e+02 
1.000026e+02 
1.000030e+02 
1.000035e+02 
1.000040e+02 
1.078596e+02 
1.489747e+02 
3.345287e+02 
1.136347e+02 
5.353499e+01 
4.442429e+01 

1.154091e+02 
1.611236e+02 
1.290632e+02 
1.444006e+02 
1.378643e+02 
1.092051e+02 
1.000048e+02 
1.000051e+02 
1.000054e+02 
1.000057e+02 
1.000060e+02 
1.000062e+02 
1.000065e+02 
1.000068e+02 
1.000073e+02 
1.000080e+02 
1.000088e+02 
1.000099e+02 
1.000112e+02 
1.000127e+02 
1.000145e+02 
1.000166e+02 
1.000190e+02 
1.000218e+02 
1.000250e+02 
1.000290e+02 
1.655244e+02 
2.103784e+03 
3.072106e+01 
2.484539e+01 
3.078921e+01 
3.713548e+01 

1.054811e+02 
1.427237e+02 
1.191044e+02 
1.125049e+02 
1.602948e+02 
1.183390e+02 
1.000106e+02 
1.000131e+02 
1.000160e+02 
1.000192e+02 
1.000228e+02 
1.000265e+02 
1.000304e+02 
1.000343e+02 
1.000380e+02 
1.000416e+02 
1.000450e+02 
1.000484e+02 
1.000519e+02 
1.000559e+02 
1.000610e+02 
1.000682e+02 
1.000790e+02 
1.000945e+02 
1.001114e+02 
1.001093e+02 
9.577553e+01 
1.960894e+01 
1.594466e+01 
1.700492e+01 
2.356300e+01 
3.500686e+01 

1.013780e+02 
1.195376e+02 
5.951382e+01 
7.351614e+01 
2.477696e+02 
1.481877e+02 
1.000175e+02 
1.000138e+02 
1.000159e+02 
1.000245e+02 
1.000376e+02 
1.000542e+02 
1.000734e+02 
1.000940e+02 
1.001144e+02 
1.001331e+02 
1.001492e+02 
1.001629e+02 
1.001744e+02 
1.001806e+02 
1.001655e+02 
1.001067e+02 
1.000340e+02 
9.999213e+01 
9.997602e+01 
9.997122e+01 
5.878272e+01 
2.108893e+01 
1.221689e+01 
1.342840e+01 
2.119481e+01 
3.500846e+01 

9.993939e+01 
1.086633e+02 
3.716509e+01 
3.822917e+01 
3.083350e+02 
1.631822e+02 
1.000306e+02 
1.000385e+02 
1.000493e+02 
1.000629e+02 
1.000787e+02 
1.000945e+02 
1.001064e+02 
1.001099e+02 
1.001015e+02 
1.000807e+02 
1.000506e+02 
1.000176e+02 
9.998801e+01 
9.996613e+01 
9.995293e+01 
9.994709e+01 
9.994641e+01 
9.994874e+01 
9.995250e+01 
9.995669e+01 
5.759523e+01 
1.588407e+01 
7.845059e+00 
1.215667e+01 
2.047277e+01 
3.523477e+01 

9.959153e+01 
1.057550e+02 
3.068731e+01 
2.330819e+01 
2.348097e+02 
1.616111e+02 
1.000287e+02 
1.000372e+02 
1.000497e+02 
1.000673e+02 
1.000901e+02 
1.001167e+02 
1.001422e+02 
1.001592e+02 
1.001599e+02 
1.001397e+02 
1.001009e+02 
1.000517e+02 
1.000032e+02 
9.996490e+01 
9.994083e+01 
9.993018e+01 
9.992912e+01 
9.993341e+01 
9.993990e+01 
9.994675e+01 
5.260915e+01 
1.079363e+01 
5.674202e+00 
1.187375e+01 
2.036180e+01 
3.543203e+01 

9.966004e+01 
1.059031e+02 
2.720915e+01 
1.125343e+01 
1.371195e+02 
1.565715e+02 
1.000249e+02 
1.000346e+02 
1.000502e+02 
1.000748e+02 
1.001108e+02 
1.001576e+02 
1.002079e+02 
1.002464e+02 
1.002543e+02 
1.002202e+02 
1.001473e+02 
1.000556e+02 
9.997049e+01 
9.991081e+01 
9.988212e+01 
9.987788e+01 
9.988764e+01 
9.990246e+01 
9.991739e+01 
9.993044e+01 
4.415487e+01 
5.993889e+00 
4.104773e+00 
1.179013e+01 
2.047496e+01 
3.569243e+01 

9.978216e+01 
1.063295e+02 
2.498054e+01 
4.484109e+00 
7.111839e+01 
1.459278e+02 
1.000179e+02 
1.000275e+02 
1.000454e+02 
1.000775e+02 
1.001318e+02 
1.002137e+02 
1.003146e+02 
1.004031e+02 
1.004336e+02 
1.003702e+02 
1.002237e+02 
1.000403e+02 
9.988381e+01 
9.979468e+01 
9.977134e+01 
9.979134e+01 
9.982638e+01 
9.986070e+01 
9.988906e+01 
9.991106e+01 
3.580544e+01 
2.810432e+00 
2.996756e+00 
1.182088e+01 
2.058598e+01 
3.593045e+01 

9.996316e+01 
1.069710e+02 
2.381850e+01 
2.463231e+00 
3.704035e+01 
1.290802e+02 
1.000067e+02 
1.000143e+02 
1.000319e+02 
1.000693e+02 
1.001440e+02 
1.002809e+02 
1.004875e+02 
1.006994e+02 
1.007906e+02 
1.006770e+02 
1.003463e+02 
9.995733e+01 
9.966531e+01 
9.953974e+01 
9.957076e+01 
9.965768e+01 
9.974243e+01 
9.980805e+01 
9.985561e+01 
9.988931e+01 
2.816835e+01 
1.269271e+00 
2.289371e+00 
1.194838e+01 
2.069441e+01 
3.614538e+01 

1.002059e+02 
1.077815e+02 
2.355727e+01 
4.881735e+00 
3.343651e+01 
1.069773e+02 
9.999078e+01 
9.999373e+01 
1.000067e+02 
1.000429e+02 
1.001311e+02 
1.003331e+02 
1.007299e+02 
1.012836e+02 
1.016169e+02 
1.012876e+02 
1.005510e+02 
9.964959e+01 
9.905132e+01 
9.903669e+01 
9.924951e+01 
9.947723e+01 
9.963916e+01 
9.974766e+01 
9.981925e+01 
9.986673e+01 
2.178603e+01 
1.107387e+00 
1.904999e+00 
1.215489e+01 
2.080188e+01 
3.633609e+01 

1.005107e+02 
1.087319e+02 
2.403879e+01 
1.148889e+01 
5.892238e+01 
8.244347e+01 
9.997051e+01 
9.996566e+01 
9.996844e+01 
9.999367e+01 
1.000785e+02 
1.003166e+02 
1.009729e+02 
1.020719e+02 
1.027060e+02 
1.023491e+02 
1.008427e+02 
9.921145e+01 
9.822412e+01 
9.821291e+01 
9.885142e+01 
9.927153e+01 
9.952877e+01 
9.968618e+01 
9.978378e+01 
9.984552e+01 
1.698583e+01 
1.803871e+00 
1.762255e+00 
1.242372e+01 
2.091154e+01 
3.650115e+01 

1.008760e+02 
1.098096e+02 
2.510689e+01 
2.194295e+01 
1.119684e+02 
5.951322e+01 
9.994695e+01 
9.993165e+01 
9.991915e+01 
9.992323e+01 
9.998388e+01 
1.002104e+02 
1.010223e+02 
1.028171e+02 
1.036585e+02 
1.035547e+02 
1.012957e+02 
9.884742e+01 
9.755002e+01 
9.736823e+01 
9.847814e+01 
9.908115e+01 
9.942952e+01 
9.963250e+01 
9.975383e+01 
9.982827e+01 
1.382741e+01 
2.707584e+00 
1.791969e+00 
1.274052e+01 
2.102749e+01 
3.663904e+01 

1.012989e+02 
1.110159e+02 
2.660431e+01 
3.567869e+01 
1.899479e+02 
4.181115e+01 
9.992205e+01 
9.989480e+01 
9.986395e+01 
9.984053e+01 
9.986239e+01 
1.000460e+02 
1.008673e+02 
1.031421e+02 
1.043187e+02 
1.043832e+02 
1.018557e+02 
9.881449e+01 
9.717430e+01 
9.690031e+01 
9.822006e+01 
9.894644e+01 
9.935885e+01 
9.959518e+01 
9.973385e+01 
9.981737e+01 
1.218852e+01 
3.225772e+00 
1.953743e+00 
1.309480e+01 
2.115391e+01 
3.674843e+01 

1.017757e+02 
1.123621e+02 
2.837252e+01 
5.180062e+01 
2.880111e+02 
3.089847e+01 
9.989825e+01 
9.985914e+01 
9.980973e+01 
9.975793e+01 
9.973897e+01 
9.987291e+01 
1.006774e+02 
1.030610e+02 
1.045415e+02 
1.047781e+02 
1.022826e+02 
9.907837e+01 
9.717198e+01 
9.678373e+01 
9.811586e+01 
9.888609e+01 
9.932766e+01 
9.958012e+01 
9.972702e+01 
9.981458e+01 
1.194265e+01 
3.013838e+00 
2.250313e+00 
1.348136e+01 
2.129429e+01 
3.682834e+01 

1.023031e+02 
1.138645e+02 
3.025449e+01 
6.902112e+01 
3.979666e+02 
2.576140e+01 
9.987803e+01 
9.982873e+01 
9.976323e+01 
9.968664e+01 
9.963217e+01 
9.972536e+01 
1.005020e+02 
1.029169e+02 
1.045033e+02 
1.048981e+02 
1.025154e+02 
9.930930e+01 
9.732862e+01 
9.684437e+01 
9.813790e+01 
9.889930e+01 
9.933892e+01 
9.958966e+01 
9.973473e+01 
9.982065e+01 
1.312836e+01 
2.112864e+00 
2.736922e+00 
1.390173e+01 
2.145081e+01 
3.687837e+01 

1.028789e+02 
1.155385e+02 
3.210073e+01 
8.566907e+01 
5.072742e+02 
2.381944e+01 
9.986350e+01 
9.980697e+01 
9.972976e+01 
9.963425e+01 
9.955026e+01 
9.960154e+01 
1.003260e+02 
1.026995e+02 
1.043115e+02 
1.048210e+02 
1.026066e+02 
9.950344e+01 
9.753852e+01 
9.700745e+01 
9.825576e+01 
9.897904e+01 
9.939061e+01 
9.962294e+01 
9.975646e+01 
9.983519e+01 
1.602040e+01 
1.004367e+00 
3.523337e+00 
1.436512e+01 
2.162405e+01 
3.689878e+01 

1.035025e+02 
1.173941e+02 
3.377872e+01 
9.979250e+01 
5.985474e+02 
2.268772e+01 
9.985609e+01 
9.979614e+01 
9.971289e+01 
9.960584e+01 
9.949766e+01 
9.949592e+01 
1.001131e+02 
1.023422e+02 
1.038944e+02 
1.045156e+02 
1.025844e+02 
9.972894e+01 
9.786974e+01 
9.730962e+01 
9.847621e+01 
9.912155e+01 
9.947789e+01 
9.967646e+01 
9.978995e+01 
9.985679e+01 
2.105892e+01 
5.692109e-01 
4.767165e+00 
1.488861e+01 
2.181302e+01 
3.689037e+01 

1.041755e+02 
1.194313e+02 
3.518487e+01 
1.093684e+02 
6.507046e+02 
2.147571e+01 
9.985633e+01 
9.979715e+01 
9.971434e+01 
9.960494e+01 
9.948288e+01 
9.942425e+01 
9.986392e+01 
1.017454e+02 
1.030618e+02 
1.038730e+02 
1.024190e+02 
1.000636e+02 
9.854494e+01 
9.784644e+01 
9.881914e+01 
9.931817e+01 
9.959197e+01 
9.974413e+01 
9.983142e+01 
9.988318e+01 
2.864436e+01 
1.942986e+00 
6.658457e+00 
1.549663e+01 
2.201568e+01 
3.685440e+01 

1.049017e+02 
1.216386e+02 
3.625826e+01 
1.126143e+02 
6.437751e+02 
2.091333e+01 
9.986380e+01 
9.980938e+01 
9.973351e+01 
9.963241e+01 
9.951335e+01 
9.942506e+01 
9.965008e+01 
1.009963e+02 
1.020358e+02 
1.028116e+02 
1.020863e+02 
1.004587e+02 
9.934896e+01 
9.868589e+01 
9.924194e+01 
9.954416e+01 
9.971795e+01 
9.981752e+01 
9.987607e+01 
9.991154e+01 
3.886129e+01 
6.268540e+00 
9.397062e+00 
1.621959e+01 
2.222973e+01 
3.679230e+01 

1.056869e+02 
1.239931e+02 
3.699493e+01 
1.083727e+02 
5.687055e+02 
2.248601e+01 
9.987715e+01 
9.983062e+01 
9.976700e+01 
9.968374e+01 
9.958617e+01 
9.950951e+01 
9.960867e+01 
1.003201e+02 
1.011484e+02 
1.016655e+02 
1.015520e+02 
1.007714e+02 
9.995826e+01 
9.954647e+01 
9.964369e+01 
9.975830e+01 
9.983687e+01 
9.988718e+01 
9.991884e+01 
9.993904e+01 
5.125498e+01 
1.437795e+01 
1.316546e+01 
1.709207e+01 
2.245353e+01 
3.670545e+01 

1.065380e+02 
1.264631e+02 
3.746149e+01 
9.651188e+01 
4.384124e+02 
2.732239e+01 
9.989440e+01 
9.985752e+01 
9.980899e+01 
9.974869e+01 
9.968361e+01 
9.964286e+01 
9.971694e+01 
1.000082e+02 
1.005166e+02 
1.008774e+02 
1.009696e+02 
1.007562e+02 
1.003188e+02 
1.000392e+02 
9.993260e+01 
9.992155e+01 
9.993231e+01 
9.994513e+01 
9.995556e+01 
9.996329e+01 
6.480582e+01 
2.649005e+01 
1.810073e+01 
1.815067e+01 
2.268694e+01 
3.659494e+01 

1.074625e+02 
1.290115e+02 
3.780641e+01 
7.825499e+01 
2.886306e+02 
3.553027e+01 
9.991333e+01 
9.988629e+01 
9.985279e+01 
9.981486e+01 
9.978078e+01 
9.977382e+01 
9.983543e+01 
1.000018e+02 
1.002365e+02 
1.004616e+02 
1.005643e+02 
1.005119e+02 
1.003619e+02 
1.001890e+02 
1.000753e+02 
1.000196e+02 
9.999638e+01 
9.998716e+01 
9.998377e+01 
9.998281e+01 
7.816676e+01 
4.204949e+01 
2.427006e+01 
1.943190e+01 
2.293197e+01 
3.646144e+01 

1.084679e+02 
1.316013e+02 
3.826659e+01 
5.631972e+01 
1.607287e+02 
4.621892e+01 
9.993196e+01 
9.991364e+01 
9.989283e+01 
9.987246e+01 
9.985994e+01 
9.986937e+01 
9.991848e+01 
1.000143e+02 
1.001422e+02 
1.002618e+02 
1.003320e+02 
1.003313e+02 
1.002720e+02 
1.001900e+02 
1.001149e+02 
1.000627e+02 
1.000313e+02 
1.000134e+02 
1.000031e+02 
9.999715e+01 
9.006770e+01 
5.980809e+01 
3.165414e+01 
2.096996e+01 
2.319312e+01 
3.630515e+01 

1.095603e+02 
1.342005e+02 
3.916632e+01 
3.473687e+01 
7.917019e+01 
5.798777e+01 
9.994883e+01 
9.993742e+01 
9.992593e+01 
9.991707e+01 
9.991595e+01 
9.992981e+01 
9.996519e+01 
1.000231e+02 
1.000945e+02 
1.001616e+02 
1.002052e+02 
1.002148e+02 
1.001932e+02 
1.001531e+02 
1.001097e+02 
1.000726e+02 
1.000454e+02 
1.000269e+02 
1.000147e+02 
1.000067e+02 
9.967283e+01 
7.814500e+01 
4.014220e+01 
2.279474e+01 
2.347738e+01 
3.612585e+01 

1.107440e+02 
1.367873e+02 
4.090648e+01 
1.824826e+01 
4.450164e+01 
6.948619e+01 
9.996316e+01 
9.995673e+01 
9.995133e+01 
9.994898e+01 
9.995265e+01 
9.996572e+01 
9.999053e+01 
1.000263e+02 
1.000678e+02 
1.001066e+02 
1.001335e+02 
1.001431e+02 
1.001357e+02 
1.001163e+02 
1.000916e+02 
1.000676e+02 
1.000474e+02 
1.000319e+02 
1.000205e+02 
1.000124e+02 
1.067186e+02 
9.549608e+01 
4.953986e+01 
2.493007e+01 
2.379393e+01 
3.592307e+01 

1.121988e+02 
1.433735e+02 
4.895389e+01 
1.232754e+01 
4.044550e+01 
7.812049e+01 
9.997363e+01 
9.997066e+01 
9.996939e+01 
9.997137e+01 
9.997852e+01 
9.999255e+01 
1.000141e+02 
1.000415e+02 
1.000708e+02 
1.000962e+02 
1.001121e+02 
1.001157e+02 
1.001076e+02 
1.000914e+02 
1.000717e+02 
1.000527e+02 
1.000367e+02 
1.000244e+02 
1.000154e+02 
1.000090e+02 
1.066233e+02 
9.836923e+01 
5.203587e+01 
2.673848e+01 
2.395466e+01 
3.563123e+01 

1.160857e+02 
1.625755e+02 
7.747837e+01 
1.977551e+01 
5.289075e+01 
8.867313e+01 
9.998652e+01 
9.998657e+01 
9.998815e+01 
9.999204e+01 
9.999900e+01 
1.000096e+02 
1.000236e+02 
1.000398e+02 
1.000562e+02 
1.000697e+02 
1.000780e+02 
1.000795e+02 
1.000746e+02 
1.000649e+02 
1.000527e+02 
1.000403e+02 
1.000294e+02 
1.000205e+02 
1.000137e+02 
1.000088e+02 
1.112521e+02 
1.152058e+02 
5.959458e+01 
3.139213e+01 
2.485614e+01 
3.498055e+01 

1.268485e+02 
1.897555e+02 
1.282680e+02 
9.830672e+01 
1.080887e+02 
1.033257e+02 
1.000006e+02 
1.000017e+02 
1.000033e+02 
1.000053e+02 
1.000078e+02 
1.000106e+02 
1.000137e+02 
1.000167e+02 
1.000195e+02 
1.000219e+02 
1.000236e+02 
1.000246e+02 
1.000248e+02 
1.000241e+02 
1.000227e+02 
1.000208e+02 
1.000185e+02 
1.000161e+02 
1.000137e+02 
1.000116e+02 
1.187983e+02 
1.707021e+02 
1.335147e+02 
5.343150e+01 
3.020390e+01 
3.410900e+01 

1.474893e+02 
1.846801e+02 
1.624129e+02 
1.459616e+02 
1.244301e+02 
1.058951e+02 
1.000029e+02 
1.000030e+02 
1.000030e+02 
1.000029e+02 
1.000028e+02 
1.000025e+02 
1.000023e+02 
1.000020e+02 
1.000017e+02 
1.000015e+02 
1.000014e+02 
1.000014e+02 
1.000016e+02 
1.000019e+02 
1.000023e+02 
1.000027e+02 
1.000032e+02 
1.000036e+02 
1.000039e+02 
1.000041e+02 
1.091259e+02 
1.408318e+02 
1.712878e+02 
1.121380e+02 
4.899010e+01 
3.641974e+01 

1.536058e+02 
1.508176e+02 
1.338212e+02 
1.164839e+02 
1.052401e+02 
1.008305e+02 
9.999959e+01 
9.999947e+01 
9.999936e+01 
9.999927e+01 
9.999919e+01 
9.999914e+01 
9.999910e+01 
9.999908e+01 
9.999906e+01 
9.999905e+01 
9.999904e+01 
9.999903e+01 
9.999901e+01 
9.999900e+01 
9.999899e+01 
9.999899e+01 
9.999901e+01 
9.999905e+01 
9.999912e+01 
9.999922e+01 
1.003356e+02 
1.035277e+02 
1.142577e+02 
1.185632e+02 
8.144968e+01 
4.989510e+01 

1.208971e+02 
1.158884e+02 
1.062641e+02 
9.931606e+01 
9.872220e+01 
9.960339e+01 
9.999953e+01 
9.999954e+01 
9.999955e+01 
9.999956e+01 
9.999957e+01 
9.999957e+01 
9.999958e+01 
9.999958e+01 
9.999959e+01 
9.999959e+01 
9.999960e+01 
9.999961e+01 
9.999962e+01 
9.999963e+01 
9.999965e+01 
9.999967e+01 
9.999969e+01 
9.999970e+01 
9.999971e+01 
9.999971e+01 
9.977225e+01 
9.921529e+01 
9.923246e+01 
1.021858e+02 
9.650639e+01 
7.792702e+01 

