 -1.107893849610500E-017
 -9.036272770974047E-018
 -7.392470767318367E-018
 -6.087098587944738E-018
 -5.039174810614241E-018
 -4.200352317572298E-018
 -3.529536058727517E-018
 -2.992883051651692E-018
 -2.563802381579805E-018
 -2.220537845522295E-018
 -1.946167952265060E-018
 -1.726188566481727E-018
 -1.550930264621378E-018
 -1.410723623133099E-018
 -1.298195706559317E-018
 -1.208149199741414E-018
 -1.136111994287092E-018
 -1.078578924159143E-018
 -1.032528294497906E-018
 -9.956636172100400E-019
 -9.661718753797469E-019
 -9.426026554743899E-019
 -9.237472795501040E-019
 -9.086388052517982E-019
 -8.965520258131534E-019
 -8.844652463745087E-019
 -8.723784669358641E-019
 -8.602916874972193E-019
 -8.482473614035125E-019
 -8.362879378370730E-019
 -8.244134043744165E-019
 -8.126237404457154E-019
 -8.009189174504684E-019
 -7.892988988723429E-019
 -7.777636403931897E-019
 -7.663130900062338E-019
 -7.549471881284373E-019
 -7.436658677120387E-019
 -7.324690543552673E-019
 -7.213566664122338E-019
 -7.103286151019970E-019
 -6.993848046168097E-019
 -6.885251322295404E-019
 -6.777494884002782E-019
 -6.643979210483959E-019
 -6.479187150227627E-019
 -6.276055735061710E-019
 -6.026339409902421E-019
 -5.721130410446255E-019
 -5.350625470602075E-019
 -4.904371631117461E-019
 -4.371333981284874E-019
 -3.744515793722696E-019
 -3.021261641861235E-019
 -2.210013938293809E-019
 -1.328836884704886E-019
 -4.160553451016070E-020
  4.532294817115723E-020
  1.184042782136873E-019
  1.660148141080711E-019
  1.781167065163309E-019
  1.518079076486901E-019
  9.736181839592781E-020
  3.863938331709005E-020
  1.159480508101743E-021
 -7.619320595027190E-021
 -2.548503273791119E-021
