 -8.766512765713329E-020
 -7.799570410621753E-020
 -6.832628055530175E-020
 -5.865685700438598E-020
 -4.898743345347022E-020
 -4.128951949821796E-020
 -3.752899748465662E-020
 -3.574241873958715E-020
 -3.397534589955949E-020
 -3.222767402841696E-020
 -3.049929797817421E-020
 -2.879011239991269E-020
 -2.710001175455577E-020
 -2.542889032352407E-020
 -2.377664221927228E-020
 -2.214316139570700E-020
 -2.052834165848748E-020
 -1.893207667520901E-020
 -1.735425998547036E-020
 -1.579478501082491E-020
 -1.425354506461756E-020
