4.500047e+01
4.500047e+01
4.500047e+01
4.500047e+01
4.500047e+01
4.500047e+01
4.500047e+01
4.500047e+01
4.500047e+01
4.500047e+01
4.500047e+01
4.500047e+01
4.500047e+01
4.500047e+01
4.500047e+01
4.500047e+01
4.500047e+01
4.500047e+01
4.500047e+01
4.500047e+01
4.500047e+01
4.500047e+01
4.500047e+01
4.500047e+01
4.500047e+01
4.500047e+01
4.500047e+01
4.500047e+01
4.500047e+01
4.500047e+01
4.500047e+01
4.500047e+01
4.500047e+01
4.500047e+01
4.500047e+01
4.500047e+01
4.500047e+01
4.500047e+01
4.500047e+01
4.500047e+01
4.500047e+01
4.500047e+01
4.500047e+01
4.500047e+01
4.500047e+01
4.500047e+01
4.500047e+01
4.500047e+01
4.500047e+01
4.500047e+01
4.500047e+01
4.500047e+01
4.500047e+01
4.500047e+01
4.500047e+01
4.500047e+01
4.500047e+01
4.500047e+01
4.500047e+01
4.500047e+01
4.500047e+01
4.500047e+01
4.500047e+01
4.500047e+01
4.500047e+01
4.500047e+01

4.500047e+01
4.500047e+01
4.500047e+01
4.500047e+01
4.500047e+01
4.500047e+01
4.500047e+01
4.500047e+01
4.500047e+01
4.500047e+01
4.500047e+01
4.500047e+01
4.500047e+01
4.500047e+01
4.500047e+01
4.500047e+01
4.500047e+01
4.500047e+01
4.500047e+01
4.500047e+01
4.500047e+01
4.500047e+01
4.500047e+01
4.500047e+01
4.500047e+01
4.500047e+01
4.500047e+01
4.500047e+01
4.500047e+01
4.500047e+01
4.500047e+01
4.500047e+01
4.500047e+01
4.500047e+01
4.500047e+01
4.500047e+01
4.500047e+01
4.500047e+01
4.500047e+01
4.500047e+01
4.500047e+01
4.500047e+01
4.500047e+01
4.500047e+01
4.500047e+01
4.500047e+01
4.500047e+01
4.500047e+01
4.500047e+01
4.500047e+01
4.500047e+01
4.500047e+01
4.500047e+01
4.500047e+01
4.500047e+01
4.500047e+01
4.500047e+01
4.500047e+01
4.500047e+01
4.500047e+01
4.500047e+01
4.500047e+01
4.500047e+01
4.500047e+01
4.500047e+01
4.500047e+01

4.500047e+01
4.500047e+01
4.500047e+01
4.500047e+01
4.500047e+01
4.500047e+01
4.500047e+01
4.500047e+01
4.500047e+01
4.500047e+01
4.500047e+01
4.500047e+01
4.500047e+01
4.500047e+01
4.500047e+01
4.500047e+01
4.500047e+01
4.500047e+01
4.500047e+01
4.500047e+01
4.500047e+01
4.500047e+01
4.500047e+01
4.500047e+01
4.500047e+01
4.500047e+01
4.500047e+01
4.500047e+01
4.500047e+01
4.500047e+01
4.500047e+01
4.500047e+01
4.500047e+01
4.500047e+01
4.500047e+01
4.500047e+01
4.500047e+01
4.500047e+01
4.500047e+01
4.500047e+01
4.500047e+01
4.500047e+01
4.500047e+01
4.500047e+01
4.500047e+01
4.500047e+01
4.500047e+01
4.500047e+01
4.500047e+01
4.500047e+01
4.500047e+01
4.500047e+01
4.500047e+01
4.500047e+01
4.500047e+01
4.500047e+01
4.500047e+01
4.500047e+01
4.500047e+01
4.500047e+01
4.500047e+01
4.500047e+01
4.500047e+01
4.500047e+01
4.500047e+01
4.500047e+01

4.500047e+01
4.500047e+01
4.500047e+01
4.500047e+01
4.500047e+01
4.500047e+01
4.500047e+01
4.500047e+01
4.500047e+01
4.500047e+01
4.500047e+01
4.500047e+01
4.500047e+01
4.500046e+01
4.500046e+01
4.500046e+01
4.500046e+01
4.500046e+01
4.500046e+01
4.500046e+01
4.500046e+01
4.500046e+01
4.500046e+01
4.500046e+01
4.500046e+01
4.500046e+01
4.500046e+01
4.500046e+01
4.500046e+01
4.500046e+01
4.500046e+01
4.500046e+01
4.500046e+01
4.500046e+01
4.500046e+01
4.500046e+01
4.500046e+01
4.500046e+01
4.500046e+01
4.500046e+01
4.500046e+01
4.500046e+01
4.500046e+01
4.500046e+01
4.500046e+01
4.500046e+01
4.500046e+01
4.500046e+01
4.500046e+01
4.500046e+01
4.500046e+01
4.500046e+01
4.500046e+01
4.500047e+01
4.500047e+01
4.500047e+01
4.500047e+01
4.500047e+01
4.500047e+01
4.500047e+01
4.500047e+01
4.500047e+01
4.500047e+01
4.500047e+01
4.500047e+01
4.500047e+01

4.500047e+01
4.500047e+01
4.500047e+01
4.500047e+01
4.500047e+01
4.500047e+01
4.500047e+01
4.500046e+01
4.500046e+01
4.500046e+01
4.500045e+01
4.500045e+01
4.500045e+01
4.500045e+01
4.500045e+01
4.500045e+01
4.500045e+01
4.500045e+01
4.500045e+01
4.500045e+01
4.500045e+01
4.500045e+01
4.500045e+01
4.500045e+01
4.500045e+01
4.500045e+01
4.500045e+01
4.500045e+01
4.500045e+01
4.500045e+01
4.500045e+01
4.500045e+01
4.500045e+01
4.500045e+01
4.500045e+01
4.500045e+01
4.500045e+01
4.500045e+01
4.500045e+01
4.500045e+01
4.500045e+01
4.500045e+01
4.500045e+01
4.500045e+01
4.500045e+01
4.500045e+01
4.500045e+01
4.500045e+01
4.500045e+01
4.500045e+01
4.500045e+01
4.500045e+01
4.500045e+01
4.500045e+01
4.500045e+01
4.500046e+01
4.500046e+01
4.500046e+01
4.500046e+01
4.500047e+01
4.500047e+01
4.500047e+01
4.500047e+01
4.500047e+01
4.500047e+01
4.500047e+01

4.500047e+01
4.500047e+01
4.500047e+01
4.500047e+01
4.500047e+01
4.500047e+01
4.500046e+01
4.500046e+01
4.500045e+01
4.500044e+01
4.500043e+01
4.500043e+01
4.500043e+01
4.500043e+01
4.500042e+01
4.500042e+01
4.500042e+01
4.500042e+01
4.500042e+01
4.500042e+01
4.500042e+01
4.500042e+01
4.500042e+01
4.500042e+01
4.500042e+01
4.500042e+01
4.500042e+01
4.500042e+01
4.500042e+01
4.500042e+01
4.500042e+01
4.500042e+01
4.500042e+01
4.500042e+01
4.500042e+01
4.500042e+01
4.500042e+01
4.500042e+01
4.500042e+01
4.500042e+01
4.500042e+01
4.500042e+01
4.500042e+01
4.500042e+01
4.500042e+01
4.500042e+01
4.500042e+01
4.500042e+01
4.500042e+01
4.500042e+01
4.500042e+01
4.500042e+01
4.500043e+01
4.500043e+01
4.500043e+01
4.500044e+01
4.500044e+01
4.500045e+01
4.500046e+01
4.500046e+01
4.500047e+01
4.500047e+01
4.500047e+01
4.500047e+01
4.500047e+01
4.500047e+01

4.500047e+01
4.500047e+01
4.500047e+01
4.500047e+01
4.500047e+01
4.500047e+01
4.500046e+01
4.500045e+01
4.500043e+01
4.500042e+01
4.500040e+01
4.500039e+01
4.500039e+01
4.500038e+01
4.500038e+01
4.500037e+01
4.500037e+01
4.500037e+01
4.500037e+01
4.500037e+01
4.500037e+01
4.500037e+01
4.500037e+01
4.500037e+01
4.500037e+01
4.500037e+01
4.500037e+01
4.500037e+01
4.500037e+01
4.500037e+01
4.500037e+01
4.500037e+01
4.500037e+01
4.500037e+01
4.500037e+01
4.500037e+01
4.500037e+01
4.500037e+01
4.500037e+01
4.500037e+01
4.500037e+01
4.500037e+01
4.500037e+01
4.500037e+01
4.500037e+01
4.500037e+01
4.500037e+01
4.500037e+01
4.500037e+01
4.500037e+01
4.500038e+01
4.500038e+01
4.500038e+01
4.500039e+01
4.500040e+01
4.500041e+01
4.500042e+01
4.500043e+01
4.500045e+01
4.500046e+01
4.500047e+01
4.500047e+01
4.500048e+01
4.500047e+01
4.500047e+01
4.500047e+01

4.500047e+01
4.500047e+01
4.500047e+01
4.500048e+01
4.500048e+01
4.500047e+01
4.500046e+01
4.500044e+01
4.500042e+01
4.500039e+01
4.500037e+01
4.500035e+01
4.500033e+01
4.500032e+01
4.500031e+01
4.500030e+01
4.500030e+01
4.500029e+01
4.500029e+01
4.500029e+01
4.500029e+01
4.500029e+01
4.500029e+01
4.500029e+01
4.500029e+01
4.500029e+01
4.500029e+01
4.500029e+01
4.500029e+01
4.500029e+01
4.500029e+01
4.500029e+01
4.500029e+01
4.500029e+01
4.500029e+01
4.500029e+01
4.500029e+01
4.500029e+01
4.500029e+01
4.500029e+01
4.500029e+01
4.500029e+01
4.500029e+01
4.500029e+01
4.500029e+01
4.500029e+01
4.500029e+01
4.500029e+01
4.500029e+01
4.500030e+01
4.500030e+01
4.500031e+01
4.500032e+01
4.500033e+01
4.500035e+01
4.500037e+01
4.500039e+01
4.500042e+01
4.500044e+01
4.500046e+01
4.500047e+01
4.500048e+01
4.500048e+01
4.500047e+01
4.500047e+01
4.500047e+01

4.500047e+01
4.500047e+01
4.500047e+01
4.500048e+01
4.500048e+01
4.500047e+01
4.500046e+01
4.500044e+01
4.500041e+01
4.500037e+01
4.500033e+01
4.500029e+01
4.500026e+01
4.500023e+01
4.500021e+01
4.500020e+01
4.500019e+01
4.500018e+01
4.500017e+01
4.500017e+01
4.500017e+01
4.500017e+01
4.500017e+01
4.500017e+01
4.500016e+01
4.500016e+01
4.500016e+01
4.500016e+01
4.500016e+01
4.500016e+01
4.500016e+01
4.500016e+01
4.500016e+01
4.500016e+01
4.500016e+01
4.500016e+01
4.500016e+01
4.500016e+01
4.500016e+01
4.500016e+01
4.500016e+01
4.500016e+01
4.500017e+01
4.500017e+01
4.500017e+01
4.500017e+01
4.500017e+01
4.500017e+01
4.500018e+01
4.500019e+01
4.500020e+01
4.500021e+01
4.500023e+01
4.500026e+01
4.500029e+01
4.500033e+01
4.500037e+01
4.500041e+01
4.500044e+01
4.500046e+01
4.500047e+01
4.500048e+01
4.500048e+01
4.500047e+01
4.500047e+01
4.500047e+01

4.500047e+01
4.500047e+01
4.500047e+01
4.500048e+01
4.500048e+01
4.500047e+01
4.500046e+01
4.500044e+01
4.500041e+01
4.500036e+01
4.500030e+01
4.500024e+01
4.500018e+01
4.500013e+01
4.500009e+01
4.500006e+01
4.500003e+01
4.500002e+01
4.500001e+01
4.500000e+01
4.499999e+01
4.499999e+01
4.499999e+01
4.499998e+01
4.499998e+01
4.499998e+01
4.499998e+01
4.499998e+01
4.499998e+01
4.499998e+01
4.499998e+01
4.499998e+01
4.499998e+01
4.499998e+01
4.499998e+01
4.499998e+01
4.499998e+01
4.499998e+01
4.499998e+01
4.499998e+01
4.499998e+01
4.499998e+01
4.499998e+01
4.499999e+01
4.499999e+01
4.499999e+01
4.500000e+01
4.500001e+01
4.500002e+01
4.500003e+01
4.500006e+01
4.500009e+01
4.500013e+01
4.500018e+01
4.500024e+01
4.500030e+01
4.500036e+01
4.500041e+01
4.500045e+01
4.500047e+01
4.500048e+01
4.500048e+01
4.500048e+01
4.500047e+01
4.500047e+01
4.500047e+01

4.500047e+01
4.500047e+01
4.500047e+01
4.500048e+01
4.500048e+01
4.500048e+01
4.500047e+01
4.500045e+01
4.500042e+01
4.500036e+01
4.500029e+01
4.500020e+01
4.500011e+01
4.500002e+01
4.499994e+01
4.499988e+01
4.499983e+01
4.499980e+01
4.499977e+01
4.499975e+01
4.499974e+01
4.499973e+01
4.499973e+01
4.499972e+01
4.499972e+01
4.499971e+01
4.499971e+01
4.499971e+01
4.499971e+01
4.499970e+01
4.499970e+01
4.499970e+01
4.499970e+01
4.499970e+01
4.499970e+01
4.499970e+01
4.499970e+01
4.499971e+01
4.499971e+01
4.499971e+01
4.499971e+01
4.499972e+01
4.499972e+01
4.499972e+01
4.499973e+01
4.499974e+01
4.499975e+01
4.499977e+01
4.499979e+01
4.499983e+01
4.499988e+01
4.499994e+01
4.500001e+01
4.500010e+01
4.500020e+01
4.500029e+01
4.500036e+01
4.500042e+01
4.500045e+01
4.500047e+01
4.500048e+01
4.500048e+01
4.500048e+01
4.500048e+01
4.500047e+01
4.500047e+01

4.500047e+01
4.500047e+01
4.500047e+01
4.500048e+01
4.500048e+01
4.500048e+01
4.500047e+01
4.500046e+01
4.500043e+01
4.500038e+01
4.500030e+01
4.500019e+01
4.500007e+01
4.499993e+01
4.499979e+01
4.499968e+01
4.499958e+01
4.499951e+01
4.499946e+01
4.499942e+01
4.499939e+01
4.499937e+01
4.499935e+01
4.499934e+01
4.499933e+01
4.499933e+01
4.499932e+01
4.499931e+01
4.499931e+01
4.499930e+01
4.499930e+01
4.499930e+01
4.499930e+01
4.499930e+01
4.499930e+01
4.499930e+01
4.499930e+01
4.499931e+01
4.499931e+01
4.499932e+01
4.499932e+01
4.499933e+01
4.499934e+01
4.499935e+01
4.499936e+01
4.499938e+01
4.499941e+01
4.499945e+01
4.499950e+01
4.499957e+01
4.499967e+01
4.499978e+01
4.499991e+01
4.500005e+01
4.500018e+01
4.500029e+01
4.500037e+01
4.500043e+01
4.500046e+01
4.500047e+01
4.500048e+01
4.500048e+01
4.500048e+01
4.500048e+01
4.500047e+01
4.500047e+01

4.500047e+01
4.500047e+01
4.500047e+01
4.500048e+01
4.500048e+01
4.500048e+01
4.500048e+01
4.500046e+01
4.500044e+01
4.500040e+01
4.500033e+01
4.500021e+01
4.500006e+01
4.499987e+01
4.499967e+01
4.499947e+01
4.499930e+01
4.499916e+01
4.499905e+01
4.499896e+01
4.499890e+01
4.499886e+01
4.499883e+01
4.499880e+01
4.499878e+01
4.499877e+01
4.499875e+01
4.499874e+01
4.499873e+01
4.499872e+01
4.499871e+01
4.499870e+01
4.499870e+01
4.499870e+01
4.499870e+01
4.499871e+01
4.499871e+01
4.499872e+01
4.499873e+01
4.499874e+01
4.499876e+01
4.499878e+01
4.499879e+01
4.499882e+01
4.499885e+01
4.499889e+01
4.499895e+01
4.499903e+01
4.499914e+01
4.499928e+01
4.499945e+01
4.499965e+01
4.499985e+01
4.500004e+01
4.500020e+01
4.500031e+01
4.500039e+01
4.500044e+01
4.500046e+01
4.500048e+01
4.500048e+01
4.500048e+01
4.500048e+01
4.500048e+01
4.500047e+01
4.500047e+01

4.500047e+01
4.500047e+01
4.500047e+01
4.500048e+01
4.500048e+01
4.500048e+01
4.500048e+01
4.500047e+01
4.500045e+01
4.500042e+01
4.500036e+01
4.500026e+01
4.500010e+01
4.499988e+01
4.499960e+01
4.499931e+01
4.499902e+01
4.499876e+01
4.499855e+01
4.499838e+01
4.499826e+01
4.499816e+01
4.499809e+01
4.499804e+01
4.499800e+01
4.499796e+01
4.499793e+01
4.499789e+01
4.499787e+01
4.499785e+01
4.499783e+01
4.499782e+01
4.499781e+01
4.499781e+01
4.499782e+01
4.499783e+01
4.499784e+01
4.499786e+01
4.499788e+01
4.499791e+01
4.499795e+01
4.499798e+01
4.499802e+01
4.499807e+01
4.499814e+01
4.499823e+01
4.499836e+01
4.499852e+01
4.499873e+01
4.499898e+01
4.499927e+01
4.499957e+01
4.499984e+01
4.500007e+01
4.500024e+01
4.500034e+01
4.500041e+01
4.500045e+01
4.500047e+01
4.500048e+01
4.500048e+01
4.500048e+01
4.500048e+01
4.500048e+01
4.500047e+01
4.500047e+01

4.500047e+01
4.500047e+01
4.500047e+01
4.500048e+01
4.500048e+01
4.500048e+01
4.500048e+01
4.500047e+01
4.500046e+01
4.500044e+01
4.500039e+01
4.500031e+01
4.500017e+01
4.499994e+01
4.499962e+01
4.499923e+01
4.499879e+01
4.499837e+01
4.499800e+01
4.499769e+01
4.499744e+01
4.499724e+01
4.499710e+01
4.499699e+01
4.499690e+01
4.499681e+01
4.499674e+01
4.499667e+01
4.499661e+01
4.499657e+01
4.499653e+01
4.499650e+01
4.499649e+01
4.499649e+01
4.499650e+01
4.499652e+01
4.499655e+01
4.499660e+01
4.499665e+01
4.499671e+01
4.499679e+01
4.499687e+01
4.499695e+01
4.499706e+01
4.499720e+01
4.499739e+01
4.499764e+01
4.499795e+01
4.499832e+01
4.499873e+01
4.499916e+01
4.499956e+01
4.499989e+01
4.500013e+01
4.500028e+01
4.500037e+01
4.500043e+01
4.500045e+01
4.500047e+01
4.500048e+01
4.500048e+01
4.500048e+01
4.500048e+01
4.500048e+01
4.500047e+01
4.500047e+01

4.500047e+01
4.500047e+01
4.500048e+01
4.500048e+01
4.500048e+01
4.500048e+01
4.500048e+01
4.500047e+01
4.500047e+01
4.500045e+01
4.500043e+01
4.500037e+01
4.500026e+01
4.500006e+01
4.499973e+01
4.499926e+01
4.499870e+01
4.499808e+01
4.499747e+01
4.499693e+01
4.499647e+01
4.499610e+01
4.499581e+01
4.499559e+01
4.499540e+01
4.499523e+01
4.499507e+01
4.499492e+01
4.499480e+01
4.499469e+01
4.499461e+01
4.499456e+01
4.499453e+01
4.499453e+01
4.499455e+01
4.499460e+01
4.499467e+01
4.499477e+01
4.499489e+01
4.499502e+01
4.499518e+01
4.499535e+01
4.499553e+01
4.499575e+01
4.499603e+01
4.499640e+01
4.499685e+01
4.499738e+01
4.499798e+01
4.499860e+01
4.499917e+01
4.499965e+01
4.499999e+01
4.500021e+01
4.500033e+01
4.500040e+01
4.500044e+01
4.500046e+01
4.500047e+01
4.500048e+01
4.500048e+01
4.500048e+01
4.500048e+01
4.500048e+01
4.500047e+01
4.500047e+01

4.500047e+01
4.500047e+01
4.500048e+01
4.500048e+01
4.500048e+01
4.500048e+01
4.500048e+01
4.500048e+01
4.500047e+01
4.500046e+01
4.500045e+01
4.500042e+01
4.500035e+01
4.500019e+01
4.499990e+01
4.499942e+01
4.499876e+01
4.499795e+01
4.499708e+01
4.499623e+01
4.499546e+01
4.499481e+01
4.499427e+01
4.499385e+01
4.499348e+01
4.499313e+01
4.499280e+01
4.499250e+01
4.499224e+01
4.499202e+01
4.499185e+01
4.499174e+01
4.499167e+01
4.499167e+01
4.499172e+01
4.499182e+01
4.499198e+01
4.499219e+01
4.499244e+01
4.499273e+01
4.499305e+01
4.499339e+01
4.499375e+01
4.499417e+01
4.499469e+01
4.499534e+01
4.499610e+01
4.499695e+01
4.499781e+01
4.499863e+01
4.499930e+01
4.499979e+01
4.500011e+01
4.500029e+01
4.500038e+01
4.500043e+01
4.500045e+01
4.500047e+01
4.500048e+01
4.500048e+01
4.500048e+01
4.500048e+01
4.500048e+01
4.500048e+01
4.500047e+01
4.500047e+01

4.500047e+01
4.500047e+01
4.500048e+01
4.500048e+01
4.500048e+01
4.500048e+01
4.500048e+01
4.500048e+01
4.500047e+01
4.500047e+01
4.500047e+01
4.500046e+01
4.500043e+01
4.500033e+01
4.500010e+01
4.499967e+01
4.499898e+01
4.499805e+01
4.499693e+01
4.499573e+01
4.499456e+01
4.499350e+01
4.499259e+01
4.499184e+01
4.499117e+01
4.499052e+01
4.498989e+01
4.498931e+01
4.498879e+01
4.498834e+01
4.498800e+01
4.498775e+01
4.498763e+01
4.498762e+01
4.498773e+01
4.498795e+01
4.498829e+01
4.498871e+01
4.498922e+01
4.498979e+01
4.499040e+01
4.499104e+01
4.499170e+01
4.499244e+01
4.499333e+01
4.499438e+01
4.499554e+01
4.499673e+01
4.499786e+01
4.499881e+01
4.499951e+01
4.499997e+01
4.500023e+01
4.500036e+01
4.500042e+01
4.500044e+01
4.500046e+01
4.500047e+01
4.500048e+01
4.500048e+01
4.500048e+01
4.500048e+01
4.500048e+01
4.500048e+01
4.500047e+01
4.500047e+01

4.500047e+01
4.500047e+01
4.500048e+01
4.500048e+01
4.500048e+01
4.500048e+01
4.500048e+01
4.500048e+01
4.500048e+01
4.500048e+01
4.500048e+01
4.500049e+01
4.500049e+01
4.500045e+01
4.500030e+01
4.499995e+01
4.499932e+01
4.499835e+01
4.499707e+01
4.499555e+01
4.499396e+01
4.499241e+01
4.499100e+01
4.498979e+01
4.498867e+01
4.498753e+01
4.498641e+01
4.498534e+01
4.498437e+01
4.498352e+01
4.498285e+01
4.498237e+01
4.498212e+01
4.498211e+01
4.498234e+01
4.498279e+01
4.498345e+01
4.498427e+01
4.498523e+01
4.498627e+01
4.498737e+01
4.498849e+01
4.498960e+01
4.499079e+01
4.499218e+01
4.499371e+01
4.499529e+01
4.499681e+01
4.499811e+01
4.499910e+01
4.499976e+01
4.500015e+01
4.500034e+01
4.500042e+01
4.500044e+01
4.500046e+01
4.500046e+01
4.500047e+01
4.500048e+01
4.500048e+01
4.500048e+01
4.500048e+01
4.500048e+01
4.500048e+01
4.500047e+01
4.500047e+01

4.500047e+01
4.500047e+01
4.500048e+01
4.500048e+01
4.500048e+01
4.500048e+01
4.500048e+01
4.500048e+01
4.500048e+01
4.500048e+01
4.500050e+01
4.500052e+01
4.500054e+01
4.500055e+01
4.500047e+01
4.500023e+01
4.499971e+01
4.499880e+01
4.499746e+01
4.499574e+01
4.499377e+01
4.499173e+01
4.498977e+01
4.498799e+01
4.498628e+01
4.498447e+01
4.498263e+01
4.498082e+01
4.497912e+01
4.497761e+01
4.497637e+01
4.497550e+01
4.497504e+01
4.497503e+01
4.497547e+01
4.497632e+01
4.497753e+01
4.497901e+01
4.498069e+01
4.498247e+01
4.498428e+01
4.498605e+01
4.498774e+01
4.498949e+01
4.499143e+01
4.499345e+01
4.499541e+01
4.499714e+01
4.499850e+01
4.499945e+01
4.500002e+01
4.500031e+01
4.500042e+01
4.500046e+01
4.500047e+01
4.500046e+01
4.500047e+01
4.500047e+01
4.500048e+01
4.500048e+01
4.500048e+01
4.500048e+01
4.500048e+01
4.500048e+01
4.500047e+01
4.500047e+01

4.500047e+01
4.500047e+01
4.500048e+01
4.500048e+01
4.500048e+01
4.500048e+01
4.500048e+01
4.500048e+01
4.500048e+01
4.500049e+01
4.500050e+01
4.500053e+01
4.500058e+01
4.500062e+01
4.500062e+01
4.500049e+01
4.500010e+01
4.499932e+01
4.499804e+01
4.499624e+01
4.499403e+01
4.499159e+01
4.498910e+01
4.498673e+01
4.498435e+01
4.498174e+01
4.497898e+01
4.497616e+01
4.497342e+01
4.497092e+01
4.496884e+01
4.496735e+01
4.496656e+01
4.496656e+01
4.496734e+01
4.496882e+01
4.497088e+01
4.497334e+01
4.497604e+01
4.497881e+01
4.498153e+01
4.498409e+01
4.498644e+01
4.498876e+01
4.499122e+01
4.499364e+01
4.499584e+01
4.499765e+01
4.499897e+01
4.499980e+01
4.500025e+01
4.500044e+01
4.500049e+01
4.500049e+01
4.500048e+01
4.500047e+01
4.500047e+01
4.500047e+01
4.500048e+01
4.500048e+01
4.500048e+01
4.500048e+01
4.500048e+01
4.500048e+01
4.500047e+01
4.500047e+01

4.500047e+01
4.500047e+01
4.500048e+01
4.500048e+01
4.500048e+01
4.500048e+01
4.500048e+01
4.500048e+01
4.500048e+01
4.500049e+01
4.500051e+01
4.500055e+01
4.500061e+01
4.500068e+01
4.500074e+01
4.500070e+01
4.500045e+01
4.499983e+01
4.499869e+01
4.499695e+01
4.499466e+01
4.499195e+01
4.498905e+01
4.498617e+01
4.498314e+01
4.497970e+01
4.497590e+01
4.497188e+01
4.496784e+01
4.496404e+01
4.496081e+01
4.495844e+01
4.495721e+01
4.495723e+01
4.495850e+01
4.496088e+01
4.496410e+01
4.496786e+01
4.497184e+01
4.497578e+01
4.497950e+01
4.498287e+01
4.498584e+01
4.498867e+01
4.499152e+01
4.499419e+01
4.499648e+01
4.499824e+01
4.499943e+01
4.500012e+01
4.500044e+01
4.500054e+01
4.500055e+01
4.500052e+01
4.500049e+01
4.500048e+01
4.500047e+01
4.500047e+01
4.500048e+01
4.500048e+01
4.500048e+01
4.500048e+01
4.500048e+01
4.500048e+01
4.500047e+01
4.500047e+01

4.500047e+01
4.500047e+01
4.500048e+01
4.500048e+01
4.500048e+01
4.500048e+01
4.500048e+01
4.500048e+01
4.500048e+01
4.500049e+01
4.500051e+01
4.500056e+01
4.500063e+01
4.500073e+01
4.500083e+01
4.500087e+01
4.500075e+01
4.500029e+01
4.499934e+01
4.499775e+01
4.499550e+01
4.499271e+01
4.498956e+01
4.498631e+01
4.498275e+01
4.497855e+01
4.497374e+01
4.496846e+01
4.496297e+01
4.495765e+01
4.495301e+01
4.494956e+01
4.494775e+01
4.494782e+01
4.494974e+01
4.495325e+01
4.495789e+01
4.496316e+01
4.496855e+01
4.497371e+01
4.497839e+01
4.498248e+01
4.498596e+01
4.498914e+01
4.499222e+01
4.499498e+01
4.499722e+01
4.499884e+01
4.499986e+01
4.500039e+01
4.500059e+01
4.500063e+01
4.500059e+01
4.500054e+01
4.500050e+01
4.500048e+01
4.500047e+01
4.500048e+01
4.500048e+01
4.500048e+01
4.500048e+01
4.500048e+01
4.500048e+01
4.500048e+01
4.500047e+01
4.500047e+01

4.500047e+01
4.500047e+01
4.500048e+01
4.500048e+01
4.500048e+01
4.500048e+01
4.500048e+01
4.500048e+01
4.500048e+01
4.500049e+01
4.500052e+01
4.500056e+01
4.500064e+01
4.500076e+01
4.500090e+01
4.500101e+01
4.500099e+01
4.500069e+01
4.499993e+01
4.499853e+01
4.499643e+01
4.499368e+01
4.499046e+01
4.498700e+01
4.498307e+01
4.497829e+01
4.497263e+01
4.496619e+01
4.495926e+01
4.495235e+01
4.494618e+01
4.494153e+01
4.493908e+01
4.493921e+01
4.494188e+01
4.494667e+01
4.495286e+01
4.495968e+01
4.496645e+01
4.497271e+01
4.497819e+01
4.498282e+01
4.498663e+01
4.498999e+01
4.499314e+01
4.499585e+01
4.499795e+01
4.499939e+01
4.500023e+01
4.500061e+01
4.500072e+01
4.500069e+01
4.500062e+01
4.500055e+01
4.500051e+01
4.500048e+01
4.500047e+01
4.500048e+01
4.500048e+01
4.500048e+01
4.500048e+01
4.500048e+01
4.500048e+01
4.500048e+01
4.500047e+01
4.500047e+01

4.500047e+01
4.500047e+01
4.500048e+01
4.500048e+01
4.500048e+01
4.500048e+01
4.500048e+01
4.500048e+01
4.500048e+01
4.500049e+01
4.500052e+01
4.500057e+01
4.500066e+01
4.500079e+01
4.500096e+01
4.500112e+01
4.500120e+01
4.500106e+01
4.500050e+01
4.499933e+01
4.499746e+01
4.499487e+01
4.499170e+01
4.498819e+01
4.498406e+01
4.497888e+01
4.497252e+01
4.496505e+01
4.495672e+01
4.494817e+01
4.494034e+01
4.493434e+01
4.493117e+01
4.493140e+01
4.493496e+01
4.494118e+01
4.494904e+01
4.495745e+01
4.496553e+01
4.497274e+01
4.497885e+01
4.498383e+01
4.498779e+01
4.499119e+01
4.499427e+01
4.499682e+01
4.499870e+01
4.499992e+01
4.500056e+01
4.500081e+01
4.500082e+01
4.500074e+01
4.500064e+01
4.500056e+01
4.500051e+01
4.500048e+01
4.500048e+01
4.500048e+01
4.500048e+01
4.500048e+01
4.500048e+01
4.500048e+01
4.500048e+01
4.500048e+01
4.500047e+01
4.500047e+01

4.500047e+01
4.500047e+01
4.500048e+01
4.500048e+01
4.500048e+01
4.500048e+01
4.500048e+01
4.500048e+01
4.500048e+01
4.500049e+01
4.500052e+01
4.500057e+01
4.500067e+01
4.500081e+01
4.500101e+01
4.500123e+01
4.500141e+01
4.500143e+01
4.500109e+01
4.500021e+01
4.499865e+01
4.499635e+01
4.499340e+01
4.499000e+01
4.498587e+01
4.498050e+01
4.497368e+01
4.496536e+01
4.495575e+01
4.494555e+01
4.493595e+01
4.492848e+01
4.492454e+01
4.492491e+01
4.492949e+01
4.493732e+01
4.494693e+01
4.495689e+01
4.496613e+01
4.497406e+01
4.498054e+01
4.498564e+01
4.498958e+01
4.499284e+01
4.499569e+01
4.499795e+01
4.499953e+01
4.500047e+01
4.500090e+01
4.500100e+01
4.500092e+01
4.500079e+01
4.500066e+01
4.500057e+01
4.500051e+01
4.500049e+01
4.500048e+01
4.500048e+01
4.500048e+01
4.500048e+01
4.500048e+01
4.500048e+01
4.500048e+01
4.500048e+01
4.500047e+01
4.500047e+01

4.500047e+01
4.500047e+01
4.500048e+01
4.500048e+01
4.500048e+01
4.500048e+01
4.500048e+01
4.500048e+01
4.500048e+01
4.500049e+01
4.500052e+01
4.500058e+01
4.500068e+01
4.500084e+01
4.500106e+01
4.500134e+01
4.500161e+01
4.500179e+01
4.500170e+01
4.500115e+01
4.499997e+01
4.499809e+01
4.499553e+01
4.499246e+01
4.498858e+01
4.498336e+01
4.497649e+01
4.496779e+01
4.495739e+01
4.494600e+01
4.493506e+01
4.492645e+01
4.492193e+01
4.492250e+01
4.492797e+01
4.493708e+01
4.494801e+01
4.495901e+01
4.496887e+01
4.497703e+01
4.498345e+01
4.498835e+01
4.499200e+01
4.499491e+01
4.499736e+01
4.499921e+01
4.500041e+01
4.500104e+01
4.500124e+01
4.500118e+01
4.500101e+01
4.500083e+01
4.500068e+01
4.500058e+01
4.500052e+01
4.500049e+01
4.500048e+01
4.500048e+01
4.500048e+01
4.500048e+01
4.500048e+01
4.500048e+01
4.500048e+01
4.500048e+01
4.500047e+01
4.500047e+01

4.500047e+01
4.500047e+01
4.500048e+01
4.500048e+01
4.500048e+01
4.500048e+01
4.500048e+01
4.500048e+01
4.500048e+01
4.500049e+01
4.500052e+01
4.500058e+01
4.500069e+01
4.500086e+01
4.500111e+01
4.500143e+01
4.500180e+01
4.500213e+01
4.500229e+01
4.500210e+01
4.500138e+01
4.500003e+01
4.499804e+01
4.499550e+01
4.499217e+01
4.498752e+01
4.498118e+01
4.497287e+01
4.496264e+01
4.495119e+01
4.494000e+01
4.493114e+01
4.492659e+01
4.492735e+01
4.493319e+01
4.494269e+01
4.495381e+01
4.496471e+01
4.497421e+01
4.498184e+01
4.498764e+01
4.499191e+01
4.499499e+01
4.499735e+01
4.499923e+01
4.500055e+01
4.500131e+01
4.500159e+01
4.500155e+01
4.500135e+01
4.500110e+01
4.500087e+01
4.500070e+01
4.500059e+01
4.500052e+01
4.500049e+01
4.500048e+01
4.500048e+01
4.500048e+01
4.500048e+01
4.500048e+01
4.500048e+01
4.500048e+01
4.500048e+01
4.500047e+01
4.500047e+01

4.500047e+01
4.500047e+01
4.500048e+01
4.500048e+01
4.500048e+01
4.500048e+01
4.500048e+01
4.500048e+01
4.500048e+01
4.500050e+01
4.500053e+01
4.500059e+01
4.500070e+01
4.500088e+01
4.500115e+01
4.500151e+01
4.500197e+01
4.500244e+01
4.500285e+01
4.500302e+01
4.500280e+01
4.500207e+01
4.500077e+01
4.499898e+01
4.499647e+01
4.499280e+01
4.498762e+01
4.498063e+01
4.497183e+01
4.496185e+01
4.495211e+01
4.494451e+01
4.494071e+01
4.494163e+01
4.494695e+01
4.495530e+01
4.496493e+01
4.497421e+01
4.498213e+01
4.498833e+01
4.499290e+01
4.499614e+01
4.499838e+01
4.500000e+01
4.500119e+01
4.500191e+01
4.500218e+01
4.500211e+01
4.500184e+01
4.500150e+01
4.500117e+01
4.500091e+01
4.500072e+01
4.500060e+01
4.500052e+01
4.500049e+01
4.500048e+01
4.500048e+01
4.500048e+01
4.500048e+01
4.500048e+01
4.500048e+01
4.500048e+01
4.500048e+01
4.500047e+01
4.500047e+01

4.500047e+01
4.500047e+01
4.500048e+01
4.500048e+01
4.500048e+01
4.500048e+01
4.500048e+01
4.500048e+01
4.500048e+01
4.500050e+01
4.500053e+01
4.500059e+01
4.500070e+01
4.500089e+01
4.500118e+01
4.500159e+01
4.500211e+01
4.500272e+01
4.500335e+01
4.500387e+01
4.500415e+01
4.500406e+01
4.500354e+01
4.500260e+01
4.500111e+01
4.499875e+01
4.499525e+01
4.499036e+01
4.498412e+01
4.497708e+01
4.497032e+01
4.496518e+01
4.496287e+01
4.496386e+01
4.496778e+01
4.497370e+01
4.498032e+01
4.498659e+01
4.499187e+01
4.499591e+01
4.499878e+01
4.500070e+01
4.500191e+01
4.500268e+01
4.500311e+01
4.500319e+01
4.500298e+01
4.500258e+01
4.500209e+01
4.500163e+01
4.500124e+01
4.500094e+01
4.500073e+01
4.500060e+01
4.500053e+01
4.500049e+01
4.500048e+01
4.500048e+01
4.500048e+01
4.500048e+01
4.500048e+01
4.500048e+01
4.500048e+01
4.500048e+01
4.500047e+01
4.500047e+01

4.500047e+01
4.500047e+01
4.500048e+01
4.500048e+01
4.500048e+01
4.500048e+01
4.500048e+01
4.500048e+01
4.500048e+01
4.500050e+01
4.500053e+01
4.500059e+01
4.500071e+01
4.500090e+01
4.500121e+01
4.500164e+01
4.500223e+01
4.500295e+01
4.500377e+01
4.500460e+01
4.500534e+01
4.500587e+01
4.500611e+01
4.500604e+01
4.500562e+01
4.500470e+01
4.500310e+01
4.500069e+01
4.499757e+01
4.499415e+01
4.499112e+01
4.498917e+01
4.498867e+01
4.498963e+01
4.499171e+01
4.499441e+01
4.499728e+01
4.499993e+01
4.500208e+01
4.500364e+01
4.500461e+01
4.500510e+01
4.500525e+01
4.500516e+01
4.500484e+01
4.500432e+01
4.500367e+01
4.500297e+01
4.500230e+01
4.500173e+01
4.500128e+01
4.500096e+01
4.500074e+01
4.500061e+01
4.500053e+01
4.500049e+01
4.500048e+01
4.500048e+01
4.500048e+01
4.500048e+01
4.500048e+01
4.500048e+01
4.500048e+01
4.500048e+01
4.500047e+01
4.500047e+01

4.500047e+01
4.500047e+01
4.500048e+01
4.500048e+01
4.500048e+01
4.500048e+01
4.500048e+01
4.500048e+01
4.500048e+01
4.500050e+01
4.500053e+01
4.500059e+01
4.500071e+01
4.500091e+01
4.500123e+01
4.500168e+01
4.500231e+01
4.500312e+01
4.500409e+01
4.500518e+01
4.500628e+01
4.500733e+01
4.500822e+01
4.500893e+01
4.500949e+01
4.500989e+01
4.501008e+01
4.501002e+01
4.500986e+01
4.500986e+01
4.501032e+01
4.501125e+01
4.501238e+01
4.501327e+01
4.501361e+01
4.501338e+01
4.501277e+01
4.501201e+01
4.501124e+01
4.501046e+01
4.500967e+01
4.500885e+01
4.500805e+01
4.500719e+01
4.500623e+01
4.500521e+01
4.500420e+01
4.500326e+01
4.500246e+01
4.500181e+01
4.500132e+01
4.500098e+01
4.500075e+01
4.500061e+01
4.500053e+01
4.500049e+01
4.500048e+01
4.500048e+01
4.500048e+01
4.500048e+01
4.500048e+01
4.500048e+01
4.500048e+01
4.500048e+01
4.500047e+01
4.500047e+01

4.500047e+01
4.500047e+01
4.500048e+01
4.500048e+01
4.500048e+01
4.500048e+01
4.500048e+01
4.500048e+01
4.500048e+01
4.500050e+01
4.500053e+01
4.500059e+01
4.500072e+01
4.500092e+01
4.500124e+01
4.500171e+01
4.500237e+01
4.500323e+01
4.500430e+01
4.500555e+01
4.500692e+01
4.500832e+01
4.500969e+01
4.501096e+01
4.501224e+01
4.501364e+01
4.501520e+01
4.501697e+01
4.501909e+01
4.502174e+01
4.502488e+01
4.502804e+01
4.503043e+01
4.503125e+01
4.503023e+01
4.502771e+01
4.502441e+01
4.502104e+01
4.501801e+01
4.501544e+01
4.501330e+01
4.501150e+01
4.500999e+01
4.500858e+01
4.500716e+01
4.500580e+01
4.500454e+01
4.500345e+01
4.500255e+01
4.500185e+01
4.500134e+01
4.500098e+01
4.500075e+01
4.500061e+01
4.500053e+01
4.500049e+01
4.500048e+01
4.500048e+01
4.500048e+01
4.500048e+01
4.500048e+01
4.500048e+01
4.500048e+01
4.500048e+01
4.500047e+01
4.500047e+01

4.500047e+01
4.500047e+01
4.500048e+01
4.500048e+01
4.500048e+01
4.500048e+01
4.500048e+01
4.500048e+01
4.500048e+01
4.500050e+01
4.500053e+01
4.500060e+01
4.500072e+01
4.500092e+01
4.500124e+01
4.500172e+01
4.500239e+01
4.500328e+01
4.500439e+01
4.500571e+01
4.500719e+01
4.500876e+01
4.501036e+01
4.501191e+01
4.501356e+01
4.501550e+01
4.501782e+01
4.502063e+01
4.502412e+01
4.502840e+01
4.503324e+01
4.503785e+01
4.504105e+01
4.504183e+01
4.503993e+01
4.503593e+01
4.503091e+01
4.502592e+01
4.502154e+01
4.501795e+01
4.501507e+01
4.501275e+01
4.501088e+01
4.500920e+01
4.500756e+01
4.500604e+01
4.500467e+01
4.500352e+01
4.500258e+01
4.500187e+01
4.500135e+01
4.500099e+01
4.500075e+01
4.500061e+01
4.500053e+01
4.500049e+01
4.500048e+01
4.500048e+01
4.500048e+01
4.500048e+01
4.500048e+01
4.500048e+01
4.500048e+01
4.500048e+01
4.500047e+01
4.500047e+01

4.500047e+01
4.500047e+01
4.500048e+01
4.500048e+01
4.500048e+01
4.500048e+01
4.500048e+01
4.500048e+01
4.500048e+01
4.500050e+01
4.500053e+01
4.500060e+01
4.500072e+01
4.500092e+01
4.500124e+01
4.500172e+01
4.500238e+01
4.500325e+01
4.500435e+01
4.500564e+01
4.500709e+01
4.500863e+01
4.501019e+01
4.501172e+01
4.501335e+01
4.501530e+01
4.501767e+01
4.502064e+01
4.502442e+01
4.502915e+01
4.503454e+01
4.503966e+01
4.504317e+01
4.504394e+01
4.504169e+01
4.503715e+01
4.503157e+01
4.502612e+01
4.502146e+01
4.501773e+01
4.501480e+01
4.501249e+01
4.501064e+01
4.500900e+01
4.500740e+01
4.500592e+01
4.500459e+01
4.500347e+01
4.500255e+01
4.500185e+01
4.500134e+01
4.500098e+01
4.500075e+01
4.500061e+01
4.500053e+01
4.500049e+01
4.500048e+01
4.500048e+01
4.500048e+01
4.500048e+01
4.500048e+01
4.500048e+01
4.500048e+01
4.500048e+01
4.500047e+01
4.500047e+01

4.500047e+01
4.500047e+01
4.500048e+01
4.500048e+01
4.500048e+01
4.500048e+01
4.500048e+01
4.500048e+01
4.500048e+01
4.500050e+01
4.500053e+01
4.500059e+01
4.500072e+01
4.500092e+01
4.500123e+01
4.500170e+01
4.500234e+01
4.500317e+01
4.500419e+01
4.500536e+01
4.500664e+01
4.500795e+01
4.500923e+01
4.501045e+01
4.501171e+01
4.501318e+01
4.501494e+01
4.501717e+01
4.502012e+01
4.502395e+01
4.502848e+01
4.503293e+01
4.503605e+01
4.503680e+01
4.503492e+01
4.503102e+01
4.502628e+01
4.502173e+01
4.501793e+01
4.501495e+01
4.501264e+01
4.501082e+01
4.500935e+01
4.500803e+01
4.500672e+01
4.500546e+01
4.500431e+01
4.500330e+01
4.500246e+01
4.500180e+01
4.500131e+01
4.500097e+01
4.500075e+01
4.500061e+01
4.500053e+01
4.500049e+01
4.500048e+01
4.500048e+01
4.500048e+01
4.500048e+01
4.500048e+01
4.500048e+01
4.500048e+01
4.500048e+01
4.500047e+01
4.500047e+01

4.500047e+01
4.500047e+01
4.500048e+01
4.500048e+01
4.500048e+01
4.500048e+01
4.500048e+01
4.500048e+01
4.500048e+01
4.500050e+01
4.500053e+01
4.500059e+01
4.500071e+01
4.500091e+01
4.500122e+01
4.500166e+01
4.500226e+01
4.500302e+01
4.500391e+01
4.500489e+01
4.500588e+01
4.500681e+01
4.500763e+01
4.500832e+01
4.500894e+01
4.500956e+01
4.501022e+01
4.501103e+01
4.501219e+01
4.501393e+01
4.501627e+01
4.501878e+01
4.502076e+01
4.502148e+01
4.502066e+01
4.501865e+01
4.501610e+01
4.501366e+01
4.501168e+01
4.501017e+01
4.500900e+01
4.500804e+01
4.500722e+01
4.500643e+01
4.500558e+01
4.500471e+01
4.500384e+01
4.500303e+01
4.500231e+01
4.500173e+01
4.500128e+01
4.500095e+01
4.500074e+01
4.500060e+01
4.500053e+01
4.500049e+01
4.500048e+01
4.500048e+01
4.500048e+01
4.500048e+01
4.500048e+01
4.500048e+01
4.500048e+01
4.500048e+01
4.500047e+01
4.500047e+01

4.500047e+01
4.500047e+01
4.500048e+01
4.500048e+01
4.500048e+01
4.500048e+01
4.500048e+01
4.500048e+01
4.500048e+01
4.500050e+01
4.500053e+01
4.500059e+01
4.500071e+01
4.500090e+01
4.500119e+01
4.500161e+01
4.500216e+01
4.500282e+01
4.500354e+01
4.500426e+01
4.500489e+01
4.500534e+01
4.500558e+01
4.500562e+01
4.500547e+01
4.500508e+01
4.500441e+01
4.500349e+01
4.500246e+01
4.500157e+01
4.500111e+01
4.500120e+01
4.500168e+01
4.500230e+01
4.500283e+01
4.500316e+01
4.500342e+01
4.500369e+01
4.500399e+01
4.500428e+01
4.500448e+01
4.500457e+01
4.500454e+01
4.500440e+01
4.500413e+01
4.500373e+01
4.500322e+01
4.500266e+01
4.500211e+01
4.500162e+01
4.500123e+01
4.500093e+01
4.500073e+01
4.500060e+01
4.500053e+01
4.500049e+01
4.500048e+01
4.500048e+01
4.500048e+01
4.500048e+01
4.500048e+01
4.500048e+01
4.500048e+01
4.500048e+01
4.500047e+01
4.500047e+01

4.500047e+01
4.500047e+01
4.500048e+01
4.500048e+01
4.500048e+01
4.500048e+01
4.500048e+01
4.500048e+01
4.500048e+01
4.500050e+01
4.500053e+01
4.500059e+01
4.500070e+01
4.500089e+01
4.500116e+01
4.500154e+01
4.500202e+01
4.500257e+01
4.500310e+01
4.500352e+01
4.500373e+01
4.500367e+01
4.500331e+01
4.500269e+01
4.500177e+01
4.500039e+01
4.499848e+01
4.499599e+01
4.499301e+01
4.498985e+01
4.498697e+01
4.498490e+01
4.498406e+01
4.498453e+01
4.498615e+01
4.498854e+01
4.499124e+01
4.499390e+01
4.499628e+01
4.499825e+01
4.499976e+01
4.500086e+01
4.500162e+01
4.500215e+01
4.500249e+01
4.500260e+01
4.500250e+01
4.500223e+01
4.500187e+01
4.500150e+01
4.500116e+01
4.500090e+01
4.500071e+01
4.500059e+01
4.500052e+01
4.500049e+01
4.500048e+01
4.500048e+01
4.500048e+01
4.500048e+01
4.500048e+01
4.500048e+01
4.500048e+01
4.500048e+01
4.500047e+01
4.500047e+01

4.500047e+01
4.500047e+01
4.500048e+01
4.500048e+01
4.500048e+01
4.500048e+01
4.500048e+01
4.500048e+01
4.500048e+01
4.500050e+01
4.500053e+01
4.500059e+01
4.500070e+01
4.500087e+01
4.500113e+01
4.500147e+01
4.500187e+01
4.500228e+01
4.500260e+01
4.500271e+01
4.500251e+01
4.500194e+01
4.500102e+01
4.499982e+01
4.499824e+01
4.499609e+01
4.499324e+01
4.498965e+01
4.498542e+01
4.498088e+01
4.497661e+01
4.497335e+01
4.497172e+01
4.497203e+01
4.497417e+01
4.497764e+01
4.498176e+01
4.498593e+01
4.498971e+01
4.499288e+01
4.499541e+01
4.499734e+01
4.499878e+01
4.499990e+01
4.500080e+01
4.500141e+01
4.500172e+01
4.500175e+01
4.500160e+01
4.500135e+01
4.500109e+01
4.500086e+01
4.500070e+01
4.500059e+01
4.500052e+01
4.500049e+01
4.500048e+01
4.500048e+01
4.500048e+01
4.500048e+01
4.500048e+01
4.500048e+01
4.500048e+01
4.500048e+01
4.500047e+01
4.500047e+01

4.500047e+01
4.500047e+01
4.500048e+01
4.500048e+01
4.500048e+01
4.500048e+01
4.500048e+01
4.500048e+01
4.500048e+01
4.500050e+01
4.500052e+01
4.500058e+01
4.500069e+01
4.500085e+01
4.500109e+01
4.500138e+01
4.500170e+01
4.500197e+01
4.500207e+01
4.500187e+01
4.500128e+01
4.500027e+01
4.499888e+01
4.499723e+01
4.499519e+01
4.499252e+01
4.498914e+01
4.498502e+01
4.498030e+01
4.497534e+01
4.497071e+01
4.496712e+01
4.496524e+01
4.496542e+01
4.496758e+01
4.497125e+01
4.497577e+01
4.498047e+01
4.498486e+01
4.498867e+01
4.499181e+01
4.499430e+01
4.499622e+01
4.499781e+01
4.499918e+01
4.500023e+01
4.500091e+01
4.500124e+01
4.500130e+01
4.500119e+01
4.500100e+01
4.500082e+01
4.500068e+01
4.500058e+01
4.500052e+01
4.500049e+01
4.500048e+01
4.500048e+01
4.500048e+01
4.500048e+01
4.500048e+01
4.500048e+01
4.500048e+01
4.500048e+01
4.500047e+01
4.500047e+01

4.500047e+01
4.500047e+01
4.500048e+01
4.500048e+01
4.500048e+01
4.500048e+01
4.500048e+01
4.500048e+01
4.500048e+01
4.500049e+01
4.500052e+01
4.500058e+01
4.500068e+01
4.500083e+01
4.500104e+01
4.500129e+01
4.500152e+01
4.500164e+01
4.500152e+01
4.500104e+01
4.500012e+01
4.499875e+01
4.499702e+01
4.499507e+01
4.499276e+01
4.498986e+01
4.498630e+01
4.498213e+01
4.497751e+01
4.497277e+01
4.496844e+01
4.496512e+01
4.496335e+01
4.496343e+01
4.496531e+01
4.496864e+01
4.497286e+01
4.497740e+01
4.498180e+01
4.498575e+01
4.498912e+01
4.499188e+01
4.499410e+01
4.499600e+01
4.499771e+01
4.499911e+01
4.500012e+01
4.500072e+01
4.500098e+01
4.500101e+01
4.500091e+01
4.500078e+01
4.500066e+01
4.500057e+01
4.500051e+01
4.500049e+01
4.500048e+01
4.500048e+01
4.500048e+01
4.500048e+01
4.500048e+01
4.500048e+01
4.500048e+01
4.500048e+01
4.500047e+01
4.500047e+01

4.500047e+01
4.500047e+01
4.500048e+01
4.500048e+01
4.500048e+01
4.500048e+01
4.500048e+01
4.500048e+01
4.500048e+01
4.500049e+01
4.500052e+01
4.500057e+01
4.500067e+01
4.500081e+01
4.500099e+01
4.500118e+01
4.500132e+01
4.500130e+01
4.500099e+01
4.500026e+01
4.499906e+01
4.499743e+01
4.499549e+01
4.499339e+01
4.499099e+01
4.498807e+01
4.498462e+01
4.498070e+01
4.497649e+01
4.497230e+01
4.496855e+01
4.496571e+01
4.496418e+01
4.496419e+01
4.496573e+01
4.496852e+01
4.497217e+01
4.497621e+01
4.498025e+01
4.498401e+01
4.498732e+01
4.499013e+01
4.499246e+01
4.499452e+01
4.499645e+01
4.499811e+01
4.499937e+01
4.500021e+01
4.500067e+01
4.500083e+01
4.500082e+01
4.500073e+01
4.500063e+01
4.500056e+01
4.500051e+01
4.500048e+01
4.500048e+01
4.500048e+01
4.500048e+01
4.500048e+01
4.500048e+01
4.500048e+01
4.500048e+01
4.500048e+01
4.500047e+01
4.500047e+01

4.500047e+01
4.500047e+01
4.500048e+01
4.500048e+01
4.500048e+01
4.500048e+01
4.500048e+01
4.500048e+01
4.500048e+01
4.500049e+01
4.500052e+01
4.500057e+01
4.500065e+01
4.500078e+01
4.500093e+01
4.500106e+01
4.500110e+01
4.500093e+01
4.500041e+01
4.499945e+01
4.499804e+01
4.499623e+01
4.499419e+01
4.499206e+01
4.498972e+01
4.498696e+01
4.498381e+01
4.498036e+01
4.497676e+01
4.497328e+01
4.497023e+01
4.496795e+01
4.496672e+01
4.496670e+01
4.496787e+01
4.497007e+01
4.497302e+01
4.497638e+01
4.497985e+01
4.498318e+01
4.498623e+01
4.498890e+01
4.499118e+01
4.499328e+01
4.499531e+01
4.499714e+01
4.499862e+01
4.499967e+01
4.500031e+01
4.500062e+01
4.500070e+01
4.500067e+01
4.500061e+01
4.500054e+01
4.500050e+01
4.500048e+01
4.500047e+01
4.500048e+01
4.500048e+01
4.500048e+01
4.500048e+01
4.500048e+01
4.500048e+01
4.500048e+01
4.500047e+01
4.500047e+01

4.500047e+01
4.500047e+01
4.500048e+01
4.500048e+01
4.500048e+01
4.500048e+01
4.500048e+01
4.500048e+01
4.500048e+01
4.500049e+01
4.500052e+01
4.500056e+01
4.500064e+01
4.500074e+01
4.500084e+01
4.500090e+01
4.500082e+01
4.500048e+01
4.499975e+01
4.499859e+01
4.499702e+01
4.499514e+01
4.499311e+01
4.499110e+01
4.498897e+01
4.498655e+01
4.498389e+01
4.498107e+01
4.497823e+01
4.497556e+01
4.497327e+01
4.497159e+01
4.497068e+01
4.497063e+01
4.497146e+01
4.497305e+01
4.497524e+01
4.497781e+01
4.498055e+01
4.498328e+01
4.498586e+01
4.498821e+01
4.499030e+01
4.499229e+01
4.499430e+01
4.499620e+01
4.499782e+01
4.499906e+01
4.499989e+01
4.500035e+01
4.500055e+01
4.500059e+01
4.500057e+01
4.500053e+01
4.500050e+01
4.500048e+01
4.500047e+01
4.500048e+01
4.500048e+01
4.500048e+01
4.500048e+01
4.500048e+01
4.500048e+01
4.500048e+01
4.500047e+01
4.500047e+01

4.500047e+01
4.500047e+01
4.500048e+01
4.500048e+01
4.500048e+01
4.500048e+01
4.500048e+01
4.500048e+01
4.500048e+01
4.500049e+01
4.500051e+01
4.500055e+01
4.500061e+01
4.500068e+01
4.500074e+01
4.500070e+01
4.500048e+01
4.499996e+01
4.499906e+01
4.499776e+01
4.499613e+01
4.499432e+01
4.499247e+01
4.499071e+01
4.498893e+01
4.498698e+01
4.498492e+01
4.498281e+01
4.498076e+01
4.497888e+01
4.497731e+01
4.497617e+01
4.497554e+01
4.497550e+01
4.497603e+01
4.497708e+01
4.497856e+01
4.498035e+01
4.498233e+01
4.498436e+01
4.498637e+01
4.498826e+01
4.499001e+01
4.499174e+01
4.499358e+01
4.499541e+01
4.499707e+01
4.499843e+01
4.499942e+01
4.500004e+01
4.500036e+01
4.500049e+01
4.500052e+01
4.500050e+01
4.500048e+01
4.500047e+01
4.500047e+01
4.500047e+01
4.500048e+01
4.500048e+01
4.500048e+01
4.500048e+01
4.500048e+01
4.500048e+01
4.500047e+01
4.500047e+01

4.500047e+01
4.500047e+01
4.500048e+01
4.500048e+01
4.500048e+01
4.500048e+01
4.500048e+01
4.500048e+01
4.500048e+01
4.500049e+01
4.500050e+01
4.500053e+01
4.500058e+01
4.500061e+01
4.500060e+01
4.500046e+01
4.500010e+01
4.499942e+01
4.499840e+01
4.499707e+01
4.499553e+01
4.499393e+01
4.499239e+01
4.499099e+01
4.498964e+01
4.498822e+01
4.498676e+01
4.498533e+01
4.498397e+01
4.498276e+01
4.498177e+01
4.498106e+01
4.498067e+01
4.498063e+01
4.498094e+01
4.498157e+01
4.498249e+01
4.498363e+01
4.498492e+01
4.498630e+01
4.498771e+01
4.498909e+01
4.499041e+01
4.499179e+01
4.499332e+01
4.499492e+01
4.499647e+01
4.499785e+01
4.499894e+01
4.499969e+01
4.500014e+01
4.500036e+01
4.500045e+01
4.500047e+01
4.500047e+01
4.500047e+01
4.500047e+01
4.500047e+01
4.500048e+01
4.500048e+01
4.500048e+01
4.500048e+01
4.500048e+01
4.500048e+01
4.500047e+01
4.500047e+01

4.500047e+01
4.500047e+01
4.500048e+01
4.500048e+01
4.500048e+01
4.500048e+01
4.500048e+01
4.500048e+01
4.500048e+01
4.500048e+01
4.500049e+01
4.500051e+01
4.500053e+01
4.500052e+01
4.500043e+01
4.500018e+01
4.499969e+01
4.499892e+01
4.499788e+01
4.499665e+01
4.499534e+01
4.499406e+01
4.499291e+01
4.499190e+01
4.499097e+01
4.499003e+01
4.498910e+01
4.498821e+01
4.498739e+01
4.498667e+01
4.498610e+01
4.498569e+01
4.498546e+01
4.498543e+01
4.498559e+01
4.498594e+01
4.498646e+01
4.498712e+01
4.498789e+01
4.498874e+01
4.498964e+01
4.499055e+01
4.499145e+01
4.499243e+01
4.499357e+01
4.499484e+01
4.499616e+01
4.499741e+01
4.499850e+01
4.499933e+01
4.499989e+01
4.500021e+01
4.500036e+01
4.500043e+01
4.500045e+01
4.500046e+01
4.500046e+01
4.500047e+01
4.500048e+01
4.500048e+01
4.500048e+01
4.500048e+01
4.500048e+01
4.500048e+01
4.500047e+01
4.500047e+01

4.500047e+01
4.500047e+01
4.500048e+01
4.500048e+01
4.500048e+01
4.500048e+01
4.500048e+01
4.500048e+01
4.500048e+01
4.500048e+01
4.500048e+01
4.500048e+01
4.500047e+01
4.500040e+01
4.500023e+01
4.499989e+01
4.499932e+01
4.499854e+01
4.499759e+01
4.499657e+01
4.499557e+01
4.499466e+01
4.499388e+01
4.499323e+01
4.499265e+01
4.499208e+01
4.499154e+01
4.499103e+01
4.499057e+01
4.499018e+01
4.498987e+01
4.498965e+01
4.498952e+01
4.498950e+01
4.498958e+01
4.498976e+01
4.499003e+01
4.499039e+01
4.499081e+01
4.499128e+01
4.499180e+01
4.499235e+01
4.499290e+01
4.499353e+01
4.499430e+01
4.499519e+01
4.499619e+01
4.499722e+01
4.499819e+01
4.499901e+01
4.499963e+01
4.500003e+01
4.500026e+01
4.500037e+01
4.500042e+01
4.500045e+01
4.500046e+01
4.500047e+01
4.500048e+01
4.500048e+01
4.500048e+01
4.500048e+01
4.500048e+01
4.500048e+01
4.500047e+01
4.500047e+01

4.500047e+01
4.500047e+01
4.500047e+01
4.500048e+01
4.500048e+01
4.500048e+01
4.500048e+01
4.500048e+01
4.500047e+01
4.500047e+01
4.500046e+01
4.500045e+01
4.500039e+01
4.500027e+01
4.500003e+01
4.499963e+01
4.499905e+01
4.499835e+01
4.499758e+01
4.499683e+01
4.499615e+01
4.499557e+01
4.499509e+01
4.499471e+01
4.499438e+01
4.499406e+01
4.499377e+01
4.499349e+01
4.499326e+01
4.499306e+01
4.499290e+01
4.499278e+01
4.499272e+01
4.499271e+01
4.499274e+01
4.499283e+01
4.499296e+01
4.499314e+01
4.499335e+01
4.499360e+01
4.499388e+01
4.499417e+01
4.499449e+01
4.499485e+01
4.499531e+01
4.499588e+01
4.499655e+01
4.499731e+01
4.499808e+01
4.499880e+01
4.499941e+01
4.499985e+01
4.500014e+01
4.500030e+01
4.500039e+01
4.500043e+01
4.500045e+01
4.500047e+01
4.500048e+01
4.500048e+01
4.500048e+01
4.500048e+01
4.500048e+01
4.500048e+01
4.500047e+01
4.500047e+01

4.500047e+01
4.500047e+01
4.500047e+01
4.500048e+01
4.500048e+01
4.500048e+01
4.500048e+01
4.500048e+01
4.500047e+01
4.500046e+01
4.500044e+01
4.500040e+01
4.500031e+01
4.500014e+01
4.499985e+01
4.499944e+01
4.499893e+01
4.499837e+01
4.499783e+01
4.499733e+01
4.499691e+01
4.499658e+01
4.499631e+01
4.499610e+01
4.499593e+01
4.499576e+01
4.499561e+01
4.499548e+01
4.499536e+01
4.499526e+01
4.499518e+01
4.499513e+01
4.499510e+01
4.499509e+01
4.499510e+01
4.499514e+01
4.499520e+01
4.499529e+01
4.499539e+01
4.499551e+01
4.499565e+01
4.499580e+01
4.499596e+01
4.499616e+01
4.499641e+01
4.499674e+01
4.499715e+01
4.499763e+01
4.499818e+01
4.499874e+01
4.499927e+01
4.499970e+01
4.500002e+01
4.500023e+01
4.500034e+01
4.500041e+01
4.500044e+01
4.500046e+01
4.500047e+01
4.500048e+01
4.500048e+01
4.500048e+01
4.500048e+01
4.500048e+01
4.500047e+01
4.500047e+01

4.500047e+01
4.500047e+01
4.500047e+01
4.500048e+01
4.500048e+01
4.500048e+01
4.500048e+01
4.500047e+01
4.500046e+01
4.500044e+01
4.500041e+01
4.500034e+01
4.500022e+01
4.500002e+01
4.499973e+01
4.499937e+01
4.499897e+01
4.499858e+01
4.499823e+01
4.499794e+01
4.499771e+01
4.499753e+01
4.499739e+01
4.499728e+01
4.499720e+01
4.499712e+01
4.499704e+01
4.499698e+01
4.499692e+01
4.499688e+01
4.499684e+01
4.499681e+01
4.499680e+01
4.499679e+01
4.499680e+01
4.499682e+01
4.499684e+01
4.499688e+01
4.499693e+01
4.499698e+01
4.499705e+01
4.499712e+01
4.499720e+01
4.499730e+01
4.499743e+01
4.499760e+01
4.499782e+01
4.499811e+01
4.499845e+01
4.499884e+01
4.499924e+01
4.499961e+01
4.499992e+01
4.500015e+01
4.500029e+01
4.500038e+01
4.500043e+01
4.500046e+01
4.500047e+01
4.500048e+01
4.500048e+01
4.500048e+01
4.500048e+01
4.500048e+01
4.500047e+01
4.500047e+01

4.500047e+01
4.500047e+01
4.500047e+01
4.500048e+01
4.500048e+01
4.500048e+01
4.500048e+01
4.500047e+01
4.500045e+01
4.500043e+01
4.500038e+01
4.500029e+01
4.500014e+01
4.499994e+01
4.499969e+01
4.499941e+01
4.499914e+01
4.499890e+01
4.499870e+01
4.499854e+01
4.499842e+01
4.499833e+01
4.499826e+01
4.499821e+01
4.499817e+01
4.499813e+01
4.499810e+01
4.499807e+01
4.499804e+01
4.499802e+01
4.499800e+01
4.499799e+01
4.499798e+01
4.499798e+01
4.499798e+01
4.499799e+01
4.499800e+01
4.499802e+01
4.499804e+01
4.499806e+01
4.499809e+01
4.499813e+01
4.499816e+01
4.499821e+01
4.499827e+01
4.499836e+01
4.499847e+01
4.499862e+01
4.499882e+01
4.499905e+01
4.499932e+01
4.499961e+01
4.499987e+01
4.500009e+01
4.500024e+01
4.500035e+01
4.500041e+01
4.500045e+01
4.500047e+01
4.500048e+01
4.500048e+01
4.500048e+01
4.500048e+01
4.500048e+01
4.500047e+01
4.500047e+01

4.500047e+01
4.500047e+01
4.500047e+01
4.500048e+01
4.500048e+01
4.500048e+01
4.500048e+01
4.500047e+01
4.500044e+01
4.500041e+01
4.500034e+01
4.500024e+01
4.500010e+01
4.499992e+01
4.499973e+01
4.499954e+01
4.499938e+01
4.499924e+01
4.499914e+01
4.499906e+01
4.499900e+01
4.499896e+01
4.499892e+01
4.499890e+01
4.499888e+01
4.499886e+01
4.499885e+01
4.499883e+01
4.499882e+01
4.499881e+01
4.499881e+01
4.499880e+01
4.499880e+01
4.499879e+01
4.499880e+01
4.499880e+01
4.499880e+01
4.499881e+01
4.499882e+01
4.499883e+01
4.499884e+01
4.499886e+01
4.499888e+01
4.499890e+01
4.499892e+01
4.499896e+01
4.499902e+01
4.499910e+01
4.499920e+01
4.499933e+01
4.499949e+01
4.499968e+01
4.499987e+01
4.500006e+01
4.500021e+01
4.500032e+01
4.500039e+01
4.500044e+01
4.500046e+01
4.500048e+01
4.500048e+01
4.500048e+01
4.500048e+01
4.500048e+01
4.500047e+01
4.500047e+01

4.500047e+01
4.500047e+01
4.500047e+01
4.500048e+01
4.500048e+01
4.500048e+01
4.500047e+01
4.500046e+01
4.500043e+01
4.500039e+01
4.500032e+01
4.500022e+01
4.500010e+01
4.499996e+01
4.499984e+01
4.499972e+01
4.499963e+01
4.499956e+01
4.499951e+01
4.499947e+01
4.499944e+01
4.499942e+01
4.499941e+01
4.499940e+01
4.499939e+01
4.499938e+01
4.499938e+01
4.499937e+01
4.499936e+01
4.499936e+01
4.499936e+01
4.499935e+01
4.499935e+01
4.499935e+01
4.499935e+01
4.499935e+01
4.499935e+01
4.499936e+01
4.499936e+01
4.499937e+01
4.499937e+01
4.499938e+01
4.499939e+01
4.499940e+01
4.499941e+01
4.499943e+01
4.499945e+01
4.499949e+01
4.499954e+01
4.499961e+01
4.499969e+01
4.499981e+01
4.499993e+01
4.500007e+01
4.500019e+01
4.500030e+01
4.500038e+01
4.500043e+01
4.500046e+01
4.500047e+01
4.500048e+01
4.500048e+01
4.500048e+01
4.500048e+01
4.500047e+01
4.500047e+01

4.500047e+01
4.500047e+01
4.500047e+01
4.500048e+01
4.500048e+01
4.500048e+01
4.500047e+01
4.500045e+01
4.500042e+01
4.500037e+01
4.500030e+01
4.500022e+01
4.500013e+01
4.500005e+01
4.499997e+01
4.499991e+01
4.499986e+01
4.499983e+01
4.499980e+01
4.499979e+01
4.499977e+01
4.499977e+01
4.499976e+01
4.499975e+01
4.499975e+01
4.499975e+01
4.499974e+01
4.499974e+01
4.499974e+01
4.499974e+01
4.499974e+01
4.499973e+01
4.499973e+01
4.499973e+01
4.499973e+01
4.499973e+01
4.499973e+01
4.499974e+01
4.499974e+01
4.499974e+01
4.499974e+01
4.499974e+01
4.499975e+01
4.499975e+01
4.499976e+01
4.499977e+01
4.499978e+01
4.499979e+01
4.499982e+01
4.499985e+01
4.499990e+01
4.499995e+01
4.500003e+01
4.500012e+01
4.500021e+01
4.500029e+01
4.500037e+01
4.500042e+01
4.500045e+01
4.500047e+01
4.500048e+01
4.500048e+01
4.500048e+01
4.500048e+01
4.500047e+01
4.500047e+01

4.500047e+01
4.500047e+01
4.500047e+01
4.500048e+01
4.500048e+01
4.500048e+01
4.500047e+01
4.500045e+01
4.500041e+01
4.500037e+01
4.500031e+01
4.500025e+01
4.500020e+01
4.500015e+01
4.500011e+01
4.500008e+01
4.500005e+01
4.500004e+01
4.500003e+01
4.500002e+01
4.500001e+01
4.500001e+01
4.500001e+01
4.500000e+01
4.500000e+01
4.500000e+01
4.500000e+01
4.500000e+01
4.500000e+01
4.500000e+01
4.500000e+01
4.499999e+01
4.499999e+01
4.499999e+01
4.499999e+01
4.499999e+01
4.499999e+01
4.500000e+01
4.500000e+01
4.500000e+01
4.500000e+01
4.500000e+01
4.500000e+01
4.500000e+01
4.500001e+01
4.500001e+01
4.500001e+01
4.500002e+01
4.500003e+01
4.500005e+01
4.500007e+01
4.500010e+01
4.500014e+01
4.500019e+01
4.500025e+01
4.500031e+01
4.500037e+01
4.500041e+01
4.500045e+01
4.500047e+01
4.500048e+01
4.500048e+01
4.500048e+01
4.500048e+01
4.500047e+01
4.500047e+01

4.500047e+01
4.500047e+01
4.500047e+01
4.500048e+01
4.500048e+01
4.500047e+01
4.500046e+01
4.500044e+01
4.500041e+01
4.500038e+01
4.500034e+01
4.500030e+01
4.500027e+01
4.500024e+01
4.500022e+01
4.500021e+01
4.500020e+01
4.500019e+01
4.500019e+01
4.500018e+01
4.500018e+01
4.500018e+01
4.500018e+01
4.500018e+01
4.500018e+01
4.500017e+01
4.500017e+01
4.500017e+01
4.500017e+01
4.500017e+01
4.500017e+01
4.500017e+01
4.500017e+01
4.500017e+01
4.500017e+01
4.500017e+01
4.500017e+01
4.500017e+01
4.500017e+01
4.500017e+01
4.500017e+01
4.500017e+01
4.500018e+01
4.500018e+01
4.500018e+01
4.500018e+01
4.500018e+01
4.500018e+01
4.500019e+01
4.500020e+01
4.500021e+01
4.500022e+01
4.500024e+01
4.500026e+01
4.500030e+01
4.500034e+01
4.500038e+01
4.500041e+01
4.500044e+01
4.500046e+01
4.500047e+01
4.500048e+01
4.500048e+01
4.500047e+01
4.500047e+01
4.500047e+01

4.500047e+01
4.500047e+01
4.500047e+01
4.500048e+01
4.500048e+01
4.500047e+01
4.500046e+01
4.500044e+01
4.500042e+01
4.500040e+01
4.500037e+01
4.500035e+01
4.500034e+01
4.500032e+01
4.500031e+01
4.500031e+01
4.500030e+01
4.500030e+01
4.500030e+01
4.500030e+01
4.500030e+01
4.500030e+01
4.500029e+01
4.500029e+01
4.500029e+01
4.500029e+01
4.500029e+01
4.500029e+01
4.500029e+01
4.500029e+01
4.500029e+01
4.500029e+01
4.500029e+01
4.500029e+01
4.500029e+01
4.500029e+01
4.500029e+01
4.500029e+01
4.500029e+01
4.500029e+01
4.500029e+01
4.500029e+01
4.500029e+01
4.500029e+01
4.500030e+01
4.500030e+01
4.500030e+01
4.500030e+01
4.500030e+01
4.500030e+01
4.500031e+01
4.500031e+01
4.500032e+01
4.500033e+01
4.500035e+01
4.500037e+01
4.500040e+01
4.500042e+01
4.500045e+01
4.500046e+01
4.500047e+01
4.500048e+01
4.500048e+01
4.500047e+01
4.500047e+01
4.500047e+01

4.500047e+01
4.500047e+01
4.500047e+01
4.500047e+01
4.500047e+01
4.500047e+01
4.500046e+01
4.500045e+01
4.500043e+01
4.500042e+01
4.500041e+01
4.500040e+01
4.500039e+01
4.500038e+01
4.500038e+01
4.500038e+01
4.500038e+01
4.500038e+01
4.500037e+01
4.500037e+01
4.500037e+01
4.500037e+01
4.500037e+01
4.500037e+01
4.500037e+01
4.500037e+01
4.500037e+01
4.500037e+01
4.500037e+01
4.500037e+01
4.500037e+01
4.500037e+01
4.500037e+01
4.500037e+01
4.500037e+01
4.500037e+01
4.500037e+01
4.500037e+01
4.500037e+01
4.500037e+01
4.500037e+01
4.500037e+01
4.500037e+01
4.500037e+01
4.500037e+01
4.500037e+01
4.500037e+01
4.500037e+01
4.500038e+01
4.500038e+01
4.500038e+01
4.500038e+01
4.500038e+01
4.500039e+01
4.500040e+01
4.500041e+01
4.500042e+01
4.500044e+01
4.500045e+01
4.500046e+01
4.500047e+01
4.500048e+01
4.500048e+01
4.500047e+01
4.500047e+01
4.500047e+01

4.500047e+01
4.500047e+01
4.500047e+01
4.500047e+01
4.500047e+01
4.500047e+01
4.500046e+01
4.500046e+01
4.500045e+01
4.500044e+01
4.500044e+01
4.500043e+01
4.500043e+01
4.500043e+01
4.500043e+01
4.500042e+01
4.500042e+01
4.500042e+01
4.500042e+01
4.500042e+01
4.500042e+01
4.500042e+01
4.500042e+01
4.500042e+01
4.500042e+01
4.500042e+01
4.500042e+01
4.500042e+01
4.500042e+01
4.500042e+01
4.500042e+01
4.500042e+01
4.500042e+01
4.500042e+01
4.500042e+01
4.500042e+01
4.500042e+01
4.500042e+01
4.500042e+01
4.500042e+01
4.500042e+01
4.500042e+01
4.500042e+01
4.500042e+01
4.500042e+01
4.500042e+01
4.500042e+01
4.500042e+01
4.500042e+01
4.500042e+01
4.500042e+01
4.500043e+01
4.500043e+01
4.500043e+01
4.500043e+01
4.500044e+01
4.500044e+01
4.500045e+01
4.500046e+01
4.500046e+01
4.500047e+01
4.500047e+01
4.500047e+01
4.500047e+01
4.500047e+01
4.500047e+01

4.500047e+01
4.500047e+01
4.500047e+01
4.500047e+01
4.500047e+01
4.500047e+01
4.500047e+01
4.500046e+01
4.500046e+01
4.500046e+01
4.500046e+01
4.500045e+01
4.500045e+01
4.500045e+01
4.500045e+01
4.500045e+01
4.500045e+01
4.500045e+01
4.500045e+01
4.500045e+01
4.500045e+01
4.500045e+01
4.500045e+01
4.500045e+01
4.500045e+01
4.500045e+01
4.500045e+01
4.500045e+01
4.500045e+01
4.500045e+01
4.500045e+01
4.500045e+01
4.500045e+01
4.500045e+01
4.500045e+01
4.500045e+01
4.500045e+01
4.500045e+01
4.500045e+01
4.500045e+01
4.500045e+01
4.500045e+01
4.500045e+01
4.500045e+01
4.500045e+01
4.500045e+01
4.500045e+01
4.500045e+01
4.500045e+01
4.500045e+01
4.500045e+01
4.500045e+01
4.500045e+01
4.500045e+01
4.500045e+01
4.500046e+01
4.500046e+01
4.500046e+01
4.500046e+01
4.500047e+01
4.500047e+01
4.500047e+01
4.500047e+01
4.500047e+01
4.500047e+01
4.500047e+01

4.500047e+01
4.500047e+01
4.500047e+01
4.500047e+01
4.500047e+01
4.500047e+01
4.500047e+01
4.500047e+01
4.500047e+01
4.500047e+01
4.500047e+01
4.500047e+01
4.500047e+01
4.500046e+01
4.500046e+01
4.500046e+01
4.500046e+01
4.500046e+01
4.500046e+01
4.500046e+01
4.500046e+01
4.500046e+01
4.500046e+01
4.500046e+01
4.500046e+01
4.500046e+01
4.500046e+01
4.500046e+01
4.500046e+01
4.500046e+01
4.500046e+01
4.500046e+01
4.500046e+01
4.500046e+01
4.500046e+01
4.500046e+01
4.500046e+01
4.500046e+01
4.500046e+01
4.500046e+01
4.500046e+01
4.500046e+01
4.500046e+01
4.500046e+01
4.500046e+01
4.500046e+01
4.500046e+01
4.500046e+01
4.500046e+01
4.500046e+01
4.500046e+01
4.500047e+01
4.500047e+01
4.500047e+01
4.500047e+01
4.500047e+01
4.500047e+01
4.500047e+01
4.500047e+01
4.500047e+01
4.500047e+01
4.500047e+01
4.500047e+01
4.500047e+01
4.500047e+01
4.500047e+01

4.500047e+01
4.500047e+01
4.500047e+01
4.500047e+01
4.500047e+01
4.500047e+01
4.500047e+01
4.500047e+01
4.500047e+01
4.500047e+01
4.500047e+01
4.500047e+01
4.500047e+01
4.500047e+01
4.500047e+01
4.500047e+01
4.500047e+01
4.500047e+01
4.500047e+01
4.500047e+01
4.500047e+01
4.500047e+01
4.500047e+01
4.500047e+01
4.500047e+01
4.500047e+01
4.500047e+01
4.500047e+01
4.500047e+01
4.500047e+01
4.500047e+01
4.500047e+01
4.500047e+01
4.500047e+01
4.500047e+01
4.500047e+01
4.500047e+01
4.500047e+01
4.500047e+01
4.500047e+01
4.500047e+01
4.500047e+01
4.500047e+01
4.500047e+01
4.500047e+01
4.500047e+01
4.500047e+01
4.500047e+01
4.500047e+01
4.500047e+01
4.500047e+01
4.500047e+01
4.500047e+01
4.500047e+01
4.500047e+01
4.500047e+01
4.500047e+01
4.500047e+01
4.500047e+01
4.500047e+01
4.500047e+01
4.500047e+01
4.500047e+01
4.500047e+01
4.500047e+01
4.500047e+01

4.500047e+01
4.500047e+01
4.500047e+01
4.500047e+01
4.500047e+01
4.500047e+01
4.500047e+01
4.500047e+01
4.500047e+01
4.500047e+01
4.500047e+01
4.500047e+01
4.500047e+01
4.500047e+01
4.500047e+01
4.500047e+01
4.500047e+01
4.500047e+01
4.500047e+01
4.500047e+01
4.500047e+01
4.500047e+01
4.500047e+01
4.500047e+01
4.500047e+01
4.500047e+01
4.500047e+01
4.500047e+01
4.500047e+01
4.500047e+01
4.500047e+01
4.500047e+01
4.500047e+01
4.500047e+01
4.500047e+01
4.500047e+01
4.500047e+01
4.500047e+01
4.500047e+01
4.500047e+01
4.500047e+01
4.500047e+01
4.500047e+01
4.500047e+01
4.500047e+01
4.500047e+01
4.500047e+01
4.500047e+01
4.500047e+01
4.500047e+01
4.500047e+01
4.500047e+01
4.500047e+01
4.500047e+01
4.500047e+01
4.500047e+01
4.500047e+01
4.500047e+01
4.500047e+01
4.500047e+01
4.500047e+01
4.500047e+01
4.500047e+01
4.500047e+01
4.500047e+01
4.500047e+01

4.500047e+01
4.500047e+01
4.500047e+01
4.500047e+01
4.500047e+01
4.500047e+01
4.500047e+01
4.500047e+01
4.500047e+01
4.500047e+01
4.500047e+01
4.500047e+01
4.500047e+01
4.500047e+01
4.500047e+01
4.500047e+01
4.500047e+01
4.500047e+01
4.500047e+01
4.500047e+01
4.500047e+01
4.500047e+01
4.500047e+01
4.500047e+01
4.500047e+01
4.500047e+01
4.500047e+01
4.500047e+01
4.500047e+01
4.500047e+01
4.500047e+01
4.500047e+01
4.500047e+01
4.500047e+01
4.500047e+01
4.500047e+01
4.500047e+01
4.500047e+01
4.500047e+01
4.500047e+01
4.500047e+01
4.500047e+01
4.500047e+01
4.500047e+01
4.500047e+01
4.500047e+01
4.500047e+01
4.500047e+01
4.500047e+01
4.500047e+01
4.500047e+01
4.500047e+01
4.500047e+01
4.500047e+01
4.500047e+01
4.500047e+01
4.500047e+01
4.500047e+01
4.500047e+01
4.500047e+01
4.500047e+01
4.500047e+01
4.500047e+01
4.500047e+01
4.500047e+01
4.500047e+01

