1.000000e+02 
1.000000e+02 
1.000000e+02 
1.000000e+02 
1.000000e+02 
1.000000e+02 
1.000000e+02 
1.000000e+02 
1.000000e+02 
1.000000e+02 
1.000000e+02 
1.000000e+02 
1.000000e+02 
1.000000e+02 
1.000000e+02 
1.000000e+02 
1.000000e+02 
1.000000e+02 
1.000000e+02 
1.000000e+02 
1.000000e+02 
1.000000e+02 
1.000000e+02 
1.000000e+02 
1.000000e+02 
1.000000e+02 
1.000000e+02 
1.000000e+02 
1.000000e+02 
1.000000e+02 
1.000000e+02 
1.000000e+02 
1.000000e+02 
1.000000e+02 
1.000000e+02 
1.000000e+02 
1.000000e+02 
1.000000e+02 
1.000000e+02 
1.000000e+02 
1.000000e+02 
1.000000e+02 
1.000000e+02 
1.000000e+02 
1.000000e+02 
1.000000e+02 
1.000000e+02 
1.000000e+02 
1.000000e+02 
1.000000e+02 
1.000000e+02 
1.000000e+02 
1.000000e+02 
1.000000e+02 
1.000000e+02 
1.000000e+02 
1.000000e+02 
1.000000e+02 
1.000000e+02 
1.000000e+02 
1.000000e+02 
1.000000e+02 
1.000000e+02 
1.000000e+02 
1.000000e+02 
1.000000e+02 

1.000000e+02 
1.000000e+02 
1.000000e+02 
1.000000e+02 
1.000000e+02 
1.000000e+02 
1.000000e+02 
1.000000e+02 
1.000000e+02 
1.000000e+02 
1.000000e+02 
1.000000e+02 
1.000000e+02 
1.000000e+02 
1.000000e+02 
1.000000e+02 
1.000000e+02 
1.000000e+02 
1.000000e+02 
1.000000e+02 
1.000000e+02 
1.000000e+02 
1.000000e+02 
1.000000e+02 
1.000000e+02 
1.000000e+02 
1.000000e+02 
1.000000e+02 
1.000000e+02 
1.000000e+02 
1.000000e+02 
1.000000e+02 
1.000000e+02 
1.000000e+02 
1.000000e+02 
1.000000e+02 
1.000000e+02 
1.000000e+02 
1.000000e+02 
1.000000e+02 
1.000000e+02 
1.000000e+02 
1.000000e+02 
1.000000e+02 
1.000000e+02 
1.000000e+02 
1.000000e+02 
1.000000e+02 
1.000000e+02 
1.000000e+02 
1.000000e+02 
1.000000e+02 
1.000000e+02 
1.000000e+02 
1.000000e+02 
1.000000e+02 
1.000000e+02 
1.000000e+02 
1.000000e+02 
1.000000e+02 
1.000000e+02 
1.000000e+02 
1.000000e+02 
1.000000e+02 
1.000000e+02 
1.000000e+02 

1.000000e+02 
1.000000e+02 
1.000000e+02 
1.000000e+02 
1.000000e+02 
1.000000e+02 
1.000000e+02 
1.000000e+02 
1.000000e+02 
1.000000e+02 
1.000000e+02 
1.000000e+02 
1.000000e+02 
1.000000e+02 
9.999999e+01 
9.999999e+01 
9.999999e+01 
9.999999e+01 
9.999999e+01 
9.999999e+01 
9.999999e+01 
9.999999e+01 
9.999999e+01 
9.999999e+01 
9.999999e+01 
9.999999e+01 
9.999999e+01 
9.999999e+01 
9.999999e+01 
9.999999e+01 
9.999999e+01 
9.999999e+01 
9.999999e+01 
9.999999e+01 
9.999999e+01 
9.999999e+01 
9.999999e+01 
9.999999e+01 
9.999999e+01 
9.999999e+01 
9.999999e+01 
9.999999e+01 
9.999999e+01 
9.999999e+01 
9.999999e+01 
9.999999e+01 
9.999999e+01 
9.999999e+01 
9.999999e+01 
9.999999e+01 
1.000000e+02 
1.000000e+02 
1.000000e+02 
1.000000e+02 
1.000000e+02 
1.000000e+02 
1.000000e+02 
1.000000e+02 
1.000000e+02 
1.000000e+02 
1.000000e+02 
1.000000e+02 
1.000000e+02 
1.000000e+02 
1.000000e+02 
1.000000e+02 

1.000000e+02 
1.000000e+02 
1.000000e+02 
1.000000e+02 
1.000000e+02 
9.999999e+01 
9.999999e+01 
9.999999e+01 
9.999999e+01 
9.999998e+01 
9.999998e+01 
9.999998e+01 
9.999998e+01 
9.999998e+01 
9.999998e+01 
9.999998e+01 
9.999998e+01 
9.999998e+01 
9.999998e+01 
9.999998e+01 
9.999998e+01 
9.999998e+01 
9.999998e+01 
9.999998e+01 
9.999998e+01 
9.999998e+01 
9.999998e+01 
9.999998e+01 
9.999998e+01 
9.999998e+01 
9.999998e+01 
9.999998e+01 
9.999998e+01 
9.999998e+01 
9.999998e+01 
9.999998e+01 
9.999998e+01 
9.999998e+01 
9.999998e+01 
9.999998e+01 
9.999998e+01 
9.999998e+01 
9.999998e+01 
9.999998e+01 
9.999998e+01 
9.999998e+01 
9.999998e+01 
9.999998e+01 
9.999998e+01 
9.999998e+01 
9.999998e+01 
9.999998e+01 
9.999998e+01 
9.999998e+01 
9.999998e+01 
9.999998e+01 
9.999999e+01 
9.999999e+01 
9.999999e+01 
9.999999e+01 
9.999999e+01 
1.000000e+02 
1.000000e+02 
1.000000e+02 
1.000000e+02 
1.000000e+02 

1.000000e+02 
1.000000e+02 
1.000000e+02 
1.000000e+02 
9.999999e+01 
9.999999e+01 
9.999998e+01 
9.999998e+01 
9.999997e+01 
9.999996e+01 
9.999996e+01 
9.999996e+01 
9.999996e+01 
9.999996e+01 
9.999995e+01 
9.999995e+01 
9.999995e+01 
9.999995e+01 
9.999995e+01 
9.999995e+01 
9.999995e+01 
9.999995e+01 
9.999995e+01 
9.999995e+01 
9.999995e+01 
9.999995e+01 
9.999995e+01 
9.999995e+01 
9.999995e+01 
9.999995e+01 
9.999995e+01 
9.999995e+01 
9.999995e+01 
9.999995e+01 
9.999995e+01 
9.999995e+01 
9.999995e+01 
9.999995e+01 
9.999995e+01 
9.999995e+01 
9.999995e+01 
9.999995e+01 
9.999995e+01 
9.999995e+01 
9.999995e+01 
9.999995e+01 
9.999995e+01 
9.999995e+01 
9.999995e+01 
9.999995e+01 
9.999996e+01 
9.999996e+01 
9.999996e+01 
9.999996e+01 
9.999996e+01 
9.999996e+01 
9.999997e+01 
9.999997e+01 
9.999998e+01 
9.999998e+01 
9.999999e+01 
9.999999e+01 
1.000000e+02 
1.000000e+02 
1.000000e+02 
1.000000e+02 

1.000000e+02 
1.000000e+02 
1.000000e+02 
9.999999e+01 
9.999999e+01 
9.999998e+01 
9.999998e+01 
9.999996e+01 
9.999995e+01 
9.999994e+01 
9.999993e+01 
9.999992e+01 
9.999992e+01 
9.999991e+01 
9.999991e+01 
9.999991e+01 
9.999991e+01 
9.999991e+01 
9.999991e+01 
9.999991e+01 
9.999991e+01 
9.999991e+01 
9.999991e+01 
9.999991e+01 
9.999991e+01 
9.999991e+01 
9.999991e+01 
9.999990e+01 
9.999990e+01 
9.999990e+01 
9.999990e+01 
9.999990e+01 
9.999990e+01 
9.999990e+01 
9.999990e+01 
9.999991e+01 
9.999991e+01 
9.999991e+01 
9.999991e+01 
9.999991e+01 
9.999991e+01 
9.999991e+01 
9.999991e+01 
9.999991e+01 
9.999991e+01 
9.999991e+01 
9.999991e+01 
9.999991e+01 
9.999991e+01 
9.999991e+01 
9.999991e+01 
9.999991e+01 
9.999991e+01 
9.999992e+01 
9.999992e+01 
9.999993e+01 
9.999994e+01 
9.999995e+01 
9.999997e+01 
9.999998e+01 
9.999999e+01 
9.999999e+01 
1.000000e+02 
1.000000e+02 
1.000000e+02 
1.000000e+02 

1.000000e+02 
1.000000e+02 
1.000000e+02 
9.999999e+01 
9.999999e+01 
9.999998e+01 
9.999998e+01 
9.999996e+01 
9.999995e+01 
9.999992e+01 
9.999990e+01 
9.999988e+01 
9.999986e+01 
9.999985e+01 
9.999984e+01 
9.999984e+01 
9.999983e+01 
9.999983e+01 
9.999983e+01 
9.999983e+01 
9.999983e+01 
9.999983e+01 
9.999983e+01 
9.999983e+01 
9.999983e+01 
9.999983e+01 
9.999983e+01 
9.999983e+01 
9.999982e+01 
9.999982e+01 
9.999982e+01 
9.999982e+01 
9.999982e+01 
9.999982e+01 
9.999982e+01 
9.999982e+01 
9.999982e+01 
9.999983e+01 
9.999983e+01 
9.999983e+01 
9.999983e+01 
9.999983e+01 
9.999983e+01 
9.999983e+01 
9.999983e+01 
9.999983e+01 
9.999983e+01 
9.999983e+01 
9.999983e+01 
9.999983e+01 
9.999984e+01 
9.999985e+01 
9.999985e+01 
9.999987e+01 
9.999988e+01 
9.999990e+01 
9.999993e+01 
9.999995e+01 
9.999997e+01 
9.999998e+01 
9.999999e+01 
9.999999e+01 
9.999999e+01 
1.000000e+02 
1.000000e+02 
1.000000e+02 

1.000000e+02 
1.000000e+02 
1.000000e+02 
9.999999e+01 
9.999999e+01 
9.999999e+01 
9.999999e+01 
9.999999e+01 
9.999997e+01 
9.999994e+01 
9.999989e+01 
9.999985e+01 
9.999981e+01 
9.999977e+01 
9.999975e+01 
9.999973e+01 
9.999972e+01 
9.999971e+01 
9.999971e+01 
9.999970e+01 
9.999970e+01 
9.999970e+01 
9.999969e+01 
9.999969e+01 
9.999969e+01 
9.999969e+01 
9.999969e+01 
9.999969e+01 
9.999969e+01 
9.999969e+01 
9.999969e+01 
9.999969e+01 
9.999969e+01 
9.999969e+01 
9.999969e+01 
9.999969e+01 
9.999969e+01 
9.999969e+01 
9.999969e+01 
9.999969e+01 
9.999969e+01 
9.999969e+01 
9.999969e+01 
9.999969e+01 
9.999970e+01 
9.999970e+01 
9.999970e+01 
9.999970e+01 
9.999971e+01 
9.999972e+01 
9.999973e+01 
9.999975e+01 
9.999977e+01 
9.999981e+01 
9.999985e+01 
9.999989e+01 
9.999994e+01 
9.999997e+01 
9.999999e+01 
1.000000e+02 
9.999999e+01 
9.999999e+01 
9.999999e+01 
1.000000e+02 
1.000000e+02 
1.000000e+02 

1.000000e+02 
1.000000e+02 
1.000000e+02 
9.999999e+01 
9.999999e+01 
1.000000e+02 
1.000000e+02 
1.000000e+02 
1.000000e+02 
1.000000e+02 
9.999995e+01 
9.999987e+01 
9.999978e+01 
9.999970e+01 
9.999963e+01 
9.999958e+01 
9.999955e+01 
9.999952e+01 
9.999950e+01 
9.999949e+01 
9.999948e+01 
9.999947e+01 
9.999947e+01 
9.999946e+01 
9.999946e+01 
9.999946e+01 
9.999946e+01 
9.999945e+01 
9.999945e+01 
9.999945e+01 
9.999945e+01 
9.999945e+01 
9.999945e+01 
9.999945e+01 
9.999945e+01 
9.999945e+01 
9.999945e+01 
9.999945e+01 
9.999945e+01 
9.999945e+01 
9.999945e+01 
9.999946e+01 
9.999946e+01 
9.999946e+01 
9.999947e+01 
9.999947e+01 
9.999948e+01 
9.999949e+01 
9.999951e+01 
9.999954e+01 
9.999957e+01 
9.999962e+01 
9.999968e+01 
9.999976e+01 
9.999985e+01 
9.999994e+01 
1.000000e+02 
1.000000e+02 
1.000000e+02 
1.000000e+02 
1.000000e+02 
9.999999e+01 
9.999999e+01 
1.000000e+02 
1.000000e+02 
1.000000e+02 

1.000000e+02 
1.000000e+02 
1.000000e+02 
9.999999e+01 
1.000000e+02 
1.000000e+02 
1.000001e+02 
1.000001e+02 
1.000002e+02 
1.000002e+02 
1.000002e+02 
1.000000e+02 
9.999987e+01 
9.999969e+01 
9.999953e+01 
9.999940e+01 
9.999929e+01 
9.999922e+01 
9.999916e+01 
9.999912e+01 
9.999910e+01 
9.999908e+01 
9.999906e+01 
9.999905e+01 
9.999904e+01 
9.999903e+01 
9.999903e+01 
9.999902e+01 
9.999902e+01 
9.999901e+01 
9.999901e+01 
9.999901e+01 
9.999900e+01 
9.999900e+01 
9.999900e+01 
9.999900e+01 
9.999901e+01 
9.999901e+01 
9.999901e+01 
9.999902e+01 
9.999902e+01 
9.999903e+01 
9.999903e+01 
9.999904e+01 
9.999905e+01 
9.999907e+01 
9.999910e+01 
9.999913e+01 
9.999918e+01 
9.999925e+01 
9.999935e+01 
9.999948e+01 
9.999963e+01 
9.999981e+01 
9.999998e+01 
1.000001e+02 
1.000002e+02 
1.000002e+02 
1.000001e+02 
1.000001e+02 
1.000000e+02 
1.000000e+02 
9.999999e+01 
1.000000e+02 
1.000000e+02 
1.000000e+02 

1.000000e+02 
1.000000e+02 
1.000000e+02 
9.999999e+01 
1.000000e+02 
1.000000e+02 
1.000001e+02 
1.000002e+02 
1.000003e+02 
1.000005e+02 
1.000005e+02 
1.000005e+02 
1.000002e+02 
9.999991e+01 
9.999957e+01 
9.999925e+01 
9.999899e+01 
9.999879e+01 
9.999864e+01 
9.999852e+01 
9.999844e+01 
9.999838e+01 
9.999834e+01 
9.999831e+01 
9.999828e+01 
9.999826e+01 
9.999824e+01 
9.999822e+01 
9.999820e+01 
9.999819e+01 
9.999818e+01 
9.999817e+01 
9.999816e+01 
9.999816e+01 
9.999816e+01 
9.999816e+01 
9.999816e+01 
9.999817e+01 
9.999818e+01 
9.999819e+01 
9.999821e+01 
9.999823e+01 
9.999824e+01 
9.999827e+01 
9.999830e+01 
9.999835e+01 
9.999842e+01 
9.999852e+01 
9.999866e+01 
9.999885e+01 
9.999910e+01 
9.999941e+01 
9.999975e+01 
1.000001e+02 
1.000003e+02 
1.000005e+02 
1.000004e+02 
1.000003e+02 
1.000002e+02 
1.000001e+02 
1.000000e+02 
1.000000e+02 
9.999999e+01 
1.000000e+02 
1.000000e+02 
1.000000e+02 

1.000000e+02 
1.000000e+02 
1.000000e+02 
9.999999e+01 
1.000000e+02 
1.000000e+02 
1.000001e+02 
1.000003e+02 
1.000005e+02 
1.000008e+02 
1.000011e+02 
1.000012e+02 
1.000011e+02 
1.000007e+02 
1.000001e+02 
9.999941e+01 
9.999881e+01 
9.999831e+01 
9.999791e+01 
9.999760e+01 
9.999738e+01 
9.999721e+01 
9.999709e+01 
9.999700e+01 
9.999692e+01 
9.999685e+01 
9.999679e+01 
9.999674e+01 
9.999669e+01 
9.999665e+01 
9.999661e+01 
9.999659e+01 
9.999657e+01 
9.999656e+01 
9.999656e+01 
9.999656e+01 
9.999657e+01 
9.999659e+01 
9.999662e+01 
9.999666e+01 
9.999670e+01 
9.999675e+01 
9.999680e+01 
9.999688e+01 
9.999697e+01 
9.999711e+01 
9.999731e+01 
9.999757e+01 
9.999794e+01 
9.999841e+01 
9.999899e+01 
9.999964e+01 
1.000003e+02 
1.000008e+02 
1.000010e+02 
1.000010e+02 
1.000008e+02 
1.000005e+02 
1.000003e+02 
1.000001e+02 
1.000000e+02 
1.000000e+02 
9.999999e+01 
1.000000e+02 
1.000000e+02 
1.000000e+02 

1.000000e+02 
1.000000e+02 
1.000000e+02 
9.999999e+01 
1.000000e+02 
1.000000e+02 
1.000001e+02 
1.000003e+02 
1.000007e+02 
1.000012e+02 
1.000019e+02 
1.000024e+02 
1.000026e+02 
1.000023e+02 
1.000015e+02 
1.000004e+02 
9.999924e+01 
9.999813e+01 
9.999718e+01 
9.999642e+01 
9.999583e+01 
9.999539e+01 
9.999506e+01 
9.999481e+01 
9.999460e+01 
9.999441e+01 
9.999423e+01 
9.999408e+01 
9.999394e+01 
9.999382e+01 
9.999373e+01 
9.999365e+01 
9.999360e+01 
9.999357e+01 
9.999356e+01 
9.999357e+01 
9.999360e+01 
9.999366e+01 
9.999374e+01 
9.999384e+01 
9.999396e+01 
9.999409e+01 
9.999425e+01 
9.999444e+01 
9.999471e+01 
9.999508e+01 
9.999559e+01 
9.999627e+01 
9.999714e+01 
9.999822e+01 
9.999941e+01 
1.000006e+02 
1.000015e+02 
1.000020e+02 
1.000020e+02 
1.000016e+02 
1.000011e+02 
1.000006e+02 
1.000003e+02 
1.000001e+02 
1.000000e+02 
1.000000e+02 
9.999999e+01 
1.000000e+02 
1.000000e+02 
1.000000e+02 

1.000000e+02 
1.000000e+02 
1.000000e+02 
9.999999e+01 
1.000000e+02 
1.000000e+02 
1.000002e+02 
1.000004e+02 
1.000009e+02 
1.000016e+02 
1.000026e+02 
1.000038e+02 
1.000048e+02 
1.000051e+02 
1.000046e+02 
1.000033e+02 
1.000013e+02 
9.999920e+01 
9.999719e+01 
9.999545e+01 
9.999404e+01 
9.999293e+01 
9.999208e+01 
9.999143e+01 
9.999088e+01 
9.999037e+01 
9.998989e+01 
9.998947e+01 
9.998909e+01 
9.998876e+01 
9.998849e+01 
9.998828e+01 
9.998813e+01 
9.998804e+01 
9.998801e+01 
9.998805e+01 
9.998814e+01 
9.998830e+01 
9.998851e+01 
9.998878e+01 
9.998910e+01 
9.998947e+01 
9.998988e+01 
9.999039e+01 
9.999108e+01 
9.999202e+01 
9.999327e+01 
9.999486e+01 
9.999680e+01 
9.999895e+01 
1.000011e+02 
1.000028e+02 
1.000037e+02 
1.000038e+02 
1.000032e+02 
1.000023e+02 
1.000014e+02 
1.000008e+02 
1.000004e+02 
1.000001e+02 
1.000000e+02 
1.000000e+02 
9.999999e+01 
1.000000e+02 
1.000000e+02 
1.000000e+02 

1.000000e+02 
1.000000e+02 
1.000000e+02 
9.999999e+01 
1.000000e+02 
1.000000e+02 
1.000002e+02 
1.000004e+02 
1.000010e+02 
1.000019e+02 
1.000033e+02 
1.000052e+02 
1.000074e+02 
1.000091e+02 
1.000098e+02 
1.000090e+02 
1.000066e+02 
1.000033e+02 
9.999966e+01 
9.999614e+01 
9.999306e+01 
9.999052e+01 
9.998848e+01 
9.998689e+01 
9.998552e+01 
9.998422e+01 
9.998300e+01 
9.998189e+01 
9.998088e+01 
9.998001e+01 
9.997929e+01 
9.997871e+01 
9.997830e+01 
9.997805e+01 
9.997798e+01 
9.997807e+01 
9.997832e+01 
9.997874e+01 
9.997931e+01 
9.998002e+01 
9.998085e+01 
9.998180e+01 
9.998284e+01 
9.998411e+01 
9.998581e+01 
9.998803e+01 
9.999084e+01 
9.999423e+01 
9.999800e+01 
1.000017e+02 
1.000047e+02 
1.000065e+02 
1.000068e+02 
1.000059e+02 
1.000044e+02 
1.000029e+02 
1.000017e+02 
1.000009e+02 
1.000004e+02 
1.000002e+02 
1.000000e+02 
1.000000e+02 
9.999999e+01 
1.000000e+02 
1.000000e+02 
1.000000e+02 

1.000000e+02 
1.000000e+02 
1.000000e+02 
9.999999e+01 
1.000000e+02 
1.000000e+02 
1.000002e+02 
1.000005e+02 
1.000011e+02 
1.000021e+02 
1.000039e+02 
1.000066e+02 
1.000100e+02 
1.000138e+02 
1.000169e+02 
1.000181e+02 
1.000168e+02 
1.000130e+02 
1.000076e+02 
1.000015e+02 
9.999561e+01 
9.999036e+01 
9.998593e+01 
9.998234e+01 
9.997916e+01 
9.997606e+01 
9.997310e+01 
9.997033e+01 
9.996781e+01 
9.996558e+01 
9.996370e+01 
9.996220e+01 
9.996112e+01 
9.996047e+01 
9.996027e+01 
9.996050e+01 
9.996117e+01 
9.996224e+01 
9.996369e+01 
9.996548e+01 
9.996755e+01 
9.996986e+01 
9.997236e+01 
9.997534e+01 
9.997917e+01 
9.998398e+01 
9.998973e+01 
9.999610e+01 
1.000024e+02 
1.000077e+02 
1.000110e+02 
1.000118e+02 
1.000105e+02 
1.000081e+02 
1.000055e+02 
1.000034e+02 
1.000019e+02 
1.000010e+02 
1.000004e+02 
1.000002e+02 
1.000000e+02 
1.000000e+02 
9.999999e+01 
1.000000e+02 
1.000000e+02 
1.000000e+02 

1.000000e+02 
1.000000e+02 
1.000000e+02 
9.999999e+01 
1.000000e+02 
1.000000e+02 
1.000002e+02 
1.000005e+02 
1.000011e+02 
1.000023e+02 
1.000044e+02 
1.000077e+02 
1.000125e+02 
1.000187e+02 
1.000252e+02 
1.000304e+02 
1.000325e+02 
1.000305e+02 
1.000247e+02 
1.000162e+02 
1.000066e+02 
9.999711e+01 
9.998855e+01 
9.998121e+01 
9.997447e+01 
9.996768e+01 
9.996098e+01 
9.995454e+01 
9.994855e+01 
9.994315e+01 
9.993853e+01 
9.993480e+01 
9.993208e+01 
9.993045e+01 
9.992994e+01 
9.993054e+01 
9.993220e+01 
9.993485e+01 
9.993838e+01 
9.994264e+01 
9.994748e+01 
9.995276e+01 
9.995831e+01 
9.996471e+01 
9.997262e+01 
9.998200e+01 
9.999238e+01 
1.000027e+02 
1.000116e+02 
1.000175e+02 
1.000195e+02 
1.000180e+02 
1.000144e+02 
1.000102e+02 
1.000065e+02 
1.000038e+02 
1.000020e+02 
1.000010e+02 
1.000004e+02 
1.000002e+02 
1.000000e+02 
1.000000e+02 
9.999999e+01 
1.000000e+02 
1.000000e+02 
1.000000e+02 

1.000000e+02 
1.000000e+02 
1.000000e+02 
9.999999e+01 
1.000000e+02 
1.000001e+02 
1.000002e+02 
1.000005e+02 
1.000012e+02 
1.000024e+02 
1.000047e+02 
1.000086e+02 
1.000146e+02 
1.000231e+02 
1.000336e+02 
1.000445e+02 
1.000530e+02 
1.000565e+02 
1.000537e+02 
1.000451e+02 
1.000325e+02 
1.000181e+02 
1.000037e+02 
9.999044e+01 
9.997762e+01 
9.996408e+01 
9.995019e+01 
9.993635e+01 
9.992305e+01 
9.991078e+01 
9.990002e+01 
9.989122e+01 
9.988475e+01 
9.988085e+01 
9.987964e+01 
9.988110e+01 
9.988507e+01 
9.989128e+01 
9.989936e+01 
9.990890e+01 
9.991946e+01 
9.993059e+01 
9.994190e+01 
9.995440e+01 
9.996909e+01 
9.998532e+01 
1.000017e+02 
1.000161e+02 
1.000262e+02 
1.000306e+02 
1.000294e+02 
1.000244e+02 
1.000179e+02 
1.000119e+02 
1.000072e+02 
1.000041e+02 
1.000021e+02 
1.000010e+02 
1.000005e+02 
1.000002e+02 
1.000000e+02 
1.000000e+02 
9.999999e+01 
1.000000e+02 
1.000000e+02 
1.000000e+02 

1.000000e+02 
1.000000e+02 
1.000000e+02 
9.999999e+01 
1.000000e+02 
1.000001e+02 
1.000002e+02 
1.000005e+02 
1.000012e+02 
1.000025e+02 
1.000049e+02 
1.000092e+02 
1.000162e+02 
1.000269e+02 
1.000414e+02 
1.000587e+02 
1.000760e+02 
1.000892e+02 
1.000947e+02 
1.000910e+02 
1.000790e+02 
1.000613e+02 
1.000409e+02 
1.000203e+02 
9.999877e+01 
9.997469e+01 
9.994861e+01 
9.992140e+01 
9.989416e+01 
9.986814e+01 
9.984472e+01 
9.982518e+01 
9.981062e+01 
9.980183e+01 
9.979916e+01 
9.980256e+01 
9.981153e+01 
9.982524e+01 
9.984261e+01 
9.986247e+01 
9.988368e+01 
9.990518e+01 
9.992611e+01 
9.994811e+01 
9.997245e+01 
9.999726e+01 
1.000197e+02 
1.000366e+02 
1.000453e+02 
1.000457e+02 
1.000396e+02 
1.000303e+02 
1.000209e+02 
1.000133e+02 
1.000078e+02 
1.000043e+02 
1.000022e+02 
1.000011e+02 
1.000005e+02 
1.000002e+02 
1.000000e+02 
1.000000e+02 
9.999999e+01 
1.000000e+02 
1.000000e+02 
1.000000e+02 

1.000000e+02 
1.000000e+02 
1.000000e+02 
9.999999e+01 
1.000000e+02 
1.000001e+02 
1.000002e+02 
1.000005e+02 
1.000012e+02 
1.000026e+02 
1.000051e+02 
1.000097e+02 
1.000175e+02 
1.000299e+02 
1.000480e+02 
1.000718e+02 
1.000990e+02 
1.001251e+02 
1.001445e+02 
1.001526e+02 
1.001480e+02 
1.001322e+02 
1.001087e+02 
1.000814e+02 
1.000502e+02 
1.000124e+02 
9.996861e+01 
9.992016e+01 
9.986911e+01 
9.981826e+01 
9.977088e+01 
9.973036e+01 
9.969973e+01 
9.968118e+01 
9.967579e+01 
9.968332e+01 
9.970237e+01 
9.973061e+01 
9.976524e+01 
9.980336e+01 
9.984237e+01 
9.988014e+01 
9.991514e+01 
9.994995e+01 
9.998592e+01 
1.000195e+02 
1.000462e+02 
1.000625e+02 
1.000668e+02 
1.000610e+02 
1.000490e+02 
1.000353e+02 
1.000233e+02 
1.000143e+02 
1.000082e+02 
1.000045e+02 
1.000023e+02 
1.000011e+02 
1.000005e+02 
1.000002e+02 
1.000000e+02 
1.000000e+02 
9.999999e+01 
1.000000e+02 
1.000000e+02 
1.000000e+02 

1.000000e+02 
1.000000e+02 
1.000000e+02 
9.999999e+01 
1.000000e+02 
1.000001e+02 
1.000002e+02 
1.000005e+02 
1.000012e+02 
1.000026e+02 
1.000052e+02 
1.000101e+02 
1.000184e+02 
1.000322e+02 
1.000533e+02 
1.000830e+02 
1.001201e+02 
1.001606e+02 
1.001978e+02 
1.002243e+02 
1.002352e+02 
1.002294e+02 
1.002095e+02 
1.001800e+02 
1.001412e+02 
1.000894e+02 
1.000240e+02 
9.994635e+01 
9.985939e+01 
9.976826e+01 
9.967987e+01 
9.960202e+01 
9.954216e+01 
9.950589e+01 
9.949594e+01 
9.951165e+01 
9.954935e+01 
9.960330e+01 
9.966694e+01 
9.973404e+01 
9.979954e+01 
9.985984e+01 
9.991284e+01 
9.996251e+01 
1.000103e+02 
1.000508e+02 
1.000788e+02 
1.000910e+02 
1.000883e+02 
1.000750e+02 
1.000570e+02 
1.000394e+02 
1.000252e+02 
1.000151e+02 
1.000085e+02 
1.000046e+02 
1.000023e+02 
1.000011e+02 
1.000005e+02 
1.000002e+02 
1.000000e+02 
1.000000e+02 
9.999999e+01 
1.000000e+02 
1.000000e+02 
1.000000e+02 

1.000000e+02 
1.000000e+02 
1.000000e+02 
9.999999e+01 
1.000000e+02 
1.000001e+02 
1.000002e+02 
1.000005e+02 
1.000012e+02 
1.000026e+02 
1.000053e+02 
1.000103e+02 
1.000191e+02 
1.000339e+02 
1.000575e+02 
1.000920e+02 
1.001381e+02 
1.001929e+02 
1.002495e+02 
1.002989e+02 
1.003325e+02 
1.003455e+02 
1.003380e+02 
1.003138e+02 
1.002735e+02 
1.002114e+02 
1.001246e+02 
1.000124e+02 
9.987764e+01 
9.972812e+01 
9.957637e+01 
9.943833e+01 
9.933021e+01 
9.926476e+01 
9.924815e+01 
9.927870e+01 
9.934788e+01 
9.944302e+01 
9.955062e+01 
9.965896e+01 
9.975959e+01 
9.984756e+01 
9.992084e+01 
9.998559e+01 
1.000436e+02 
1.000880e+02 
1.001136e+02 
1.001192e+02 
1.001080e+02 
1.000871e+02 
1.000635e+02 
1.000426e+02 
1.000266e+02 
1.000156e+02 
1.000087e+02 
1.000046e+02 
1.000023e+02 
1.000011e+02 
1.000005e+02 
1.000002e+02 
1.000000e+02 
1.000000e+02 
9.999999e+01 
1.000000e+02 
1.000000e+02 
1.000000e+02 

1.000000e+02 
1.000000e+02 
1.000000e+02 
9.999999e+01 
1.000000e+02 
1.000001e+02 
1.000002e+02 
1.000005e+02 
1.000012e+02 
1.000027e+02 
1.000054e+02 
1.000105e+02 
1.000196e+02 
1.000352e+02 
1.000606e+02 
1.000992e+02 
1.001529e+02 
1.002205e+02 
1.002962e+02 
1.003701e+02 
1.004306e+02 
1.004693e+02 
1.004827e+02 
1.004725e+02 
1.004389e+02 
1.003744e+02 
1.002712e+02 
1.001240e+02 
9.993295e+01 
9.970740e+01 
9.946720e+01 
9.924112e+01 
9.906073e+01 
9.895182e+01 
9.892687e+01 
9.898194e+01 
9.909936e+01 
9.925429e+01 
9.942204e+01 
9.958324e+01 
9.972581e+01 
9.984432e+01 
9.993809e+01 
1.000164e+02 
1.000819e+02 
1.001270e+02 
1.001476e+02 
1.001449e+02 
1.001250e+02 
1.000970e+02 
1.000686e+02 
1.000450e+02 
1.000276e+02 
1.000160e+02 
1.000089e+02 
1.000047e+02 
1.000024e+02 
1.000011e+02 
1.000005e+02 
1.000002e+02 
1.000000e+02 
1.000000e+02 
9.999999e+01 
1.000000e+02 
1.000000e+02 
1.000000e+02 

1.000000e+02 
1.000000e+02 
1.000000e+02 
9.999999e+01 
1.000000e+02 
1.000001e+02 
1.000002e+02 
1.000005e+02 
1.000012e+02 
1.000027e+02 
1.000054e+02 
1.000106e+02 
1.000200e+02 
1.000362e+02 
1.000630e+02 
1.001046e+02 
1.001646e+02 
1.002433e+02 
1.003363e+02 
1.004337e+02 
1.005224e+02 
1.005904e+02 
1.006304e+02 
1.006413e+02 
1.006229e+02 
1.005653e+02 
1.004543e+02 
1.002768e+02 
1.000267e+02 
9.971162e+01 
9.935934e+01 
9.901633e+01 
9.873778e+01 
9.857038e+01 
9.853661e+01 
9.862837e+01 
9.881285e+01 
9.904643e+01 
9.928882e+01 
9.951153e+01 
9.969963e+01 
9.984887e+01 
9.996156e+01 
1.000509e+02 
1.001210e+02 
1.001642e+02 
1.001783e+02 
1.001670e+02 
1.001391e+02 
1.001049e+02 
1.000726e+02 
1.000468e+02 
1.000283e+02 
1.000163e+02 
1.000090e+02 
1.000047e+02 
1.000024e+02 
1.000011e+02 
1.000005e+02 
1.000002e+02 
1.000000e+02 
1.000000e+02 
9.999999e+01 
1.000000e+02 
1.000000e+02 
1.000000e+02 

1.000000e+02 
1.000000e+02 
1.000000e+02 
9.999999e+01 
1.000000e+02 
1.000001e+02 
1.000002e+02 
1.000005e+02 
1.000012e+02 
1.000027e+02 
1.000055e+02 
1.000107e+02 
1.000203e+02 
1.000369e+02 
1.000649e+02 
1.001093e+02 
1.001747e+02 
1.002635e+02 
1.003730e+02 
1.004943e+02 
1.006131e+02 
1.007148e+02 
1.007881e+02 
1.008281e+02 
1.008345e+02 
1.007952e+02 
1.006875e+02 
1.004865e+02 
1.001730e+02 
9.974768e+01 
9.924481e+01 
9.873651e+01 
9.831586e+01 
9.806511e+01 
9.802335e+01 
9.817395e+01 
9.845790e+01 
9.880124e+01 
9.914129e+01 
9.943915e+01 
9.967901e+01 
9.986060e+01 
9.999149e+01 
1.000901e+02 
1.001624e+02 
1.002017e+02 
1.002078e+02 
1.001874e+02 
1.001516e+02 
1.001117e+02 
1.000759e+02 
1.000482e+02 
1.000290e+02 
1.000166e+02 
1.000091e+02 
1.000048e+02 
1.000024e+02 
1.000011e+02 
1.000005e+02 
1.000002e+02 
1.000000e+02 
1.000000e+02 
9.999999e+01 
1.000000e+02 
1.000000e+02 
1.000000e+02 

1.000000e+02 
1.000000e+02 
1.000000e+02 
9.999999e+01 
1.000000e+02 
1.000001e+02 
1.000002e+02 
1.000005e+02 
1.000012e+02 
1.000027e+02 
1.000055e+02 
1.000108e+02 
1.000205e+02 
1.000377e+02 
1.000667e+02 
1.001136e+02 
1.001843e+02 
1.002832e+02 
1.004099e+02 
1.005568e+02 
1.007099e+02 
1.008518e+02 
1.009673e+02 
1.010472e+02 
1.010909e+02 
1.010850e+02 
1.009960e+02 
1.007811e+02 
1.003980e+02 
9.982840e+01 
9.910932e+01 
9.834966e+01 
9.770912e+01 
9.733273e+01 
9.728779e+01 
9.754043e+01 
9.798230e+01 
9.848885e+01 
9.896465e+01 
9.935995e+01 
9.966232e+01 
9.988022e+01 
1.000298e+02 
1.001365e+02 
1.002089e+02 
1.002420e+02 
1.002385e+02 
1.002079e+02 
1.001637e+02 
1.001181e+02 
1.000790e+02 
1.000496e+02 
1.000295e+02 
1.000168e+02 
1.000092e+02 
1.000048e+02 
1.000024e+02 
1.000011e+02 
1.000005e+02 
1.000002e+02 
1.000000e+02 
1.000000e+02 
9.999999e+01 
1.000000e+02 
1.000000e+02 
1.000000e+02 

1.000000e+02 
1.000000e+02 
1.000000e+02 
9.999999e+01 
1.000000e+02 
1.000001e+02 
1.000002e+02 
1.000005e+02 
1.000012e+02 
1.000027e+02 
1.000055e+02 
1.000109e+02 
1.000208e+02 
1.000383e+02 
1.000684e+02 
1.001176e+02 
1.001933e+02 
1.003020e+02 
1.004458e+02 
1.006195e+02 
1.008096e+02 
1.009971e+02 
1.011631e+02 
1.012931e+02 
1.013875e+02 
1.014324e+02 
1.013821e+02 
1.011697e+02 
1.007154e+02 
9.996229e+01 
9.893959e+01 
9.781375e+01 
9.684721e+01 
9.629118e+01 
9.625808e+01 
9.667768e+01 
9.736108e+01 
9.810152e+01 
9.875890e+01 
9.927554e+01 
9.965047e+01 
9.990754e+01 
1.000755e+02 
1.001886e+02 
1.002590e+02 
1.002839e+02 
1.002693e+02 
1.002280e+02 
1.001753e+02 
1.001242e+02 
1.000819e+02 
1.000508e+02 
1.000300e+02 
1.000170e+02 
1.000092e+02 
1.000048e+02 
1.000024e+02 
1.000011e+02 
1.000005e+02 
1.000002e+02 
1.000000e+02 
1.000000e+02 
9.999999e+01 
1.000000e+02 
1.000000e+02 
1.000000e+02 

1.000000e+02 
1.000000e+02 
1.000000e+02 
9.999999e+01 
1.000000e+02 
1.000001e+02 
1.000002e+02 
1.000005e+02 
1.000013e+02 
1.000027e+02 
1.000056e+02 
1.000110e+02 
1.000210e+02 
1.000388e+02 
1.000698e+02 
1.001211e+02 
1.002014e+02 
1.003192e+02 
1.004796e+02 
1.006800e+02 
1.009084e+02 
1.011448e+02 
1.013669e+02 
1.015554e+02 
1.017117e+02 
1.018235e+02 
1.018323e+02 
1.016415e+02 
1.011172e+02 
1.001382e+02 
9.872056e+01 
9.709815e+01 
9.569342e+01 
9.490544e+01 
9.490660e+01 
9.557460e+01 
9.659278e+01 
9.764405e+01 
9.852900e+01 
9.918822e+01 
9.964321e+01 
9.994078e+01 
1.001261e+02 
1.002439e+02 
1.003104e+02 
1.003256e+02 
1.002991e+02 
1.002468e+02 
1.001860e+02 
1.001296e+02 
1.000844e+02 
1.000519e+02 
1.000304e+02 
1.000171e+02 
1.000093e+02 
1.000048e+02 
1.000024e+02 
1.000011e+02 
1.000005e+02 
1.000002e+02 
1.000000e+02 
1.000000e+02 
9.999999e+01 
1.000000e+02 
1.000000e+02 
1.000000e+02 

1.000000e+02 
1.000000e+02 
1.000000e+02 
9.999999e+01 
1.000000e+02 
1.000001e+02 
1.000002e+02 
1.000005e+02 
1.000013e+02 
1.000027e+02 
1.000056e+02 
1.000111e+02 
1.000211e+02 
1.000393e+02 
1.000710e+02 
1.001241e+02 
1.002085e+02 
1.003346e+02 
1.005102e+02 
1.007358e+02 
1.010015e+02 
1.012870e+02 
1.015672e+02 
1.018180e+02 
1.020425e+02 
1.022312e+02 
1.023131e+02 
1.021586e+02 
1.015629e+02 
1.003285e+02 
9.844013e+01 
9.622833e+01 
9.430519e+01 
9.325444e+01 
9.331708e+01 
9.429689e+01 
9.572456e+01 
9.714169e+01 
9.828660e+01 
9.910083e+01 
9.963889e+01 
9.997643e+01 
1.001777e+02 
1.002987e+02 
1.003600e+02 
1.003648e+02 
1.003265e+02 
1.002638e+02 
1.001954e+02 
1.001343e+02 
1.000866e+02 
1.000528e+02 
1.000308e+02 
1.000173e+02 
1.000093e+02 
1.000049e+02 
1.000024e+02 
1.000011e+02 
1.000005e+02 
1.000002e+02 
1.000000e+02 
1.000000e+02 
9.999999e+01 
1.000000e+02 
1.000000e+02 
1.000000e+02 

1.000000e+02 
1.000000e+02 
1.000000e+02 
9.999999e+01 
1.000000e+02 
1.000001e+02 
1.000002e+02 
1.000005e+02 
1.000013e+02 
1.000027e+02 
1.000056e+02 
1.000111e+02 
1.000213e+02 
1.000397e+02 
1.000720e+02 
1.001266e+02 
1.002143e+02 
1.003474e+02 
1.005362e+02 
1.007843e+02 
1.010837e+02 
1.014147e+02 
1.017501e+02 
1.020610e+02 
1.023527e+02 
1.026186e+02 
1.027754e+02 
1.026601e+02 
1.019906e+02 
1.004943e+02 
9.811440e+01 
9.530376e+01 
9.285459e+01 
9.154966e+01 
9.169115e+01 
9.299687e+01 
9.485124e+01 
9.664163e+01 
9.804928e+01 
9.901658e+01 
9.963474e+01 
1.000097e+02 
1.002252e+02 
1.003484e+02 
1.004043e+02 
1.003993e+02 
1.003502e+02 
1.002783e+02 
1.002033e+02 
1.001382e+02 
1.000883e+02 
1.000536e+02 
1.000311e+02 
1.000174e+02 
1.000094e+02 
1.000049e+02 
1.000024e+02 
1.000011e+02 
1.000005e+02 
1.000002e+02 
1.000000e+02 
1.000000e+02 
9.999999e+01 
1.000000e+02 
1.000000e+02 
1.000000e+02 

1.000000e+02 
1.000000e+02 
1.000000e+02 
9.999999e+01 
1.000000e+02 
1.000001e+02 
1.000002e+02 
1.000005e+02 
1.000013e+02 
1.000027e+02 
1.000056e+02 
1.000111e+02 
1.000214e+02 
1.000400e+02 
1.000728e+02 
1.001285e+02 
1.002189e+02 
1.003574e+02 
1.005567e+02 
1.008229e+02 
1.011501e+02 
1.015192e+02 
1.019012e+02 
1.022637e+02 
1.026133e+02 
1.029456e+02 
1.031659e+02 
1.030794e+02 
1.023392e+02 
1.006020e+02 
9.779382e+01 
9.446029e+01 
9.156832e+01 
9.005527e+01 
9.026917e+01 
9.186260e+01 
9.408391e+01 
9.620036e+01 
9.783723e+01 
9.893915e+01 
9.962777e+01 
1.000355e+02 
1.002634e+02 
1.003885e+02 
1.004399e+02 
1.004268e+02 
1.003688e+02 
1.002895e+02 
1.002094e+02 
1.001412e+02 
1.000896e+02 
1.000541e+02 
1.000313e+02 
1.000175e+02 
1.000094e+02 
1.000049e+02 
1.000024e+02 
1.000011e+02 
1.000005e+02 
1.000002e+02 
1.000000e+02 
1.000000e+02 
9.999999e+01 
1.000000e+02 
1.000000e+02 
1.000000e+02 

1.000000e+02 
1.000000e+02 
1.000000e+02 
9.999999e+01 
1.000000e+02 
1.000001e+02 
1.000002e+02 
1.000005e+02 
1.000013e+02 
1.000027e+02 
1.000056e+02 
1.000112e+02 
1.000214e+02 
1.000402e+02 
1.000733e+02 
1.001298e+02 
1.002219e+02 
1.003642e+02 
1.005708e+02 
1.008495e+02 
1.011963e+02 
1.015924e+02 
1.020078e+02 
1.024071e+02 
1.027980e+02 
1.031771e+02 
1.034395e+02 
1.033662e+02 
1.025653e+02 
1.006442e+02 
9.752578e+01 
9.382198e+01 
9.062505e+01 
8.897068e+01 
8.923772e+01 
9.103327e+01 
9.351302e+01 
9.586435e+01 
9.766915e+01 
9.887278e+01 
9.961585e+01 
1.000495e+02 
1.002876e+02 
1.004150e+02 
1.004638e+02 
1.004453e+02 
1.003813e+02 
1.002970e+02 
1.002134e+02 
1.001431e+02 
1.000905e+02 
1.000545e+02 
1.000314e+02 
1.000175e+02 
1.000094e+02 
1.000049e+02 
1.000024e+02 
1.000011e+02 
1.000005e+02 
1.000002e+02 
1.000000e+02 
1.000000e+02 
9.999999e+01 
1.000000e+02 
1.000000e+02 
1.000000e+02 

1.000000e+02 
1.000000e+02 
1.000000e+02 
9.999999e+01 
1.000000e+02 
1.000001e+02 
1.000002e+02 
1.000005e+02 
1.000013e+02 
1.000027e+02 
1.000056e+02 
1.000112e+02 
1.000215e+02 
1.000402e+02 
1.000735e+02 
1.001304e+02 
1.002234e+02 
1.003675e+02 
1.005777e+02 
1.008626e+02 
1.012191e+02 
1.016286e+02 
1.020604e+02 
1.024776e+02 
1.028881e+02 
1.032883e+02 
1.035675e+02 
1.034930e+02 
1.026507e+02 
1.006267e+02 
9.734387e+01 
9.345322e+01 
9.010377e+01 
8.838076e+01 
8.867590e+01 
9.057262e+01 
9.318603e+01 
9.566167e+01 
9.755928e+01 
9.882202e+01 
9.959844e+01 
1.000491e+02 
1.002948e+02 
1.004251e+02 
1.004738e+02 
1.004534e+02 
1.003870e+02 
1.003004e+02 
1.002152e+02 
1.001440e+02 
1.000909e+02 
1.000546e+02 
1.000315e+02 
1.000175e+02 
1.000094e+02 
1.000049e+02 
1.000024e+02 
1.000011e+02 
1.000005e+02 
1.000002e+02 
1.000000e+02 
1.000000e+02 
9.999999e+01 
1.000000e+02 
1.000000e+02 
1.000000e+02 

1.000000e+02 
1.000000e+02 
1.000000e+02 
9.999999e+01 
1.000000e+02 
1.000001e+02 
1.000002e+02 
1.000005e+02 
1.000013e+02 
1.000027e+02 
1.000056e+02 
1.000112e+02 
1.000215e+02 
1.000402e+02 
1.000735e+02 
1.001304e+02 
1.002233e+02 
1.003673e+02 
1.005771e+02 
1.008615e+02 
1.012169e+02 
1.016247e+02 
1.020540e+02 
1.024681e+02 
1.028742e+02 
1.032680e+02 
1.035379e+02 
1.034509e+02 
1.025939e+02 
1.005556e+02 
9.726242e+01 
9.336684e+01 
9.001697e+01 
8.829553e+01 
8.859345e+01 
9.049560e+01 
9.311812e+01 
9.560617e+01 
9.751699e+01 
9.879132e+01 
9.957667e+01 
1.000337e+02 
1.002839e+02 
1.004175e+02 
1.004689e+02 
1.004505e+02 
1.003853e+02 
1.002995e+02 
1.002148e+02 
1.001438e+02 
1.000908e+02 
1.000546e+02 
1.000315e+02 
1.000175e+02 
1.000094e+02 
1.000049e+02 
1.000024e+02 
1.000011e+02 
1.000005e+02 
1.000002e+02 
1.000000e+02 
1.000000e+02 
9.999999e+01 
1.000000e+02 
1.000000e+02 
1.000000e+02 

1.000000e+02 
1.000000e+02 
1.000000e+02 
9.999999e+01 
1.000000e+02 
1.000001e+02 
1.000002e+02 
1.000005e+02 
1.000013e+02 
1.000027e+02 
1.000056e+02 
1.000112e+02 
1.000214e+02 
1.000401e+02 
1.000732e+02 
1.001297e+02 
1.002216e+02 
1.003635e+02 
1.005692e+02 
1.008461e+02 
1.011898e+02 
1.015810e+02 
1.019893e+02 
1.023793e+02 
1.027575e+02 
1.031179e+02 
1.033533e+02 
1.032435e+02 
1.023988e+02 
1.004344e+02 
9.728356e+01 
9.356382e+01 
9.036453e+01 
8.871562e+01 
8.899322e+01 
9.080683e+01 
9.331551e+01 
9.570407e+01 
9.754741e+01 
9.878442e+01 
9.955304e+01 
1.000050e+02 
1.002559e+02 
1.003930e+02 
1.004496e+02 
1.004367e+02 
1.003765e+02 
1.002944e+02 
1.002121e+02 
1.001425e+02 
1.000902e+02 
1.000543e+02 
1.000314e+02 
1.000175e+02 
1.000094e+02 
1.000049e+02 
1.000024e+02 
1.000011e+02 
1.000005e+02 
1.000002e+02 
1.000000e+02 
1.000000e+02 
9.999999e+01 
1.000000e+02 
1.000000e+02 
1.000000e+02 

1.000000e+02 
1.000000e+02 
1.000000e+02 
9.999999e+01 
1.000000e+02 
1.000001e+02 
1.000002e+02 
1.000005e+02 
1.000013e+02 
1.000027e+02 
1.000056e+02 
1.000111e+02 
1.000214e+02 
1.000399e+02 
1.000727e+02 
1.001283e+02 
1.002184e+02 
1.003563e+02 
1.005541e+02 
1.008174e+02 
1.011397e+02 
1.015010e+02 
1.018718e+02 
1.022198e+02 
1.025497e+02 
1.028531e+02 
1.030314e+02 
1.028876e+02 
1.020775e+02 
1.002693e+02 
9.740536e+01 
9.404143e+01 
9.114366e+01 
8.964093e+01 
8.987663e+01 
9.150563e+01 
9.377710e+01 
9.595405e+01 
9.765086e+01 
9.880366e+01 
9.953092e+01 
9.996646e+01 
1.002138e+02 
1.003539e+02 
1.004174e+02 
1.004131e+02 
1.003610e+02 
1.002853e+02 
1.002072e+02 
1.001401e+02 
1.000891e+02 
1.000539e+02 
1.000312e+02 
1.000174e+02 
1.000094e+02 
1.000049e+02 
1.000024e+02 
1.000011e+02 
1.000005e+02 
1.000002e+02 
1.000000e+02 
1.000000e+02 
9.999999e+01 
1.000000e+02 
1.000000e+02 
1.000000e+02 

1.000000e+02 
1.000000e+02 
1.000000e+02 
9.999999e+01 
1.000000e+02 
1.000001e+02 
1.000002e+02 
1.000005e+02 
1.000013e+02 
1.000027e+02 
1.000056e+02 
1.000111e+02 
1.000213e+02 
1.000396e+02 
1.000719e+02 
1.001263e+02 
1.002137e+02 
1.003458e+02 
1.005327e+02 
1.007770e+02 
1.010699e+02 
1.013909e+02 
1.017119e+02 
1.020045e+02 
1.022716e+02 
1.025015e+02 
1.026063e+02 
1.024196e+02 
1.016624e+02 
1.000745e+02 
9.761982e+01 
9.476502e+01 
9.230507e+01 
9.101475e+01 
9.119025e+01 
9.254840e+01 
9.447141e+01 
9.633924e+01 
9.782056e+01 
9.884929e+01 
9.951398e+01 
9.992268e+01 
1.001621e+02 
1.003038e+02 
1.003749e+02 
1.003812e+02 
1.003397e+02 
1.002726e+02 
1.002004e+02 
1.001368e+02 
1.000876e+02 
1.000532e+02 
1.000309e+02 
1.000173e+02 
1.000093e+02 
1.000048e+02 
1.000024e+02 
1.000011e+02 
1.000005e+02 
1.000002e+02 
1.000000e+02 
1.000000e+02 
9.999999e+01 
1.000000e+02 
1.000000e+02 
1.000000e+02 

1.000000e+02 
1.000000e+02 
1.000000e+02 
9.999999e+01 
1.000000e+02 
1.000001e+02 
1.000002e+02 
1.000005e+02 
1.000013e+02 
1.000027e+02 
1.000056e+02 
1.000110e+02 
1.000211e+02 
1.000393e+02 
1.000709e+02 
1.001238e+02 
1.002077e+02 
1.003326e+02 
1.005058e+02 
1.007270e+02 
1.009850e+02 
1.012588e+02 
1.015228e+02 
1.017531e+02 
1.019505e+02 
1.021000e+02 
1.021261e+02 
1.018961e+02 
1.012075e+02 
9.987507e+01 
9.790375e+01 
9.564055e+01 
9.370231e+01 
9.266784e+01 
9.277183e+01 
9.381348e+01 
9.531872e+01 
9.681885e+01 
9.804086e+01 
9.891879e+01 
9.950551e+01 
9.987882e+01 
1.001059e+02 
1.002472e+02 
1.003255e+02 
1.003432e+02 
1.003138e+02 
1.002569e+02 
1.001918e+02 
1.001325e+02 
1.000857e+02 
1.000524e+02 
1.000306e+02 
1.000172e+02 
1.000093e+02 
1.000048e+02 
1.000024e+02 
1.000011e+02 
1.000005e+02 
1.000002e+02 
1.000000e+02 
1.000000e+02 
9.999999e+01 
1.000000e+02 
1.000000e+02 
1.000000e+02 

1.000000e+02 
1.000000e+02 
1.000000e+02 
9.999999e+01 
1.000000e+02 
1.000001e+02 
1.000002e+02 
1.000005e+02 
1.000013e+02 
1.000027e+02 
1.000056e+02 
1.000110e+02 
1.000209e+02 
1.000388e+02 
1.000697e+02 
1.001207e+02 
1.002004e+02 
1.003169e+02 
1.004746e+02 
1.006700e+02 
1.008900e+02 
1.011139e+02 
1.013190e+02 
1.014865e+02 
1.016154e+02 
1.016887e+02 
1.016443e+02 
1.013831e+02 
1.007735e+02 
9.970527e+01 
9.821054e+01 
9.653839e+01 
9.511743e+01 
9.434418e+01 
9.438558e+01 
9.511404e+01 
9.620546e+01 
9.733333e+01 
9.828887e+01 
9.900682e+01 
9.950762e+01 
9.983964e+01 
1.000504e+02 
1.001888e+02 
1.002727e+02 
1.003015e+02 
1.002847e+02 
1.002388e+02 
1.001818e+02 
1.001275e+02 
1.000834e+02 
1.000514e+02 
1.000302e+02 
1.000170e+02 
1.000092e+02 
1.000048e+02 
1.000024e+02 
1.000011e+02 
1.000005e+02 
1.000002e+02 
1.000000e+02 
1.000000e+02 
9.999999e+01 
1.000000e+02 
1.000000e+02 
1.000000e+02 

1.000000e+02 
1.000000e+02 
1.000000e+02 
9.999999e+01 
1.000000e+02 
1.000001e+02 
1.000002e+02 
1.000005e+02 
1.000012e+02 
1.000027e+02 
1.000055e+02 
1.000109e+02 
1.000207e+02 
1.000382e+02 
1.000682e+02 
1.001171e+02 
1.001922e+02 
1.002994e+02 
1.004402e+02 
1.006086e+02 
1.007900e+02 
1.009649e+02 
1.011141e+02 
1.012240e+02 
1.012929e+02 
1.013030e+02 
1.012062e+02 
1.009346e+02 
1.004109e+02 
9.958635e+01 
9.850207e+01 
9.733551e+01 
9.635445e+01 
9.580963e+01 
9.580954e+01 
9.627866e+01 
9.702186e+01 
9.782468e+01 
9.854001e+01 
9.910606e+01 
9.952074e+01 
9.980862e+01 
9.999996e+01 
1.001325e+02 
1.002198e+02 
1.002583e+02 
1.002537e+02 
1.002191e+02 
1.001706e+02 
1.001217e+02 
1.000807e+02 
1.000503e+02 
1.000297e+02 
1.000168e+02 
1.000092e+02 
1.000048e+02 
1.000024e+02 
1.000011e+02 
1.000005e+02 
1.000002e+02 
1.000000e+02 
1.000000e+02 
9.999999e+01 
1.000000e+02 
1.000000e+02 
1.000000e+02 

1.000000e+02 
1.000000e+02 
1.000000e+02 
9.999999e+01 
1.000000e+02 
1.000001e+02 
1.000002e+02 
1.000005e+02 
1.000012e+02 
1.000027e+02 
1.000055e+02 
1.000108e+02 
1.000205e+02 
1.000376e+02 
1.000665e+02 
1.001131e+02 
1.001831e+02 
1.002804e+02 
1.004039e+02 
1.005454e+02 
1.006898e+02 
1.008194e+02 
1.009193e+02 
1.009809e+02 
1.010022e+02 
1.009668e+02 
1.008400e+02 
1.005790e+02 
1.001441e+02 
9.952242e+01 
9.875887e+01 
9.796941e+01 
9.731763e+01 
9.694860e+01 
9.692729e+01 
9.721610e+01 
9.770184e+01 
9.825468e+01 
9.877461e+01 
9.920881e+01 
9.954361e+01 
9.978753e+01 
9.995750e+01 
1.000816e+02 
1.001697e+02 
1.002158e+02 
1.002221e+02 
1.001984e+02 
1.001585e+02 
1.001154e+02 
1.000777e+02 
1.000489e+02 
1.000292e+02 
1.000166e+02 
1.000091e+02 
1.000048e+02 
1.000024e+02 
1.000011e+02 
1.000005e+02 
1.000002e+02 
1.000000e+02 
1.000000e+02 
9.999999e+01 
1.000000e+02 
1.000000e+02 
1.000000e+02 

1.000000e+02 
1.000000e+02 
1.000000e+02 
9.999999e+01 
1.000000e+02 
1.000001e+02 
1.000002e+02 
1.000005e+02 
1.000012e+02 
1.000027e+02 
1.000055e+02 
1.000107e+02 
1.000202e+02 
1.000369e+02 
1.000647e+02 
1.001087e+02 
1.001733e+02 
1.002604e+02 
1.003668e+02 
1.004826e+02 
1.005931e+02 
1.006834e+02 
1.007426e+02 
1.007668e+02 
1.007544e+02 
1.006912e+02 
1.005542e+02 
1.003189e+02 
9.996843e+01 
9.950708e+01 
9.897387e+01 
9.844506e+01 
9.801618e+01 
9.776981e+01 
9.774372e+01 
9.791884e+01 
9.823308e+01 
9.860916e+01 
9.898134e+01 
9.930854e+01 
9.957375e+01 
9.977643e+01 
9.992440e+01 
1.000381e+02 
1.001243e+02 
1.001756e+02 
1.001912e+02 
1.001775e+02 
1.001460e+02 
1.001087e+02 
1.000744e+02 
1.000475e+02 
1.000286e+02 
1.000164e+02 
1.000090e+02 
1.000047e+02 
1.000024e+02 
1.000011e+02 
1.000005e+02 
1.000002e+02 
1.000000e+02 
1.000000e+02 
9.999999e+01 
1.000000e+02 
1.000000e+02 
1.000000e+02 

1.000000e+02 
1.000000e+02 
1.000000e+02 
9.999999e+01 
1.000000e+02 
1.000001e+02 
1.000002e+02 
1.000005e+02 
1.000012e+02 
1.000027e+02 
1.000054e+02 
1.000106e+02 
1.000199e+02 
1.000361e+02 
1.000627e+02 
1.001040e+02 
1.001631e+02 
1.002401e+02 
1.003299e+02 
1.004220e+02 
1.005030e+02 
1.005607e+02 
1.005885e+02 
1.005860e+02 
1.005524e+02 
1.004761e+02 
1.003430e+02 
1.001407e+02 
9.986461e+01 
9.952495e+01 
9.915213e+01 
9.879509e+01 
9.851056e+01 
9.834558e+01 
9.832189e+01 
9.842995e+01 
9.863498e+01 
9.889126e+01 
9.915656e+01 
9.940086e+01 
9.960827e+01 
9.977412e+01 
9.990070e+01 
1.000027e+02 
1.000848e+02 
1.001388e+02 
1.001617e+02 
1.001568e+02 
1.001333e+02 
1.001017e+02 
1.000710e+02 
1.000459e+02 
1.000279e+02 
1.000161e+02 
1.000089e+02 
1.000047e+02 
1.000023e+02 
1.000011e+02 
1.000005e+02 
1.000002e+02 
1.000000e+02 
1.000000e+02 
9.999999e+01 
1.000000e+02 
1.000000e+02 
1.000000e+02 

1.000000e+02 
1.000000e+02 
1.000000e+02 
9.999999e+01 
1.000000e+02 
1.000001e+02 
1.000002e+02 
1.000005e+02 
1.000012e+02 
1.000027e+02 
1.000054e+02 
1.000105e+02 
1.000196e+02 
1.000351e+02 
1.000603e+02 
1.000985e+02 
1.001513e+02 
1.002172e+02 
1.002898e+02 
1.003587e+02 
1.004122e+02 
1.004420e+02 
1.004452e+02 
1.004243e+02 
1.003790e+02 
1.003005e+02 
1.001814e+02 
1.000170e+02 
9.980848e+01 
9.956664e+01 
9.931295e+01 
9.907757e+01 
9.889296e+01 
9.878519e+01 
9.876638e+01 
9.883177e+01 
9.896253e+01 
9.913257e+01 
9.931597e+01 
9.949238e+01 
9.964900e+01 
9.977999e+01 
9.988456e+01 
9.997299e+01 
1.000485e+02 
1.001029e+02 
1.001313e+02 
1.001347e+02 
1.001191e+02 
1.000937e+02 
1.000669e+02 
1.000441e+02 
1.000271e+02 
1.000158e+02 
1.000088e+02 
1.000046e+02 
1.000023e+02 
1.000011e+02 
1.000005e+02 
1.000002e+02 
1.000000e+02 
1.000000e+02 
9.999999e+01 
1.000000e+02 
1.000000e+02 
1.000000e+02 

1.000000e+02 
1.000000e+02 
1.000000e+02 
9.999999e+01 
1.000000e+02 
1.000001e+02 
1.000002e+02 
1.000005e+02 
1.000012e+02 
1.000026e+02 
1.000053e+02 
1.000103e+02 
1.000191e+02 
1.000338e+02 
1.000572e+02 
1.000913e+02 
1.001365e+02 
1.001895e+02 
1.002433e+02 
1.002882e+02 
1.003157e+02 
1.003215e+02 
1.003061e+02 
1.002741e+02 
1.002253e+02 
1.001537e+02 
1.000564e+02 
9.993321e+01 
9.978763e+01 
9.962819e+01 
9.946827e+01 
9.932452e+01 
9.921361e+01 
9.914849e+01 
9.913518e+01 
9.917159e+01 
9.924860e+01 
9.935288e+01 
9.947023e+01 
9.958837e+01 
9.969837e+01 
9.979498e+01 
9.987600e+01 
9.994828e+01 
1.000141e+02 
1.000660e+02 
1.000983e+02 
1.001092e+02 
1.001020e+02 
1.000836e+02 
1.000617e+02 
1.000416e+02 
1.000261e+02 
1.000154e+02 
1.000086e+02 
1.000046e+02 
1.000023e+02 
1.000011e+02 
1.000005e+02 
1.000002e+02 
1.000000e+02 
1.000000e+02 
9.999999e+01 
1.000000e+02 
1.000000e+02 
1.000000e+02 

1.000000e+02 
1.000000e+02 
1.000000e+02 
9.999999e+01 
1.000000e+02 
1.000001e+02 
1.000002e+02 
1.000005e+02 
1.000012e+02 
1.000026e+02 
1.000052e+02 
1.000100e+02 
1.000184e+02 
1.000321e+02 
1.000530e+02 
1.000822e+02 
1.001185e+02 
1.001573e+02 
1.001919e+02 
1.002146e+02 
1.002208e+02 
1.002096e+02 
1.001840e+02 
1.001492e+02 
1.001050e+02 
1.000471e+02 
9.997546e+01 
9.989138e+01 
9.979824e+01 
9.970156e+01 
9.960859e+01 
9.952750e+01 
9.946592e+01 
9.942957e+01 
9.942113e+01 
9.943978e+01 
9.948159e+01 
9.954050e+01 
9.960962e+01 
9.968243e+01 
9.975359e+01 
9.981932e+01 
9.987736e+01 
9.993215e+01 
9.998548e+01 
1.000316e+02 
1.000648e+02 
1.000815e+02 
1.000823e+02 
1.000715e+02 
1.000550e+02 
1.000384e+02 
1.000246e+02 
1.000148e+02 
1.000084e+02 
1.000045e+02 
1.000023e+02 
1.000011e+02 
1.000005e+02 
1.000002e+02 
1.000000e+02 
1.000000e+02 
9.999999e+01 
1.000000e+02 
1.000000e+02 
1.000000e+02 

1.000000e+02 
1.000000e+02 
1.000000e+02 
9.999999e+01 
1.000000e+02 
1.000001e+02 
1.000002e+02 
1.000005e+02 
1.000012e+02 
1.000026e+02 
1.000051e+02 
1.000097e+02 
1.000174e+02 
1.000297e+02 
1.000477e+02 
1.000710e+02 
1.000974e+02 
1.001220e+02 
1.001392e+02 
1.001444e+02 
1.001362e+02 
1.001167e+02 
1.000896e+02 
1.000591e+02 
1.000246e+02 
9.998346e+01 
9.993621e+01 
9.988434e+01 
9.983006e+01 
9.977632e+01 
9.972658e+01 
9.968432e+01 
9.965269e+01 
9.963393e+01 
9.962909e+01 
9.963790e+01 
9.965884e+01 
9.968948e+01 
9.972686e+01 
9.976795e+01 
9.981003e+01 
9.985086e+01 
9.988882e+01 
9.992675e+01 
9.996626e+01 
1.000036e+02 
1.000341e+02 
1.000539e+02 
1.000611e+02 
1.000574e+02 
1.000469e+02 
1.000342e+02 
1.000227e+02 
1.000140e+02 
1.000081e+02 
1.000044e+02 
1.000022e+02 
1.000011e+02 
1.000005e+02 
1.000002e+02 
1.000000e+02 
1.000000e+02 
9.999999e+01 
1.000000e+02 
1.000000e+02 
1.000000e+02 

1.000000e+02 
1.000000e+02 
1.000000e+02 
9.999999e+01 
1.000000e+02 
1.000001e+02 
1.000002e+02 
1.000005e+02 
1.000012e+02 
1.000025e+02 
1.000049e+02 
1.000092e+02 
1.000162e+02 
1.000267e+02 
1.000410e+02 
1.000579e+02 
1.000744e+02 
1.000864e+02 
1.000902e+02 
1.000844e+02 
1.000701e+02 
1.000502e+02 
1.000276e+02 
1.000052e+02 
9.998195e+01 
9.995611e+01 
9.992828e+01 
9.989938e+01 
9.987056e+01 
9.984315e+01 
9.981857e+01 
9.979816e+01 
9.978305e+01 
9.977404e+01 
9.977151e+01 
9.977536e+01 
9.978509e+01 
9.979981e+01 
9.981840e+01 
9.983964e+01 
9.986232e+01 
9.988535e+01 
9.990783e+01 
9.993153e+01 
9.995789e+01 
9.998500e+01 
1.000099e+02 
1.000292e+02 
1.000402e+02 
1.000423e+02 
1.000375e+02 
1.000291e+02 
1.000203e+02 
1.000129e+02 
1.000076e+02 
1.000042e+02 
1.000022e+02 
1.000010e+02 
1.000005e+02 
1.000002e+02 
1.000000e+02 
1.000000e+02 
9.999999e+01 
1.000000e+02 
1.000000e+02 
1.000000e+02 

1.000000e+02 
1.000000e+02 
1.000000e+02 
9.999999e+01 
1.000000e+02 
1.000001e+02 
1.000002e+02 
1.000005e+02 
1.000012e+02 
1.000024e+02 
1.000047e+02 
1.000085e+02 
1.000145e+02 
1.000229e+02 
1.000333e+02 
1.000437e+02 
1.000515e+02 
1.000541e+02 
1.000501e+02 
1.000401e+02 
1.000262e+02 
1.000105e+02 
9.999500e+01 
9.998085e+01 
9.996717e+01 
9.995279e+01 
9.993807e+01 
9.992345e+01 
9.990942e+01 
9.989651e+01 
9.988521e+01 
9.987599e+01 
9.986922e+01 
9.986516e+01 
9.986393e+01 
9.986551e+01 
9.986973e+01 
9.987631e+01 
9.988487e+01 
9.989497e+01 
9.990615e+01 
9.991796e+01 
9.992999e+01 
9.994331e+01 
9.995902e+01 
9.997649e+01 
9.999428e+01 
1.000102e+02 
1.000218e+02 
1.000276e+02 
1.000275e+02 
1.000232e+02 
1.000172e+02 
1.000115e+02 
1.000071e+02 
1.000040e+02 
1.000021e+02 
1.000010e+02 
1.000004e+02 
1.000002e+02 
1.000000e+02 
1.000000e+02 
9.999999e+01 
1.000000e+02 
1.000000e+02 
1.000000e+02 

1.000000e+02 
1.000000e+02 
1.000000e+02 
9.999999e+01 
1.000000e+02 
1.000000e+02 
1.000002e+02 
1.000005e+02 
1.000011e+02 
1.000023e+02 
1.000043e+02 
1.000076e+02 
1.000124e+02 
1.000185e+02 
1.000248e+02 
1.000297e+02 
1.000313e+02 
1.000286e+02 
1.000220e+02 
1.000127e+02 
1.000024e+02 
9.999229e+01 
9.998319e+01 
9.997541e+01 
9.996828e+01 
9.996110e+01 
9.995403e+01 
9.994724e+01 
9.994092e+01 
9.993524e+01 
9.993037e+01 
9.992644e+01 
9.992357e+01 
9.992183e+01 
9.992127e+01 
9.992188e+01 
9.992360e+01 
9.992636e+01 
9.993004e+01 
9.993450e+01 
9.993958e+01 
9.994512e+01 
9.995097e+01 
9.995771e+01 
9.996608e+01 
9.997604e+01 
9.998713e+01 
9.999834e+01 
1.000081e+02 
1.000149e+02 
1.000177e+02 
1.000169e+02 
1.000137e+02 
1.000098e+02 
1.000063e+02 
1.000037e+02 
1.000020e+02 
1.000010e+02 
1.000004e+02 
1.000002e+02 
1.000000e+02 
1.000000e+02 
9.999999e+01 
1.000000e+02 
1.000000e+02 
1.000000e+02 

1.000000e+02 
1.000000e+02 
1.000000e+02 
9.999999e+01 
1.000000e+02 
1.000000e+02 
1.000002e+02 
1.000005e+02 
1.000010e+02 
1.000021e+02 
1.000039e+02 
1.000065e+02 
1.000099e+02 
1.000136e+02 
1.000165e+02 
1.000175e+02 
1.000158e+02 
1.000116e+02 
1.000057e+02 
9.999925e+01 
9.999298e+01 
9.998742e+01 
9.998274e+01 
9.997895e+01 
9.997560e+01 
9.997233e+01 
9.996921e+01 
9.996628e+01 
9.996362e+01 
9.996126e+01 
9.995927e+01 
9.995767e+01 
9.995651e+01 
9.995580e+01 
9.995556e+01 
9.995578e+01 
9.995644e+01 
9.995754e+01 
9.995903e+01 
9.996087e+01 
9.996302e+01 
9.996542e+01 
9.996802e+01 
9.997112e+01 
9.997514e+01 
9.998019e+01 
9.998625e+01 
9.999303e+01 
9.999982e+01 
1.000056e+02 
1.000094e+02 
1.000107e+02 
1.000098e+02 
1.000077e+02 
1.000053e+02 
1.000033e+02 
1.000018e+02 
1.000009e+02 
1.000004e+02 
1.000002e+02 
1.000000e+02 
1.000000e+02 
9.999999e+01 
1.000000e+02 
1.000000e+02 
1.000000e+02 

1.000000e+02 
1.000000e+02 
1.000000e+02 
9.999999e+01 
1.000000e+02 
1.000000e+02 
1.000002e+02 
1.000004e+02 
1.000010e+02 
1.000019e+02 
1.000033e+02 
1.000052e+02 
1.000073e+02 
1.000089e+02 
1.000095e+02 
1.000084e+02 
1.000059e+02 
1.000023e+02 
9.999843e+01 
9.999471e+01 
9.999146e+01 
9.998877e+01 
9.998662e+01 
9.998494e+01 
9.998350e+01 
9.998212e+01 
9.998083e+01 
9.997965e+01 
9.997859e+01 
9.997766e+01 
9.997688e+01 
9.997626e+01 
9.997580e+01 
9.997552e+01 
9.997542e+01 
9.997550e+01 
9.997574e+01 
9.997615e+01 
9.997673e+01 
9.997744e+01 
9.997830e+01 
9.997927e+01 
9.998034e+01 
9.998166e+01 
9.998341e+01 
9.998572e+01 
9.998866e+01 
9.999222e+01 
9.999620e+01 
1.000002e+02 
1.000035e+02 
1.000056e+02 
1.000062e+02 
1.000055e+02 
1.000041e+02 
1.000027e+02 
1.000016e+02 
1.000008e+02 
1.000004e+02 
1.000001e+02 
1.000000e+02 
1.000000e+02 
9.999999e+01 
1.000000e+02 
1.000000e+02 
1.000000e+02 

1.000000e+02 
1.000000e+02 
1.000000e+02 
9.999999e+01 
1.000000e+02 
1.000000e+02 
1.000002e+02 
1.000004e+02 
1.000008e+02 
1.000016e+02 
1.000026e+02 
1.000037e+02 
1.000047e+02 
1.000050e+02 
1.000043e+02 
1.000029e+02 
1.000008e+02 
9.999852e+01 
9.999640e+01 
9.999456e+01 
9.999307e+01 
9.999190e+01 
9.999099e+01 
9.999030e+01 
9.998972e+01 
9.998918e+01 
9.998868e+01 
9.998822e+01 
9.998781e+01 
9.998746e+01 
9.998717e+01 
9.998693e+01 
9.998676e+01 
9.998665e+01 
9.998661e+01 
9.998663e+01 
9.998672e+01 
9.998687e+01 
9.998708e+01 
9.998734e+01 
9.998767e+01 
9.998804e+01 
9.998845e+01 
9.998897e+01 
9.998969e+01 
9.999065e+01 
9.999194e+01 
9.999359e+01 
9.999562e+01 
9.999789e+01 
1.000002e+02 
1.000020e+02 
1.000031e+02 
1.000034e+02 
1.000029e+02 
1.000021e+02 
1.000013e+02 
1.000007e+02 
1.000003e+02 
1.000001e+02 
1.000000e+02 
1.000000e+02 
9.999999e+01 
1.000000e+02 
1.000000e+02 
1.000000e+02 

1.000000e+02 
1.000000e+02 
1.000000e+02 
9.999999e+01 
1.000000e+02 
1.000000e+02 
1.000001e+02 
1.000003e+02 
1.000007e+02 
1.000012e+02 
1.000018e+02 
1.000023e+02 
1.000025e+02 
1.000021e+02 
1.000013e+02 
1.000001e+02 
9.999886e+01 
9.999768e+01 
9.999668e+01 
9.999587e+01 
9.999525e+01 
9.999477e+01 
9.999442e+01 
9.999415e+01 
9.999393e+01 
9.999372e+01 
9.999354e+01 
9.999337e+01 
9.999322e+01 
9.999309e+01 
9.999298e+01 
9.999289e+01 
9.999283e+01 
9.999279e+01 
9.999277e+01 
9.999278e+01 
9.999281e+01 
9.999286e+01 
9.999293e+01 
9.999303e+01 
9.999314e+01 
9.999328e+01 
9.999343e+01 
9.999363e+01 
9.999390e+01 
9.999427e+01 
9.999479e+01 
9.999549e+01 
9.999640e+01 
9.999752e+01 
9.999879e+01 
1.000000e+02 
1.000011e+02 
1.000016e+02 
1.000017e+02 
1.000015e+02 
1.000010e+02 
1.000006e+02 
1.000003e+02 
1.000001e+02 
1.000000e+02 
1.000000e+02 
9.999999e+01 
1.000000e+02 
1.000000e+02 
1.000000e+02 

1.000000e+02 
1.000000e+02 
1.000000e+02 
9.999999e+01 
1.000000e+02 
1.000000e+02 
1.000001e+02 
1.000003e+02 
1.000005e+02 
1.000008e+02 
1.000011e+02 
1.000012e+02 
1.000010e+02 
1.000005e+02 
9.999988e+01 
9.999919e+01 
9.999855e+01 
9.999801e+01 
9.999759e+01 
9.999726e+01 
9.999702e+01 
9.999684e+01 
9.999671e+01 
9.999661e+01 
9.999653e+01 
9.999645e+01 
9.999638e+01 
9.999632e+01 
9.999627e+01 
9.999622e+01 
9.999618e+01 
9.999615e+01 
9.999613e+01 
9.999611e+01 
9.999610e+01 
9.999611e+01 
9.999611e+01 
9.999613e+01 
9.999616e+01 
9.999619e+01 
9.999623e+01 
9.999628e+01 
9.999633e+01 
9.999640e+01 
9.999650e+01 
9.999664e+01 
9.999683e+01 
9.999711e+01 
9.999748e+01 
9.999797e+01 
9.999857e+01 
9.999926e+01 
9.999994e+01 
1.000005e+02 
1.000008e+02 
1.000008e+02 
1.000007e+02 
1.000004e+02 
1.000002e+02 
1.000001e+02 
1.000000e+02 
1.000000e+02 
9.999999e+01 
1.000000e+02 
1.000000e+02 
1.000000e+02 

1.000000e+02 
1.000000e+02 
1.000000e+02 
9.999999e+01 
1.000000e+02 
1.000000e+02 
1.000001e+02 
1.000002e+02 
1.000003e+02 
1.000005e+02 
1.000005e+02 
1.000004e+02 
1.000002e+02 
9.999981e+01 
9.999944e+01 
9.999910e+01 
9.999882e+01 
9.999860e+01 
9.999843e+01 
9.999831e+01 
9.999822e+01 
9.999815e+01 
9.999811e+01 
9.999807e+01 
9.999804e+01 
9.999802e+01 
9.999799e+01 
9.999797e+01 
9.999795e+01 
9.999793e+01 
9.999792e+01 
9.999791e+01 
9.999790e+01 
9.999790e+01 
9.999789e+01 
9.999789e+01 
9.999789e+01 
9.999790e+01 
9.999791e+01 
9.999792e+01 
9.999793e+01 
9.999795e+01 
9.999797e+01 
9.999799e+01 
9.999803e+01 
9.999807e+01 
9.999814e+01 
9.999824e+01 
9.999838e+01 
9.999858e+01 
9.999884e+01 
9.999916e+01 
9.999952e+01 
9.999988e+01 
1.000002e+02 
1.000003e+02 
1.000003e+02 
1.000003e+02 
1.000002e+02 
1.000001e+02 
1.000000e+02 
1.000000e+02 
9.999999e+01 
1.000000e+02 
1.000000e+02 
1.000000e+02 

1.000000e+02 
1.000000e+02 
1.000000e+02 
9.999999e+01 
1.000000e+02 
1.000000e+02 
1.000001e+02 
1.000001e+02 
1.000002e+02 
1.000002e+02 
1.000001e+02 
9.999998e+01 
9.999980e+01 
9.999961e+01 
9.999944e+01 
9.999929e+01 
9.999918e+01 
9.999910e+01 
9.999904e+01 
9.999899e+01 
9.999896e+01 
9.999894e+01 
9.999892e+01 
9.999891e+01 
9.999890e+01 
9.999889e+01 
9.999888e+01 
9.999887e+01 
9.999887e+01 
9.999886e+01 
9.999886e+01 
9.999885e+01 
9.999885e+01 
9.999885e+01 
9.999885e+01 
9.999885e+01 
9.999885e+01 
9.999885e+01 
9.999885e+01 
9.999885e+01 
9.999886e+01 
9.999886e+01 
9.999887e+01 
9.999888e+01 
9.999889e+01 
9.999890e+01 
9.999893e+01 
9.999896e+01 
9.999901e+01 
9.999908e+01 
9.999918e+01 
9.999932e+01 
9.999948e+01 
9.999967e+01 
9.999986e+01 
1.000000e+02 
1.000001e+02 
1.000001e+02 
1.000001e+02 
1.000000e+02 
1.000000e+02 
9.999999e+01 
9.999999e+01 
1.000000e+02 
1.000000e+02 
1.000000e+02 

1.000000e+02 
1.000000e+02 
1.000000e+02 
9.999999e+01 
9.999999e+01 
1.000000e+02 
1.000000e+02 
1.000000e+02 
1.000000e+02 
1.000000e+02 
9.999993e+01 
9.999983e+01 
9.999973e+01 
9.999964e+01 
9.999957e+01 
9.999951e+01 
9.999947e+01 
9.999944e+01 
9.999942e+01 
9.999941e+01 
9.999939e+01 
9.999939e+01 
9.999938e+01 
9.999938e+01 
9.999937e+01 
9.999937e+01 
9.999937e+01 
9.999937e+01 
9.999936e+01 
9.999936e+01 
9.999936e+01 
9.999936e+01 
9.999936e+01 
9.999936e+01 
9.999936e+01 
9.999936e+01 
9.999936e+01 
9.999936e+01 
9.999936e+01 
9.999936e+01 
9.999936e+01 
9.999936e+01 
9.999936e+01 
9.999936e+01 
9.999937e+01 
9.999937e+01 
9.999938e+01 
9.999939e+01 
9.999941e+01 
9.999944e+01 
9.999947e+01 
9.999952e+01 
9.999959e+01 
9.999967e+01 
9.999977e+01 
9.999987e+01 
9.999995e+01 
1.000000e+02 
1.000000e+02 
1.000000e+02 
1.000000e+02 
9.999999e+01 
9.999999e+01 
1.000000e+02 
1.000000e+02 
1.000000e+02 

1.000000e+02 
1.000000e+02 
1.000000e+02 
9.999999e+01 
9.999999e+01 
9.999999e+01 
9.999999e+01 
9.999998e+01 
9.999996e+01 
9.999992e+01 
9.999987e+01 
9.999982e+01 
9.999978e+01 
9.999974e+01 
9.999971e+01 
9.999969e+01 
9.999968e+01 
9.999967e+01 
9.999966e+01 
9.999965e+01 
9.999965e+01 
9.999965e+01 
9.999964e+01 
9.999964e+01 
9.999964e+01 
9.999964e+01 
9.999964e+01 
9.999964e+01 
9.999964e+01 
9.999964e+01 
9.999964e+01 
9.999964e+01 
9.999964e+01 
9.999964e+01 
9.999964e+01 
9.999964e+01 
9.999964e+01 
9.999964e+01 
9.999964e+01 
9.999964e+01 
9.999964e+01 
9.999964e+01 
9.999964e+01 
9.999964e+01 
9.999964e+01 
9.999964e+01 
9.999964e+01 
9.999965e+01 
9.999965e+01 
9.999966e+01 
9.999967e+01 
9.999969e+01 
9.999972e+01 
9.999975e+01 
9.999979e+01 
9.999984e+01 
9.999990e+01 
9.999994e+01 
9.999997e+01 
9.999998e+01 
9.999999e+01 
9.999999e+01 
9.999999e+01 
1.000000e+02 
1.000000e+02 
1.000000e+02 

1.000000e+02 
1.000000e+02 
1.000000e+02 
9.999999e+01 
9.999999e+01 
9.999998e+01 
9.999998e+01 
9.999996e+01 
9.999994e+01 
9.999991e+01 
9.999989e+01 
9.999986e+01 
9.999984e+01 
9.999983e+01 
9.999982e+01 
9.999981e+01 
9.999981e+01 
9.999981e+01 
9.999980e+01 
9.999980e+01 
9.999980e+01 
9.999980e+01 
9.999980e+01 
9.999980e+01 
9.999980e+01 
9.999980e+01 
9.999980e+01 
9.999980e+01 
9.999980e+01 
9.999980e+01 
9.999980e+01 
9.999980e+01 
9.999980e+01 
9.999980e+01 
9.999980e+01 
9.999980e+01 
9.999980e+01 
9.999980e+01 
9.999980e+01 
9.999980e+01 
9.999980e+01 
9.999980e+01 
9.999980e+01 
9.999980e+01 
9.999980e+01 
9.999980e+01 
9.999980e+01 
9.999980e+01 
9.999980e+01 
9.999980e+01 
9.999981e+01 
9.999981e+01 
9.999982e+01 
9.999983e+01 
9.999985e+01 
9.999987e+01 
9.999990e+01 
9.999993e+01 
9.999995e+01 
9.999997e+01 
9.999998e+01 
9.999999e+01 
9.999999e+01 
1.000000e+02 
1.000000e+02 
1.000000e+02 

1.000000e+02 
1.000000e+02 
1.000000e+02 
1.000000e+02 
9.999999e+01 
9.999998e+01 
9.999997e+01 
9.999996e+01 
9.999995e+01 
9.999993e+01 
9.999992e+01 
9.999991e+01 
9.999991e+01 
9.999990e+01 
9.999990e+01 
9.999990e+01 
9.999989e+01 
9.999989e+01 
9.999989e+01 
9.999989e+01 
9.999989e+01 
9.999989e+01 
9.999989e+01 
9.999989e+01 
9.999989e+01 
9.999989e+01 
9.999989e+01 
9.999989e+01 
9.999989e+01 
9.999989e+01 
9.999989e+01 
9.999989e+01 
9.999989e+01 
9.999989e+01 
9.999989e+01 
9.999989e+01 
9.999989e+01 
9.999989e+01 
9.999989e+01 
9.999989e+01 
9.999989e+01 
9.999989e+01 
9.999989e+01 
9.999989e+01 
9.999989e+01 
9.999989e+01 
9.999989e+01 
9.999989e+01 
9.999989e+01 
9.999989e+01 
9.999989e+01 
9.999990e+01 
9.999990e+01 
9.999990e+01 
9.999991e+01 
9.999992e+01 
9.999993e+01 
9.999994e+01 
9.999996e+01 
9.999997e+01 
9.999998e+01 
9.999999e+01 
9.999999e+01 
1.000000e+02 
1.000000e+02 
1.000000e+02 

1.000000e+02 
1.000000e+02 
1.000000e+02 
1.000000e+02 
9.999999e+01 
9.999999e+01 
9.999998e+01 
9.999997e+01 
9.999997e+01 
9.999996e+01 
9.999996e+01 
9.999995e+01 
9.999995e+01 
9.999995e+01 
9.999995e+01 
9.999995e+01 
9.999995e+01 
9.999995e+01 
9.999995e+01 
9.999995e+01 
9.999995e+01 
9.999995e+01 
9.999995e+01 
9.999995e+01 
9.999995e+01 
9.999995e+01 
9.999995e+01 
9.999995e+01 
9.999995e+01 
9.999995e+01 
9.999995e+01 
9.999995e+01 
9.999995e+01 
9.999995e+01 
9.999995e+01 
9.999995e+01 
9.999995e+01 
9.999995e+01 
9.999995e+01 
9.999995e+01 
9.999995e+01 
9.999995e+01 
9.999995e+01 
9.999995e+01 
9.999995e+01 
9.999995e+01 
9.999995e+01 
9.999995e+01 
9.999995e+01 
9.999995e+01 
9.999995e+01 
9.999995e+01 
9.999995e+01 
9.999995e+01 
9.999995e+01 
9.999996e+01 
9.999996e+01 
9.999997e+01 
9.999997e+01 
9.999998e+01 
9.999999e+01 
9.999999e+01 
1.000000e+02 
1.000000e+02 
1.000000e+02 
1.000000e+02 

1.000000e+02 
1.000000e+02 
1.000000e+02 
1.000000e+02 
1.000000e+02 
9.999999e+01 
9.999999e+01 
9.999999e+01 
9.999999e+01 
9.999998e+01 
9.999998e+01 
9.999998e+01 
9.999998e+01 
9.999998e+01 
9.999998e+01 
9.999998e+01 
9.999998e+01 
9.999998e+01 
9.999998e+01 
9.999998e+01 
9.999998e+01 
9.999998e+01 
9.999998e+01 
9.999998e+01 
9.999998e+01 
9.999998e+01 
9.999998e+01 
9.999998e+01 
9.999998e+01 
9.999998e+01 
9.999998e+01 
9.999998e+01 
9.999998e+01 
9.999998e+01 
9.999998e+01 
9.999998e+01 
9.999998e+01 
9.999998e+01 
9.999998e+01 
9.999998e+01 
9.999998e+01 
9.999998e+01 
9.999998e+01 
9.999998e+01 
9.999998e+01 
9.999998e+01 
9.999998e+01 
9.999998e+01 
9.999998e+01 
9.999998e+01 
9.999998e+01 
9.999998e+01 
9.999998e+01 
9.999998e+01 
9.999998e+01 
9.999998e+01 
9.999998e+01 
9.999999e+01 
9.999999e+01 
9.999999e+01 
9.999999e+01 
1.000000e+02 
1.000000e+02 
1.000000e+02 
1.000000e+02 
1.000000e+02 

1.000000e+02 
1.000000e+02 
1.000000e+02 
1.000000e+02 
1.000000e+02 
1.000000e+02 
1.000000e+02 
1.000000e+02 
1.000000e+02 
1.000000e+02 
1.000000e+02 
1.000000e+02 
1.000000e+02 
1.000000e+02 
9.999999e+01 
9.999999e+01 
9.999999e+01 
9.999999e+01 
9.999999e+01 
9.999999e+01 
9.999999e+01 
9.999999e+01 
9.999999e+01 
9.999999e+01 
9.999999e+01 
9.999999e+01 
9.999999e+01 
9.999999e+01 
9.999999e+01 
9.999999e+01 
9.999999e+01 
9.999999e+01 
9.999999e+01 
9.999999e+01 
9.999999e+01 
9.999999e+01 
9.999999e+01 
9.999999e+01 
9.999999e+01 
9.999999e+01 
9.999999e+01 
9.999999e+01 
9.999999e+01 
9.999999e+01 
9.999999e+01 
9.999999e+01 
9.999999e+01 
9.999999e+01 
9.999999e+01 
9.999999e+01 
9.999999e+01 
9.999999e+01 
9.999999e+01 
1.000000e+02 
1.000000e+02 
1.000000e+02 
1.000000e+02 
1.000000e+02 
1.000000e+02 
1.000000e+02 
1.000000e+02 
1.000000e+02 
1.000000e+02 
1.000000e+02 
1.000000e+02 
1.000000e+02 

1.000000e+02 
1.000000e+02 
1.000000e+02 
1.000000e+02 
1.000000e+02 
1.000000e+02 
1.000000e+02 
1.000000e+02 
1.000000e+02 
1.000000e+02 
1.000000e+02 
1.000000e+02 
1.000000e+02 
1.000000e+02 
1.000000e+02 
1.000000e+02 
1.000000e+02 
1.000000e+02 
1.000000e+02 
1.000000e+02 
1.000000e+02 
1.000000e+02 
1.000000e+02 
1.000000e+02 
1.000000e+02 
1.000000e+02 
1.000000e+02 
1.000000e+02 
1.000000e+02 
1.000000e+02 
1.000000e+02 
1.000000e+02 
1.000000e+02 
1.000000e+02 
1.000000e+02 
1.000000e+02 
1.000000e+02 
1.000000e+02 
1.000000e+02 
1.000000e+02 
1.000000e+02 
1.000000e+02 
1.000000e+02 
1.000000e+02 
1.000000e+02 
1.000000e+02 
1.000000e+02 
1.000000e+02 
1.000000e+02 
1.000000e+02 
1.000000e+02 
1.000000e+02 
1.000000e+02 
1.000000e+02 
1.000000e+02 
1.000000e+02 
1.000000e+02 
1.000000e+02 
1.000000e+02 
1.000000e+02 
1.000000e+02 
1.000000e+02 
1.000000e+02 
1.000000e+02 
1.000000e+02 
1.000000e+02 

1.000000e+02 
1.000000e+02 
1.000000e+02 
1.000000e+02 
1.000000e+02 
1.000000e+02 
1.000000e+02 
1.000000e+02 
1.000000e+02 
1.000000e+02 
1.000000e+02 
1.000000e+02 
1.000000e+02 
1.000000e+02 
1.000000e+02 
1.000000e+02 
1.000000e+02 
1.000000e+02 
1.000000e+02 
1.000000e+02 
1.000000e+02 
1.000000e+02 
1.000000e+02 
1.000000e+02 
1.000000e+02 
1.000000e+02 
1.000000e+02 
1.000000e+02 
1.000000e+02 
1.000000e+02 
1.000000e+02 
1.000000e+02 
1.000000e+02 
1.000000e+02 
1.000000e+02 
1.000000e+02 
1.000000e+02 
1.000000e+02 
1.000000e+02 
1.000000e+02 
1.000000e+02 
1.000000e+02 
1.000000e+02 
1.000000e+02 
1.000000e+02 
1.000000e+02 
1.000000e+02 
1.000000e+02 
1.000000e+02 
1.000000e+02 
1.000000e+02 
1.000000e+02 
1.000000e+02 
1.000000e+02 
1.000000e+02 
1.000000e+02 
1.000000e+02 
1.000000e+02 
1.000000e+02 
1.000000e+02 
1.000000e+02 
1.000000e+02 
1.000000e+02 
1.000000e+02 
1.000000e+02 
1.000000e+02 

