1.000000e+02 
1.000000e+02 
1.000000e+02 
1.000000e+02 
1.000000e+02 
1.000000e+02 
1.000000e+02 
1.000000e+02 
1.000000e+02 
1.000000e+02 
1.000000e+02 
1.000000e+02 
1.000000e+02 
1.000000e+02 
1.000000e+02 
1.000000e+02 
1.000000e+02 
1.000000e+02 
1.000000e+02 
1.000000e+02 
1.000000e+02 
1.000000e+02 
1.000000e+02 
1.000000e+02 
1.000000e+02 
1.000000e+02 
1.000000e+02 
1.000000e+02 
1.000000e+02 
1.000000e+02 
1.000000e+02 
1.000000e+02 
1.000000e+02 
1.000000e+02 
1.000000e+02 
1.000000e+02 
1.000000e+02 
1.000000e+02 
1.000000e+02 
1.000000e+02 
1.000000e+02 
1.000000e+02 
1.000000e+02 
1.000000e+02 
1.000000e+02 
1.000000e+02 
1.000000e+02 
1.000000e+02 
1.000000e+02 
1.000000e+02 
1.000000e+02 
1.000000e+02 
1.000000e+02 
1.000000e+02 
1.000000e+02 
1.000000e+02 
1.000000e+02 
1.000000e+02 
1.000000e+02 
1.000000e+02 
1.000000e+02 
1.000000e+02 
1.000000e+02 
1.000000e+02 
1.000000e+02 
1.000000e+02 

1.000000e+02 
1.000000e+02 
1.000000e+02 
1.000000e+02 
1.000000e+02 
1.000000e+02 
1.000000e+02 
1.000000e+02 
1.000000e+02 
1.000000e+02 
1.000000e+02 
1.000000e+02 
1.000000e+02 
1.000000e+02 
1.000000e+02 
1.000000e+02 
1.000000e+02 
1.000000e+02 
1.000000e+02 
1.000000e+02 
1.000000e+02 
1.000000e+02 
1.000000e+02 
1.000000e+02 
1.000000e+02 
1.000000e+02 
1.000000e+02 
1.000000e+02 
1.000000e+02 
1.000000e+02 
1.000000e+02 
1.000000e+02 
1.000000e+02 
1.000000e+02 
1.000000e+02 
1.000000e+02 
1.000000e+02 
1.000000e+02 
1.000000e+02 
1.000000e+02 
1.000000e+02 
1.000000e+02 
1.000000e+02 
1.000000e+02 
1.000000e+02 
1.000000e+02 
1.000000e+02 
1.000000e+02 
1.000000e+02 
1.000000e+02 
1.000000e+02 
1.000000e+02 
1.000000e+02 
1.000000e+02 
1.000000e+02 
1.000000e+02 
1.000000e+02 
1.000000e+02 
1.000000e+02 
1.000000e+02 
1.000000e+02 
1.000000e+02 
1.000000e+02 
1.000000e+02 
1.000000e+02 
1.000000e+02 

1.000000e+02 
1.000000e+02 
1.000000e+02 
1.000000e+02 
1.000000e+02 
1.000000e+02 
1.000000e+02 
1.000000e+02 
9.999999e+01 
9.999999e+01 
9.999999e+01 
9.999999e+01 
9.999999e+01 
9.999999e+01 
9.999999e+01 
9.999999e+01 
9.999999e+01 
9.999999e+01 
9.999999e+01 
9.999999e+01 
9.999999e+01 
9.999999e+01 
9.999999e+01 
9.999999e+01 
9.999999e+01 
9.999999e+01 
9.999999e+01 
9.999999e+01 
9.999999e+01 
9.999999e+01 
9.999999e+01 
9.999999e+01 
9.999999e+01 
9.999999e+01 
9.999999e+01 
9.999999e+01 
9.999999e+01 
9.999999e+01 
9.999999e+01 
9.999999e+01 
9.999999e+01 
9.999999e+01 
9.999999e+01 
9.999999e+01 
9.999999e+01 
9.999999e+01 
9.999999e+01 
9.999999e+01 
9.999999e+01 
9.999999e+01 
9.999999e+01 
9.999999e+01 
9.999999e+01 
9.999999e+01 
9.999999e+01 
9.999999e+01 
9.999999e+01 
1.000000e+02 
1.000000e+02 
1.000000e+02 
1.000000e+02 
1.000000e+02 
1.000000e+02 
1.000000e+02 
1.000000e+02 
1.000000e+02 

1.000000e+02 
1.000000e+02 
1.000000e+02 
1.000000e+02 
9.999999e+01 
9.999999e+01 
9.999999e+01 
9.999999e+01 
9.999999e+01 
9.999999e+01 
9.999999e+01 
9.999999e+01 
9.999999e+01 
9.999999e+01 
9.999999e+01 
9.999999e+01 
9.999999e+01 
9.999999e+01 
9.999999e+01 
9.999999e+01 
9.999999e+01 
9.999999e+01 
9.999999e+01 
9.999999e+01 
9.999999e+01 
9.999999e+01 
9.999999e+01 
9.999999e+01 
9.999999e+01 
9.999999e+01 
9.999999e+01 
9.999999e+01 
9.999999e+01 
9.999999e+01 
9.999999e+01 
9.999999e+01 
9.999999e+01 
9.999999e+01 
9.999999e+01 
9.999999e+01 
9.999999e+01 
9.999999e+01 
9.999999e+01 
9.999999e+01 
9.999999e+01 
9.999999e+01 
9.999999e+01 
9.999999e+01 
9.999999e+01 
9.999999e+01 
9.999999e+01 
9.999999e+01 
9.999999e+01 
9.999999e+01 
9.999999e+01 
9.999999e+01 
9.999999e+01 
9.999999e+01 
9.999999e+01 
9.999999e+01 
9.999999e+01 
1.000000e+02 
1.000000e+02 
1.000000e+02 
1.000000e+02 
1.000000e+02 

1.000000e+02 
1.000000e+02 
1.000000e+02 
9.999999e+01 
9.999999e+01 
9.999999e+01 
9.999999e+01 
9.999999e+01 
9.999999e+01 
9.999999e+01 
1.000000e+02 
1.000000e+02 
1.000000e+02 
1.000000e+02 
1.000000e+02 
1.000000e+02 
1.000000e+02 
1.000000e+02 
1.000000e+02 
1.000000e+02 
1.000000e+02 
1.000000e+02 
1.000000e+02 
1.000000e+02 
1.000000e+02 
1.000000e+02 
1.000000e+02 
1.000000e+02 
1.000000e+02 
1.000000e+02 
1.000000e+02 
1.000000e+02 
1.000000e+02 
1.000000e+02 
1.000000e+02 
1.000000e+02 
1.000000e+02 
1.000000e+02 
1.000000e+02 
1.000000e+02 
1.000000e+02 
1.000000e+02 
1.000000e+02 
1.000000e+02 
1.000000e+02 
1.000000e+02 
1.000000e+02 
1.000000e+02 
1.000000e+02 
1.000000e+02 
1.000000e+02 
1.000000e+02 
1.000000e+02 
1.000000e+02 
1.000000e+02 
1.000000e+02 
9.999999e+01 
9.999999e+01 
9.999999e+01 
9.999999e+01 
9.999999e+01 
9.999999e+01 
1.000000e+02 
1.000000e+02 
1.000000e+02 
1.000000e+02 

1.000000e+02 
1.000000e+02 
1.000000e+02 
9.999999e+01 
9.999998e+01 
9.999998e+01 
9.999998e+01 
9.999999e+01 
1.000000e+02 
1.000000e+02 
1.000000e+02 
1.000000e+02 
1.000001e+02 
1.000001e+02 
1.000001e+02 
1.000001e+02 
1.000001e+02 
1.000001e+02 
1.000001e+02 
1.000001e+02 
1.000001e+02 
1.000001e+02 
1.000001e+02 
1.000001e+02 
1.000001e+02 
1.000001e+02 
1.000001e+02 
1.000001e+02 
1.000001e+02 
1.000001e+02 
1.000001e+02 
1.000001e+02 
1.000001e+02 
1.000001e+02 
1.000001e+02 
1.000001e+02 
1.000001e+02 
1.000001e+02 
1.000001e+02 
1.000001e+02 
1.000001e+02 
1.000001e+02 
1.000001e+02 
1.000001e+02 
1.000001e+02 
1.000001e+02 
1.000001e+02 
1.000001e+02 
1.000001e+02 
1.000001e+02 
1.000001e+02 
1.000001e+02 
1.000001e+02 
1.000001e+02 
1.000000e+02 
1.000000e+02 
1.000000e+02 
1.000000e+02 
9.999999e+01 
9.999998e+01 
9.999998e+01 
9.999998e+01 
9.999999e+01 
1.000000e+02 
1.000000e+02 
1.000000e+02 

1.000000e+02 
1.000000e+02 
1.000000e+02 
9.999999e+01 
9.999998e+01 
9.999997e+01 
9.999997e+01 
9.999999e+01 
1.000000e+02 
1.000001e+02 
1.000001e+02 
1.000002e+02 
1.000002e+02 
1.000002e+02 
1.000002e+02 
1.000003e+02 
1.000003e+02 
1.000003e+02 
1.000003e+02 
1.000003e+02 
1.000003e+02 
1.000003e+02 
1.000003e+02 
1.000003e+02 
1.000003e+02 
1.000003e+02 
1.000003e+02 
1.000003e+02 
1.000003e+02 
1.000003e+02 
1.000003e+02 
1.000003e+02 
1.000003e+02 
1.000003e+02 
1.000003e+02 
1.000003e+02 
1.000003e+02 
1.000003e+02 
1.000003e+02 
1.000003e+02 
1.000003e+02 
1.000003e+02 
1.000003e+02 
1.000003e+02 
1.000003e+02 
1.000003e+02 
1.000003e+02 
1.000003e+02 
1.000003e+02 
1.000003e+02 
1.000003e+02 
1.000002e+02 
1.000002e+02 
1.000002e+02 
1.000002e+02 
1.000001e+02 
1.000001e+02 
1.000000e+02 
9.999999e+01 
9.999996e+01 
9.999996e+01 
9.999997e+01 
9.999999e+01 
1.000000e+02 
1.000000e+02 
1.000000e+02 

1.000000e+02 
1.000000e+02 
1.000000e+02 
9.999998e+01 
9.999997e+01 
9.999995e+01 
9.999995e+01 
9.999998e+01 
1.000001e+02 
1.000002e+02 
1.000003e+02 
1.000004e+02 
1.000005e+02 
1.000006e+02 
1.000006e+02 
1.000007e+02 
1.000007e+02 
1.000007e+02 
1.000007e+02 
1.000008e+02 
1.000008e+02 
1.000008e+02 
1.000008e+02 
1.000008e+02 
1.000008e+02 
1.000008e+02 
1.000008e+02 
1.000008e+02 
1.000008e+02 
1.000008e+02 
1.000008e+02 
1.000008e+02 
1.000008e+02 
1.000008e+02 
1.000008e+02 
1.000008e+02 
1.000008e+02 
1.000008e+02 
1.000008e+02 
1.000008e+02 
1.000008e+02 
1.000008e+02 
1.000008e+02 
1.000008e+02 
1.000008e+02 
1.000008e+02 
1.000008e+02 
1.000007e+02 
1.000007e+02 
1.000007e+02 
1.000007e+02 
1.000006e+02 
1.000006e+02 
1.000005e+02 
1.000004e+02 
1.000003e+02 
1.000002e+02 
1.000000e+02 
9.999997e+01 
9.999994e+01 
9.999995e+01 
9.999996e+01 
9.999998e+01 
1.000000e+02 
1.000000e+02 
1.000000e+02 

1.000000e+02 
1.000000e+02 
1.000000e+02 
9.999998e+01 
9.999996e+01 
9.999993e+01 
9.999992e+01 
9.999995e+01 
1.000001e+02 
1.000002e+02 
1.000005e+02 
1.000008e+02 
1.000010e+02 
1.000012e+02 
1.000014e+02 
1.000015e+02 
1.000016e+02 
1.000017e+02 
1.000017e+02 
1.000018e+02 
1.000018e+02 
1.000018e+02 
1.000018e+02 
1.000018e+02 
1.000018e+02 
1.000018e+02 
1.000018e+02 
1.000018e+02 
1.000018e+02 
1.000018e+02 
1.000019e+02 
1.000019e+02 
1.000019e+02 
1.000019e+02 
1.000019e+02 
1.000018e+02 
1.000018e+02 
1.000018e+02 
1.000018e+02 
1.000018e+02 
1.000018e+02 
1.000018e+02 
1.000018e+02 
1.000018e+02 
1.000018e+02 
1.000018e+02 
1.000018e+02 
1.000017e+02 
1.000017e+02 
1.000016e+02 
1.000015e+02 
1.000014e+02 
1.000012e+02 
1.000010e+02 
1.000008e+02 
1.000005e+02 
1.000002e+02 
1.000000e+02 
9.999993e+01 
9.999991e+01 
9.999993e+01 
9.999996e+01 
9.999998e+01 
1.000000e+02 
1.000000e+02 
1.000000e+02 

1.000000e+02 
1.000000e+02 
9.999999e+01 
9.999998e+01 
9.999995e+01 
9.999991e+01 
9.999988e+01 
9.999990e+01 
1.000000e+02 
1.000003e+02 
1.000007e+02 
1.000012e+02 
1.000018e+02 
1.000023e+02 
1.000028e+02 
1.000031e+02 
1.000034e+02 
1.000036e+02 
1.000037e+02 
1.000038e+02 
1.000038e+02 
1.000039e+02 
1.000039e+02 
1.000039e+02 
1.000040e+02 
1.000040e+02 
1.000040e+02 
1.000040e+02 
1.000040e+02 
1.000040e+02 
1.000040e+02 
1.000040e+02 
1.000040e+02 
1.000040e+02 
1.000040e+02 
1.000040e+02 
1.000040e+02 
1.000040e+02 
1.000040e+02 
1.000040e+02 
1.000040e+02 
1.000040e+02 
1.000039e+02 
1.000039e+02 
1.000039e+02 
1.000038e+02 
1.000038e+02 
1.000037e+02 
1.000035e+02 
1.000034e+02 
1.000031e+02 
1.000027e+02 
1.000023e+02 
1.000017e+02 
1.000012e+02 
1.000006e+02 
1.000002e+02 
9.999997e+01 
9.999987e+01 
9.999987e+01 
9.999991e+01 
9.999995e+01 
9.999998e+01 
1.000000e+02 
1.000000e+02 
1.000000e+02 

1.000000e+02 
1.000000e+02 
9.999999e+01 
9.999998e+01 
9.999995e+01 
9.999990e+01 
9.999985e+01 
9.999982e+01 
9.999990e+01 
1.000002e+02 
1.000007e+02 
1.000016e+02 
1.000026e+02 
1.000038e+02 
1.000048e+02 
1.000057e+02 
1.000064e+02 
1.000069e+02 
1.000073e+02 
1.000076e+02 
1.000078e+02 
1.000079e+02 
1.000080e+02 
1.000081e+02 
1.000081e+02 
1.000082e+02 
1.000082e+02 
1.000083e+02 
1.000083e+02 
1.000083e+02 
1.000083e+02 
1.000083e+02 
1.000083e+02 
1.000083e+02 
1.000083e+02 
1.000083e+02 
1.000083e+02 
1.000083e+02 
1.000082e+02 
1.000082e+02 
1.000082e+02 
1.000081e+02 
1.000081e+02 
1.000080e+02 
1.000079e+02 
1.000077e+02 
1.000075e+02 
1.000073e+02 
1.000069e+02 
1.000064e+02 
1.000057e+02 
1.000048e+02 
1.000037e+02 
1.000026e+02 
1.000015e+02 
1.000007e+02 
1.000001e+02 
9.999985e+01 
9.999979e+01 
9.999983e+01 
9.999989e+01 
9.999994e+01 
9.999998e+01 
9.999999e+01 
1.000000e+02 
1.000000e+02 

1.000000e+02 
1.000000e+02 
9.999999e+01 
9.999998e+01 
9.999994e+01 
9.999989e+01 
9.999982e+01 
9.999975e+01 
9.999975e+01 
9.999995e+01 
1.000005e+02 
1.000016e+02 
1.000033e+02 
1.000054e+02 
1.000075e+02 
1.000095e+02 
1.000112e+02 
1.000126e+02 
1.000136e+02 
1.000143e+02 
1.000149e+02 
1.000153e+02 
1.000155e+02 
1.000157e+02 
1.000159e+02 
1.000161e+02 
1.000162e+02 
1.000163e+02 
1.000164e+02 
1.000165e+02 
1.000165e+02 
1.000166e+02 
1.000166e+02 
1.000166e+02 
1.000165e+02 
1.000165e+02 
1.000164e+02 
1.000164e+02 
1.000163e+02 
1.000162e+02 
1.000160e+02 
1.000159e+02 
1.000157e+02 
1.000155e+02 
1.000152e+02 
1.000148e+02 
1.000143e+02 
1.000135e+02 
1.000125e+02 
1.000112e+02 
1.000094e+02 
1.000074e+02 
1.000052e+02 
1.000032e+02 
1.000015e+02 
1.000004e+02 
9.999987e+01 
9.999970e+01 
9.999971e+01 
9.999979e+01 
9.999988e+01 
9.999994e+01 
9.999998e+01 
9.999999e+01 
1.000000e+02 
1.000000e+02 

1.000000e+02 
1.000000e+02 
9.999999e+01 
9.999998e+01 
9.999994e+01 
9.999988e+01 
9.999979e+01 
9.999969e+01 
9.999961e+01 
9.999967e+01 
1.000001e+02 
1.000013e+02 
1.000034e+02 
1.000065e+02 
1.000104e+02 
1.000144e+02 
1.000181e+02 
1.000213e+02 
1.000238e+02 
1.000257e+02 
1.000272e+02 
1.000282e+02 
1.000290e+02 
1.000295e+02 
1.000300e+02 
1.000304e+02 
1.000308e+02 
1.000311e+02 
1.000313e+02 
1.000316e+02 
1.000317e+02 
1.000318e+02 
1.000319e+02 
1.000319e+02 
1.000318e+02 
1.000317e+02 
1.000315e+02 
1.000313e+02 
1.000310e+02 
1.000307e+02 
1.000303e+02 
1.000299e+02 
1.000295e+02 
1.000289e+02 
1.000281e+02 
1.000270e+02 
1.000256e+02 
1.000237e+02 
1.000211e+02 
1.000179e+02 
1.000142e+02 
1.000102e+02 
1.000063e+02 
1.000032e+02 
1.000011e+02 
9.999999e+01 
9.999957e+01 
9.999954e+01 
9.999964e+01 
9.999977e+01 
9.999987e+01 
9.999993e+01 
9.999998e+01 
9.999999e+01 
1.000000e+02 
1.000000e+02 

1.000000e+02 
1.000000e+02 
9.999999e+01 
9.999998e+01 
9.999994e+01 
9.999987e+01 
9.999978e+01 
9.999964e+01 
9.999948e+01 
9.999938e+01 
9.999957e+01 
1.000005e+02 
1.000027e+02 
1.000067e+02 
1.000124e+02 
1.000193e+02 
1.000266e+02 
1.000333e+02 
1.000390e+02 
1.000436e+02 
1.000472e+02 
1.000499e+02 
1.000519e+02 
1.000534e+02 
1.000546e+02 
1.000557e+02 
1.000567e+02 
1.000575e+02 
1.000583e+02 
1.000589e+02 
1.000593e+02 
1.000596e+02 
1.000597e+02 
1.000597e+02 
1.000596e+02 
1.000593e+02 
1.000588e+02 
1.000582e+02 
1.000574e+02 
1.000565e+02 
1.000555e+02 
1.000544e+02 
1.000532e+02 
1.000517e+02 
1.000497e+02 
1.000469e+02 
1.000433e+02 
1.000387e+02 
1.000329e+02 
1.000262e+02 
1.000190e+02 
1.000121e+02 
1.000064e+02 
1.000024e+02 
1.000003e+02 
9.999941e+01 
9.999926e+01 
9.999940e+01 
9.999959e+01 
9.999975e+01 
9.999986e+01 
9.999993e+01 
9.999997e+01 
9.999999e+01 
1.000000e+02 
1.000000e+02 

1.000000e+02 
1.000000e+02 
9.999999e+01 
9.999998e+01 
9.999994e+01 
9.999987e+01 
9.999976e+01 
9.999960e+01 
9.999937e+01 
9.999912e+01 
9.999900e+01 
9.999945e+01 
1.000012e+02 
1.000054e+02 
1.000125e+02 
1.000227e+02 
1.000348e+02 
1.000474e+02 
1.000591e+02 
1.000693e+02 
1.000775e+02 
1.000839e+02 
1.000888e+02 
1.000926e+02 
1.000956e+02 
1.000985e+02 
1.001011e+02 
1.001033e+02 
1.001053e+02 
1.001068e+02 
1.001080e+02 
1.001088e+02 
1.001092e+02 
1.001092e+02 
1.001087e+02 
1.001079e+02 
1.001067e+02 
1.001050e+02 
1.001030e+02 
1.001007e+02 
1.000981e+02 
1.000952e+02 
1.000921e+02 
1.000883e+02 
1.000834e+02 
1.000769e+02 
1.000686e+02 
1.000585e+02 
1.000467e+02 
1.000341e+02 
1.000221e+02 
1.000120e+02 
1.000049e+02 
1.000009e+02 
9.999917e+01 
9.999880e+01 
9.999898e+01 
9.999928e+01 
9.999954e+01 
9.999973e+01 
9.999985e+01 
9.999993e+01 
9.999997e+01 
9.999999e+01 
1.000000e+02 
1.000000e+02 

1.000000e+02 
1.000000e+02 
9.999999e+01 
9.999998e+01 
9.999994e+01 
9.999987e+01 
9.999975e+01 
9.999957e+01 
9.999929e+01 
9.999890e+01 
9.999848e+01 
9.999836e+01 
9.999933e+01 
1.000027e+02 
1.000102e+02 
1.000227e+02 
1.000401e+02 
1.000605e+02 
1.000817e+02 
1.001015e+02 
1.001187e+02 
1.001328e+02 
1.001439e+02 
1.001526e+02 
1.001600e+02 
1.001669e+02 
1.001733e+02 
1.001790e+02 
1.001839e+02 
1.001879e+02 
1.001910e+02 
1.001930e+02 
1.001940e+02 
1.001940e+02 
1.001928e+02 
1.001906e+02 
1.001874e+02 
1.001832e+02 
1.001782e+02 
1.001724e+02 
1.001660e+02 
1.001590e+02 
1.001515e+02 
1.001428e+02 
1.001315e+02 
1.001173e+02 
1.001001e+02 
1.000803e+02 
1.000592e+02 
1.000389e+02 
1.000217e+02 
1.000093e+02 
1.000021e+02 
9.999886e+01 
9.999803e+01 
9.999826e+01 
9.999875e+01 
9.999919e+01 
9.999951e+01 
9.999972e+01 
9.999985e+01 
9.999993e+01 
9.999997e+01 
9.999999e+01 
1.000000e+02 
1.000000e+02 

1.000000e+02 
1.000000e+02 
9.999999e+01 
9.999998e+01 
9.999994e+01 
9.999987e+01 
9.999975e+01 
9.999955e+01 
9.999923e+01 
9.999874e+01 
9.999806e+01 
9.999738e+01 
9.999733e+01 
9.999931e+01 
1.000056e+02 
1.000186e+02 
1.000397e+02 
1.000683e+02 
1.001014e+02 
1.001355e+02 
1.001674e+02 
1.001952e+02 
1.002184e+02 
1.002370e+02 
1.002533e+02 
1.002689e+02 
1.002835e+02 
1.002968e+02 
1.003085e+02 
1.003183e+02 
1.003258e+02 
1.003309e+02 
1.003334e+02 
1.003332e+02 
1.003303e+02 
1.003249e+02 
1.003171e+02 
1.003070e+02 
1.002951e+02 
1.002815e+02 
1.002666e+02 
1.002509e+02 
1.002345e+02 
1.002157e+02 
1.001925e+02 
1.001646e+02 
1.001327e+02 
1.000988e+02 
1.000660e+02 
1.000378e+02 
1.000171e+02 
1.000044e+02 
9.999849e+01 
9.999676e+01 
9.999700e+01 
9.999781e+01 
9.999857e+01 
9.999913e+01 
9.999949e+01 
9.999971e+01 
9.999985e+01 
9.999993e+01 
9.999997e+01 
9.999999e+01 
1.000000e+02 
1.000000e+02 

1.000000e+02 
1.000000e+02 
9.999999e+01 
9.999998e+01 
9.999994e+01 
9.999986e+01 
9.999974e+01 
9.999954e+01 
9.999919e+01 
9.999862e+01 
9.999773e+01 
9.999656e+01 
9.999550e+01 
9.999574e+01 
9.999969e+01 
1.000109e+02 
1.000328e+02 
1.000669e+02 
1.001117e+02 
1.001628e+02 
1.002150e+02 
1.002639e+02 
1.003069e+02 
1.003429e+02 
1.003755e+02 
1.004078e+02 
1.004389e+02 
1.004680e+02 
1.004940e+02 
1.005161e+02 
1.005333e+02 
1.005451e+02 
1.005509e+02 
1.005504e+02 
1.005438e+02 
1.005312e+02 
1.005131e+02 
1.004904e+02 
1.004637e+02 
1.004342e+02 
1.004027e+02 
1.003702e+02 
1.003374e+02 
1.003013e+02 
1.002584e+02 
1.002097e+02 
1.001579e+02 
1.001073e+02 
1.000633e+02 
1.000299e+02 
1.000088e+02 
9.999822e+01 
9.999475e+01 
9.999485e+01 
9.999614e+01 
9.999746e+01 
9.999844e+01 
9.999908e+01 
9.999947e+01 
9.999971e+01 
9.999985e+01 
9.999993e+01 
9.999997e+01 
9.999999e+01 
1.000000e+02 
1.000000e+02 

1.000000e+02 
1.000000e+02 
9.999999e+01 
9.999998e+01 
9.999994e+01 
9.999986e+01 
9.999974e+01 
9.999953e+01 
9.999916e+01 
9.999853e+01 
9.999749e+01 
9.999592e+01 
9.999397e+01 
9.999245e+01 
9.999350e+01 
1.000011e+02 
1.000203e+02 
1.000555e+02 
1.001080e+02 
1.001749e+02 
1.002496e+02 
1.003252e+02 
1.003958e+02 
1.004582e+02 
1.005170e+02 
1.005774e+02 
1.006377e+02 
1.006957e+02 
1.007491e+02 
1.007954e+02 
1.008323e+02 
1.008578e+02 
1.008703e+02 
1.008693e+02 
1.008546e+02 
1.008272e+02 
1.007886e+02 
1.007408e+02 
1.006863e+02 
1.006274e+02 
1.005667e+02 
1.005060e+02 
1.004472e+02 
1.003850e+02 
1.003149e+02 
1.002402e+02 
1.001667e+02 
1.001012e+02 
1.000502e+02 
1.000164e+02 
9.999840e+01 
9.999173e+01 
9.999131e+01 
9.999325e+01 
9.999547e+01 
9.999720e+01 
9.999835e+01 
9.999905e+01 
9.999946e+01 
9.999970e+01 
9.999985e+01 
9.999993e+01 
9.999997e+01 
9.999999e+01 
1.000000e+02 
1.000000e+02 

1.000000e+02 
1.000000e+02 
9.999999e+01 
9.999998e+01 
9.999994e+01 
9.999986e+01 
9.999974e+01 
9.999952e+01 
9.999914e+01 
9.999847e+01 
9.999731e+01 
9.999544e+01 
9.999276e+01 
9.998967e+01 
9.998778e+01 
9.999078e+01 
1.000046e+02 
1.000360e+02 
1.000899e+02 
1.001665e+02 
1.002606e+02 
1.003634e+02 
1.004661e+02 
1.005618e+02 
1.006565e+02 
1.007579e+02 
1.008631e+02 
1.009681e+02 
1.010680e+02 
1.011571e+02 
1.012297e+02 
1.012805e+02 
1.013058e+02 
1.013033e+02 
1.012734e+02 
1.012183e+02 
1.011422e+02 
1.010503e+02 
1.009486e+02 
1.008425e+02 
1.007370e+02 
1.006359e+02 
1.005419e+02 
1.004473e+02 
1.003462e+02 
1.002456e+02 
1.001542e+02 
1.000803e+02 
1.000289e+02 
9.999970e+01 
9.998757e+01 
9.998575e+01 
9.998841e+01 
9.999198e+01 
9.999496e+01 
9.999701e+01 
9.999828e+01 
9.999903e+01 
9.999946e+01 
9.999970e+01 
9.999984e+01 
9.999993e+01 
9.999997e+01 
9.999999e+01 
1.000000e+02 
1.000000e+02 

1.000000e+02 
1.000000e+02 
9.999999e+01 
9.999998e+01 
9.999994e+01 
9.999986e+01 
9.999974e+01 
9.999952e+01 
9.999913e+01 
9.999842e+01 
9.999718e+01 
9.999508e+01 
9.999184e+01 
9.998744e+01 
9.998290e+01 
9.998121e+01 
9.998819e+01 
1.000120e+02 
1.000607e+02 
1.001386e+02 
1.002436e+02 
1.003678e+02 
1.005003e+02 
1.006308e+02 
1.007665e+02 
1.009185e+02 
1.010832e+02 
1.012546e+02 
1.014237e+02 
1.015795e+02 
1.017097e+02 
1.018026e+02 
1.018489e+02 
1.018438e+02 
1.017877e+02 
1.016864e+02 
1.015495e+02 
1.013892e+02 
1.012176e+02 
1.010456e+02 
1.008817e+02 
1.007315e+02 
1.005981e+02 
1.004706e+02 
1.003419e+02 
1.002221e+02 
1.001217e+02 
1.000482e+02 
1.000033e+02 
9.998241e+01 
9.997755e+01 
9.998065e+01 
9.998608e+01 
9.999102e+01 
9.999458e+01 
9.999687e+01 
9.999823e+01 
9.999901e+01 
9.999945e+01 
9.999970e+01 
9.999984e+01 
9.999993e+01 
9.999997e+01 
9.999999e+01 
1.000000e+02 
1.000000e+02 

1.000000e+02 
1.000000e+02 
9.999999e+01 
9.999998e+01 
9.999994e+01 
9.999986e+01 
9.999974e+01 
9.999951e+01 
9.999912e+01 
9.999839e+01 
9.999709e+01 
9.999482e+01 
9.999115e+01 
9.998572e+01 
9.997894e+01 
9.997297e+01 
9.997292e+01 
9.998716e+01 
1.000258e+02 
1.000968e+02 
1.002023e+02 
1.003371e+02 
1.004905e+02 
1.006500e+02 
1.008243e+02 
1.010286e+02 
1.012602e+02 
1.015120e+02 
1.017707e+02 
1.020176e+02 
1.022297e+02 
1.023839e+02 
1.024611e+02 
1.024512e+02 
1.023554e+02 
1.021857e+02 
1.019625e+02 
1.017093e+02 
1.014485e+02 
1.011981e+02 
1.009699e+02 
1.007705e+02 
1.006014e+02 
1.004480e+02 
1.003014e+02 
1.001738e+02 
1.000753e+02 
1.000105e+02 
9.997689e+01 
9.996635e+01 
9.996893e+01 
9.997652e+01 
9.998429e+01 
9.999029e+01 
9.999431e+01 
9.999677e+01 
9.999820e+01 
9.999900e+01 
9.999945e+01 
9.999970e+01 
9.999984e+01 
9.999993e+01 
9.999997e+01 
9.999999e+01 
1.000000e+02 
1.000000e+02 

1.000000e+02 
1.000000e+02 
9.999999e+01 
9.999998e+01 
9.999994e+01 
9.999986e+01 
9.999973e+01 
9.999951e+01 
9.999911e+01 
9.999837e+01 
9.999702e+01 
9.999463e+01 
9.999063e+01 
9.998441e+01 
9.997583e+01 
9.996620e+01 
9.995963e+01 
9.996393e+01 
9.998991e+01 
1.000482e+02 
1.001450e+02 
1.002786e+02 
1.004404e+02 
1.006174e+02 
1.008204e+02 
1.010692e+02 
1.013642e+02 
1.016991e+02 
1.020579e+02 
1.024128e+02 
1.027269e+02 
1.029596e+02 
1.030767e+02 
1.030592e+02 
1.029098e+02 
1.026514e+02 
1.023208e+02 
1.019586e+02 
1.016001e+02 
1.012707e+02 
1.009841e+02 
1.007449e+02 
1.005514e+02 
1.003842e+02 
1.002329e+02 
1.001097e+02 
1.000225e+02 
9.997217e+01 
9.995235e+01 
9.995241e+01 
9.996186e+01 
9.997327e+01 
9.998291e+01 
9.998975e+01 
9.999411e+01 
9.999670e+01 
9.999817e+01 
9.999899e+01 
9.999944e+01 
9.999970e+01 
9.999984e+01 
9.999993e+01 
9.999997e+01 
9.999999e+01 
1.000000e+02 
1.000000e+02 

1.000000e+02 
1.000000e+02 
9.999999e+01 
9.999998e+01 
9.999994e+01 
9.999986e+01 
9.999973e+01 
9.999951e+01 
9.999910e+01 
9.999835e+01 
9.999697e+01 
9.999449e+01 
9.999025e+01 
9.998342e+01 
9.997343e+01 
9.996081e+01 
9.994860e+01 
9.994360e+01 
9.995644e+01 
9.999915e+01 
1.000808e+02 
1.002035e+02 
1.003616e+02 
1.005431e+02 
1.007607e+02 
1.010388e+02 
1.013828e+02 
1.017904e+02 
1.022447e+02 
1.027106e+02 
1.031350e+02 
1.034554e+02 
1.036168e+02 
1.035886e+02 
1.033757e+02 
1.030166e+02 
1.025702e+02 
1.020979e+02 
1.016489e+02 
1.012538e+02 
1.009250e+02 
1.006626e+02 
1.004594e+02 
1.002921e+02 
1.001484e+02 
1.000393e+02 
9.996966e+01 
9.993659e+01 
9.993093e+01 
9.994085e+01 
9.995622e+01 
9.997076e+01 
9.998188e+01 
9.998935e+01 
9.999396e+01 
9.999665e+01 
9.999816e+01 
9.999898e+01 
9.999944e+01 
9.999970e+01 
9.999984e+01 
9.999993e+01 
9.999997e+01 
9.999999e+01 
1.000000e+02 
1.000000e+02 

1.000000e+02 
1.000000e+02 
9.999999e+01 
9.999998e+01 
9.999994e+01 
9.999986e+01 
9.999973e+01 
9.999951e+01 
9.999910e+01 
9.999834e+01 
9.999693e+01 
9.999438e+01 
9.998994e+01 
9.998260e+01 
9.997139e+01 
9.995612e+01 
9.993871e+01 
9.992464e+01 
9.992364e+01 
9.994812e+01 
1.000092e+02 
1.001124e+02 
1.002552e+02 
1.004281e+02 
1.006453e+02 
1.009348e+02 
1.013089e+02 
1.017718e+02 
1.023100e+02 
1.028831e+02 
1.034209e+02 
1.038346e+02 
1.040423e+02 
1.039985e+02 
1.037121e+02 
1.032428e+02 
1.026779e+02 
1.021026e+02 
1.015789e+02 
1.011387e+02 
1.007892e+02 
1.005230e+02 
1.003262e+02 
1.001723e+02 
1.000480e+02 
9.996185e+01 
9.991513e+01 
9.990188e+01 
9.991100e+01 
9.993050e+01 
9.995133e+01 
9.996864e+01 
9.998102e+01 
9.998902e+01 
9.999383e+01 
9.999660e+01 
9.999814e+01 
9.999898e+01 
9.999944e+01 
9.999970e+01 
9.999984e+01 
9.999993e+01 
9.999997e+01 
9.999999e+01 
1.000000e+02 
1.000000e+02 

1.000000e+02 
1.000000e+02 
9.999999e+01 
9.999998e+01 
9.999994e+01 
9.999986e+01 
9.999973e+01 
9.999951e+01 
9.999909e+01 
9.999833e+01 
9.999689e+01 
9.999428e+01 
9.998965e+01 
9.998184e+01 
9.996948e+01 
9.995163e+01 
9.992897e+01 
9.990533e+01 
9.988884e+01 
9.989130e+01 
9.992493e+01 
9.999801e+01 
1.001118e+02 
1.002598e+02 
1.004570e+02 
1.007332e+02 
1.011082e+02 
1.015951e+02 
1.021878e+02 
1.028448e+02 
1.034809e+02 
1.039784e+02 
1.042240e+02 
1.041564e+02 
1.037916e+02 
1.032159e+02 
1.025491e+02 
1.018997e+02 
1.013369e+02 
1.008880e+02 
1.005505e+02 
1.003073e+02 
1.001377e+02 
1.000142e+02 
9.992385e+01 
9.987141e+01 
9.985473e+01 
9.986516e+01 
9.989072e+01 
9.992031e+01 
9.994664e+01 
9.996664e+01 
9.998022e+01 
9.998871e+01 
9.999372e+01 
9.999656e+01 
9.999813e+01 
9.999898e+01 
9.999944e+01 
9.999970e+01 
9.999984e+01 
9.999993e+01 
9.999997e+01 
9.999999e+01 
1.000000e+02 
1.000000e+02 

1.000000e+02 
1.000000e+02 
9.999999e+01 
9.999998e+01 
9.999994e+01 
9.999986e+01 
9.999973e+01 
9.999951e+01 
9.999909e+01 
9.999832e+01 
9.999686e+01 
9.999418e+01 
9.998939e+01 
9.998114e+01 
9.996771e+01 
9.994741e+01 
9.991959e+01 
9.988617e+01 
9.985305e+01 
9.983034e+01 
9.983012e+01 
9.986248e+01 
9.993191e+01 
1.000359e+02 
1.001876e+02 
1.004150e+02 
1.007426e+02 
1.011913e+02 
1.017629e+02 
1.024187e+02 
1.030631e+02 
1.035634e+02 
1.037963e+02 
1.036966e+02 
1.032909e+02 
1.026838e+02 
1.020073e+02 
1.013757e+02 
1.008562e+02 
1.004658e+02 
1.001914e+02 
1.000084e+02 
9.989238e+01 
9.981922e+01 
9.977824e+01 
9.977038e+01 
9.979021e+01 
9.982749e+01 
9.987064e+01 
9.991050e+01 
9.994222e+01 
9.996479e+01 
9.997949e+01 
9.998844e+01 
9.999362e+01 
9.999653e+01 
9.999812e+01 
9.999897e+01 
9.999944e+01 
9.999970e+01 
9.999984e+01 
9.999993e+01 
9.999997e+01 
9.999999e+01 
1.000000e+02 
1.000000e+02 

1.000000e+02 
1.000000e+02 
9.999999e+01 
9.999998e+01 
9.999994e+01 
9.999986e+01 
9.999973e+01 
9.999951e+01 
9.999909e+01 
9.999831e+01 
9.999683e+01 
9.999410e+01 
9.998916e+01 
9.998052e+01 
9.996612e+01 
9.994353e+01 
9.991080e+01 
9.986774e+01 
9.981751e+01 
9.976755e+01 
9.972845e+01 
9.971073e+01 
9.972135e+01 
9.976161e+01 
9.983997e+01 
9.997639e+01 
1.001936e+02 
1.005123e+02 
1.009357e+02 
1.014252e+02 
1.019000e+02 
1.022484e+02 
1.023701e+02 
1.022335e+02 
1.018777e+02 
1.013916e+02 
1.008855e+02 
1.004402e+02 
1.000954e+02 
9.985778e+01 
9.971079e+01 
9.963086e+01 
9.959660e+01 
9.959354e+01 
9.961655e+01 
9.966263e+01 
9.972399e+01 
9.979015e+01 
9.985133e+01 
9.990131e+01 
9.993817e+01 
9.996311e+01 
9.997883e+01 
9.998819e+01 
9.999354e+01 
9.999650e+01 
9.999811e+01 
9.999897e+01 
9.999944e+01 
9.999969e+01 
9.999984e+01 
9.999993e+01 
9.999997e+01 
9.999999e+01 
1.000000e+02 
1.000000e+02 

1.000000e+02 
1.000000e+02 
9.999999e+01 
9.999998e+01 
9.999994e+01 
9.999986e+01 
9.999973e+01 
9.999950e+01 
9.999909e+01 
9.999830e+01 
9.999681e+01 
9.999403e+01 
9.998896e+01 
9.997998e+01 
9.996471e+01 
9.994008e+01 
9.990283e+01 
9.985063e+01 
9.978361e+01 
9.970579e+01 
9.962501e+01 
9.955082e+01 
9.949147e+01 
9.945166e+01 
9.943191e+01 
9.943742e+01 
9.948035e+01 
9.956919e+01 
9.969365e+01 
9.982208e+01 
9.989898e+01 
9.988127e+01 
9.977297e+01 
9.960285e+01 
9.942071e+01 
9.927045e+01 
9.916135e+01 
9.909635e+01 
9.907480e+01 
9.908884e+01 
9.913217e+01 
9.919451e+01 
9.926633e+01 
9.934938e+01 
9.944728e+01 
9.955350e+01 
9.965903e+01 
9.975459e+01 
9.983342e+01 
9.989297e+01 
9.993455e+01 
9.996164e+01 
9.997826e+01 
9.998798e+01 
9.999346e+01 
9.999647e+01 
9.999810e+01 
9.999896e+01 
9.999943e+01 
9.999969e+01 
9.999984e+01 
9.999993e+01 
9.999997e+01 
9.999999e+01 
1.000000e+02 
1.000000e+02 

1.000000e+02 
1.000000e+02 
9.999999e+01 
9.999998e+01 
9.999994e+01 
9.999986e+01 
9.999973e+01 
9.999950e+01 
9.999908e+01 
9.999829e+01 
9.999679e+01 
9.999397e+01 
9.998880e+01 
9.997953e+01 
9.996352e+01 
9.993711e+01 
9.989589e+01 
9.983545e+01 
9.975283e+01 
9.964825e+01 
9.952595e+01 
9.939335e+01 
9.925883e+01 
9.912987e+01 
9.899667e+01 
9.884467e+01 
9.866867e+01 
9.845374e+01 
9.817160e+01 
9.778939e+01 
9.731076e+01 
9.680513e+01 
9.639022e+01 
9.619529e+01 
9.627781e+01 
9.659122e+01 
9.703405e+01 
9.749183e+01 
9.789490e+01 
9.822966e+01 
9.850498e+01 
9.873441e+01 
9.892655e+01 
9.910407e+01 
9.928148e+01 
9.944938e+01 
9.959865e+01 
9.972234e+01 
9.981752e+01 
9.988569e+01 
9.993144e+01 
9.996038e+01 
9.997778e+01 
9.998780e+01 
9.999339e+01 
9.999645e+01 
9.999809e+01 
9.999896e+01 
9.999943e+01 
9.999969e+01 
9.999984e+01 
9.999993e+01 
9.999997e+01 
9.999999e+01 
1.000000e+02 
1.000000e+02 

1.000000e+02 
1.000000e+02 
9.999999e+01 
9.999998e+01 
9.999994e+01 
9.999986e+01 
9.999973e+01 
9.999950e+01 
9.999908e+01 
9.999829e+01 
9.999678e+01 
9.999393e+01 
9.998866e+01 
9.997916e+01 
9.996256e+01 
9.993470e+01 
9.989016e+01 
9.982274e+01 
9.972660e+01 
9.959820e+01 
9.943791e+01 
9.925036e+01 
9.904326e+01 
9.882619e+01 
9.857836e+01 
9.826414e+01 
9.785883e+01 
9.732350e+01 
9.661046e+01 
9.569823e+01 
9.464722e+01 
9.363704e+01 
9.292376e+01 
9.271538e+01 
9.307091e+01 
9.387120e+01 
9.488065e+01 
9.587296e+01 
9.671731e+01 
9.738340e+01 
9.789728e+01 
9.829612e+01 
9.860823e+01 
9.887809e+01 
9.913161e+01 
9.935714e+01 
9.954624e+01 
9.969487e+01 
9.980420e+01 
9.987969e+01 
9.992889e+01 
9.995936e+01 
9.997739e+01 
9.998766e+01 
9.999334e+01 
9.999643e+01 
9.999808e+01 
9.999896e+01 
9.999943e+01 
9.999969e+01 
9.999984e+01 
9.999993e+01 
9.999997e+01 
9.999999e+01 
1.000000e+02 
1.000000e+02 

1.000000e+02 
1.000000e+02 
9.999999e+01 
9.999998e+01 
9.999994e+01 
9.999986e+01 
9.999973e+01 
9.999950e+01 
9.999908e+01 
9.999828e+01 
9.999676e+01 
9.999389e+01 
9.998857e+01 
9.997889e+01 
9.996184e+01 
9.993288e+01 
9.988582e+01 
9.981298e+01 
9.970618e+01 
9.955864e+01 
9.936722e+01 
9.913374e+01 
9.886492e+01 
9.857182e+01 
9.822389e+01 
9.776695e+01 
9.715978e+01 
9.634569e+01 
9.526626e+01 
9.391379e+01 
9.240518e+01 
9.100992e+01 
9.007132e+01 
8.985657e+01 
9.042531e+01 
9.160012e+01 
9.306111e+01 
9.449394e+01 
9.570910e+01 
9.665991e+01 
9.738127e+01 
9.792749e+01 
9.834332e+01 
9.869215e+01 
9.900991e+01 
9.928331e+01 
9.950489e+01 
9.967350e+01 
9.979397e+01 
9.987511e+01 
9.992697e+01 
9.995859e+01 
9.997709e+01 
9.998755e+01 
9.999330e+01 
9.999642e+01 
9.999808e+01 
9.999896e+01 
9.999943e+01 
9.999969e+01 
9.999984e+01 
9.999993e+01 
9.999997e+01 
9.999999e+01 
1.000000e+02 
1.000000e+02 

1.000000e+02 
1.000000e+02 
9.999999e+01 
9.999998e+01 
9.999994e+01 
9.999986e+01 
9.999973e+01 
9.999950e+01 
9.999908e+01 
9.999828e+01 
9.999676e+01 
9.999387e+01 
9.998850e+01 
9.997872e+01 
9.996138e+01 
9.993170e+01 
9.988297e+01 
9.980654e+01 
9.969258e+01 
9.953200e+01 
9.931909e+01 
9.905350e+01 
9.874105e+01 
9.839372e+01 
9.797391e+01 
9.741418e+01 
9.666216e+01 
9.565074e+01 
9.431837e+01 
9.267120e+01 
9.086349e+01 
8.922044e+01 
8.814125e+01 
8.792504e+01 
8.863046e+01 
9.004821e+01 
9.180436e+01 
9.353039e+01 
9.499951e+01 
9.614991e+01 
9.701858e+01 
9.766979e+01 
9.815931e+01 
9.856390e+01 
9.892666e+01 
9.923325e+01 
9.947710e+01 
9.965925e+01 
9.978719e+01 
9.987209e+01 
9.992570e+01 
9.995809e+01 
9.997690e+01 
9.998748e+01 
9.999328e+01 
9.999641e+01 
9.999807e+01 
9.999896e+01 
9.999943e+01 
9.999969e+01 
9.999984e+01 
9.999993e+01 
9.999997e+01 
9.999999e+01 
1.000000e+02 
1.000000e+02 

1.000000e+02 
1.000000e+02 
9.999999e+01 
9.999998e+01 
9.999994e+01 
9.999986e+01 
9.999973e+01 
9.999950e+01 
9.999908e+01 
9.999828e+01 
9.999675e+01 
9.999386e+01 
9.998848e+01 
9.997865e+01 
9.996118e+01 
9.993118e+01 
9.988170e+01 
9.980364e+01 
9.968641e+01 
9.951984e+01 
9.929693e+01 
9.901628e+01 
9.868316e+01 
9.830996e+01 
9.785562e+01 
9.724618e+01 
9.642368e+01 
9.531581e+01 
9.385965e+01 
9.206893e+01 
9.011720e+01 
8.835721e+01 
8.721359e+01 
8.699950e+01 
8.777250e+01 
8.930788e+01 
9.120670e+01 
9.307427e+01 
9.466553e+01 
9.591135e+01 
9.684995e+01 
9.755063e+01 
9.807463e+01 
9.850513e+01 
9.888866e+01 
9.921048e+01 
9.946448e+01 
9.965278e+01 
9.978410e+01 
9.987071e+01 
9.992512e+01 
9.995785e+01 
9.997680e+01 
9.998744e+01 
9.999326e+01 
9.999640e+01 
9.999807e+01 
9.999896e+01 
9.999943e+01 
9.999969e+01 
9.999984e+01 
9.999993e+01 
9.999997e+01 
9.999999e+01 
1.000000e+02 
1.000000e+02 

1.000000e+02 
1.000000e+02 
9.999999e+01 
9.999998e+01 
9.999994e+01 
9.999986e+01 
9.999973e+01 
9.999950e+01 
9.999908e+01 
9.999828e+01 
9.999676e+01 
9.999387e+01 
9.998849e+01 
9.997867e+01 
9.996124e+01 
9.993132e+01 
9.988203e+01 
9.980437e+01 
9.968789e+01 
9.952266e+01 
9.930190e+01 
9.902432e+01 
9.869523e+01 
9.832683e+01 
9.787855e+01 
9.727724e+01 
9.646512e+01 
9.536944e+01 
9.392637e+01 
9.214898e+01 
9.021131e+01 
8.846505e+01 
8.733198e+01 
8.712417e+01 
8.789766e+01 
8.942600e+01 
9.131202e+01 
9.316338e+01 
9.473674e+01 
9.596565e+01 
9.689006e+01 
9.757979e+01 
9.809571e+01 
9.851990e+01 
9.889824e+01 
9.921617e+01 
9.946757e+01 
9.965431e+01 
9.978478e+01 
9.987099e+01 
9.992522e+01 
9.995788e+01 
9.997681e+01 
9.998744e+01 
9.999326e+01 
9.999640e+01 
9.999807e+01 
9.999896e+01 
9.999943e+01 
9.999969e+01 
9.999984e+01 
9.999993e+01 
9.999997e+01 
9.999999e+01 
1.000000e+02 
1.000000e+02 

1.000000e+02 
1.000000e+02 
9.999999e+01 
9.999998e+01 
9.999994e+01 
9.999986e+01 
9.999973e+01 
9.999950e+01 
9.999908e+01 
9.999828e+01 
9.999676e+01 
9.999388e+01 
9.998853e+01 
9.997879e+01 
9.996155e+01 
9.993212e+01 
9.988393e+01 
9.980862e+01 
9.969679e+01 
9.953991e+01 
9.933275e+01 
9.907526e+01 
9.877319e+01 
9.843806e+01 
9.803350e+01 
9.749430e+01 
9.676938e+01 
9.579283e+01 
9.450503e+01 
9.291457e+01 
9.117149e+01 
8.959090e+01 
8.856035e+01 
8.836440e+01 
8.905598e+01 
9.043199e+01 
9.212706e+01 
9.378645e+01 
9.519554e+01 
9.629618e+01 
9.712595e+01 
9.774799e+01 
9.821617e+01 
9.860406e+01 
9.895295e+01 
9.924908e+01 
9.948580e+01 
9.966360e+01 
9.978916e+01 
9.987290e+01 
9.992600e+01 
9.995819e+01 
9.997692e+01 
9.998748e+01 
9.999327e+01 
9.999640e+01 
9.999807e+01 
9.999896e+01 
9.999943e+01 
9.999969e+01 
9.999984e+01 
9.999993e+01 
9.999997e+01 
9.999999e+01 
1.000000e+02 
1.000000e+02 

1.000000e+02 
1.000000e+02 
9.999999e+01 
9.999998e+01 
9.999994e+01 
9.999986e+01 
9.999973e+01 
9.999950e+01 
9.999908e+01 
9.999829e+01 
9.999677e+01 
9.999391e+01 
9.998861e+01 
9.997901e+01 
9.996212e+01 
9.993355e+01 
9.988733e+01 
9.981618e+01 
9.971248e+01 
9.957003e+01 
9.938611e+01 
9.916261e+01 
9.890585e+01 
9.862622e+01 
9.829445e+01 
9.785898e+01 
9.728154e+01 
9.651182e+01 
9.550391e+01 
9.425892e+01 
9.289161e+01 
9.164552e+01 
9.081661e+01 
9.063887e+01 
9.116190e+01 
9.222411e+01 
9.354764e+01 
9.485317e+01 
9.596783e+01 
9.684750e+01 
9.751857e+01 
9.802863e+01 
9.841816e+01 
9.874610e+01 
9.904613e+01 
9.930571e+01 
9.951755e+01 
9.967999e+01 
9.979698e+01 
9.987637e+01 
9.992744e+01 
9.995875e+01 
9.997713e+01 
9.998755e+01 
9.999330e+01 
9.999641e+01 
9.999808e+01 
9.999896e+01 
9.999943e+01 
9.999969e+01 
9.999984e+01 
9.999993e+01 
9.999997e+01 
9.999999e+01 
1.000000e+02 
1.000000e+02 

1.000000e+02 
1.000000e+02 
9.999999e+01 
9.999998e+01 
9.999994e+01 
9.999986e+01 
9.999973e+01 
9.999950e+01 
9.999908e+01 
9.999829e+01 
9.999679e+01 
9.999395e+01 
9.998873e+01 
9.997932e+01 
9.996293e+01 
9.993557e+01 
9.989209e+01 
9.982668e+01 
9.973396e+01 
9.961067e+01 
9.945700e+01 
9.927689e+01 
9.907704e+01 
9.886618e+01 
9.862362e+01 
9.831439e+01 
9.791597e+01 
9.739948e+01 
9.673615e+01 
9.592795e+01 
9.503836e+01 
9.421367e+01 
9.365075e+01 
9.349984e+01 
9.380182e+01 
9.446894e+01 
9.531889e+01 
9.617409e+01 
9.692422e+01 
9.753180e+01 
9.800939e+01 
9.838274e+01 
9.867569e+01 
9.892930e+01 
9.916795e+01 
9.938092e+01 
9.956040e+01 
9.970249e+01 
9.980788e+01 
9.988128e+01 
9.992950e+01 
9.995956e+01 
9.997744e+01 
9.998766e+01 
9.999334e+01 
9.999643e+01 
9.999808e+01 
9.999896e+01 
9.999943e+01 
9.999969e+01 
9.999984e+01 
9.999993e+01 
9.999997e+01 
9.999999e+01 
1.000000e+02 
1.000000e+02 

1.000000e+02 
1.000000e+02 
9.999999e+01 
9.999998e+01 
9.999994e+01 
9.999986e+01 
9.999973e+01 
9.999951e+01 
9.999909e+01 
9.999830e+01 
9.999680e+01 
9.999400e+01 
9.998887e+01 
9.997972e+01 
9.996398e+01 
9.993815e+01 
9.989807e+01 
9.983965e+01 
9.976003e+01 
9.965898e+01 
9.953952e+01 
9.940716e+01 
9.926843e+01 
9.912981e+01 
9.897901e+01 
9.879710e+01 
9.857588e+01 
9.830475e+01 
9.797271e+01 
9.757691e+01 
9.714345e+01 
9.673325e+01 
9.642886e+01 
9.630947e+01 
9.640699e+01 
9.669003e+01 
9.708622e+01 
9.751215e+01 
9.790753e+01 
9.824822e+01 
9.853229e+01 
9.876657e+01 
9.895949e+01 
9.913458e+01 
9.930707e+01 
9.946858e+01 
9.961142e+01 
9.972983e+01 
9.982138e+01 
9.988745e+01 
9.993213e+01 
9.996062e+01 
9.997784e+01 
9.998781e+01 
9.999339e+01 
9.999644e+01 
9.999808e+01 
9.999896e+01 
9.999943e+01 
9.999969e+01 
9.999984e+01 
9.999993e+01 
9.999997e+01 
9.999999e+01 
1.000000e+02 
1.000000e+02 

1.000000e+02 
1.000000e+02 
9.999999e+01 
9.999998e+01 
9.999994e+01 
9.999986e+01 
9.999973e+01 
9.999951e+01 
9.999909e+01 
9.999831e+01 
9.999683e+01 
9.999407e+01 
9.998905e+01 
9.998020e+01 
9.996523e+01 
9.994121e+01 
9.990508e+01 
9.985456e+01 
9.978933e+01 
9.971195e+01 
9.962762e+01 
9.954264e+01 
9.946251e+01 
9.939098e+01 
9.932263e+01 
9.925125e+01 
9.917790e+01 
9.910258e+01 
9.902284e+01 
9.893340e+01 
9.882867e+01 
9.871168e+01 
9.859841e+01 
9.851148e+01 
9.847255e+01 
9.849151e+01 
9.856094e+01 
9.866416e+01 
9.878423e+01 
9.890817e+01 
9.902813e+01 
9.914005e+01 
9.924207e+01 
9.934359e+01 
9.945219e+01 
9.956239e+01 
9.966745e+01 
9.976061e+01 
9.983694e+01 
9.989470e+01 
9.993528e+01 
9.996189e+01 
9.997833e+01 
9.998799e+01 
9.999345e+01 
9.999646e+01 
9.999809e+01 
9.999896e+01 
9.999943e+01 
9.999969e+01 
9.999984e+01 
9.999993e+01 
9.999997e+01 
9.999999e+01 
1.000000e+02 
1.000000e+02 

1.000000e+02 
1.000000e+02 
9.999999e+01 
9.999998e+01 
9.999994e+01 
9.999986e+01 
9.999973e+01 
9.999951e+01 
9.999909e+01 
9.999832e+01 
9.999685e+01 
9.999414e+01 
9.998927e+01 
9.998077e+01 
9.996667e+01 
9.994469e+01 
9.991291e+01 
9.987086e+01 
9.982050e+01 
9.976665e+01 
9.971580e+01 
9.967401e+01 
9.964496e+01 
9.962944e+01 
9.962673e+01 
9.963893e+01 
9.967073e+01 
9.972502e+01 
9.979986e+01 
9.988512e+01 
9.996188e+01 
1.000067e+02 
1.000011e+02 
9.994153e+01 
9.984130e+01 
9.972441e+01 
9.961559e+01 
9.953155e+01 
9.947867e+01 
9.945535e+01 
9.945584e+01 
9.947338e+01 
9.950185e+01 
9.954117e+01 
9.959351e+01 
9.965659e+01 
9.972547e+01 
9.979343e+01 
9.985396e+01 
9.990283e+01 
9.993886e+01 
9.996337e+01 
9.997890e+01 
9.998820e+01 
9.999353e+01 
9.999649e+01 
9.999810e+01 
9.999896e+01 
9.999943e+01 
9.999969e+01 
9.999984e+01 
9.999993e+01 
9.999997e+01 
9.999999e+01 
1.000000e+02 
1.000000e+02 

1.000000e+02 
1.000000e+02 
9.999999e+01 
9.999998e+01 
9.999994e+01 
9.999986e+01 
9.999973e+01 
9.999951e+01 
9.999910e+01 
9.999833e+01 
9.999688e+01 
9.999423e+01 
9.998951e+01 
9.998141e+01 
9.996829e+01 
9.994852e+01 
9.992135e+01 
9.988797e+01 
9.985226e+01 
9.982052e+01 
9.979956e+01 
9.979426e+01 
9.980598e+01 
9.983264e+01 
9.987624e+01 
9.994324e+01 
1.000381e+02 
1.001622e+02 
1.003109e+02 
1.004702e+02 
1.006166e+02 
1.007212e+02 
1.007594e+02 
1.007201e+02 
1.006107e+02 
1.004543e+02 
1.002804e+02 
1.001153e+02 
9.997616e+01 
9.986999e+01 
9.979612e+01 
9.974986e+01 
9.972518e+01 
9.971677e+01 
9.972358e+01 
9.974643e+01 
9.978277e+01 
9.982694e+01 
9.987188e+01 
9.991159e+01 
9.994281e+01 
9.996502e+01 
9.997955e+01 
9.998844e+01 
9.999361e+01 
9.999652e+01 
9.999811e+01 
9.999897e+01 
9.999943e+01 
9.999969e+01 
9.999984e+01 
9.999993e+01 
9.999997e+01 
9.999999e+01 
1.000000e+02 
1.000000e+02 

1.000000e+02 
1.000000e+02 
9.999999e+01 
9.999998e+01 
9.999994e+01 
9.999986e+01 
9.999973e+01 
9.999951e+01 
9.999910e+01 
9.999834e+01 
9.999692e+01 
9.999433e+01 
9.998977e+01 
9.998212e+01 
9.997005e+01 
9.995263e+01 
9.993019e+01 
9.990537e+01 
9.988348e+01 
9.987150e+01 
9.987567e+01 
9.989901e+01 
9.994045e+01 
9.999551e+01 
1.000675e+02 
1.001645e+02 
1.002892e+02 
1.004404e+02 
1.006110e+02 
1.007863e+02 
1.009438e+02 
1.010583e+02 
1.011080e+02 
1.010821e+02 
1.009847e+02 
1.008335e+02 
1.006536e+02 
1.004700e+02 
1.003018e+02 
1.001599e+02 
1.000481e+02 
9.996485e+01 
9.990623e+01 
9.986473e+01 
9.983766e+01 
9.982847e+01 
9.983720e+01 
9.985997e+01 
9.989013e+01 
9.992079e+01 
9.994705e+01 
9.996682e+01 
9.998027e+01 
9.998871e+01 
9.999371e+01 
9.999655e+01 
9.999812e+01 
9.999897e+01 
9.999944e+01 
9.999969e+01 
9.999984e+01 
9.999993e+01 
9.999997e+01 
9.999999e+01 
1.000000e+02 
1.000000e+02 

1.000000e+02 
1.000000e+02 
9.999999e+01 
9.999998e+01 
9.999994e+01 
9.999986e+01 
9.999974e+01 
9.999951e+01 
9.999910e+01 
9.999835e+01 
9.999696e+01 
9.999445e+01 
9.999011e+01 
9.998298e+01 
9.997218e+01 
9.995748e+01 
9.994034e+01 
9.992468e+01 
9.991675e+01 
9.992343e+01 
9.994948e+01 
9.999556e+01 
1.000581e+02 
1.001310e+02 
1.002179e+02 
1.003271e+02 
1.004590e+02 
1.006105e+02 
1.007737e+02 
1.009350e+02 
1.010765e+02 
1.011788e+02 
1.012257e+02 
1.012092e+02 
1.011313e+02 
1.010041e+02 
1.008458e+02 
1.006759e+02 
1.005113e+02 
1.003635e+02 
1.002384e+02 
1.001374e+02 
1.000593e+02 
9.999585e+01 
9.994379e+01 
9.990858e+01 
9.989291e+01 
9.989529e+01 
9.991044e+01 
9.993138e+01 
9.995207e+01 
9.996901e+01 
9.998115e+01 
9.998905e+01 
9.999383e+01 
9.999659e+01 
9.999813e+01 
9.999898e+01 
9.999944e+01 
9.999969e+01 
9.999984e+01 
9.999993e+01 
9.999997e+01 
9.999999e+01 
1.000000e+02 
1.000000e+02 

1.000000e+02 
1.000000e+02 
9.999999e+01 
9.999998e+01 
9.999994e+01 
9.999986e+01 
9.999974e+01 
9.999951e+01 
9.999911e+01 
9.999837e+01 
9.999702e+01 
9.999462e+01 
9.999057e+01 
9.998416e+01 
9.997499e+01 
9.996372e+01 
9.995292e+01 
9.994759e+01 
9.995423e+01 
9.997860e+01 
1.000231e+02 
1.000856e+02 
1.001604e+02 
1.002405e+02 
1.003298e+02 
1.004357e+02 
1.005570e+02 
1.006896e+02 
1.008261e+02 
1.009562e+02 
1.010673e+02 
1.011466e+02 
1.011840e+02 
1.011743e+02 
1.011184e+02 
1.010234e+02 
1.009007e+02 
1.007635e+02 
1.006239e+02 
1.004915e+02 
1.003728e+02 
1.002709e+02 
1.001865e+02 
1.001121e+02 
1.000441e+02 
9.998927e+01 
9.995250e+01 
9.993526e+01 
9.993462e+01 
9.994454e+01 
9.995855e+01 
9.997191e+01 
9.998235e+01 
9.998951e+01 
9.999400e+01 
9.999665e+01 
9.999815e+01 
9.999898e+01 
9.999944e+01 
9.999970e+01 
9.999984e+01 
9.999993e+01 
9.999997e+01 
9.999999e+01 
1.000000e+02 
1.000000e+02 

1.000000e+02 
1.000000e+02 
9.999999e+01 
9.999998e+01 
9.999994e+01 
9.999986e+01 
9.999974e+01 
9.999952e+01 
9.999912e+01 
9.999840e+01 
9.999711e+01 
9.999486e+01 
9.999119e+01 
9.998573e+01 
9.997866e+01 
9.997153e+01 
9.996791e+01 
9.997325e+01 
9.999332e+01 
1.000317e+02 
1.000877e+02 
1.001569e+02 
1.002326e+02 
1.003082e+02 
1.003877e+02 
1.004773e+02 
1.005748e+02 
1.006765e+02 
1.007771e+02 
1.008695e+02 
1.009464e+02 
1.010005e+02 
1.010264e+02 
1.010210e+02 
1.009850e+02 
1.009218e+02 
1.008377e+02 
1.007401e+02 
1.006364e+02 
1.005334e+02 
1.004361e+02 
1.003479e+02 
1.002705e+02 
1.001977e+02 
1.001259e+02 
1.000613e+02 
1.000105e+02 
9.997726e+01 
9.996184e+01 
9.996026e+01 
9.996667e+01 
9.997570e+01 
9.998397e+01 
9.999015e+01 
9.999424e+01 
9.999674e+01 
9.999818e+01 
9.999899e+01 
9.999944e+01 
9.999970e+01 
9.999984e+01 
9.999993e+01 
9.999997e+01 
9.999999e+01 
1.000000e+02 
1.000000e+02 

1.000000e+02 
1.000000e+02 
9.999999e+01 
9.999998e+01 
9.999994e+01 
9.999986e+01 
9.999974e+01 
9.999952e+01 
9.999913e+01 
9.999844e+01 
9.999722e+01 
9.999519e+01 
9.999205e+01 
9.998781e+01 
9.998330e+01 
9.998088e+01 
9.998466e+01 
9.999963e+01 
1.000297e+02 
1.000755e+02 
1.001338e+02 
1.001988e+02 
1.002647e+02 
1.003265e+02 
1.003881e+02 
1.004541e+02 
1.005229e+02 
1.005916e+02 
1.006570e+02 
1.007152e+02 
1.007624e+02 
1.007951e+02 
1.008108e+02 
1.008081e+02 
1.007871e+02 
1.007496e+02 
1.006982e+02 
1.006367e+02 
1.005690e+02 
1.004988e+02 
1.004293e+02 
1.003633e+02 
1.003022e+02 
1.002414e+02 
1.001773e+02 
1.001146e+02 
1.000593e+02 
1.000168e+02 
9.999002e+01 
9.997793e+01 
9.997644e+01 
9.998051e+01 
9.998610e+01 
9.999103e+01 
9.999457e+01 
9.999686e+01 
9.999822e+01 
9.999901e+01 
9.999945e+01 
9.999970e+01 
9.999984e+01 
9.999993e+01 
9.999997e+01 
9.999999e+01 
1.000000e+02 
1.000000e+02 

1.000000e+02 
1.000000e+02 
9.999999e+01 
9.999998e+01 
9.999994e+01 
9.999986e+01 
9.999974e+01 
9.999953e+01 
9.999915e+01 
9.999850e+01 
9.999739e+01 
9.999564e+01 
9.999319e+01 
9.999046e+01 
9.998889e+01 
9.999132e+01 
1.000016e+02 
1.000234e+02 
1.000578e+02 
1.001030e+02 
1.001544e+02 
1.002070e+02 
1.002564e+02 
1.003003e+02 
1.003418e+02 
1.003845e+02 
1.004271e+02 
1.004682e+02 
1.005059e+02 
1.005386e+02 
1.005646e+02 
1.005823e+02 
1.005908e+02 
1.005895e+02 
1.005784e+02 
1.005582e+02 
1.005301e+02 
1.004955e+02 
1.004563e+02 
1.004141e+02 
1.003707e+02 
1.003275e+02 
1.002859e+02 
1.002421e+02 
1.001932e+02 
1.001415e+02 
1.000915e+02 
1.000481e+02 
1.000157e+02 
9.999600e+01 
9.998741e+01 
9.998632e+01 
9.998885e+01 
9.999219e+01 
9.999504e+01 
9.999703e+01 
9.999828e+01 
9.999902e+01 
9.999945e+01 
9.999970e+01 
9.999984e+01 
9.999993e+01 
9.999997e+01 
9.999999e+01 
1.000000e+02 
1.000000e+02 

1.000000e+02 
1.000000e+02 
9.999999e+01 
9.999998e+01 
9.999994e+01 
9.999987e+01 
9.999974e+01 
9.999954e+01 
9.999918e+01 
9.999859e+01 
9.999762e+01 
9.999625e+01 
9.999465e+01 
9.999368e+01 
9.999513e+01 
1.000018e+02 
1.000165e+02 
1.000406e+02 
1.000731e+02 
1.001107e+02 
1.001495e+02 
1.001861e+02 
1.002183e+02 
1.002454e+02 
1.002700e+02 
1.002943e+02 
1.003178e+02 
1.003397e+02 
1.003593e+02 
1.003758e+02 
1.003888e+02 
1.003975e+02 
1.004016e+02 
1.004010e+02 
1.003956e+02 
1.003857e+02 
1.003717e+02 
1.003542e+02 
1.003337e+02 
1.003111e+02 
1.002871e+02 
1.002623e+02 
1.002375e+02 
1.002102e+02 
1.001779e+02 
1.001416e+02 
1.001032e+02 
1.000663e+02 
1.000349e+02 
1.000120e+02 
9.999850e+01 
9.999286e+01 
9.999218e+01 
9.999371e+01 
9.999566e+01 
9.999727e+01 
9.999837e+01 
9.999905e+01 
9.999946e+01 
9.999970e+01 
9.999985e+01 
9.999993e+01 
9.999997e+01 
9.999999e+01 
1.000000e+02 
1.000000e+02 

1.000000e+02 
1.000000e+02 
9.999999e+01 
9.999998e+01 
9.999994e+01 
9.999987e+01 
9.999975e+01 
9.999955e+01 
9.999922e+01 
9.999870e+01 
9.999794e+01 
9.999703e+01 
9.999644e+01 
9.999727e+01 
1.000013e+02 
1.000107e+02 
1.000266e+02 
1.000485e+02 
1.000743e+02 
1.001010e+02 
1.001262e+02 
1.001482e+02 
1.001666e+02 
1.001813e+02 
1.001942e+02 
1.002066e+02 
1.002182e+02 
1.002288e+02 
1.002380e+02 
1.002457e+02 
1.002516e+02 
1.002556e+02 
1.002574e+02 
1.002571e+02 
1.002547e+02 
1.002502e+02 
1.002438e+02 
1.002356e+02 
1.002259e+02 
1.002150e+02 
1.002030e+02 
1.001903e+02 
1.001772e+02 
1.001622e+02 
1.001437e+02 
1.001216e+02 
1.000965e+02 
1.000700e+02 
1.000446e+02 
1.000233e+02 
1.000081e+02 
9.999941e+01 
9.999594e+01 
9.999556e+01 
9.999647e+01 
9.999759e+01 
9.999849e+01 
9.999909e+01 
9.999948e+01 
9.999971e+01 
9.999985e+01 
9.999993e+01 
9.999997e+01 
9.999999e+01 
1.000000e+02 
1.000000e+02 

1.000000e+02 
1.000000e+02 
9.999999e+01 
9.999998e+01 
9.999994e+01 
9.999987e+01 
9.999975e+01 
9.999957e+01 
9.999928e+01 
9.999886e+01 
9.999835e+01 
9.999800e+01 
9.999845e+01 
1.000008e+02 
1.000065e+02 
1.000164e+02 
1.000304e+02 
1.000471e+02 
1.000644e+02 
1.000807e+02 
1.000949e+02 
1.001065e+02 
1.001158e+02 
1.001230e+02 
1.001291e+02 
1.001348e+02 
1.001400e+02 
1.001447e+02 
1.001487e+02 
1.001520e+02 
1.001545e+02 
1.001562e+02 
1.001570e+02 
1.001568e+02 
1.001558e+02 
1.001539e+02 
1.001511e+02 
1.001476e+02 
1.001434e+02 
1.001385e+02 
1.001330e+02 
1.001272e+02 
1.001209e+02 
1.001136e+02 
1.001042e+02 
1.000924e+02 
1.000782e+02 
1.000618e+02 
1.000446e+02 
1.000282e+02 
1.000145e+02 
1.000050e+02 
9.999969e+01 
9.999766e+01 
9.999748e+01 
9.999802e+01 
9.999865e+01 
9.999915e+01 
9.999950e+01 
9.999971e+01 
9.999985e+01 
9.999993e+01 
9.999997e+01 
9.999999e+01 
1.000000e+02 
1.000000e+02 

1.000000e+02 
1.000000e+02 
9.999999e+01 
9.999998e+01 
9.999994e+01 
9.999987e+01 
9.999976e+01 
9.999960e+01 
9.999936e+01 
9.999907e+01 
9.999886e+01 
9.999909e+01 
1.000004e+02 
1.000037e+02 
1.000097e+02 
1.000182e+02 
1.000284e+02 
1.000391e+02 
1.000491e+02 
1.000578e+02 
1.000648e+02 
1.000703e+02 
1.000745e+02 
1.000777e+02 
1.000803e+02 
1.000827e+02 
1.000849e+02 
1.000868e+02 
1.000885e+02 
1.000898e+02 
1.000908e+02 
1.000914e+02 
1.000917e+02 
1.000917e+02 
1.000913e+02 
1.000905e+02 
1.000894e+02 
1.000879e+02 
1.000862e+02 
1.000842e+02 
1.000819e+02 
1.000794e+02 
1.000766e+02 
1.000734e+02 
1.000691e+02 
1.000635e+02 
1.000564e+02 
1.000477e+02 
1.000376e+02 
1.000270e+02 
1.000168e+02 
1.000085e+02 
1.000028e+02 
9.999974e+01 
9.999861e+01 
9.999855e+01 
9.999887e+01 
9.999924e+01 
9.999952e+01 
9.999972e+01 
9.999985e+01 
9.999993e+01 
9.999997e+01 
9.999999e+01 
1.000000e+02 
1.000000e+02 

1.000000e+02 
1.000000e+02 
9.999999e+01 
9.999998e+01 
9.999994e+01 
9.999988e+01 
9.999978e+01 
9.999964e+01 
9.999947e+01 
9.999933e+01 
9.999943e+01 
1.000002e+02 
1.000020e+02 
1.000054e+02 
1.000104e+02 
1.000164e+02 
1.000227e+02 
1.000286e+02 
1.000337e+02 
1.000377e+02 
1.000408e+02 
1.000432e+02 
1.000450e+02 
1.000462e+02 
1.000473e+02 
1.000483e+02 
1.000491e+02 
1.000499e+02 
1.000505e+02 
1.000510e+02 
1.000514e+02 
1.000516e+02 
1.000517e+02 
1.000517e+02 
1.000515e+02 
1.000512e+02 
1.000508e+02 
1.000503e+02 
1.000496e+02 
1.000488e+02 
1.000479e+02 
1.000469e+02 
1.000458e+02 
1.000444e+02 
1.000426e+02 
1.000402e+02 
1.000370e+02 
1.000329e+02 
1.000278e+02 
1.000219e+02 
1.000156e+02 
1.000096e+02 
1.000047e+02 
1.000015e+02 
9.999974e+01 
9.999915e+01 
9.999914e+01 
9.999935e+01 
9.999956e+01 
9.999974e+01 
9.999986e+01 
9.999993e+01 
9.999997e+01 
9.999999e+01 
1.000000e+02 
1.000000e+02 

1.000000e+02 
1.000000e+02 
9.999999e+01 
9.999998e+01 
9.999994e+01 
9.999988e+01 
9.999980e+01 
9.999969e+01 
9.999960e+01 
9.999963e+01 
9.999999e+01 
1.000010e+02 
1.000029e+02 
1.000057e+02 
1.000091e+02 
1.000127e+02 
1.000160e+02 
1.000189e+02 
1.000211e+02 
1.000228e+02 
1.000241e+02 
1.000251e+02 
1.000257e+02 
1.000262e+02 
1.000266e+02 
1.000270e+02 
1.000273e+02 
1.000276e+02 
1.000278e+02 
1.000280e+02 
1.000282e+02 
1.000282e+02 
1.000283e+02 
1.000283e+02 
1.000282e+02 
1.000281e+02 
1.000279e+02 
1.000277e+02 
1.000275e+02 
1.000272e+02 
1.000268e+02 
1.000264e+02 
1.000260e+02 
1.000255e+02 
1.000248e+02 
1.000238e+02 
1.000225e+02 
1.000207e+02 
1.000184e+02 
1.000155e+02 
1.000122e+02 
1.000086e+02 
1.000052e+02 
1.000025e+02 
1.000007e+02 
9.999974e+01 
9.999945e+01 
9.999948e+01 
9.999962e+01 
9.999976e+01 
9.999986e+01 
9.999993e+01 
9.999997e+01 
9.999999e+01 
1.000000e+02 
1.000000e+02 

1.000000e+02 
1.000000e+02 
9.999999e+01 
9.999998e+01 
9.999994e+01 
9.999989e+01 
9.999982e+01 
9.999975e+01 
9.999974e+01 
9.999991e+01 
1.000004e+02 
1.000014e+02 
1.000029e+02 
1.000048e+02 
1.000068e+02 
1.000086e+02 
1.000102e+02 
1.000114e+02 
1.000123e+02 
1.000130e+02 
1.000135e+02 
1.000138e+02 
1.000141e+02 
1.000143e+02 
1.000144e+02 
1.000146e+02 
1.000147e+02 
1.000148e+02 
1.000148e+02 
1.000149e+02 
1.000150e+02 
1.000150e+02 
1.000150e+02 
1.000150e+02 
1.000150e+02 
1.000149e+02 
1.000149e+02 
1.000148e+02 
1.000147e+02 
1.000146e+02 
1.000145e+02 
1.000143e+02 
1.000142e+02 
1.000140e+02 
1.000137e+02 
1.000133e+02 
1.000128e+02 
1.000121e+02 
1.000112e+02 
1.000099e+02 
1.000083e+02 
1.000065e+02 
1.000045e+02 
1.000027e+02 
1.000012e+02 
1.000002e+02 
9.999976e+01 
9.999964e+01 
9.999969e+01 
9.999978e+01 
9.999987e+01 
9.999994e+01 
9.999998e+01 
9.999999e+01 
1.000000e+02 
1.000000e+02 

1.000000e+02 
1.000000e+02 
9.999999e+01 
9.999998e+01 
9.999995e+01 
9.999990e+01 
9.999985e+01 
9.999983e+01 
9.999989e+01 
1.000001e+02 
1.000006e+02 
1.000014e+02 
1.000024e+02 
1.000035e+02 
1.000044e+02 
1.000053e+02 
1.000059e+02 
1.000064e+02 
1.000067e+02 
1.000070e+02 
1.000072e+02 
1.000073e+02 
1.000074e+02 
1.000074e+02 
1.000075e+02 
1.000075e+02 
1.000076e+02 
1.000076e+02 
1.000076e+02 
1.000076e+02 
1.000077e+02 
1.000077e+02 
1.000077e+02 
1.000077e+02 
1.000077e+02 
1.000076e+02 
1.000076e+02 
1.000076e+02 
1.000076e+02 
1.000075e+02 
1.000075e+02 
1.000074e+02 
1.000074e+02 
1.000073e+02 
1.000072e+02 
1.000071e+02 
1.000069e+02 
1.000066e+02 
1.000063e+02 
1.000058e+02 
1.000051e+02 
1.000043e+02 
1.000033e+02 
1.000022e+02 
1.000013e+02 
1.000005e+02 
1.000000e+02 
9.999980e+01 
9.999977e+01 
9.999982e+01 
9.999988e+01 
9.999994e+01 
9.999998e+01 
9.999999e+01 
1.000000e+02 
1.000000e+02 

1.000000e+02 
1.000000e+02 
1.000000e+02 
9.999998e+01 
9.999995e+01 
9.999992e+01 
9.999989e+01 
9.999990e+01 
1.000000e+02 
1.000002e+02 
1.000006e+02 
1.000011e+02 
1.000017e+02 
1.000022e+02 
1.000026e+02 
1.000029e+02 
1.000031e+02 
1.000033e+02 
1.000034e+02 
1.000035e+02 
1.000036e+02 
1.000036e+02 
1.000037e+02 
1.000037e+02 
1.000037e+02 
1.000037e+02 
1.000037e+02 
1.000037e+02 
1.000037e+02 
1.000037e+02 
1.000038e+02 
1.000038e+02 
1.000038e+02 
1.000038e+02 
1.000038e+02 
1.000037e+02 
1.000037e+02 
1.000037e+02 
1.000037e+02 
1.000037e+02 
1.000037e+02 
1.000037e+02 
1.000037e+02 
1.000036e+02 
1.000036e+02 
1.000035e+02 
1.000035e+02 
1.000034e+02 
1.000033e+02 
1.000031e+02 
1.000028e+02 
1.000025e+02 
1.000021e+02 
1.000016e+02 
1.000010e+02 
1.000005e+02 
1.000001e+02 
9.999993e+01 
9.999985e+01 
9.999986e+01 
9.999990e+01 
9.999995e+01 
9.999998e+01 
9.999999e+01 
1.000000e+02 
1.000000e+02 

1.000000e+02 
1.000000e+02 
1.000000e+02 
9.999998e+01 
9.999996e+01 
9.999993e+01 
9.999992e+01 
9.999995e+01 
1.000001e+02 
1.000002e+02 
1.000005e+02 
1.000007e+02 
1.000010e+02 
1.000012e+02 
1.000013e+02 
1.000015e+02 
1.000015e+02 
1.000016e+02 
1.000016e+02 
1.000017e+02 
1.000017e+02 
1.000017e+02 
1.000017e+02 
1.000017e+02 
1.000017e+02 
1.000017e+02 
1.000017e+02 
1.000017e+02 
1.000017e+02 
1.000017e+02 
1.000017e+02 
1.000017e+02 
1.000017e+02 
1.000017e+02 
1.000017e+02 
1.000017e+02 
1.000017e+02 
1.000017e+02 
1.000017e+02 
1.000017e+02 
1.000017e+02 
1.000017e+02 
1.000017e+02 
1.000017e+02 
1.000017e+02 
1.000017e+02 
1.000016e+02 
1.000016e+02 
1.000016e+02 
1.000015e+02 
1.000014e+02 
1.000013e+02 
1.000011e+02 
1.000009e+02 
1.000007e+02 
1.000004e+02 
1.000002e+02 
1.000000e+02 
9.999991e+01 
9.999990e+01 
9.999992e+01 
9.999995e+01 
9.999998e+01 
1.000000e+02 
1.000000e+02 
1.000000e+02 

1.000000e+02 
1.000000e+02 
1.000000e+02 
9.999999e+01 
9.999997e+01 
9.999995e+01 
9.999995e+01 
9.999998e+01 
1.000001e+02 
1.000002e+02 
1.000003e+02 
1.000004e+02 
1.000005e+02 
1.000006e+02 
1.000006e+02 
1.000006e+02 
1.000007e+02 
1.000007e+02 
1.000007e+02 
1.000007e+02 
1.000007e+02 
1.000007e+02 
1.000007e+02 
1.000007e+02 
1.000007e+02 
1.000007e+02 
1.000007e+02 
1.000007e+02 
1.000007e+02 
1.000007e+02 
1.000007e+02 
1.000007e+02 
1.000007e+02 
1.000007e+02 
1.000007e+02 
1.000007e+02 
1.000007e+02 
1.000007e+02 
1.000007e+02 
1.000007e+02 
1.000007e+02 
1.000007e+02 
1.000007e+02 
1.000007e+02 
1.000007e+02 
1.000007e+02 
1.000007e+02 
1.000007e+02 
1.000007e+02 
1.000007e+02 
1.000006e+02 
1.000006e+02 
1.000005e+02 
1.000005e+02 
1.000004e+02 
1.000002e+02 
1.000001e+02 
1.000000e+02 
9.999996e+01 
9.999993e+01 
9.999994e+01 
9.999996e+01 
9.999998e+01 
1.000000e+02 
1.000000e+02 
1.000000e+02 

1.000000e+02 
1.000000e+02 
1.000000e+02 
9.999999e+01 
9.999998e+01 
9.999997e+01 
9.999997e+01 
9.999999e+01 
1.000000e+02 
1.000001e+02 
1.000001e+02 
1.000002e+02 
1.000002e+02 
1.000002e+02 
1.000002e+02 
1.000002e+02 
1.000002e+02 
1.000003e+02 
1.000003e+02 
1.000003e+02 
1.000003e+02 
1.000003e+02 
1.000003e+02 
1.000003e+02 
1.000003e+02 
1.000003e+02 
1.000003e+02 
1.000003e+02 
1.000003e+02 
1.000003e+02 
1.000003e+02 
1.000003e+02 
1.000003e+02 
1.000003e+02 
1.000003e+02 
1.000003e+02 
1.000003e+02 
1.000003e+02 
1.000003e+02 
1.000003e+02 
1.000003e+02 
1.000003e+02 
1.000003e+02 
1.000003e+02 
1.000003e+02 
1.000003e+02 
1.000003e+02 
1.000003e+02 
1.000002e+02 
1.000002e+02 
1.000002e+02 
1.000002e+02 
1.000002e+02 
1.000002e+02 
1.000001e+02 
1.000001e+02 
1.000001e+02 
1.000000e+02 
9.999998e+01 
9.999996e+01 
9.999996e+01 
9.999997e+01 
9.999999e+01 
1.000000e+02 
1.000000e+02 
1.000000e+02 

1.000000e+02 
1.000000e+02 
1.000000e+02 
9.999999e+01 
9.999998e+01 
9.999998e+01 
9.999998e+01 
9.999999e+01 
1.000000e+02 
1.000000e+02 
1.000000e+02 
1.000000e+02 
1.000001e+02 
1.000001e+02 
1.000001e+02 
1.000001e+02 
1.000001e+02 
1.000001e+02 
1.000001e+02 
1.000001e+02 
1.000001e+02 
1.000001e+02 
1.000001e+02 
1.000001e+02 
1.000001e+02 
1.000001e+02 
1.000001e+02 
1.000001e+02 
1.000001e+02 
1.000001e+02 
1.000001e+02 
1.000001e+02 
1.000001e+02 
1.000001e+02 
1.000001e+02 
1.000001e+02 
1.000001e+02 
1.000001e+02 
1.000001e+02 
1.000001e+02 
1.000001e+02 
1.000001e+02 
1.000001e+02 
1.000001e+02 
1.000001e+02 
1.000001e+02 
1.000001e+02 
1.000001e+02 
1.000001e+02 
1.000001e+02 
1.000001e+02 
1.000001e+02 
1.000001e+02 
1.000000e+02 
1.000000e+02 
1.000000e+02 
1.000000e+02 
9.999999e+01 
9.999998e+01 
9.999997e+01 
9.999997e+01 
9.999998e+01 
9.999999e+01 
1.000000e+02 
1.000000e+02 
1.000000e+02 

1.000000e+02 
1.000000e+02 
1.000000e+02 
1.000000e+02 
9.999999e+01 
9.999999e+01 
9.999999e+01 
9.999999e+01 
9.999999e+01 
9.999999e+01 
1.000000e+02 
1.000000e+02 
1.000000e+02 
1.000000e+02 
1.000000e+02 
1.000000e+02 
1.000000e+02 
1.000000e+02 
1.000000e+02 
1.000000e+02 
1.000000e+02 
1.000000e+02 
1.000000e+02 
1.000000e+02 
1.000000e+02 
1.000000e+02 
1.000000e+02 
1.000000e+02 
1.000000e+02 
1.000000e+02 
1.000000e+02 
1.000000e+02 
1.000000e+02 
1.000000e+02 
1.000000e+02 
1.000000e+02 
1.000000e+02 
1.000000e+02 
1.000000e+02 
1.000000e+02 
1.000000e+02 
1.000000e+02 
1.000000e+02 
1.000000e+02 
1.000000e+02 
1.000000e+02 
1.000000e+02 
1.000000e+02 
1.000000e+02 
1.000000e+02 
1.000000e+02 
1.000000e+02 
1.000000e+02 
1.000000e+02 
1.000000e+02 
9.999999e+01 
9.999999e+01 
9.999999e+01 
9.999998e+01 
9.999998e+01 
9.999999e+01 
9.999999e+01 
9.999999e+01 
1.000000e+02 
1.000000e+02 
1.000000e+02 

1.000000e+02 
1.000000e+02 
1.000000e+02 
1.000000e+02 
1.000000e+02 
9.999999e+01 
9.999999e+01 
9.999999e+01 
9.999999e+01 
9.999999e+01 
9.999999e+01 
9.999999e+01 
9.999999e+01 
9.999999e+01 
9.999999e+01 
9.999999e+01 
9.999999e+01 
9.999999e+01 
9.999999e+01 
9.999999e+01 
9.999999e+01 
9.999999e+01 
9.999999e+01 
9.999999e+01 
9.999999e+01 
9.999999e+01 
9.999999e+01 
9.999999e+01 
9.999999e+01 
9.999999e+01 
9.999999e+01 
9.999999e+01 
9.999999e+01 
9.999999e+01 
9.999999e+01 
9.999999e+01 
9.999999e+01 
9.999999e+01 
9.999999e+01 
9.999999e+01 
9.999999e+01 
9.999999e+01 
9.999999e+01 
9.999999e+01 
9.999999e+01 
9.999999e+01 
9.999999e+01 
9.999999e+01 
9.999999e+01 
9.999999e+01 
9.999999e+01 
9.999999e+01 
9.999999e+01 
9.999999e+01 
9.999999e+01 
9.999999e+01 
9.999999e+01 
9.999999e+01 
9.999999e+01 
9.999999e+01 
9.999999e+01 
1.000000e+02 
1.000000e+02 
1.000000e+02 
1.000000e+02 
1.000000e+02 

1.000000e+02 
1.000000e+02 
1.000000e+02 
1.000000e+02 
1.000000e+02 
1.000000e+02 
1.000000e+02 
1.000000e+02 
1.000000e+02 
9.999999e+01 
9.999999e+01 
9.999999e+01 
9.999999e+01 
9.999999e+01 
9.999999e+01 
9.999999e+01 
9.999999e+01 
9.999999e+01 
9.999999e+01 
9.999999e+01 
9.999999e+01 
9.999999e+01 
9.999999e+01 
9.999999e+01 
9.999999e+01 
9.999999e+01 
9.999999e+01 
9.999999e+01 
9.999999e+01 
9.999999e+01 
9.999999e+01 
9.999999e+01 
9.999999e+01 
9.999999e+01 
9.999999e+01 
9.999999e+01 
9.999999e+01 
9.999999e+01 
9.999999e+01 
9.999999e+01 
9.999999e+01 
9.999999e+01 
9.999999e+01 
9.999999e+01 
9.999999e+01 
9.999999e+01 
9.999999e+01 
9.999999e+01 
9.999999e+01 
9.999999e+01 
9.999999e+01 
9.999999e+01 
9.999999e+01 
9.999999e+01 
9.999999e+01 
9.999999e+01 
9.999999e+01 
1.000000e+02 
1.000000e+02 
1.000000e+02 
1.000000e+02 
1.000000e+02 
1.000000e+02 
1.000000e+02 
1.000000e+02 
1.000000e+02 

1.000000e+02 
1.000000e+02 
1.000000e+02 
1.000000e+02 
1.000000e+02 
1.000000e+02 
1.000000e+02 
1.000000e+02 
1.000000e+02 
1.000000e+02 
1.000000e+02 
1.000000e+02 
1.000000e+02 
1.000000e+02 
1.000000e+02 
1.000000e+02 
1.000000e+02 
1.000000e+02 
1.000000e+02 
1.000000e+02 
1.000000e+02 
1.000000e+02 
1.000000e+02 
1.000000e+02 
1.000000e+02 
1.000000e+02 
1.000000e+02 
1.000000e+02 
1.000000e+02 
1.000000e+02 
1.000000e+02 
1.000000e+02 
1.000000e+02 
1.000000e+02 
1.000000e+02 
1.000000e+02 
1.000000e+02 
1.000000e+02 
1.000000e+02 
1.000000e+02 
1.000000e+02 
1.000000e+02 
1.000000e+02 
1.000000e+02 
1.000000e+02 
1.000000e+02 
1.000000e+02 
1.000000e+02 
1.000000e+02 
1.000000e+02 
1.000000e+02 
1.000000e+02 
1.000000e+02 
1.000000e+02 
1.000000e+02 
1.000000e+02 
1.000000e+02 
1.000000e+02 
1.000000e+02 
1.000000e+02 
1.000000e+02 
1.000000e+02 
1.000000e+02 
1.000000e+02 
1.000000e+02 
1.000000e+02 

1.000000e+02 
1.000000e+02 
1.000000e+02 
1.000000e+02 
1.000000e+02 
1.000000e+02 
1.000000e+02 
1.000000e+02 
1.000000e+02 
1.000000e+02 
1.000000e+02 
1.000000e+02 
1.000000e+02 
1.000000e+02 
1.000000e+02 
1.000000e+02 
1.000000e+02 
1.000000e+02 
1.000000e+02 
1.000000e+02 
1.000000e+02 
1.000000e+02 
1.000000e+02 
1.000000e+02 
1.000000e+02 
1.000000e+02 
1.000000e+02 
1.000000e+02 
1.000000e+02 
1.000000e+02 
1.000000e+02 
1.000000e+02 
1.000000e+02 
1.000000e+02 
1.000000e+02 
1.000000e+02 
1.000000e+02 
1.000000e+02 
1.000000e+02 
1.000000e+02 
1.000000e+02 
1.000000e+02 
1.000000e+02 
1.000000e+02 
1.000000e+02 
1.000000e+02 
1.000000e+02 
1.000000e+02 
1.000000e+02 
1.000000e+02 
1.000000e+02 
1.000000e+02 
1.000000e+02 
1.000000e+02 
1.000000e+02 
1.000000e+02 
1.000000e+02 
1.000000e+02 
1.000000e+02 
1.000000e+02 
1.000000e+02 
1.000000e+02 
1.000000e+02 
1.000000e+02 
1.000000e+02 
1.000000e+02 

