 -2.165406282494685E-018
 -2.104972385301461E-018
 -2.044538488108238E-018
 -1.984104590915014E-018
 -1.923670693721791E-018
 -1.863711423850449E-018
 -1.804701177808814E-018
 -1.746639271133504E-018
 -1.689524579836892E-018
 -1.633355554546549E-018
 -1.578130234414028E-018
 -1.523846260793382E-018
 -1.470500890689876E-018
 -1.418091009979485E-018
 -1.366613146399823E-018
 -1.316063482313289E-018
 -1.266437867243245E-018
 -1.217731830184182E-018
 -1.169940591686862E-018
 -1.123059075719543E-018
 -1.077081921306435E-018
