  1.923670693721786E-018
  1.923670693721786E-018
  1.923670693721786E-018
  1.923670693721786E-018
  1.923670693721786E-018
  1.923200997973231E-018
  1.921811558473143E-018
  1.919531495638901E-018
  1.916389461919238E-018
  1.912413642348327E-018
  1.907631755309796E-018
  1.902071053503796E-018
  1.895758325110406E-018
  1.888719895142693E-018
  1.880981626982939E-018
  1.872568924095611E-018
  1.863506731910775E-018
  1.853819539871762E-018
  1.843531383641029E-018
  1.832665847458235E-018
  1.821246066644680E-018
