6.776112e+01 
4.612465e+01 
1.925293e+01 
2.798034e+01 
3.884997e+01 
4.371798e+01 
4.499958e+01 
4.499959e+01 
4.499960e+01 
4.499960e+01 
4.499960e+01 
4.499961e+01 
4.499961e+01 
4.499961e+01 
4.499961e+01 
4.499962e+01 
4.499962e+01 
4.499963e+01 
4.499963e+01 
4.499964e+01 
4.499964e+01 
4.499964e+01 
4.499964e+01 
4.499963e+01 
4.499962e+01 
4.499961e+01 
4.386408e+01 
4.003021e+01 
3.399007e+01 
3.091259e+01 
3.828236e+01 
5.467840e+01 

-7.649141e+01 
-6.932541e+01 
-6.628553e+01 
-1.227837e+01 
1.038537e+01 
3.579552e+01 
4.499342e+01 
4.499374e+01 
4.499405e+01 
4.499432e+01 
4.499457e+01 
4.499480e+01 
4.499500e+01 
4.499518e+01 
4.499534e+01 
4.499547e+01 
4.499559e+01 
4.499569e+01 
4.499577e+01 
4.499585e+01 
4.499592e+01 
4.499599e+01 
4.499605e+01 
4.499612e+01 
4.499618e+01 
4.499624e+01 
4.027401e+01 
2.858957e+01 
1.878054e+01 
2.391661e+01 
7.055694e+01 
7.023437e+01 

-6.395199e+01 
-4.652610e+01 
-1.281429e+01 
2.711790e+01 
-3.389713e+01 
1.141502e+01 
4.496297e+01 
4.496847e+01 
4.497257e+01 
4.497565e+01 
4.497802e+01 
4.497989e+01 
4.498140e+01 
4.498266e+01 
4.498373e+01 
4.498466e+01 
4.498548e+01 
4.498620e+01 
4.498684e+01 
4.498741e+01 
4.498789e+01 
4.498829e+01 
4.498862e+01 
4.498888e+01 
4.498907e+01 
4.498918e+01 
3.606155e+01 
2.367999e+01 
2.166463e+01 
-6.684319e+01 
-8.011539e+01 
7.114848e+01 

-5.650697e+01 
-3.718345e+01 
-2.942813e+00 
2.150951e+01 
3.095578e+01 
2.802604e+01 
4.516139e+01 
4.288042e+01 
4.484579e+01 
4.491919e+01 
4.494472e+01 
4.495772e+01 
4.496553e+01 
4.497060e+01 
4.497398e+01 
4.497622e+01 
4.497766e+01 
4.497856e+01 
4.497911e+01 
4.497947e+01 
4.497969e+01 
4.497980e+01 
4.497975e+01 
4.497947e+01 
4.497881e+01 
4.497760e+01 
3.603243e+01 
3.093737e+01 
-8.528358e+01 
-1.919753e+01 
-7.324325e+01 
7.480091e+01 

-5.392193e+01 
-2.865365e+01 
-1.264015e+00 
3.215027e+01 
3.151156e+01 
1.366068e+00 
4.505083e+01 
4.507622e+01 
4.513503e+01 
4.533455e+01 
4.553566e+01 
4.504978e+01 
4.499076e+01 
4.498337e+01 
4.498307e+01 
4.498353e+01 
4.498358e+01 
4.498315e+01 
4.498246e+01 
4.498171e+01 
4.498097e+01 
4.498017e+01 
4.497911e+01 
4.497743e+01 
4.497455e+01 
4.496939e+01 
4.733637e+01 
-1.104051e+01 
1.792275e+01 
-5.435932e+00 
-6.217770e+01 
7.696452e+01 

-5.347420e+01 
-1.818913e+01 
2.730940e+00 
3.035910e+01 
1.636917e+01 
6.897577e+01 
4.501840e+01 
4.502197e+01 
4.502747e+01 
4.503708e+01 
4.505798e+01 
4.512983e+01 
4.586046e+01 
4.504393e+01 
4.499563e+01 
4.499217e+01 
4.499143e+01 
4.499014e+01 
4.498781e+01 
4.498399e+01 
4.497718e+01 
4.496084e+01 
4.486268e+01 
4.503408e+01 
4.502394e+01 
4.501480e+01 
7.769276e+01 
6.992021e+01 
4.311062e+01 
2.110836e+01 
-4.873950e+01 
7.679891e+01 

-5.361273e+01 
-1.547984e+01 
1.768260e+01 
-7.729707e+01 
8.157646e+01 
5.986822e+01 
4.501055e+01 
4.501119e+01 
4.501183e+01 
4.501241e+01 
4.501287e+01 
4.501311e+01 
4.501302e+01 
4.501251e+01 
4.501153e+01 
4.501010e+01 
4.500835e+01 
4.500645e+01 
4.500462e+01 
4.500302e+01 
4.500177e+01 
4.500088e+01 
4.500032e+01 
4.500003e+01 
4.499993e+01 
4.499997e+01 
4.286977e+01 
-1.972031e+01 
7.869294e+01 
3.769836e+01 
-4.588640e+01 
7.631955e+01 

-5.404371e+01 
-1.753426e+01 
1.075175e+01 
2.184716e+01 
-8.439468e+01 
6.248683e+01 
4.501299e+01 
4.501404e+01 
4.501516e+01 
4.501628e+01 
4.501733e+01 
4.501816e+01 
4.501857e+01 
4.501837e+01 
4.501741e+01 
4.501565e+01 
4.501324e+01 
4.501046e+01 
4.500768e+01 
4.500522e+01 
4.500327e+01 
4.500189e+01 
4.500102e+01 
4.500054e+01 
4.500034e+01 
4.500031e+01 
3.950185e+01 
-5.981537e+01 
6.636499e+01 
3.175266e+01 
-4.812142e+01 
7.569511e+01 

-5.442289e+01 
-1.927013e+01 
5.058353e+00 
5.439043e+01 
-5.601061e+01 
6.604152e+01 
4.501566e+01 
4.501721e+01 
4.501894e+01 
4.502080e+01 
4.502267e+01 
4.502437e+01 
4.502559e+01 
4.502597e+01 
4.502519e+01 
4.502310e+01 
4.501982e+01 
4.501580e+01 
4.501166e+01 
4.500796e+01 
4.500506e+01 
4.500304e+01 
4.500178e+01 
4.500109e+01 
4.500076e+01 
4.500066e+01 
3.229694e+01 
-7.248250e+01 
5.723573e+01 
2.698563e+01 
-5.022997e+01 
7.513239e+01 

-5.475967e+01 
-2.071555e+01 
2.644872e-01 
8.675262e+01 
1.022106e+01 
7.124960e+01 
4.501849e+01 
4.502064e+01 
4.502311e+01 
4.502589e+01 
4.502885e+01 
4.503175e+01 
4.503415e+01 
4.503551e+01 
4.503527e+01 
4.503296e+01 
4.502871e+01 
4.502303e+01 
4.501692e+01 
4.501143e+01 
4.500717e+01 
4.500430e+01 
4.500258e+01 
4.500164e+01 
4.500119e+01 
4.500101e+01 
1.583064e+01 
-6.914340e+01 
4.998253e+01 
2.317002e+01 
-5.222271e+01 
7.462569e+01 

-5.506089e+01 
-2.189605e+01 
-3.775606e+00 
-3.166862e+01 
-8.599204e+01 
7.992607e+01 
4.502137e+01 
4.502418e+01 
4.502751e+01 
4.503137e+01 
4.503569e+01 
4.504012e+01 
4.504397e+01 
4.504632e+01 
4.504673e+01 
4.504493e+01 
4.503997e+01 
4.503269e+01 
4.502415e+01 
4.501583e+01 
4.500960e+01 
4.500564e+01 
4.500339e+01 
4.500220e+01 
4.500161e+01 
4.500136e+01 
-1.633908e+01 
-5.528920e+01 
4.407603e+01 
2.015439e+01 
-5.411139e+01 
7.416882e+01 

-5.533066e+01 
-2.283567e+01 
-7.125320e+00 
4.475376e+00 
-3.798030e+01 
-8.041962e+01 
4.502418e+01 
4.502768e+01 
4.503192e+01 
4.503697e+01 
4.504281e+01 
4.504907e+01 
4.505439e+01 
4.505762e+01 
4.505892e+01 
4.505740e+01 
4.505267e+01 
4.504379e+01 
4.503261e+01 
4.502124e+01 
4.501219e+01 
4.500701e+01 
4.500421e+01 
4.500276e+01 
4.500203e+01 
4.500170e+01 
-4.676646e+01 
-3.629635e+01 
3.943260e+01 
1.784032e+01 
-5.591013e+01 
7.375562e+01 

-5.557062e+01 
-2.355715e+01 
-9.816454e+00 
1.779467e+01 
-1.405514e+01 
1.978265e+00 
4.502677e+01 
4.503094e+01 
4.503605e+01 
4.504228e+01 
4.504968e+01 
4.505789e+01 
4.506490e+01 
4.506873e+01 
4.507149e+01 
4.506970e+01 
4.506538e+01 
4.505499e+01 
4.504084e+01 
4.502677e+01 
4.501473e+01 
4.500836e+01 
4.500502e+01 
4.500331e+01 
4.500245e+01 
4.500203e+01 
-6.090131e+01 
-2.146248e+01 
3.616268e+01 
1.616786e+01 
-5.763617e+01 
7.338042e+01 

-5.578054e+01 
-2.408165e+01 
-1.187191e+01 
2.411333e+01 
-1.468802e+00 
6.342641e+01 
4.502898e+01 
4.503373e+01 
4.503961e+01 
4.504688e+01 
4.505568e+01 
4.506568e+01 
4.507462e+01 
4.507937e+01 
4.508316e+01 
4.508157e+01 
4.507659e+01 
4.506468e+01 
4.504795e+01 
4.503124e+01 
4.501705e+01 
4.500965e+01 
4.500582e+01 
4.500386e+01 
4.500286e+01 
4.500235e+01 
-6.642298e+01 
-1.544107e+01 
3.438113e+01 
1.510774e+01 
-5.931054e+01 
7.303836e+01 

-5.595896e+01 
-2.442809e+01 
-1.331389e+01 
2.763564e+01 
5.671986e+00 
8.457732e+01 
4.503068e+01 
4.503587e+01 
4.504233e+01 
4.505037e+01 
4.506022e+01 
4.507158e+01 
4.508209e+01 
4.508831e+01 
4.509284e+01 
4.509145e+01 
4.508546e+01 
4.507175e+01 
4.505311e+01 
4.503453e+01 
4.501899e+01 
4.501082e+01 
4.500658e+01 
4.500439e+01 
4.500326e+01 
4.500264e+01 
-6.869728e+01 
-1.891873e+01 
3.409285e+01 
1.465912e+01 
-6.095880e+01 
7.272558e+01 

-5.610377e+01 
-2.461242e+01 
-1.416493e+01 
2.970090e+01 
9.845118e+00 
-8.124423e+01 
4.503177e+01 
4.503720e+01 
4.504398e+01 
4.505244e+01 
4.506286e+01 
4.507495e+01 
4.508634e+01 
4.509349e+01 
4.509871e+01 
4.509745e+01 
4.509092e+01 
4.507616e+01 
4.505630e+01 
4.503671e+01 
4.502044e+01 
4.501180e+01 
4.500727e+01 
4.500489e+01 
4.500362e+01 
4.500291e+01 
-6.905716e+01 
-3.380843e+01 
3.517361e+01 
1.485326e+01 
-6.261235e+01 
7.243927e+01 

-5.621266e+01 
-2.464689e+01 
-1.444610e+01 
3.082653e+01 
1.215236e+01 
-7.209582e+01 
4.503218e+01 
4.503764e+01 
4.504444e+01 
4.505293e+01 
4.506336e+01 
4.507549e+01 
4.508699e+01 
4.509433e+01 
4.509972e+01 
4.509856e+01 
4.509196e+01 
4.507715e+01 
4.505726e+01 
4.503765e+01 
4.502128e+01 
4.501251e+01 
4.500784e+01 
4.500533e+01 
4.500394e+01 
4.500314e+01 
-6.552892e+01 
-5.946523e+01 
3.743759e+01 
1.576649e+01 
-6.431108e+01 
7.217771e+01 

-5.628347e+01 
-2.453954e+01 
-1.417498e+01 
3.121374e+01 
1.309063e+01 
-6.855372e+01 
4.503191e+01 
4.503719e+01 
4.504372e+01 
4.505183e+01 
4.506174e+01 
4.507325e+01 
4.508415e+01 
4.509100e+01 
4.509597e+01 
4.509465e+01 
4.508825e+01 
4.507425e+01 
4.505557e+01 
4.503707e+01 
4.502139e+01 
4.501288e+01 
4.500824e+01 
4.500566e+01 
4.500418e+01 
4.500330e+01 
-4.995495e+01 
-8.288297e+01 
4.076880e+01 
1.755141e+01 
-6.610827e+01 
7.194016e+01 

-5.631429e+01 
-2.429419e+01 
-1.336471e+01 
3.089383e+01 
1.283567e+01 
-7.063872e+01 
4.503100e+01 
4.503590e+01 
4.504191e+01 
4.504928e+01 
4.505822e+01 
4.506854e+01 
4.507831e+01 
4.508434e+01 
4.508846e+01 
4.508639e+01 
4.508011e+01 
4.506745e+01 
4.505071e+01 
4.503481e+01 
4.502071e+01 
4.501287e+01 
4.500842e+01 
4.500585e+01 
4.500432e+01 
4.500338e+01 
-6.722896e+00 
8.462360e+01 
4.532811e+01 
2.051030e+01 
-6.807912e+01 
7.172684e+01 

-5.630343e+01 
-2.391069e+01 
-1.202491e+01 
2.975226e+01 
1.133339e+01 
-7.754874e+01 
4.502952e+01 
4.503391e+01 
4.503920e+01 
4.504559e+01 
4.505321e+01 
4.506188e+01 
4.507023e+01 
4.507534e+01 
4.507829e+01 
4.507575e+01 
4.506911e+01 
4.505806e+01 
4.504388e+01 
4.503088e+01 
4.501935e+01 
4.501248e+01 
4.500836e+01 
4.500587e+01 
4.500433e+01 
4.500336e+01 
2.934371e+01 
8.266191e+01 
5.201677e+01 
2.527844e+01 
-7.033483e+01 
7.153881e+01 

-5.624929e+01 
-2.338575e+01 
-1.016449e+01 
2.746564e+01 
8.285155e+00 
-8.755845e+01 
4.502761e+01 
4.503139e+01 
4.503585e+01 
4.504112e+01 
4.504724e+01 
4.505404e+01 
4.506063e+01 
4.506496e+01 
4.506650e+01 
4.506410e+01 
4.505743e+01 
4.504783e+01 
4.503676e+01 
4.502621e+01 
4.501752e+01 
4.501174e+01 
4.500804e+01 
4.500569e+01 
4.500419e+01 
4.500323e+01 
4.198232e+01 
-7.202491e+01 
6.419612e+01 
3.333304e+01 
-7.304540e+01 
7.137782e+01 

-5.615010e+01 
-2.271380e+01 
-7.796293e+00 
2.328037e+01 
3.022273e+00 
8.138194e+01 
4.502540e+01 
4.502852e+01 
4.503213e+01 
4.503627e+01 
4.504090e+01 
4.504584e+01 
4.505048e+01 
4.505378e+01 
4.505447e+01 
4.505212e+01 
4.504647e+01 
4.503852e+01 
4.503000e+01 
4.502192e+01 
4.501540e+01 
4.501068e+01 
4.500747e+01 
4.500533e+01 
4.500391e+01 
4.500298e+01 
4.652910e+01 
2.582066e+01 
-8.376482e+01 
4.851425e+01 
-7.647696e+01 
7.124601e+01 

-5.600365e+01 
-2.188810e+01 
-4.942622e+00 
1.532349e+01 
-5.799347e+00 
6.977434e+01 
4.502302e+01 
4.502551e+01 
4.502830e+01 
4.503139e+01 
4.503469e+01 
4.503800e+01 
4.504092e+01 
4.504280e+01 
4.504295e+01 
4.504079e+01 
4.503644e+01 
4.503054e+01 
4.502408e+01 
4.501811e+01 
4.501315e+01 
4.500937e+01 
4.500666e+01 
4.500478e+01 
4.500350e+01 
4.500264e+01 
4.835936e+01 
4.239796e+01 
-1.944360e+01 
7.956969e+01 
-8.105120e+01 
7.114553e+01 

-5.580715e+01 
-2.090169e+01 
-1.640444e+00 
-1.618151e+00 
-2.069460e+01 
4.717546e+01 
4.502058e+01 
4.502250e+01 
4.502457e+01 
4.502675e+01 
4.502895e+01 
4.503101e+01 
4.503262e+01 
4.503340e+01 
4.503296e+01 
4.503107e+01 
4.502780e+01 
4.502357e+01 
4.501898e+01 
4.501461e+01 
4.501088e+01 
4.500791e+01 
4.500569e+01 
4.500409e+01 
4.500297e+01 
4.500221e+01 
4.912521e+01 
4.597974e+01 
1.065286e+01 
-5.720959e+01 
-8.743020e+01 
7.107802e+01 

-5.555706e+01 
-1.974829e+01 
2.055734e+00 
-3.833869e+01 
-4.474272e+01 
8.566539e+01 
4.501820e+01 
4.501961e+01 
4.502107e+01 
4.502253e+01 
4.502389e+01 
4.502503e+01 
4.502575e+01 
4.502584e+01 
4.502510e+01 
4.502345e+01 
4.502096e+01 
4.501790e+01 
4.501461e+01 
4.501145e+01 
4.500867e+01 
4.500640e+01 
4.500463e+01 
4.500332e+01 
4.500238e+01 
4.500172e+01 
4.942155e+01 
4.718345e+01 
2.159290e+01 
-2.986665e+01 
8.342103e+01 
7.104390e+01 

-5.524917e+01 
-1.842297e+01 
6.075047e+00 
-8.023866e+01 
-7.530416e+01 
6.941159e+01 
4.501593e+01 
4.501693e+01 
4.501790e+01 
4.501880e+01 
4.501956e+01 
4.502006e+01 
4.502021e+01 
4.501988e+01 
4.501900e+01 
4.501755e+01 
4.501562e+01 
4.501335e+01 
4.501098e+01 
4.500869e+01 
4.500665e+01 
4.500493e+01 
4.500356e+01 
4.500252e+01 
4.500175e+01 
4.500121e+01 
4.948775e+01 
4.766077e+01 
2.701067e+01 
-1.613274e+01 
7.045918e+01 
7.104170e+01 

-5.485567e+01 
-1.757688e+01 
8.677313e+00 
6.919160e+01 
7.308019e+01 
7.840979e+01 
4.500932e+01 
4.500099e+01 
4.497729e+01 
4.490600e+01 
4.475574e+01 
4.477978e+01 
4.489463e+01 
4.495836e+01 
4.499698e+01 
4.502926e+01 
4.506671e+01 
4.510307e+01 
4.496055e+01 
4.491646e+01 
4.494039e+01 
4.495798e+01 
4.496953e+01 
4.497743e+01 
4.498305e+01 
4.498717e+01 
3.410230e+01 
2.133273e+01 
1.515376e+01 
-3.509485e+00 
4.978360e+01 
7.124915e+01 

-5.366149e+01 
-1.734708e+01 
1.257465e+01 
4.926800e+01 
5.480837e+01 
8.474421e+01 
4.490550e+01 
4.479690e+01 
4.481313e+01 
4.488444e+01 
4.492875e+01 
4.495443e+01 
4.497132e+01 
4.498419e+01 
4.499535e+01 
4.500601e+01 
4.501697e+01 
4.502882e+01 
4.503841e+01 
4.496974e+01 
4.484408e+01 
4.492176e+01 
4.495409e+01 
4.496933e+01 
4.497795e+01 
4.498344e+01 
2.646142e+01 
1.898150e+00 
5.123244e-01 
8.509762e+00 
2.867751e+01 
7.096674e+01 

-5.109033e+01 
-1.790278e+01 
1.495253e+01 
3.908446e+01 
6.681727e+01 
-3.095325e+01 
4.492715e+01 
4.493730e+01 
4.494931e+01 
4.495955e+01 
4.496781e+01 
4.497465e+01 
4.498064e+01 
4.498615e+01 
4.499138e+01 
4.499638e+01 
4.500109e+01 
4.500524e+01 
4.500784e+01 
4.500449e+01 
4.498041e+01 
4.495367e+01 
4.496332e+01 
4.497523e+01 
4.498258e+01 
4.498710e+01 
3.160373e+01 
1.251190e+01 
1.087504e+01 
2.011617e+01 
2.877545e+01 
6.276969e+01 

-5.156580e+01 
-2.545209e+01 
7.061590e+00 
5.138163e+01 
-4.787892e+01 
1.927572e+01 
4.498111e+01 
4.498304e+01 
4.498508e+01 
4.498709e+01 
4.498904e+01 
4.499090e+01 
4.499269e+01 
4.499441e+01 
4.499609e+01 
4.499775e+01 
4.499943e+01 
4.500115e+01 
4.500287e+01 
4.500430e+01 
4.500436e+01 
4.500113e+01 
4.499598e+01 
4.499346e+01 
4.499344e+01 
4.499422e+01 
4.052705e+01 
3.273715e+01 
2.803503e+01 
2.876414e+01 
3.194513e+01 
4.240484e+01 

-6.184985e+01 
-6.147992e+01 
-6.278792e+01 
5.092917e+00 
9.973472e+00 
3.668485e+01 
4.499499e+01 
4.499563e+01 
4.499619e+01 
4.499669e+01 
4.499712e+01 
4.499749e+01 
4.499781e+01 
4.499807e+01 
4.499829e+01 
4.499847e+01 
4.499860e+01 
4.499869e+01 
4.499872e+01 
4.499865e+01 
4.499840e+01 
4.499779e+01 
4.499640e+01 
4.499338e+01 
4.498809e+01 
4.498419e+01 
2.993984e+01 
2.112462e+01 
2.604753e+01 
2.950047e+01 
3.287628e+01 
3.803953e+01 

7.766356e+01 
6.358351e+01 
3.369538e+01 
3.162839e+01 
3.998312e+01 
4.399652e+01 
4.499981e+01 
4.499985e+01 
4.499987e+01 
4.499989e+01 
4.499990e+01 
4.499991e+01 
4.499992e+01 
4.499994e+01 
4.499995e+01 
4.499996e+01 
4.499998e+01 
4.499999e+01 
4.500000e+01 
4.500001e+01 
4.500003e+01 
4.500004e+01 
4.500005e+01 
4.500006e+01 
4.500007e+01 
4.500008e+01 
4.426443e+01 
4.093166e+01 
2.849960e+01 
1.570178e+01 
3.423044e+01 
4.071171e+01 

