9.298082e+01 
2.381469e+01 
4.785319e+01 
9.618121e+01 
1.060035e+02 
1.019853e+02 
1.000025e+02 
1.000024e+02 
1.000023e+02 
1.000022e+02 
1.000021e+02 
1.000021e+02 
1.000020e+02 
1.000020e+02 
1.000019e+02 
1.000019e+02 
1.000019e+02 
1.000019e+02 
1.000018e+02 
1.000018e+02 
1.000018e+02 
1.000018e+02 
1.000018e+02 
1.000018e+02 
1.000018e+02 
1.000017e+02 
1.010028e+02 
1.014830e+02 
9.203453e+01 
6.861724e+01 
5.325623e+01 
7.815895e+01 

7.167741e+01 
1.944978e+01 
1.074947e+00 
9.093123e+00 
5.428522e+01 
9.488627e+01 
1.000052e+02 
1.000046e+02 
1.000041e+02 
1.000037e+02 
1.000033e+02 
1.000030e+02 
1.000026e+02 
1.000023e+02 
1.000020e+02 
1.000018e+02 
1.000015e+02 
1.000013e+02 
1.000011e+02 
1.000008e+02 
1.000006e+02 
1.000004e+02 
1.000002e+02 
9.999994e+01 
9.999973e+01 
9.999954e+01 
9.349392e+01 
6.832854e+01 
3.621189e+01 
1.307075e+01 
2.057614e+01 
6.489671e+01 

5.364889e+01 
2.733637e+01 
7.012549e+00 
1.242732e+00 
2.411938e+00 
3.711569e+01 
9.997204e+01 
9.996575e+01 
9.996344e+01 
9.996297e+01 
9.996338e+01 
9.996418e+01 
9.996516e+01 
9.996619e+01 
9.996720e+01 
9.996817e+01 
9.996908e+01 
9.996993e+01 
9.997073e+01 
9.997148e+01 
9.997218e+01 
9.997284e+01 
9.997345e+01 
9.997402e+01 
9.997456e+01 
9.997507e+01 
6.523890e+01 
2.121157e+01 
4.766630e+00 
1.504327e+00 
5.407488e+01 
6.618405e+01 

4.449744e+01 
3.070823e+01 
6.775701e+00 
3.782322e+00 
4.025657e+00 
2.215359e+01 
1.009499e+02 
9.404140e+01 
9.918132e+01 
9.954286e+01 
9.967319e+01 
9.974013e+01 
9.978064e+01 
9.980756e+01 
9.982659e+01 
9.984062e+01 
9.985131e+01 
9.985961e+01 
9.986614e+01 
9.987130e+01 
9.987536e+01 
9.987847e+01 
9.988064e+01 
9.988176e+01 
9.988159e+01 
9.987973e+01 
2.603559e+01 
2.671112e+00 
7.191879e-02 
1.070995e+01 
1.130709e+02 
7.158774e+01 

3.795816e+01 
3.600490e+01 
6.400349e+00 
4.356309e+00 
1.061810e+01 
3.355634e+02 
1.002550e+02 
1.003539e+02 
1.005191e+02 
1.006992e+02 
9.869157e+01 
9.885405e+01 
9.930053e+01 
9.949750e+01 
9.959666e+01 
9.964865e+01 
9.967452e+01 
9.968576e+01 
9.968954e+01 
9.969001e+01 
9.968855e+01 
9.968408e+01 
9.967314e+01 
9.964911e+01 
9.959802e+01 
9.948024e+01 
2.609339e+00 
8.081436e-03 
9.787795e-01 
3.217429e+01 
1.732016e+02 
6.544672e+01 

3.578882e+01 
3.707109e+01 
1.268031e+01 
1.082397e+01 
6.890910e+01 
4.685106e+02 
1.000976e+02 
1.001312e+02 
1.001822e+02 
1.002639e+02 
1.004100e+02 
1.007448e+02 
1.004870e+02 
9.884604e+01 
9.939092e+01 
9.953823e+01 
9.957389e+01 
9.956226e+01 
9.952582e+01 
9.946776e+01 
9.936700e+01 
9.912942e+01 
9.799555e+01 
1.021224e+02 
1.005581e+02 
1.002867e+02 
4.223832e+02 
6.651795e+00 
9.304527e+00 
6.965405e+01 
1.685399e+02 
6.111502e+01 

3.504110e+01 
3.348478e+01 
1.839485e+01 
1.172387e+02 
1.244743e+01 
4.271276e+01 
9.989150e+01 
9.985246e+01 
9.980351e+01 
9.974392e+01 
9.967424e+01 
9.959725e+01 
9.951892e+01 
9.944867e+01 
9.939828e+01 
9.937864e+01 
9.939628e+01 
9.945007e+01 
9.953129e+01 
9.962657e+01 
9.972198e+01 
9.980715e+01 
9.987659e+01 
9.992934e+01 
9.996717e+01 
9.999302e+01 
1.090901e+02 
1.789658e+02 
3.269711e+01 
6.803547e+01 
1.461985e+02 
6.023331e+01 

3.439683e+01 
3.027515e+01 
1.204794e+01 
4.606968e+01 
1.467941e+01 
4.666014e+01 
9.990128e+01 
9.985911e+01 
9.980435e+01 
9.973521e+01 
9.965103e+01 
9.955339e+01 
9.944800e+01 
9.934630e+01 
9.926495e+01 
9.922375e+01 
9.923580e+01 
9.930353e+01 
9.941488e+01 
9.954747e+01 
9.967888e+01 
9.979205e+01 
9.987979e+01 
9.994244e+01 
9.998439e+01 
1.000109e+02 
1.435074e+02 
6.705409e+01 
1.791324e+01 
5.737211e+01 
1.355307e+02 
6.077190e+01 

3.379690e+01 
2.769262e+01 
8.546239e+00 
3.972801e+00 
2.042808e+01 
5.472205e+01 
9.991869e+01 
9.987583e+01 
9.981845e+01 
9.974397e+01 
9.965104e+01 
9.953997e+01 
9.941237e+01 
9.927651e+01 
9.915291e+01 
9.906595e+01 
9.905133e+01 
9.912077e+01 
9.926271e+01 
9.944672e+01 
9.962807e+01 
9.977961e+01 
9.988988e+01 
9.996269e+01 
1.000075e+02 
1.000332e+02 
2.139262e+02 
1.651117e+01 
1.065721e+01 
5.013612e+01 
1.281690e+02 
6.139976e+01 

3.323894e+01 
2.558593e+01 
6.468070e+00 
5.119568e-01 
2.668155e+01 
7.222878e+01 
9.994475e+01 
9.990473e+01 
9.984990e+01 
9.977800e+01 
9.969007e+01 
9.959187e+01 
9.948595e+01 
9.935063e+01 
9.917204e+01 
9.900803e+01 
9.888834e+01 
9.890114e+01 
9.906373e+01 
9.930318e+01 
9.956403e+01 
9.977108e+01 
9.990855e+01 
9.999062e+01 
1.000362e+02 
1.000592e+02 
3.557581e+02 
4.767249e+00 
6.978875e+00 
4.539888e+01 
1.234339e+02 
6.210557e+01 

3.272005e+01 
2.384610e+01 
5.163284e+00 
2.020265e-01 
1.156704e+01 
1.190592e+02 
9.997945e+01 
9.994643e+01 
9.990061e+01 
9.984209e+01 
9.977879e+01 
9.974158e+01 
9.978078e+01 
9.989639e+01 
9.989521e+01 
9.953623e+01 
9.912471e+01 
9.877576e+01 
9.872239e+01 
9.908499e+01 
9.948193e+01 
9.977043e+01 
9.993639e+01 
1.000254e+02 
1.000691e+02 
1.000875e+02 
4.481756e+02 
1.765745e+00 
5.056221e+00 
4.255531e+01 
1.209026e+02 
6.288178e+01 

3.223689e+01 
2.239398e+01 
4.307085e+00 
3.491863e-01 
6.791363e+00 
3.228878e+02 
1.000214e+02 
9.999936e+01 
9.996891e+01 
9.993430e+01 
9.991576e+01 
9.997951e+01 
1.003586e+02 
1.011292e+02 
1.015957e+02 
1.013324e+02 
1.002527e+02 
9.914889e+01 
9.854555e+01 
9.874293e+01 
9.940861e+01 
9.978060e+01 
9.997195e+01 
1.000640e+02 
1.001034e+02 
1.001157e+02 
2.631293e+02 
9.704339e-01 
4.067012e+00 
4.125253e+01 
1.203347e+02 
6.372468e+01 

3.178597e+01 
2.117174e+01 
3.725109e+00 
5.449476e-01 
6.022321e+00 
9.466021e+02 
1.000678e+02 
1.000596e+02 
1.000490e+02 
1.000452e+02 
1.000821e+02 
1.002633e+02 
1.010208e+02 
1.028001e+02 
1.037599e+02 
1.039696e+02 
1.021286e+02 
9.995974e+01 
9.873555e+01 
9.844093e+01 
9.936945e+01 
9.980224e+01 
1.000107e+02 
1.001018e+02 
1.001351e+02 
1.001406e+02 
1.336724e+02 
7.661302e-01 
3.638244e+00 
4.133765e+01 
1.216333e+02 
6.463398e+01 

3.136387e+01 
2.013698e+01 
3.318203e+00 
7.083721e-01 
5.928102e+00 
1.231079e+02 
1.001147e+02 
1.001215e+02 
1.001322e+02 
1.001605e+02 
1.002500e+02 
1.005343e+02 
1.015361e+02 
1.041091e+02 
1.056784e+02 
1.062062e+02 
1.039695e+02 
1.009072e+02 
9.901721e+01 
9.836784e+01 
9.936430e+01 
9.983091e+01 
1.000453e+02 
1.001327e+02 
1.001597e+02 
1.001593e+02 
8.727874e+01 
6.895947e-01 
3.618861e+00 
4.284118e+01 
1.248293e+02 
6.561232e+01 

3.096748e+01 
1.925839e+01 
3.027426e+00 
8.241965e-01 
5.943761e+00 
3.378286e+01 
1.001577e+02 
1.001784e+02 
1.002086e+02 
1.002646e+02 
1.003955e+02 
1.007452e+02 
1.018696e+02 
1.046953e+02 
1.066756e+02 
1.073340e+02 
1.049819e+02 
1.015767e+02 
9.925612e+01 
9.842065e+01 
9.938541e+01 
9.985566e+01 
1.000684e+02 
1.001512e+02 
1.001733e+02 
1.001687e+02 
7.738751e+01 
6.183241e-01 
3.997104e+00 
4.600480e+01 
1.300870e+02 
6.666454e+01 

3.059401e+01 
1.851262e+01 
2.816698e+00 
8.919915e-01 
5.943740e+00 
1.633880e+01 
1.001926e+02 
1.002242e+02 
1.002693e+02 
1.003452e+02 
1.005020e+02 
1.008854e+02 
1.020482e+02 
1.049314e+02 
1.069605e+02 
1.076747e+02 
1.053146e+02 
1.018237e+02 
9.941164e+01 
9.848382e+01 
9.941075e+01 
9.986805e+01 
1.000746e+02 
1.001535e+02 
1.001731e+02 
1.001673e+02 
9.431909e+01 
5.849413e-01 
4.898061e+00 
5.137715e+01 
1.377298e+02 
6.779691e+01 

3.024102e+01 
1.788194e+01 
2.663747e+00 
9.143678e-01 
5.889737e+00 
1.128985e+01 
1.002162e+02 
1.002544e+02 
1.003077e+02 
1.003933e+02 
1.005599e+02 
1.009500e+02 
1.021101e+02 
1.049914e+02 
1.070450e+02 
1.078113e+02 
1.055070e+02 
1.020098e+02 
9.954508e+01 
9.854666e+01 
9.943080e+01 
9.986562e+01 
1.000623e+02 
1.001384e+02 
1.001586e+02 
1.001544e+02 
1.625111e+02 
8.126975e-01 
6.667724e+00 
6.004052e+01 
1.482943e+02 
6.901669e+01 

2.990636e+01 
1.735263e+01 
2.555183e+00 
8.942581e-01 
5.763703e+00 
9.952543e+00 
1.002264e+02 
1.002662e+02 
1.003202e+02 
1.004039e+02 
1.005616e+02 
1.009258e+02 
1.020275e+02 
1.048432e+02 
1.069053e+02 
1.077603e+02 
1.056170e+02 
1.022091e+02 
9.971887e+01 
9.864247e+01 
9.945570e+01 
9.985133e+01 
1.000330e+02 
1.001073e+02 
1.001308e+02 
1.001312e+02 
3.984141e+02 
2.076870e+00 
1.014909e+01 
7.413807e+01 
1.626237e+02 
7.033193e+01 

2.958806e+01 
1.691391e+01 
2.483737e+00 
8.346496e-01 
5.552042e+00 
1.066555e+01 
1.002233e+02 
1.002595e+02 
1.003067e+02 
1.003769e+02 
1.005055e+02 
1.007997e+02 
1.017284e+02 
1.042226e+02 
1.060320e+02 
1.070065e+02 
1.052127e+02 
1.021849e+02 
1.000004e+02 
9.881163e+01 
9.950022e+01 
9.982854e+01 
9.999072e+01 
1.000640e+02 
1.000928e+02 
1.000999e+02 
7.140764e+02 
7.566784e+00 
1.758266e+01 
9.818479e+01 
1.820276e+02 
7.175178e+01 

2.928430e+01 
1.655745e+01 
2.446677e+00 
7.391383e-01 
5.242473e+00 
1.408453e+01 
1.002083e+02 
1.002367e+02 
1.002712e+02 
1.003185e+02 
1.004015e+02 
1.005919e+02 
1.011959e+02 
1.029717e+02 
1.042593e+02 
1.050022e+02 
1.038542e+02 
1.016438e+02 
1.000690e+02 
9.911056e+01 
9.955016e+01 
9.980050e+01 
9.994076e+01 
1.000136e+02 
1.000489e+02 
1.000637e+02 
3.626551e+02 
3.738235e+01 
3.614692e+01 
1.426836e+02 
2.085476e+02 
7.328729e+01 

2.899329e+01 
1.627720e+01 
2.444951e+00 
6.130206e-01 
4.826648e+00 
2.408581e+01 
1.001842e+02 
1.002024e+02 
1.002208e+02 
1.002411e+02 
1.002727e+02 
1.003517e+02 
1.006131e+02 
1.014178e+02 
1.021780e+02 
1.024133e+02 
1.018935e+02 
1.007839e+02 
9.980447e+01 
9.940178e+01 
9.958611e+01 
9.976962e+01 
9.988976e+01 
9.996243e+01 
1.000039e+02 
1.000263e+02 
1.772742e+02 
4.111537e+02 
9.642707e+01 
2.351906e+02 
2.453978e+02 
7.495277e+01 

2.871328e+01 
1.606942e+01 
2.482852e+00 
4.651559e-01 
4.309793e+00 
5.664874e+01 
1.001546e+02 
1.001620e+02 
1.001644e+02 
1.001595e+02 
1.001474e+02 
1.001376e+02 
1.001730e+02 
1.002945e+02 
1.004947e+02 
1.004597e+02 
1.002419e+02 
9.991890e+01 
9.956991e+01 
9.950634e+01 
9.960515e+01 
9.973980e+01 
9.984474e+01 
9.991640e+01 
9.996255e+01 
9.999113e+01 
1.098197e+02 
3.365206e+02 
3.484764e+02 
4.515238e+02 
2.976561e+02 
7.676740e+01 

2.844258e+01 
1.593283e+01 
2.568118e+00 
3.112574e-01 
3.736210e+00 
2.098997e+02 
1.001232e+02 
1.001209e+02 
1.001101e+02 
1.000866e+02 
1.000460e+02 
9.998735e+01 
9.991482e+01 
9.983287e+01 
9.972463e+01 
9.962243e+01 
9.951998e+01 
9.945049e+01 
9.945761e+01 
9.951055e+01 
9.960984e+01 
9.971870e+01 
9.981118e+01 
9.988002e+01 
9.992823e+01 
9.996080e+01 
7.993686e+01 
9.237600e+01 
3.775380e+02 
8.514750e+02 
3.731440e+02 
7.875716e+01 

2.817970e+01 
1.586874e+01 
2.712481e+00 
1.799353e-01 
3.259031e+00 
2.559591e+03 
1.000930e+02 
1.000833e+02 
1.000635e+02 
1.000294e+02 
9.997621e+01 
9.990087e+01 
9.980381e+01 
9.969057e+01 
9.957770e+01 
9.947977e+01 
9.941997e+01 
9.941034e+01 
9.944793e+01 
9.952508e+01 
9.961848e+01 
9.971139e+01 
9.979190e+01 
9.985546e+01 
9.990283e+01 
9.993690e+01 
6.452704e+01 
4.925325e+01 
1.345814e+02 
7.383816e+02 
4.825032e+02 
8.095668e+01 

2.792353e+01 
1.588111e+01 
2.932736e+00 
1.242440e-01 
3.350716e+00 
2.511133e+03 
1.000661e+02 
1.000515e+02 
1.000271e+02 
9.998918e+01 
9.993465e+01 
9.986181e+01 
9.977250e+01 
9.967428e+01 
9.957967e+01 
9.950537e+01 
9.946478e+01 
9.946462e+01 
9.950225e+01 
9.956598e+01 
9.964231e+01 
9.971846e+01 
9.978640e+01 
9.984254e+01 
9.988656e+01 
9.991990e+01 
5.585022e+01 
3.393777e+01 
6.498792e+01 
3.451664e+02 
6.334715e+02 
8.341109e+01 

2.767358e+01 
1.597658e+01 
3.252465e+00 
2.447684e-01 
5.533021e+00 
4.834618e+02 
1.000434e+02 
1.000264e+02 
1.000005e+02 
9.996359e+01 
9.991380e+01 
9.985102e+01 
9.977796e+01 
9.970096e+01 
9.962974e+01 
9.957506e+01 
9.954583e+01 
9.954590e+01 
9.957296e+01 
9.961991e+01 
9.967734e+01 
9.973668e+01 
9.979176e+01 
9.983933e+01 
9.987838e+01 
9.990931e+01 
5.079566e+01 
2.658720e+01 
3.977716e+01 
1.709347e+02 
8.046023e+02 
8.617770e+01 

2.747123e+01 
1.642500e+01 
3.372951e+00 
8.722238e-01 
4.401269e+00 
1.257824e+03 
1.002089e+02 
1.002805e+02 
1.003934e+02 
1.005293e+02 
1.003185e+02 
9.965109e+01 
9.952973e+01 
9.960728e+01 
9.970027e+01 
9.977391e+01 
9.978955e+01 
9.958806e+01 
9.935391e+01 
9.976717e+01 
9.992153e+01 
9.997455e+01 
9.999445e+01 
1.000015e+02 
1.000033e+02 
1.000033e+02 
9.217476e+01 
8.684924e+01 
9.899441e+01 
1.602022e+02 
8.308248e+02 
9.018594e+01 

2.751788e+01 
1.790929e+01 
3.913463e+00 
2.264111e+00 
5.118983e+00 
4.949898e+01 
1.004593e+02 
1.002382e+02 
9.978041e+01 
9.964395e+01 
9.964929e+01 
9.968098e+01 
9.971602e+01 
9.975049e+01 
9.978223e+01 
9.980697e+01 
9.981644e+01 
9.979290e+01 
9.968299e+01 
9.935861e+01 
9.991125e+01 
1.000898e+02 
1.000876e+02 
1.000725e+02 
1.000583e+02 
1.000464e+02 
1.234788e+02 
1.453355e+02 
1.666519e+02 
1.816597e+02 
3.227185e+02 
1.036839e+02 

2.999867e+01 
2.163792e+01 
6.812602e+00 
5.767529e+00 
7.763812e+00 
3.216747e+01 
1.000024e+02 
9.993927e+01 
9.990902e+01 
9.989776e+01 
9.989587e+01 
9.989845e+01 
9.990304e+01 
9.990815e+01 
9.991258e+01 
9.991507e+01 
9.991387e+01 
9.990605e+01 
9.988598e+01 
9.984476e+01 
9.980666e+01 
9.990072e+01 
9.998893e+01 
1.000134e+02 
1.000180e+02 
1.000173e+02 
1.007138e+02 
9.335315e+01 
1.028118e+02 
1.054660e+02 
1.138987e+02 
1.435079e+02 

4.024372e+01 
3.211566e+01 
1.391888e+01 
9.159911e+00 
2.193378e+01 
8.281318e+01 
1.000101e+02 
1.000035e+02 
9.999920e+01 
9.999651e+01 
9.999475e+01 
9.999347e+01 
9.999235e+01 
9.999118e+01 
9.998981e+01 
9.998810e+01 
9.998587e+01 
9.998273e+01 
9.997790e+01 
9.997000e+01 
9.995785e+01 
9.994643e+01 
9.994906e+01 
9.996226e+01 
9.997383e+01 
9.998140e+01 
7.882526e+01 
5.082706e+01 
4.430753e+01 
4.680788e+01 
5.788518e+01 
1.198502e+02 

6.501708e+01 
4.570537e+01 
1.246099e+01 
4.112671e+00 
6.295105e+01 
1.017961e+02 
1.000097e+02 
1.000098e+02 
1.000099e+02 
1.000100e+02 
1.000102e+02 
1.000104e+02 
1.000107e+02 
1.000112e+02 
1.000118e+02 
1.000126e+02 
1.000137e+02 
1.000150e+02 
1.000168e+02 
1.000191e+02 
1.000222e+02 
1.000264e+02 
1.000318e+02 
1.000368e+02 
1.000340e+02 
1.000133e+02 
7.483884e+01 
3.407013e+01 
2.669566e+01 
2.865410e+01 
3.823852e+01 
7.825629e+01 

1.205213e+02 
4.824053e+01 
4.866692e+01 
9.303596e+01 
1.064011e+02 
1.021675e+02 
1.000024e+02 
1.000024e+02 
1.000023e+02 
1.000023e+02 
1.000023e+02 
1.000023e+02 
1.000023e+02 
1.000024e+02 
1.000024e+02 
1.000025e+02 
1.000025e+02 
1.000026e+02 
1.000026e+02 
1.000027e+02 
1.000028e+02 
1.000028e+02 
1.000029e+02 
1.000030e+02 
1.000031e+02 
1.000032e+02 
1.037485e+02 
1.170783e+02 
1.331722e+02 
6.375216e+01 
4.802328e+01 
7.997819e+01 

