 -1.635110254212141E-018
 -1.598849916349461E-018
 -1.562589578486781E-018
 -1.526329240624101E-018
 -1.490068902761422E-018
 -1.454029155338446E-018
 -1.418430524217579E-018
 -1.383272817395969E-018
 -1.348555718513099E-018
 -1.314278789933004E-018
 -1.280441475787861E-018
 -1.247043104982997E-018
 -1.214082894163351E-018
 -1.181559950641459E-018
 -1.149473275287033E-018
 -1.117821765378199E-018
 -1.086604217414496E-018
 -1.055819329891722E-018
 -1.025465706038739E-018
 -9.955418565163494E-019
 -9.660462020783648E-019
