  1.490068902761422E-018
  1.490068902761422E-018
  1.490068902761422E-018
  1.490068902761422E-018
  1.490068902761422E-018
  1.489850090838167E-018
  1.489200747259503E-018
  1.488131412362231E-018
  1.486652495933769E-018
  1.484774277305749E-018
  1.482506905483519E-018
  1.479860399310654E-018
  1.476844647667586E-018
  1.473469409703477E-018
  1.469744315100457E-018
  1.465678864369390E-018
  1.461282429176301E-018
  1.456564252698654E-018
  1.451533450010645E-018
  1.446199008496699E-018
  1.440569788292384E-018
