  2.497567002256215E-019
  2.497567002256215E-019
  2.497567002256215E-019
  2.497567002256215E-019
  2.497567002256215E-019
  2.493927650702538E-019
  2.483716298771142E-019
  2.470454085364935E-019
  2.457163649592626E-019
  2.443846386685911E-019
  2.430503676558106E-019
  2.417136883887174E-019
  2.403747358198900E-019
  2.390336433950219E-019
  2.376905430612695E-019
  2.363455652756118E-019
  2.349988390132236E-019
  2.336504917758606E-019
  2.323006496002544E-019
  2.309494370665187E-019
  2.295969773065641E-019
