 -5.301690473676070E-017
 -4.280357611110592E-017
 -3.458456609282753E-017
 -2.805770519595938E-017
 -2.281808630930690E-017
 -1.862397384409719E-017
 -1.526989254987328E-017
 -1.258662751449415E-017
 -1.044122416413472E-017
 -8.724901483847169E-018
 -7.353052017560995E-018
 -6.253155088644326E-018
 -5.376863579342585E-018
 -4.675830371901191E-018
 -4.113190789032280E-018
 -3.662958254942764E-018
 -3.302772227671152E-018
 -3.015106877031408E-018
 -2.784853728725226E-018
 -2.600530342285894E-018
 -2.453071633134429E-018
 -2.335225533607643E-018
 -2.240948653986214E-018
 -2.165406282494685E-018
 -2.104972385301461E-018
 -2.044538488108238E-018
 -1.984104590915014E-018
 -1.923670693721791E-018
 -1.863711423850449E-018
 -1.804701177808814E-018
 -1.746639271133504E-018
 -1.689524579836892E-018
 -1.633355554546549E-018
 -1.578130234414028E-018
 -1.523846260793382E-018
 -1.470500890689877E-018
 -1.418091009979485E-018
 -1.366613146399823E-018
 -1.316063482313289E-018
 -1.266437867243245E-018
 -1.217731830184182E-018
 -1.169940591686863E-018
 -1.123059075719544E-018
 -1.077081921306436E-018
 -1.020873627777195E-018
 -9.526778387460374E-019
 -8.704468830163996E-019
 -7.721978524239116E-019
 -6.564984613600863E-019
 -5.227578525796324E-019
 -3.718571900312198E-019
 -2.069097249515420E-019
 -3.545386268555300E-020
  1.301937235165586E-019
  2.719443932239704E-019
  3.686693403961766E-019
  3.995641840778571E-019
  3.542833792769761E-019
  2.459483136841410E-019
  1.160440909946325E-019
  1.868977568959497E-020
 -1.662717736057335E-020
 -9.794178575571940E-021
 -2.204809214835407E-022
  4.630696270260495E-022
 -3.107236671638903E-023
  4.487404187490528E-025
