  1.923670693721786E-018
  1.923670693721786E-018
  1.923670693721786E-018
  1.923670693721786E-018
  1.923670693721786E-018
  1.923670693721786E-018
  1.923670693721786E-018
  1.923670693721786E-018
  1.923670693721786E-018
  1.923670693721786E-018
  1.923670693721786E-018
  1.923670693721786E-018
  1.923670693721786E-018
  1.923670693721786E-018
  1.923670693721786E-018
  1.923670693721786E-018
  1.923670693721786E-018
  1.923670693721786E-018
  1.923670693721786E-018
  1.923670693721786E-018
  1.923670693721786E-018
  1.923670693721786E-018
  1.923670693721786E-018
  1.923670693721786E-018
  1.923670693721786E-018
  1.923670693721786E-018
  1.923670693721786E-018
  1.923670693721786E-018
  1.923200997973231E-018
  1.921811558473143E-018
  1.919531495638901E-018
  1.916389461919238E-018
  1.912413642348327E-018
  1.907631755309796E-018
  1.902071053503797E-018
  1.895758325110406E-018
  1.888719895142693E-018
  1.880981626982938E-018
  1.872568924095611E-018
  1.863506731910775E-018
  1.853819539871762E-018
  1.843531383641029E-018
  1.832665847458235E-018
  1.821246066644680E-018
  1.806226457194138E-018
  1.786382596604629E-018
  1.759977926597944E-018
  1.724654544178431E-018
  1.677340613485576E-018
  1.614057740010765E-018
  1.529828263759397E-018
  1.418661283508335E-018
  1.274848243092356E-018
  1.094111173530637E-018
  8.771012044222284E-019
  6.315090724978736E-019
  3.771099876357411E-019
  1.497571837216940E-019
 -1.136632196070397E-020
 -8.004149992087859E-020
 -6.764984177056927E-020
 -2.418726661699533E-020
  1.196674740643181E-021
  2.518083721144768E-021
 -1.775696468557607E-023
 -4.504868792088556E-023
  3.822247979165093E-024
