 -2.820049286147442E-018
 -2.723355050638284E-018
 -2.626660815129126E-018
 -2.529966579619968E-018
 -2.433272344110811E-018
 -2.337538663313696E-018
 -2.243725347433310E-018
 -2.151830195503329E-018
 -2.061849607578956E-018
 -1.973778642026388E-018
 -1.887611071618872E-018
 -1.803339438442391E-018
 -1.720955107614871E-018
 -1.640448319823544E-018
 -1.561808242685853E-018
 -1.485023020939973E-018
 -1.410079825471698E-018
 -1.336964901185075E-018
 -1.265663613724787E-018
 -1.196160495058841E-018
 -1.128439287930703E-018
