  2.433272344110811E-018
  2.433272344110811E-018
  2.433272344110811E-018
  2.433272344110811E-018
  2.433272344110811E-018
  2.432324387940277E-018
  2.429530658859669E-018
  2.424965229039221E-018
  2.418700656219663E-018
  2.410807986550851E-018
  2.401356758489842E-018
  2.390415007714091E-018
  2.378049273006461E-018
  2.364324603069584E-018
  2.349304564228139E-018
  2.333051248978443E-018
  2.315625285345775E-018
  2.297085847010683E-018
  2.277490664166503E-018
  2.256896035071177E-018
  2.235356838257403E-018
