4.500047e+01
4.500047e+01
4.500047e+01
4.500047e+01
4.500047e+01
4.500047e+01
4.500047e+01
4.500047e+01
4.500047e+01
4.500047e+01
4.500047e+01
4.500047e+01
4.500047e+01
4.500047e+01
4.500047e+01
4.500047e+01
4.500047e+01
4.500047e+01
4.500047e+01
4.500047e+01
4.500047e+01
4.500047e+01
4.500047e+01
4.500047e+01
4.500047e+01
4.500047e+01
4.500047e+01
4.500047e+01
4.500047e+01
4.500047e+01
4.500047e+01
4.500047e+01
4.500047e+01
4.500047e+01
4.500047e+01
4.500047e+01
4.500047e+01
4.500047e+01
4.500047e+01
4.500047e+01
4.500047e+01
4.500047e+01
4.500047e+01
4.500047e+01
4.500047e+01
4.500047e+01
4.500047e+01
4.500047e+01
4.500047e+01
4.500047e+01
4.500047e+01
4.500047e+01
4.500047e+01
4.500047e+01
4.500047e+01
4.500047e+01
4.500047e+01
4.500047e+01
4.500047e+01
4.500047e+01
4.500047e+01
4.500047e+01
4.500047e+01
4.500047e+01
4.500047e+01
4.500047e+01

4.500047e+01
4.500047e+01
4.500047e+01
4.500047e+01
4.500047e+01
4.500047e+01
4.500047e+01
4.500047e+01
4.500047e+01
4.500047e+01
4.500047e+01
4.500047e+01
4.500047e+01
4.500047e+01
4.500047e+01
4.500047e+01
4.500047e+01
4.500047e+01
4.500047e+01
4.500047e+01
4.500047e+01
4.500047e+01
4.500047e+01
4.500047e+01
4.500047e+01
4.500047e+01
4.500047e+01
4.500047e+01
4.500047e+01
4.500047e+01
4.500047e+01
4.500047e+01
4.500047e+01
4.500047e+01
4.500047e+01
4.500047e+01
4.500047e+01
4.500047e+01
4.500047e+01
4.500047e+01
4.500047e+01
4.500047e+01
4.500047e+01
4.500047e+01
4.500047e+01
4.500047e+01
4.500047e+01
4.500047e+01
4.500047e+01
4.500047e+01
4.500047e+01
4.500047e+01
4.500047e+01
4.500047e+01
4.500047e+01
4.500047e+01
4.500047e+01
4.500047e+01
4.500047e+01
4.500047e+01
4.500047e+01
4.500047e+01
4.500047e+01
4.500047e+01
4.500047e+01
4.500047e+01

4.500047e+01
4.500047e+01
4.500047e+01
4.500047e+01
4.500047e+01
4.500047e+01
4.500047e+01
4.500047e+01
4.500047e+01
4.500047e+01
4.500047e+01
4.500047e+01
4.500047e+01
4.500047e+01
4.500047e+01
4.500047e+01
4.500047e+01
4.500047e+01
4.500047e+01
4.500047e+01
4.500047e+01
4.500047e+01
4.500047e+01
4.500047e+01
4.500047e+01
4.500047e+01
4.500047e+01
4.500047e+01
4.500047e+01
4.500047e+01
4.500047e+01
4.500047e+01
4.500047e+01
4.500047e+01
4.500047e+01
4.500047e+01
4.500047e+01
4.500047e+01
4.500047e+01
4.500047e+01
4.500047e+01
4.500047e+01
4.500047e+01
4.500047e+01
4.500047e+01
4.500047e+01
4.500047e+01
4.500047e+01
4.500047e+01
4.500047e+01
4.500047e+01
4.500047e+01
4.500047e+01
4.500047e+01
4.500047e+01
4.500047e+01
4.500047e+01
4.500047e+01
4.500047e+01
4.500047e+01
4.500047e+01
4.500047e+01
4.500047e+01
4.500047e+01
4.500047e+01
4.500047e+01

4.500047e+01
4.500047e+01
4.500047e+01
4.500047e+01
4.500047e+01
4.500047e+01
4.500047e+01
4.500047e+01
4.500047e+01
4.500047e+01
4.500047e+01
4.500047e+01
4.500047e+01
4.500047e+01
4.500047e+01
4.500046e+01
4.500046e+01
4.500046e+01
4.500046e+01
4.500046e+01
4.500046e+01
4.500046e+01
4.500046e+01
4.500046e+01
4.500046e+01
4.500046e+01
4.500046e+01
4.500046e+01
4.500046e+01
4.500046e+01
4.500046e+01
4.500046e+01
4.500046e+01
4.500046e+01
4.500046e+01
4.500046e+01
4.500046e+01
4.500046e+01
4.500046e+01
4.500046e+01
4.500046e+01
4.500046e+01
4.500046e+01
4.500046e+01
4.500046e+01
4.500046e+01
4.500046e+01
4.500046e+01
4.500046e+01
4.500046e+01
4.500046e+01
4.500047e+01
4.500047e+01
4.500047e+01
4.500047e+01
4.500047e+01
4.500047e+01
4.500047e+01
4.500047e+01
4.500047e+01
4.500047e+01
4.500047e+01
4.500047e+01
4.500047e+01
4.500047e+01
4.500047e+01

4.500047e+01
4.500047e+01
4.500047e+01
4.500047e+01
4.500047e+01
4.500047e+01
4.500047e+01
4.500046e+01
4.500046e+01
4.500046e+01
4.500045e+01
4.500045e+01
4.500045e+01
4.500045e+01
4.500045e+01
4.500045e+01
4.500045e+01
4.500045e+01
4.500045e+01
4.500045e+01
4.500045e+01
4.500045e+01
4.500045e+01
4.500045e+01
4.500045e+01
4.500045e+01
4.500045e+01
4.500045e+01
4.500045e+01
4.500045e+01
4.500045e+01
4.500045e+01
4.500045e+01
4.500045e+01
4.500045e+01
4.500045e+01
4.500045e+01
4.500045e+01
4.500045e+01
4.500045e+01
4.500045e+01
4.500045e+01
4.500045e+01
4.500045e+01
4.500045e+01
4.500045e+01
4.500045e+01
4.500045e+01
4.500045e+01
4.500045e+01
4.500045e+01
4.500045e+01
4.500045e+01
4.500045e+01
4.500045e+01
4.500045e+01
4.500046e+01
4.500046e+01
4.500046e+01
4.500047e+01
4.500047e+01
4.500047e+01
4.500047e+01
4.500047e+01
4.500047e+01
4.500047e+01

4.500047e+01
4.500047e+01
4.500047e+01
4.500047e+01
4.500047e+01
4.500047e+01
4.500047e+01
4.500046e+01
4.500045e+01
4.500044e+01
4.500043e+01
4.500043e+01
4.500042e+01
4.500042e+01
4.500042e+01
4.500042e+01
4.500042e+01
4.500042e+01
4.500042e+01
4.500042e+01
4.500042e+01
4.500042e+01
4.500042e+01
4.500042e+01
4.500042e+01
4.500042e+01
4.500042e+01
4.500042e+01
4.500042e+01
4.500042e+01
4.500042e+01
4.500042e+01
4.500042e+01
4.500042e+01
4.500042e+01
4.500042e+01
4.500042e+01
4.500042e+01
4.500042e+01
4.500042e+01
4.500042e+01
4.500042e+01
4.500042e+01
4.500042e+01
4.500042e+01
4.500042e+01
4.500042e+01
4.500042e+01
4.500042e+01
4.500042e+01
4.500042e+01
4.500042e+01
4.500042e+01
4.500042e+01
4.500043e+01
4.500043e+01
4.500044e+01
4.500045e+01
4.500046e+01
4.500047e+01
4.500047e+01
4.500047e+01
4.500047e+01
4.500047e+01
4.500047e+01
4.500047e+01

4.500047e+01
4.500047e+01
4.500047e+01
4.500047e+01
4.500048e+01
4.500047e+01
4.500047e+01
4.500045e+01
4.500044e+01
4.500042e+01
4.500040e+01
4.500039e+01
4.500038e+01
4.500037e+01
4.500037e+01
4.500036e+01
4.500036e+01
4.500036e+01
4.500036e+01
4.500036e+01
4.500036e+01
4.500036e+01
4.500036e+01
4.500036e+01
4.500036e+01
4.500036e+01
4.500036e+01
4.500036e+01
4.500036e+01
4.500036e+01
4.500036e+01
4.500036e+01
4.500036e+01
4.500036e+01
4.500036e+01
4.500036e+01
4.500036e+01
4.500036e+01
4.500036e+01
4.500036e+01
4.500036e+01
4.500036e+01
4.500036e+01
4.500036e+01
4.500036e+01
4.500036e+01
4.500036e+01
4.500036e+01
4.500036e+01
4.500036e+01
4.500036e+01
4.500037e+01
4.500037e+01
4.500038e+01
4.500039e+01
4.500040e+01
4.500042e+01
4.500044e+01
4.500045e+01
4.500047e+01
4.500047e+01
4.500048e+01
4.500048e+01
4.500047e+01
4.500047e+01
4.500047e+01

4.500047e+01
4.500047e+01
4.500047e+01
4.500048e+01
4.500048e+01
4.500048e+01
4.500047e+01
4.500045e+01
4.500043e+01
4.500040e+01
4.500037e+01
4.500034e+01
4.500032e+01
4.500030e+01
4.500029e+01
4.500028e+01
4.500027e+01
4.500027e+01
4.500026e+01
4.500026e+01
4.500026e+01
4.500026e+01
4.500026e+01
4.500026e+01
4.500026e+01
4.500026e+01
4.500026e+01
4.500026e+01
4.500026e+01
4.500026e+01
4.500026e+01
4.500026e+01
4.500026e+01
4.500026e+01
4.500026e+01
4.500026e+01
4.500026e+01
4.500026e+01
4.500026e+01
4.500026e+01
4.500026e+01
4.500026e+01
4.500026e+01
4.500026e+01
4.500026e+01
4.500026e+01
4.500026e+01
4.500026e+01
4.500027e+01
4.500027e+01
4.500028e+01
4.500028e+01
4.500030e+01
4.500031e+01
4.500034e+01
4.500037e+01
4.500040e+01
4.500043e+01
4.500045e+01
4.500047e+01
4.500048e+01
4.500048e+01
4.500048e+01
4.500047e+01
4.500047e+01
4.500047e+01

4.500047e+01
4.500047e+01
4.500047e+01
4.500048e+01
4.500048e+01
4.500048e+01
4.500048e+01
4.500046e+01
4.500043e+01
4.500039e+01
4.500034e+01
4.500028e+01
4.500024e+01
4.500020e+01
4.500017e+01
4.500015e+01
4.500014e+01
4.500012e+01
4.500012e+01
4.500011e+01
4.500011e+01
4.500011e+01
4.500010e+01
4.500010e+01
4.500010e+01
4.500010e+01
4.500010e+01
4.500010e+01
4.500010e+01
4.500010e+01
4.500010e+01
4.500010e+01
4.500010e+01
4.500010e+01
4.500010e+01
4.500010e+01
4.500010e+01
4.500010e+01
4.500010e+01
4.500010e+01
4.500010e+01
4.500010e+01
4.500010e+01
4.500010e+01
4.500011e+01
4.500011e+01
4.500011e+01
4.500012e+01
4.500012e+01
4.500013e+01
4.500015e+01
4.500017e+01
4.500020e+01
4.500024e+01
4.500028e+01
4.500033e+01
4.500039e+01
4.500043e+01
4.500046e+01
4.500048e+01
4.500048e+01
4.500048e+01
4.500048e+01
4.500047e+01
4.500047e+01
4.500047e+01

4.500047e+01
4.500047e+01
4.500047e+01
4.500048e+01
4.500048e+01
4.500049e+01
4.500049e+01
4.500048e+01
4.500045e+01
4.500040e+01
4.500032e+01
4.500024e+01
4.500016e+01
4.500009e+01
4.500003e+01
4.499998e+01
4.499995e+01
4.499992e+01
4.499991e+01
4.499989e+01
4.499989e+01
4.499988e+01
4.499988e+01
4.499987e+01
4.499987e+01
4.499987e+01
4.499987e+01
4.499986e+01
4.499986e+01
4.499986e+01
4.499986e+01
4.499986e+01
4.499986e+01
4.499986e+01
4.499986e+01
4.499986e+01
4.499986e+01
4.499986e+01
4.499986e+01
4.499987e+01
4.499987e+01
4.499987e+01
4.499987e+01
4.499987e+01
4.499988e+01
4.499988e+01
4.499989e+01
4.499990e+01
4.499992e+01
4.499994e+01
4.499998e+01
4.500002e+01
4.500008e+01
4.500016e+01
4.500024e+01
4.500032e+01
4.500039e+01
4.500045e+01
4.500048e+01
4.500049e+01
4.500049e+01
4.500048e+01
4.500048e+01
4.500047e+01
4.500047e+01
4.500047e+01

4.500047e+01
4.500047e+01
4.500047e+01
4.500048e+01
4.500049e+01
4.500049e+01
4.500050e+01
4.500050e+01
4.500048e+01
4.500043e+01
4.500035e+01
4.500023e+01
4.500011e+01
4.499998e+01
4.499987e+01
4.499977e+01
4.499970e+01
4.499965e+01
4.499961e+01
4.499958e+01
4.499956e+01
4.499955e+01
4.499954e+01
4.499953e+01
4.499953e+01
4.499952e+01
4.499952e+01
4.499951e+01
4.499951e+01
4.499951e+01
4.499951e+01
4.499950e+01
4.499950e+01
4.499950e+01
4.499950e+01
4.499950e+01
4.499951e+01
4.499951e+01
4.499951e+01
4.499952e+01
4.499952e+01
4.499952e+01
4.499953e+01
4.499954e+01
4.499955e+01
4.499956e+01
4.499958e+01
4.499961e+01
4.499964e+01
4.499970e+01
4.499977e+01
4.499986e+01
4.499997e+01
4.500010e+01
4.500023e+01
4.500034e+01
4.500042e+01
4.500047e+01
4.500049e+01
4.500050e+01
4.500049e+01
4.500049e+01
4.500048e+01
4.500047e+01
4.500047e+01
4.500047e+01

4.500047e+01
4.500047e+01
4.500047e+01
4.500048e+01
4.500049e+01
4.500050e+01
4.500051e+01
4.500051e+01
4.500051e+01
4.500047e+01
4.500040e+01
4.500028e+01
4.500011e+01
4.499991e+01
4.499972e+01
4.499955e+01
4.499941e+01
4.499930e+01
4.499922e+01
4.499916e+01
4.499911e+01
4.499908e+01
4.499906e+01
4.499904e+01
4.499903e+01
4.499902e+01
4.499901e+01
4.499900e+01
4.499899e+01
4.499898e+01
4.499898e+01
4.499898e+01
4.499897e+01
4.499897e+01
4.499898e+01
4.499898e+01
4.499898e+01
4.499899e+01
4.499900e+01
4.499900e+01
4.499901e+01
4.499903e+01
4.499904e+01
4.499905e+01
4.499908e+01
4.499911e+01
4.499915e+01
4.499921e+01
4.499929e+01
4.499940e+01
4.499954e+01
4.499971e+01
4.499990e+01
4.500009e+01
4.500026e+01
4.500039e+01
4.500047e+01
4.500050e+01
4.500051e+01
4.500051e+01
4.500050e+01
4.500049e+01
4.500048e+01
4.500047e+01
4.500047e+01
4.500047e+01

4.500047e+01
4.500047e+01
4.500047e+01
4.500048e+01
4.500049e+01
4.500050e+01
4.500051e+01
4.500053e+01
4.500054e+01
4.500053e+01
4.500048e+01
4.500037e+01
4.500018e+01
4.499993e+01
4.499965e+01
4.499936e+01
4.499911e+01
4.499890e+01
4.499873e+01
4.499860e+01
4.499851e+01
4.499844e+01
4.499839e+01
4.499835e+01
4.499832e+01
4.499830e+01
4.499827e+01
4.499825e+01
4.499824e+01
4.499822e+01
4.499821e+01
4.499820e+01
4.499820e+01
4.499820e+01
4.499820e+01
4.499821e+01
4.499822e+01
4.499823e+01
4.499825e+01
4.499827e+01
4.499829e+01
4.499831e+01
4.499834e+01
4.499838e+01
4.499843e+01
4.499849e+01
4.499859e+01
4.499871e+01
4.499887e+01
4.499908e+01
4.499934e+01
4.499962e+01
4.499991e+01
4.500016e+01
4.500035e+01
4.500047e+01
4.500052e+01
4.500053e+01
4.500053e+01
4.500051e+01
4.500050e+01
4.500049e+01
4.500048e+01
4.500047e+01
4.500047e+01
4.500047e+01

4.500047e+01
4.500047e+01
4.500047e+01
4.500048e+01
4.500049e+01
4.500050e+01
4.500052e+01
4.500054e+01
4.500056e+01
4.500058e+01
4.500056e+01
4.500049e+01
4.500033e+01
4.500006e+01
4.499970e+01
4.499928e+01
4.499887e+01
4.499849e+01
4.499818e+01
4.499793e+01
4.499774e+01
4.499759e+01
4.499749e+01
4.499741e+01
4.499734e+01
4.499728e+01
4.499723e+01
4.499718e+01
4.499714e+01
4.499711e+01
4.499709e+01
4.499707e+01
4.499706e+01
4.499706e+01
4.499707e+01
4.499708e+01
4.499710e+01
4.499713e+01
4.499717e+01
4.499722e+01
4.499727e+01
4.499732e+01
4.499739e+01
4.499746e+01
4.499757e+01
4.499771e+01
4.499790e+01
4.499814e+01
4.499845e+01
4.499883e+01
4.499924e+01
4.499966e+01
4.500003e+01
4.500030e+01
4.500047e+01
4.500055e+01
4.500057e+01
4.500056e+01
4.500054e+01
4.500052e+01
4.500050e+01
4.500049e+01
4.500048e+01
4.500047e+01
4.500047e+01
4.500047e+01

4.500047e+01
4.500047e+01
4.500047e+01
4.500048e+01
4.500049e+01
4.500050e+01
4.500052e+01
4.500055e+01
4.500058e+01
4.500062e+01
4.500065e+01
4.500063e+01
4.500053e+01
4.500030e+01
4.499991e+01
4.499939e+01
4.499879e+01
4.499820e+01
4.499765e+01
4.499719e+01
4.499682e+01
4.499654e+01
4.499632e+01
4.499615e+01
4.499602e+01
4.499589e+01
4.499578e+01
4.499568e+01
4.499559e+01
4.499552e+01
4.499546e+01
4.499543e+01
4.499541e+01
4.499541e+01
4.499542e+01
4.499545e+01
4.499550e+01
4.499557e+01
4.499565e+01
4.499575e+01
4.499586e+01
4.499598e+01
4.499612e+01
4.499628e+01
4.499649e+01
4.499677e+01
4.499714e+01
4.499759e+01
4.499814e+01
4.499873e+01
4.499933e+01
4.499986e+01
4.500025e+01
4.500050e+01
4.500061e+01
4.500063e+01
4.500061e+01
4.500058e+01
4.500055e+01
4.500052e+01
4.500050e+01
4.500049e+01
4.500048e+01
4.500047e+01
4.500047e+01
4.500047e+01

4.500047e+01
4.500047e+01
4.500047e+01
4.500048e+01
4.500049e+01
4.500050e+01
4.500053e+01
4.500056e+01
4.500060e+01
4.500066e+01
4.500072e+01
4.500076e+01
4.500075e+01
4.500060e+01
4.500027e+01
4.499972e+01
4.499898e+01
4.499815e+01
4.499730e+01
4.499653e+01
4.499587e+01
4.499534e+01
4.499492e+01
4.499459e+01
4.499432e+01
4.499406e+01
4.499382e+01
4.499361e+01
4.499343e+01
4.499327e+01
4.499316e+01
4.499308e+01
4.499303e+01
4.499303e+01
4.499306e+01
4.499314e+01
4.499325e+01
4.499339e+01
4.499357e+01
4.499378e+01
4.499401e+01
4.499426e+01
4.499453e+01
4.499485e+01
4.499527e+01
4.499580e+01
4.499645e+01
4.499721e+01
4.499805e+01
4.499889e+01
4.499963e+01
4.500020e+01
4.500055e+01
4.500070e+01
4.500073e+01
4.500070e+01
4.500065e+01
4.500059e+01
4.500055e+01
4.500053e+01
4.500050e+01
4.500049e+01
4.500048e+01
4.500047e+01
4.500047e+01
4.500047e+01

4.500047e+01
4.500047e+01
4.500047e+01
4.500048e+01
4.500049e+01
4.500050e+01
4.500053e+01
4.500056e+01
4.500061e+01
4.500068e+01
4.500077e+01
4.500087e+01
4.500095e+01
4.500093e+01
4.500072e+01
4.500025e+01
4.499948e+01
4.499846e+01
4.499731e+01
4.499615e+01
4.499509e+01
4.499417e+01
4.499342e+01
4.499281e+01
4.499229e+01
4.499179e+01
4.499132e+01
4.499089e+01
4.499051e+01
4.499020e+01
4.498995e+01
4.498978e+01
4.498969e+01
4.498969e+01
4.498977e+01
4.498992e+01
4.499016e+01
4.499046e+01
4.499083e+01
4.499124e+01
4.499171e+01
4.499220e+01
4.499272e+01
4.499331e+01
4.499406e+01
4.499497e+01
4.499603e+01
4.499718e+01
4.499833e+01
4.499936e+01
4.500014e+01
4.500063e+01
4.500086e+01
4.500090e+01
4.500084e+01
4.500075e+01
4.500067e+01
4.500061e+01
4.500056e+01
4.500053e+01
4.500051e+01
4.500049e+01
4.500048e+01
4.500047e+01
4.500047e+01
4.500047e+01

4.500047e+01
4.500047e+01
4.500047e+01
4.500048e+01
4.500049e+01
4.500050e+01
4.500053e+01
4.500056e+01
4.500062e+01
4.500070e+01
4.500082e+01
4.500096e+01
4.500112e+01
4.500123e+01
4.500120e+01
4.500090e+01
4.500024e+01
4.499918e+01
4.499781e+01
4.499628e+01
4.499473e+01
4.499331e+01
4.499207e+01
4.499104e+01
4.499011e+01
4.498920e+01
4.498832e+01
4.498750e+01
4.498677e+01
4.498615e+01
4.498566e+01
4.498531e+01
4.498514e+01
4.498513e+01
4.498529e+01
4.498561e+01
4.498609e+01
4.498670e+01
4.498741e+01
4.498822e+01
4.498908e+01
4.498998e+01
4.499090e+01
4.499192e+01
4.499315e+01
4.499456e+01
4.499610e+01
4.499764e+01
4.499901e+01
4.500008e+01
4.500077e+01
4.500110e+01
4.500116e+01
4.500107e+01
4.500093e+01
4.500080e+01
4.500069e+01
4.500061e+01
4.500056e+01
4.500053e+01
4.500051e+01
4.500049e+01
4.500048e+01
4.500047e+01
4.500047e+01
4.500047e+01

4.500047e+01
4.500047e+01
4.500047e+01
4.500048e+01
4.500049e+01
4.500051e+01
4.500053e+01
4.500057e+01
4.500062e+01
4.500071e+01
4.500085e+01
4.500103e+01
4.500126e+01
4.500149e+01
4.500165e+01
4.500159e+01
4.500115e+01
4.500024e+01
4.499883e+01
4.499704e+01
4.499505e+01
4.499307e+01
4.499124e+01
4.498963e+01
4.498813e+01
4.498659e+01
4.498507e+01
4.498361e+01
4.498226e+01
4.498109e+01
4.498016e+01
4.497950e+01
4.497916e+01
4.497915e+01
4.497947e+01
4.498011e+01
4.498102e+01
4.498217e+01
4.498349e+01
4.498494e+01
4.498644e+01
4.498796e+01
4.498945e+01
4.499104e+01
4.499286e+01
4.499483e+01
4.499680e+01
4.499860e+01
4.500003e+01
4.500097e+01
4.500144e+01
4.500154e+01
4.500141e+01
4.500120e+01
4.500100e+01
4.500083e+01
4.500070e+01
4.500062e+01
4.500056e+01
4.500053e+01
4.500051e+01
4.500049e+01
4.500048e+01
4.500047e+01
4.500047e+01
4.500047e+01

4.500047e+01
4.500047e+01
4.500047e+01
4.500048e+01
4.500049e+01
4.500051e+01
4.500053e+01
4.500057e+01
4.500063e+01
4.500072e+01
4.500087e+01
4.500108e+01
4.500136e+01
4.500170e+01
4.500203e+01
4.500223e+01
4.500211e+01
4.500148e+01
4.500024e+01
4.499842e+01
4.499616e+01
4.499370e+01
4.499127e+01
4.498901e+01
4.498679e+01
4.498443e+01
4.498199e+01
4.497957e+01
4.497727e+01
4.497522e+01
4.497354e+01
4.497235e+01
4.497173e+01
4.497172e+01
4.497233e+01
4.497350e+01
4.497516e+01
4.497718e+01
4.497946e+01
4.498185e+01
4.498426e+01
4.498659e+01
4.498878e+01
4.499101e+01
4.499343e+01
4.499587e+01
4.499813e+01
4.499997e+01
4.500123e+01
4.500190e+01
4.500206e+01
4.500191e+01
4.500162e+01
4.500131e+01
4.500104e+01
4.500085e+01
4.500071e+01
4.500062e+01
4.500057e+01
4.500053e+01
4.500051e+01
4.500049e+01
4.500048e+01
4.500047e+01
4.500047e+01
4.500047e+01

4.500047e+01
4.500047e+01
4.500047e+01
4.500048e+01
4.500049e+01
4.500051e+01
4.500053e+01
4.500057e+01
4.500063e+01
4.500073e+01
4.500088e+01
4.500112e+01
4.500144e+01
4.500186e+01
4.500235e+01
4.500278e+01
4.500299e+01
4.500276e+01
4.500187e+01
4.500025e+01
4.499797e+01
4.499525e+01
4.499233e+01
4.498947e+01
4.498651e+01
4.498321e+01
4.497966e+01
4.497597e+01
4.497234e+01
4.496901e+01
4.496621e+01
4.496418e+01
4.496313e+01
4.496313e+01
4.496420e+01
4.496621e+01
4.496900e+01
4.497230e+01
4.497589e+01
4.497953e+01
4.498304e+01
4.498629e+01
4.498921e+01
4.499203e+01
4.499492e+01
4.499763e+01
4.499991e+01
4.500155e+01
4.500247e+01
4.500276e+01
4.500261e+01
4.500222e+01
4.500178e+01
4.500138e+01
4.500108e+01
4.500086e+01
4.500072e+01
4.500063e+01
4.500057e+01
4.500053e+01
4.500051e+01
4.500049e+01
4.500048e+01
4.500047e+01
4.500047e+01
4.500047e+01

4.500047e+01
4.500047e+01
4.500047e+01
4.500048e+01
4.500049e+01
4.500051e+01
4.500053e+01
4.500057e+01
4.500063e+01
4.500073e+01
4.500089e+01
4.500114e+01
4.500150e+01
4.500199e+01
4.500259e+01
4.500324e+01
4.500377e+01
4.500394e+01
4.500352e+01
4.500230e+01
4.500026e+01
4.499754e+01
4.499439e+01
4.499110e+01
4.498750e+01
4.498330e+01
4.497855e+01
4.497341e+01
4.496815e+01
4.496313e+01
4.495880e+01
4.495562e+01
4.495395e+01
4.495398e+01
4.495571e+01
4.495892e+01
4.496324e+01
4.496822e+01
4.497342e+01
4.497848e+01
4.498315e+01
4.498727e+01
4.499081e+01
4.499404e+01
4.499715e+01
4.499985e+01
4.500190e+01
4.500315e+01
4.500363e+01
4.500352e+01
4.500305e+01
4.500246e+01
4.500190e+01
4.500144e+01
4.500111e+01
4.500087e+01
4.500072e+01
4.500063e+01
4.500057e+01
4.500053e+01
4.500051e+01
4.500049e+01
4.500048e+01
4.500047e+01
4.500047e+01
4.500047e+01

4.500047e+01
4.500047e+01
4.500047e+01
4.500048e+01
4.500049e+01
4.500051e+01
4.500053e+01
4.500057e+01
4.500063e+01
4.500074e+01
4.500090e+01
4.500116e+01
4.500154e+01
4.500208e+01
4.500278e+01
4.500359e+01
4.500440e+01
4.500498e+01
4.500504e+01
4.500434e+01
4.500273e+01
4.500027e+01
4.499716e+01
4.499370e+01
4.498969e+01
4.498478e+01
4.497895e+01
4.497234e+01
4.496528e+01
4.495831e+01
4.495212e+01
4.494747e+01
4.494501e+01
4.494510e+01
4.494771e+01
4.495244e+01
4.495863e+01
4.496554e+01
4.497249e+01
4.497896e+01
4.498466e+01
4.498946e+01
4.499338e+01
4.499677e+01
4.499983e+01
4.500227e+01
4.500389e+01
4.500464e+01
4.500464e+01
4.500414e+01
4.500340e+01
4.500264e+01
4.500199e+01
4.500148e+01
4.500112e+01
4.500088e+01
4.500073e+01
4.500063e+01
4.500057e+01
4.500053e+01
4.500051e+01
4.500049e+01
4.500048e+01
4.500047e+01
4.500047e+01
4.500047e+01

4.500047e+01
4.500047e+01
4.500047e+01
4.500048e+01
4.500049e+01
4.500051e+01
4.500053e+01
4.500057e+01
4.500063e+01
4.500074e+01
4.500091e+01
4.500117e+01
4.500157e+01
4.500215e+01
4.500292e+01
4.500387e+01
4.500491e+01
4.500584e+01
4.500638e+01
4.500622e+01
4.500515e+01
4.500313e+01
4.500030e+01
4.499691e+01
4.499277e+01
4.498743e+01
4.498078e+01
4.497290e+01
4.496411e+01
4.495510e+01
4.494687e+01
4.494056e+01
4.493720e+01
4.493736e+01
4.494100e+01
4.494747e+01
4.495572e+01
4.496462e+01
4.497322e+01
4.498089e+01
4.498735e+01
4.499253e+01
4.499656e+01
4.499986e+01
4.500264e+01
4.500464e+01
4.500573e+01
4.500595e+01
4.500549e+01
4.500464e+01
4.500367e+01
4.500278e+01
4.500205e+01
4.500151e+01
4.500114e+01
4.500089e+01
4.500073e+01
4.500063e+01
4.500057e+01
4.500053e+01
4.500051e+01
4.500049e+01
4.500048e+01
4.500047e+01
4.500047e+01
4.500047e+01

4.500047e+01
4.500047e+01
4.500047e+01
4.500048e+01
4.500049e+01
4.500051e+01
4.500053e+01
4.500057e+01
4.500063e+01
4.500074e+01
4.500091e+01
4.500118e+01
4.500160e+01
4.500220e+01
4.500304e+01
4.500411e+01
4.500536e+01
4.500661e+01
4.500762e+01
4.500804e+01
4.500762e+01
4.500621e+01
4.500387e+01
4.500082e+01
4.499681e+01
4.499135e+01
4.498420e+01
4.497528e+01
4.496487e+01
4.495376e+01
4.494326e+01
4.493503e+01
4.493061e+01
4.493088e+01
4.493577e+01
4.494425e+01
4.495475e+01
4.496568e+01
4.497580e+01
4.498441e+01
4.499130e+01
4.499656e+01
4.500042e+01
4.500338e+01
4.500566e+01
4.500706e+01
4.500752e+01
4.500716e+01
4.500625e+01
4.500508e+01
4.500391e+01
4.500290e+01
4.500211e+01
4.500154e+01
4.500115e+01
4.500089e+01
4.500073e+01
4.500063e+01
4.500057e+01
4.500053e+01
4.500051e+01
4.500049e+01
4.500048e+01
4.500047e+01
4.500047e+01
4.500047e+01

4.500047e+01
4.500047e+01
4.500047e+01
4.500048e+01
4.500049e+01
4.500051e+01
4.500053e+01
4.500057e+01
4.500064e+01
4.500074e+01
4.500092e+01
4.500119e+01
4.500162e+01
4.500225e+01
4.500315e+01
4.500433e+01
4.500578e+01
4.500738e+01
4.500888e+01
4.500997e+01
4.501034e+01
4.500976e+01
4.500819e+01
4.500576e+01
4.500225e+01
4.499710e+01
4.498988e+01
4.498031e+01
4.496851e+01
4.495526e+01
4.494225e+01
4.493178e+01
4.492610e+01
4.492653e+01
4.493294e+01
4.494377e+01
4.495674e+01
4.496966e+01
4.498102e+01
4.499016e+01
4.499704e+01
4.500195e+01
4.500530e+01
4.500763e+01
4.500914e+01
4.500973e+01
4.500942e+01
4.500840e+01
4.500700e+01
4.500549e+01
4.500413e+01
4.500300e+01
4.500216e+01
4.500156e+01
4.500116e+01
4.500090e+01
4.500073e+01
4.500063e+01
4.500057e+01
4.500053e+01
4.500051e+01
4.500049e+01
4.500048e+01
4.500047e+01
4.500047e+01
4.500047e+01

4.500047e+01
4.500047e+01
4.500047e+01
4.500048e+01
4.500049e+01
4.500051e+01
4.500053e+01
4.500057e+01
4.500064e+01
4.500074e+01
4.500092e+01
4.500120e+01
4.500164e+01
4.500230e+01
4.500325e+01
4.500454e+01
4.500618e+01
4.500811e+01
4.501013e+01
4.501195e+01
4.501323e+01
4.501368e+01
4.501316e+01
4.501172e+01
4.500914e+01
4.500485e+01
4.499827e+01
4.498883e+01
4.497636e+01
4.496155e+01
4.494634e+01
4.493375e+01
4.492683e+01
4.492745e+01
4.493538e+01
4.494843e+01
4.496351e+01
4.497783e+01
4.498968e+01
4.499857e+01
4.500474e+01
4.500875e+01
4.501117e+01
4.501251e+01
4.501299e+01
4.501256e+01
4.501135e+01
4.500963e+01
4.500772e+01
4.500589e+01
4.500433e+01
4.500310e+01
4.500220e+01
4.500158e+01
4.500117e+01
4.500090e+01
4.500073e+01
4.500063e+01
4.500057e+01
4.500053e+01
4.500051e+01
4.500049e+01
4.500048e+01
4.500047e+01
4.500047e+01
4.500047e+01

4.500047e+01
4.500047e+01
4.500047e+01
4.500048e+01
4.500049e+01
4.500051e+01
4.500053e+01
4.500057e+01
4.500064e+01
4.500075e+01
4.500092e+01
4.500121e+01
4.500166e+01
4.500234e+01
4.500333e+01
4.500472e+01
4.500655e+01
4.500879e+01
4.501133e+01
4.501390e+01
4.501617e+01
4.501781e+01
4.501861e+01
4.501849e+01
4.501730e+01
4.501454e+01
4.500950e+01
4.500135e+01
4.498955e+01
4.497453e+01
4.495825e+01
4.494425e+01
4.493644e+01
4.493719e+01
4.494622e+01
4.496071e+01
4.497674e+01
4.499110e+01
4.500215e+01
4.500968e+01
4.501429e+01
4.501677e+01
4.501782e+01
4.501786e+01
4.501706e+01
4.501545e+01
4.501327e+01
4.501081e+01
4.500839e+01
4.500625e+01
4.500451e+01
4.500319e+01
4.500224e+01
4.500160e+01
4.500118e+01
4.500090e+01
4.500074e+01
4.500063e+01
4.500057e+01
4.500053e+01
4.500051e+01
4.500049e+01
4.500048e+01
4.500047e+01
4.500047e+01
4.500047e+01

4.500047e+01
4.500047e+01
4.500047e+01
4.500048e+01
4.500049e+01
4.500051e+01
4.500053e+01
4.500057e+01
4.500064e+01
4.500075e+01
4.500093e+01
4.500122e+01
4.500167e+01
4.500237e+01
4.500341e+01
4.500488e+01
4.500687e+01
4.500941e+01
4.501243e+01
4.501574e+01
4.501903e+01
4.502196e+01
4.502424e+01
4.502570e+01
4.502628e+01
4.502566e+01
4.502307e+01
4.501751e+01
4.500809e+01
4.499477e+01
4.497930e+01
4.496536e+01
4.495729e+01
4.495803e+01
4.496724e+01
4.498159e+01
4.499675e+01
4.500935e+01
4.501801e+01
4.502298e+01
4.502518e+01
4.502557e+01
4.502488e+01
4.502338e+01
4.502113e+01
4.501827e+01
4.501508e+01
4.501190e+01
4.500900e+01
4.500657e+01
4.500467e+01
4.500326e+01
4.500228e+01
4.500161e+01
4.500118e+01
4.500091e+01
4.500074e+01
4.500063e+01
4.500057e+01
4.500053e+01
4.500051e+01
4.500049e+01
4.500048e+01
4.500047e+01
4.500047e+01
4.500047e+01

4.500047e+01
4.500047e+01
4.500047e+01
4.500048e+01
4.500049e+01
4.500051e+01
4.500053e+01
4.500057e+01
4.500064e+01
4.500075e+01
4.500093e+01
4.500122e+01
4.500169e+01
4.500240e+01
4.500347e+01
4.500501e+01
4.500714e+01
4.500993e+01
4.501339e+01
4.501738e+01
4.502165e+01
4.502585e+01
4.502965e+01
4.503280e+01
4.503537e+01
4.503727e+01
4.503777e+01
4.503582e+01
4.503022e+01
4.502043e+01
4.500756e+01
4.499501e+01
4.498739e+01
4.498791e+01
4.499630e+01
4.500905e+01
4.502159e+01
4.503077e+01
4.503577e+01
4.503727e+01
4.503649e+01
4.503445e+01
4.503183e+01
4.502869e+01
4.502495e+01
4.502084e+01
4.501670e+01
4.501284e+01
4.500952e+01
4.500684e+01
4.500480e+01
4.500333e+01
4.500231e+01
4.500163e+01
4.500119e+01
4.500091e+01
4.500074e+01
4.500063e+01
4.500057e+01
4.500053e+01
4.500051e+01
4.500049e+01
4.500048e+01
4.500047e+01
4.500047e+01
4.500047e+01

4.500047e+01
4.500047e+01
4.500047e+01
4.500048e+01
4.500049e+01
4.500051e+01
4.500053e+01
4.500057e+01
4.500064e+01
4.500075e+01
4.500093e+01
4.500123e+01
4.500170e+01
4.500242e+01
4.500352e+01
4.500512e+01
4.500735e+01
4.501035e+01
4.501417e+01
4.501874e+01
4.502385e+01
4.502919e+01
4.503440e+01
4.503915e+01
4.504367e+01
4.504810e+01
4.505184e+01
4.505382e+01
4.505265e+01
4.504722e+01
4.503797e+01
4.502776e+01
4.502102e+01
4.502118e+01
4.502811e+01
4.503825e+01
4.504721e+01
4.505226e+01
4.505310e+01
4.505088e+01
4.504702e+01
4.504255e+01
4.503805e+01
4.503336e+01
4.502824e+01
4.502302e+01
4.501805e+01
4.501362e+01
4.500994e+01
4.500705e+01
4.500490e+01
4.500337e+01
4.500233e+01
4.500164e+01
4.500119e+01
4.500091e+01
4.500074e+01
4.500063e+01
4.500057e+01
4.500053e+01
4.500051e+01
4.500049e+01
4.500048e+01
4.500047e+01
4.500047e+01
4.500047e+01

4.500047e+01
4.500047e+01
4.500047e+01
4.500048e+01
4.500049e+01
4.500051e+01
4.500053e+01
4.500057e+01
4.500064e+01
4.500075e+01
4.500093e+01
4.500123e+01
4.500170e+01
4.500244e+01
4.500355e+01
4.500519e+01
4.500751e+01
4.501065e+01
4.501473e+01
4.501973e+01
4.502550e+01
4.503173e+01
4.503807e+01
4.504412e+01
4.505025e+01
4.505683e+01
4.506336e+01
4.506881e+01
4.507161e+01
4.507024e+01
4.506446e+01
4.505657e+01
4.505077e+01
4.505058e+01
4.505601e+01
4.506361e+01
4.506916e+01
4.507040e+01
4.506752e+01
4.506204e+01
4.505553e+01
4.504900e+01
4.504294e+01
4.503698e+01
4.503076e+01
4.502466e+01
4.501904e+01
4.501418e+01
4.501024e+01
4.500720e+01
4.500498e+01
4.500341e+01
4.500234e+01
4.500164e+01
4.500119e+01
4.500091e+01
4.500074e+01
4.500063e+01
4.500057e+01
4.500053e+01
4.500051e+01
4.500049e+01
4.500048e+01
4.500047e+01
4.500047e+01
4.500047e+01

4.500047e+01
4.500047e+01
4.500047e+01
4.500048e+01
4.500049e+01
4.500051e+01
4.500053e+01
4.500057e+01
4.500064e+01
4.500075e+01
4.500093e+01
4.500123e+01
4.500171e+01
4.500245e+01
4.500357e+01
4.500523e+01
4.500759e+01
4.501082e+01
4.501505e+01
4.502031e+01
4.502647e+01
4.503325e+01
4.504029e+01
4.504717e+01
4.505435e+01
4.506235e+01
4.507076e+01
4.507858e+01
4.508417e+01
4.508574e+01
4.508264e+01
4.507670e+01
4.507182e+01
4.507145e+01
4.507566e+01
4.508119e+01
4.508413e+01
4.508256e+01
4.507703e+01
4.506929e+01
4.506097e+01
4.505307e+01
4.504599e+01
4.503920e+01
4.503229e+01
4.502564e+01
4.501963e+01
4.501451e+01
4.501041e+01
4.500729e+01
4.500502e+01
4.500343e+01
4.500235e+01
4.500165e+01
4.500120e+01
4.500091e+01
4.500074e+01
4.500063e+01
4.500057e+01
4.500053e+01
4.500051e+01
4.500049e+01
4.500048e+01
4.500047e+01
4.500047e+01
4.500047e+01

4.500047e+01
4.500047e+01
4.500047e+01
4.500048e+01
4.500049e+01
4.500051e+01
4.500053e+01
4.500057e+01
4.500064e+01
4.500075e+01
4.500093e+01
4.500123e+01
4.500171e+01
4.500245e+01
4.500357e+01
4.500524e+01
4.500761e+01
4.501086e+01
4.501512e+01
4.502044e+01
4.502669e+01
4.503362e+01
4.504086e+01
4.504799e+01
4.505550e+01
4.506398e+01
4.507307e+01
4.508184e+01
4.508870e+01
4.509181e+01
4.509037e+01
4.508588e+01
4.508188e+01
4.508153e+01
4.508494e+01
4.508906e+01
4.509037e+01
4.508726e+01
4.508045e+01
4.507174e+01
4.506272e+01
4.505431e+01
4.504688e+01
4.503983e+01
4.503270e+01
4.502590e+01
4.501977e+01
4.501459e+01
4.501045e+01
4.500731e+01
4.500503e+01
4.500343e+01
4.500235e+01
4.500165e+01
4.500120e+01
4.500091e+01
4.500074e+01
4.500063e+01
4.500057e+01
4.500053e+01
4.500051e+01
4.500049e+01
4.500048e+01
4.500047e+01
4.500047e+01
4.500047e+01

4.500047e+01
4.500047e+01
4.500047e+01
4.500048e+01
4.500049e+01
4.500051e+01
4.500053e+01
4.500057e+01
4.500064e+01
4.500075e+01
4.500093e+01
4.500123e+01
4.500170e+01
4.500244e+01
4.500356e+01
4.500521e+01
4.500755e+01
4.501075e+01
4.501493e+01
4.502011e+01
4.502616e+01
4.503283e+01
4.503974e+01
4.504652e+01
4.505361e+01
4.506158e+01
4.507009e+01
4.507830e+01
4.508477e+01
4.508787e+01
4.508690e+01
4.508323e+01
4.507997e+01
4.507988e+01
4.508294e+01
4.508646e+01
4.508728e+01
4.508405e+01
4.507746e+01
4.506916e+01
4.506061e+01
4.505263e+01
4.504556e+01
4.503883e+01
4.503198e+01
4.502541e+01
4.501947e+01
4.501442e+01
4.501036e+01
4.500726e+01
4.500500e+01
4.500342e+01
4.500235e+01
4.500165e+01
4.500120e+01
4.500091e+01
4.500074e+01
4.500063e+01
4.500057e+01
4.500053e+01
4.500051e+01
4.500049e+01
4.500048e+01
4.500047e+01
4.500047e+01
4.500047e+01

4.500047e+01
4.500047e+01
4.500047e+01
4.500048e+01
4.500049e+01
4.500051e+01
4.500053e+01
4.500057e+01
4.500064e+01
4.500075e+01
4.500093e+01
4.500123e+01
4.500170e+01
4.500243e+01
4.500354e+01
4.500515e+01
4.500743e+01
4.501052e+01
4.501449e+01
4.501935e+01
4.502492e+01
4.503095e+01
4.503708e+01
4.504296e+01
4.504898e+01
4.505558e+01
4.506238e+01
4.506865e+01
4.507315e+01
4.507463e+01
4.507276e+01
4.506900e+01
4.506612e+01
4.506641e+01
4.506974e+01
4.507363e+01
4.507532e+01
4.507348e+01
4.506860e+01
4.506202e+01
4.505500e+01
4.504829e+01
4.504221e+01
4.503631e+01
4.503021e+01
4.502424e+01
4.501875e+01
4.501400e+01
4.501013e+01
4.500715e+01
4.500495e+01
4.500339e+01
4.500234e+01
4.500164e+01
4.500119e+01
4.500091e+01
4.500074e+01
4.500063e+01
4.500057e+01
4.500053e+01
4.500051e+01
4.500049e+01
4.500048e+01
4.500047e+01
4.500047e+01
4.500047e+01

4.500047e+01
4.500047e+01
4.500047e+01
4.500048e+01
4.500049e+01
4.500051e+01
4.500053e+01
4.500057e+01
4.500064e+01
4.500075e+01
4.500093e+01
4.500122e+01
4.500169e+01
4.500241e+01
4.500349e+01
4.500506e+01
4.500725e+01
4.501016e+01
4.501383e+01
4.501820e+01
4.502308e+01
4.502817e+01
4.503316e+01
4.503777e+01
4.504225e+01
4.504686e+01
4.505121e+01
4.505456e+01
4.505596e+01
4.505461e+01
4.505067e+01
4.504586e+01
4.504284e+01
4.504351e+01
4.504761e+01
4.505285e+01
4.505659e+01
4.505737e+01
4.505533e+01
4.505144e+01
4.504672e+01
4.504187e+01
4.503724e+01
4.503256e+01
4.502754e+01
4.502247e+01
4.501765e+01
4.501336e+01
4.500979e+01
4.500697e+01
4.500486e+01
4.500335e+01
4.500232e+01
4.500163e+01
4.500119e+01
4.500091e+01
4.500074e+01
4.500063e+01
4.500057e+01
4.500053e+01
4.500051e+01
4.500049e+01
4.500048e+01
4.500047e+01
4.500047e+01
4.500047e+01

4.500047e+01
4.500047e+01
4.500047e+01
4.500048e+01
4.500049e+01
4.500051e+01
4.500053e+01
4.500057e+01
4.500064e+01
4.500075e+01
4.500093e+01
4.500122e+01
4.500168e+01
4.500239e+01
4.500344e+01
4.500494e+01
4.500700e+01
4.500968e+01
4.501297e+01
4.501674e+01
4.502076e+01
4.502474e+01
4.502839e+01
4.503151e+01
4.503424e+01
4.503665e+01
4.503826e+01
4.503843e+01
4.503645e+01
4.503196e+01
4.502569e+01
4.501958e+01
4.501615e+01
4.501705e+01
4.502194e+01
4.502869e+01
4.503479e+01
4.503861e+01
4.503982e+01
4.503898e+01
4.503688e+01
4.503415e+01
4.503120e+01
4.502795e+01
4.502423e+01
4.502023e+01
4.501624e+01
4.501254e+01
4.500933e+01
4.500673e+01
4.500475e+01
4.500330e+01
4.500230e+01
4.500162e+01
4.500119e+01
4.500091e+01
4.500074e+01
4.500063e+01
4.500057e+01
4.500053e+01
4.500051e+01
4.500049e+01
4.500048e+01
4.500047e+01
4.500047e+01
4.500047e+01

4.500047e+01
4.500047e+01
4.500047e+01
4.500048e+01
4.500049e+01
4.500051e+01
4.500053e+01
4.500057e+01
4.500064e+01
4.500075e+01
4.500093e+01
4.500121e+01
4.500167e+01
4.500235e+01
4.500337e+01
4.500480e+01
4.500671e+01
4.500912e+01
4.501196e+01
4.501505e+01
4.501813e+01
4.502092e+01
4.502319e+01
4.502481e+01
4.502585e+01
4.502616e+01
4.502530e+01
4.502271e+01
4.501796e+01
4.501111e+01
4.500318e+01
4.499618e+01
4.499246e+01
4.499337e+01
4.499860e+01
4.500631e+01
4.501415e+01
4.502040e+01
4.502440e+01
4.502631e+01
4.502665e+01
4.502597e+01
4.502469e+01
4.502289e+01
4.502052e+01
4.501768e+01
4.501461e+01
4.501156e+01
4.500878e+01
4.500645e+01
4.500460e+01
4.500323e+01
4.500227e+01
4.500161e+01
4.500118e+01
4.500091e+01
4.500074e+01
4.500063e+01
4.500057e+01
4.500053e+01
4.500051e+01
4.500049e+01
4.500048e+01
4.500047e+01
4.500047e+01
4.500047e+01

4.500047e+01
4.500047e+01
4.500047e+01
4.500048e+01
4.500049e+01
4.500051e+01
4.500053e+01
4.500057e+01
4.500064e+01
4.500074e+01
4.500092e+01
4.500121e+01
4.500165e+01
4.500232e+01
4.500329e+01
4.500462e+01
4.500637e+01
4.500848e+01
4.501084e+01
4.501322e+01
4.501535e+01
4.501698e+01
4.501795e+01
4.501824e+01
4.501781e+01
4.501643e+01
4.501369e+01
4.500922e+01
4.500283e+01
4.499487e+01
4.498648e+01
4.497950e+01
4.497583e+01
4.497660e+01
4.498154e+01
4.498919e+01
4.499760e+01
4.500513e+01
4.501091e+01
4.501479e+01
4.501705e+01
4.501808e+01
4.501825e+01
4.501777e+01
4.501667e+01
4.501497e+01
4.501282e+01
4.501047e+01
4.500816e+01
4.500611e+01
4.500444e+01
4.500315e+01
4.500223e+01
4.500159e+01
4.500117e+01
4.500090e+01
4.500074e+01
4.500063e+01
4.500057e+01
4.500053e+01
4.500051e+01
4.500049e+01
4.500048e+01
4.500047e+01
4.500047e+01
4.500047e+01

4.500047e+01
4.500047e+01
4.500047e+01
4.500048e+01
4.500049e+01
4.500051e+01
4.500053e+01
4.500057e+01
4.500064e+01
4.500074e+01
4.500092e+01
4.500120e+01
4.500163e+01
4.500227e+01
4.500319e+01
4.500443e+01
4.500599e+01
4.500778e+01
4.500965e+01
4.501133e+01
4.501256e+01
4.501314e+01
4.501300e+01
4.501221e+01
4.501068e+01
4.500811e+01
4.500422e+01
4.499880e+01
4.499189e+01
4.498398e+01
4.497612e+01
4.496982e+01
4.496653e+01
4.496710e+01
4.497134e+01
4.497819e+01
4.498614e+01
4.499381e+01
4.500029e+01
4.500526e+01
4.500875e+01
4.501100e+01
4.501230e+01
4.501291e+01
4.501291e+01
4.501224e+01
4.501097e+01
4.500931e+01
4.500749e+01
4.500575e+01
4.500425e+01
4.500306e+01
4.500219e+01
4.500158e+01
4.500117e+01
4.500090e+01
4.500073e+01
4.500063e+01
4.500057e+01
4.500053e+01
4.500051e+01
4.500049e+01
4.500048e+01
4.500047e+01
4.500047e+01
4.500047e+01

4.500047e+01
4.500047e+01
4.500047e+01
4.500048e+01
4.500049e+01
4.500051e+01
4.500053e+01
4.500057e+01
4.500064e+01
4.500074e+01
4.500092e+01
4.500119e+01
4.500161e+01
4.500223e+01
4.500309e+01
4.500422e+01
4.500558e+01
4.500705e+01
4.500843e+01
4.500944e+01
4.500987e+01
4.500957e+01
4.500857e+01
4.500698e+01
4.500472e+01
4.500147e+01
4.499707e+01
4.499146e+01
4.498481e+01
4.497763e+01
4.497084e+01
4.496556e+01
4.496281e+01
4.496320e+01
4.496661e+01
4.497231e+01
4.497923e+01
4.498628e+01
4.499267e+01
4.499797e+01
4.500206e+01
4.500505e+01
4.500711e+01
4.500853e+01
4.500940e+01
4.500960e+01
4.500913e+01
4.500811e+01
4.500677e+01
4.500535e+01
4.500404e+01
4.500296e+01
4.500214e+01
4.500155e+01
4.500116e+01
4.500090e+01
4.500073e+01
4.500063e+01
4.500057e+01
4.500053e+01
4.500051e+01
4.500049e+01
4.500048e+01
4.500047e+01
4.500047e+01
4.500047e+01

4.500047e+01
4.500047e+01
4.500047e+01
4.500048e+01
4.500049e+01
4.500051e+01
4.500053e+01
4.500057e+01
4.500063e+01
4.500074e+01
4.500091e+01
4.500118e+01
4.500158e+01
4.500217e+01
4.500297e+01
4.500399e+01
4.500515e+01
4.500630e+01
4.500721e+01
4.500763e+01
4.500738e+01
4.500639e+01
4.500476e+01
4.500267e+01
4.500001e+01
4.499649e+01
4.499205e+01
4.498671e+01
4.498073e+01
4.497457e+01
4.496895e+01
4.496467e+01
4.496246e+01
4.496272e+01
4.496538e+01
4.496995e+01
4.497570e+01
4.498181e+01
4.498764e+01
4.499276e+01
4.499699e+01
4.500031e+01
4.500280e+01
4.500475e+01
4.500626e+01
4.500715e+01
4.500736e+01
4.500693e+01
4.500604e+01
4.500493e+01
4.500382e+01
4.500285e+01
4.500209e+01
4.500153e+01
4.500115e+01
4.500089e+01
4.500073e+01
4.500063e+01
4.500057e+01
4.500053e+01
4.500051e+01
4.500049e+01
4.500048e+01
4.500047e+01
4.500047e+01
4.500047e+01

4.500047e+01
4.500047e+01
4.500047e+01
4.500048e+01
4.500049e+01
4.500051e+01
4.500053e+01
4.500057e+01
4.500063e+01
4.500074e+01
4.500091e+01
4.500117e+01
4.500155e+01
4.500211e+01
4.500284e+01
4.500372e+01
4.500465e+01
4.500546e+01
4.500589e+01
4.500574e+01
4.500489e+01
4.500335e+01
4.500127e+01
4.499890e+01
4.499610e+01
4.499262e+01
4.498846e+01
4.498372e+01
4.497865e+01
4.497364e+01
4.496920e+01
4.496590e+01
4.496420e+01
4.496436e+01
4.496634e+01
4.496985e+01
4.497438e+01
4.497939e+01
4.498438e+01
4.498899e+01
4.499300e+01
4.499634e+01
4.499901e+01
4.500128e+01
4.500324e+01
4.500470e+01
4.500550e+01
4.500564e+01
4.500522e+01
4.500445e+01
4.500356e+01
4.500272e+01
4.500203e+01
4.500150e+01
4.500113e+01
4.500089e+01
4.500073e+01
4.500063e+01
4.500057e+01
4.500053e+01
4.500051e+01
4.500049e+01
4.500048e+01
4.500047e+01
4.500047e+01
4.500047e+01

4.500047e+01
4.500047e+01
4.500047e+01
4.500048e+01
4.500049e+01
4.500051e+01
4.500053e+01
4.500057e+01
4.500063e+01
4.500073e+01
4.500090e+01
4.500115e+01
4.500151e+01
4.500202e+01
4.500266e+01
4.500337e+01
4.500403e+01
4.500443e+01
4.500436e+01
4.500365e+01
4.500227e+01
4.500033e+01
4.499802e+01
4.499558e+01
4.499288e+01
4.498972e+01
4.498613e+01
4.498225e+01
4.497827e+01
4.497448e+01
4.497123e+01
4.496885e+01
4.496764e+01
4.496772e+01
4.496910e+01
4.497160e+01
4.497491e+01
4.497871e+01
4.498266e+01
4.498648e+01
4.498998e+01
4.499305e+01
4.499566e+01
4.499802e+01
4.500024e+01
4.500212e+01
4.500345e+01
4.500414e+01
4.500422e+01
4.500384e+01
4.500322e+01
4.500254e+01
4.500194e+01
4.500146e+01
4.500112e+01
4.500088e+01
4.500073e+01
4.500063e+01
4.500057e+01
4.500053e+01
4.500051e+01
4.500049e+01
4.500048e+01
4.500047e+01
4.500047e+01
4.500047e+01

4.500047e+01
4.500047e+01
4.500047e+01
4.500048e+01
4.500049e+01
4.500051e+01
4.500053e+01
4.500057e+01
4.500063e+01
4.500073e+01
4.500089e+01
4.500112e+01
4.500146e+01
4.500190e+01
4.500242e+01
4.500293e+01
4.500327e+01
4.500325e+01
4.500269e+01
4.500151e+01
4.499977e+01
4.499765e+01
4.499536e+01
4.499310e+01
4.499076e+01
4.498814e+01
4.498532e+01
4.498239e+01
4.497952e+01
4.497688e+01
4.497468e+01
4.497310e+01
4.497229e+01
4.497233e+01
4.497322e+01
4.497486e+01
4.497710e+01
4.497975e+01
4.498261e+01
4.498550e+01
4.498828e+01
4.499085e+01
4.499314e+01
4.499535e+01
4.499758e+01
4.499965e+01
4.500134e+01
4.500250e+01
4.500306e+01
4.500310e+01
4.500279e+01
4.500231e+01
4.500182e+01
4.500141e+01
4.500109e+01
4.500087e+01
4.500072e+01
4.500063e+01
4.500057e+01
4.500053e+01
4.500051e+01
4.500049e+01
4.500048e+01
4.500047e+01
4.500047e+01
4.500047e+01

4.500047e+01
4.500047e+01
4.500047e+01
4.500048e+01
4.500049e+01
4.500051e+01
4.500053e+01
4.500057e+01
4.500063e+01
4.500072e+01
4.500087e+01
4.500109e+01
4.500138e+01
4.500174e+01
4.500211e+01
4.500238e+01
4.500238e+01
4.500196e+01
4.500100e+01
4.499953e+01
4.499768e+01
4.499565e+01
4.499363e+01
4.499176e+01
4.498992e+01
4.498796e+01
4.498594e+01
4.498393e+01
4.498203e+01
4.498034e+01
4.497896e+01
4.497799e+01
4.497749e+01
4.497751e+01
4.497803e+01
4.497903e+01
4.498042e+01
4.498212e+01
4.498402e+01
4.498601e+01
4.498801e+01
4.498994e+01
4.499176e+01
4.499360e+01
4.499558e+01
4.499757e+01
4.499939e+01
4.500084e+01
4.500179e+01
4.500223e+01
4.500225e+01
4.500201e+01
4.500167e+01
4.500133e+01
4.500106e+01
4.500085e+01
4.500072e+01
4.500062e+01
4.500057e+01
4.500053e+01
4.500051e+01
4.500049e+01
4.500048e+01
4.500047e+01
4.500047e+01
4.500047e+01

4.500047e+01
4.500047e+01
4.500047e+01
4.500048e+01
4.500049e+01
4.500051e+01
4.500053e+01
4.500057e+01
4.500062e+01
4.500071e+01
4.500085e+01
4.500104e+01
4.500128e+01
4.500153e+01
4.500173e+01
4.500174e+01
4.500142e+01
4.500067e+01
4.499948e+01
4.499795e+01
4.499625e+01
4.499454e+01
4.499296e+01
4.499157e+01
4.499027e+01
4.498895e+01
4.498764e+01
4.498638e+01
4.498522e+01
4.498422e+01
4.498342e+01
4.498287e+01
4.498258e+01
4.498259e+01
4.498288e+01
4.498344e+01
4.498424e+01
4.498524e+01
4.498639e+01
4.498764e+01
4.498895e+01
4.499026e+01
4.499154e+01
4.499291e+01
4.499447e+01
4.499616e+01
4.499784e+01
4.499936e+01
4.500054e+01
4.500130e+01
4.500163e+01
4.500164e+01
4.500147e+01
4.500123e+01
4.500101e+01
4.500083e+01
4.500071e+01
4.500062e+01
4.500057e+01
4.500053e+01
4.500051e+01
4.500049e+01
4.500048e+01
4.500047e+01
4.500047e+01
4.500047e+01

4.500047e+01
4.500047e+01
4.500047e+01
4.500048e+01
4.500049e+01
4.500050e+01
4.500053e+01
4.500056e+01
4.500062e+01
4.500070e+01
4.500082e+01
4.500097e+01
4.500114e+01
4.500128e+01
4.500128e+01
4.500105e+01
4.500048e+01
4.499956e+01
4.499835e+01
4.499698e+01
4.499561e+01
4.499434e+01
4.499323e+01
4.499231e+01
4.499149e+01
4.499068e+01
4.498989e+01
4.498917e+01
4.498852e+01
4.498797e+01
4.498754e+01
4.498724e+01
4.498709e+01
4.498708e+01
4.498724e+01
4.498753e+01
4.498796e+01
4.498851e+01
4.498915e+01
4.498987e+01
4.499065e+01
4.499145e+01
4.499227e+01
4.499318e+01
4.499428e+01
4.499553e+01
4.499689e+01
4.499825e+01
4.499946e+01
4.500038e+01
4.500096e+01
4.500121e+01
4.500122e+01
4.500110e+01
4.500095e+01
4.500080e+01
4.500069e+01
4.500062e+01
4.500056e+01
4.500053e+01
4.500051e+01
4.500049e+01
4.500048e+01
4.500047e+01
4.500047e+01
4.500047e+01

4.500047e+01
4.500047e+01
4.500047e+01
4.500048e+01
4.500049e+01
4.500050e+01
4.500053e+01
4.500056e+01
4.500061e+01
4.500068e+01
4.500078e+01
4.500089e+01
4.500097e+01
4.500097e+01
4.500080e+01
4.500039e+01
4.499969e+01
4.499877e+01
4.499772e+01
4.499666e+01
4.499568e+01
4.499484e+01
4.499415e+01
4.499360e+01
4.499312e+01
4.499266e+01
4.499224e+01
4.499185e+01
4.499150e+01
4.499122e+01
4.499100e+01
4.499085e+01
4.499077e+01
4.499077e+01
4.499084e+01
4.499099e+01
4.499121e+01
4.499149e+01
4.499182e+01
4.499221e+01
4.499263e+01
4.499309e+01
4.499356e+01
4.499411e+01
4.499479e+01
4.499563e+01
4.499659e+01
4.499764e+01
4.499869e+01
4.499961e+01
4.500031e+01
4.500074e+01
4.500092e+01
4.500094e+01
4.500086e+01
4.500077e+01
4.500068e+01
4.500061e+01
4.500056e+01
4.500053e+01
4.500051e+01
4.500049e+01
4.500048e+01
4.500047e+01
4.500047e+01
4.500047e+01

4.500047e+01
4.500047e+01
4.500047e+01
4.500048e+01
4.500049e+01
4.500050e+01
4.500053e+01
4.500056e+01
4.500060e+01
4.500066e+01
4.500072e+01
4.500078e+01
4.500077e+01
4.500065e+01
4.500035e+01
4.499984e+01
4.499915e+01
4.499838e+01
4.499759e+01
4.499687e+01
4.499626e+01
4.499576e+01
4.499536e+01
4.499506e+01
4.499480e+01
4.499456e+01
4.499434e+01
4.499414e+01
4.499397e+01
4.499383e+01
4.499373e+01
4.499365e+01
4.499361e+01
4.499361e+01
4.499365e+01
4.499372e+01
4.499382e+01
4.499396e+01
4.499413e+01
4.499432e+01
4.499454e+01
4.499478e+01
4.499503e+01
4.499533e+01
4.499572e+01
4.499621e+01
4.499682e+01
4.499754e+01
4.499832e+01
4.499910e+01
4.499978e+01
4.500030e+01
4.500061e+01
4.500074e+01
4.500076e+01
4.500071e+01
4.500065e+01
4.500060e+01
4.500056e+01
4.500053e+01
4.500051e+01
4.500049e+01
4.500048e+01
4.500047e+01
4.500047e+01
4.500047e+01

4.500047e+01
4.500047e+01
4.500047e+01
4.500048e+01
4.500049e+01
4.500050e+01
4.500052e+01
4.500055e+01
4.500059e+01
4.500062e+01
4.500065e+01
4.500065e+01
4.500056e+01
4.500034e+01
4.499998e+01
4.499949e+01
4.499892e+01
4.499836e+01
4.499784e+01
4.499741e+01
4.499706e+01
4.499678e+01
4.499658e+01
4.499642e+01
4.499629e+01
4.499617e+01
4.499607e+01
4.499597e+01
4.499589e+01
4.499583e+01
4.499577e+01
4.499574e+01
4.499572e+01
4.499572e+01
4.499574e+01
4.499577e+01
4.499582e+01
4.499588e+01
4.499596e+01
4.499605e+01
4.499616e+01
4.499628e+01
4.499640e+01
4.499656e+01
4.499676e+01
4.499703e+01
4.499738e+01
4.499781e+01
4.499832e+01
4.499888e+01
4.499945e+01
4.499994e+01
4.500031e+01
4.500053e+01
4.500063e+01
4.500064e+01
4.500062e+01
4.500058e+01
4.500055e+01
4.500052e+01
4.500050e+01
4.500049e+01
4.500048e+01
4.500047e+01
4.500047e+01
4.500047e+01

4.500047e+01
4.500047e+01
4.500047e+01
4.500048e+01
4.500049e+01
4.500050e+01
4.500052e+01
4.500054e+01
4.500057e+01
4.500058e+01
4.500057e+01
4.500051e+01
4.500036e+01
4.500010e+01
4.499975e+01
4.499936e+01
4.499896e+01
4.499860e+01
4.499830e+01
4.499806e+01
4.499788e+01
4.499774e+01
4.499764e+01
4.499756e+01
4.499750e+01
4.499744e+01
4.499739e+01
4.499735e+01
4.499731e+01
4.499728e+01
4.499726e+01
4.499724e+01
4.499723e+01
4.499723e+01
4.499724e+01
4.499725e+01
4.499728e+01
4.499731e+01
4.499734e+01
4.499738e+01
4.499743e+01
4.499749e+01
4.499755e+01
4.499762e+01
4.499772e+01
4.499786e+01
4.499804e+01
4.499828e+01
4.499858e+01
4.499894e+01
4.499933e+01
4.499973e+01
4.500008e+01
4.500034e+01
4.500049e+01
4.500056e+01
4.500058e+01
4.500056e+01
4.500054e+01
4.500052e+01
4.500050e+01
4.500049e+01
4.500048e+01
4.500047e+01
4.500047e+01
4.500047e+01

4.500047e+01
4.500047e+01
4.500047e+01
4.500048e+01
4.500049e+01
4.500050e+01
4.500051e+01
4.500053e+01
4.500054e+01
4.500053e+01
4.500049e+01
4.500038e+01
4.500020e+01
4.499997e+01
4.499969e+01
4.499942e+01
4.499917e+01
4.499896e+01
4.499880e+01
4.499868e+01
4.499859e+01
4.499853e+01
4.499848e+01
4.499844e+01
4.499841e+01
4.499839e+01
4.499837e+01
4.499835e+01
4.499833e+01
4.499832e+01
4.499831e+01
4.499830e+01
4.499829e+01
4.499829e+01
4.499830e+01
4.499830e+01
4.499831e+01
4.499833e+01
4.499834e+01
4.499836e+01
4.499838e+01
4.499841e+01
4.499844e+01
4.499847e+01
4.499852e+01
4.499858e+01
4.499867e+01
4.499879e+01
4.499895e+01
4.499916e+01
4.499940e+01
4.499968e+01
4.499995e+01
4.500019e+01
4.500037e+01
4.500048e+01
4.500053e+01
4.500054e+01
4.500053e+01
4.500052e+01
4.500050e+01
4.500049e+01
4.500048e+01
4.500047e+01
4.500047e+01
4.500047e+01

4.500047e+01
4.500047e+01
4.500047e+01
4.500048e+01
4.500049e+01
4.500050e+01
4.500051e+01
4.500051e+01
4.500051e+01
4.500048e+01
4.500041e+01
4.500029e+01
4.500013e+01
4.499994e+01
4.499975e+01
4.499959e+01
4.499945e+01
4.499934e+01
4.499926e+01
4.499920e+01
4.499916e+01
4.499913e+01
4.499911e+01
4.499909e+01
4.499908e+01
4.499907e+01
4.499906e+01
4.499905e+01
4.499904e+01
4.499904e+01
4.499903e+01
4.499903e+01
4.499903e+01
4.499903e+01
4.499903e+01
4.499903e+01
4.499904e+01
4.499904e+01
4.499905e+01
4.499906e+01
4.499907e+01
4.499908e+01
4.499909e+01
4.499911e+01
4.499913e+01
4.499916e+01
4.499920e+01
4.499926e+01
4.499934e+01
4.499944e+01
4.499958e+01
4.499974e+01
4.499993e+01
4.500012e+01
4.500028e+01
4.500040e+01
4.500048e+01
4.500051e+01
4.500052e+01
4.500051e+01
4.500050e+01
4.500049e+01
4.500048e+01
4.500047e+01
4.500047e+01
4.500047e+01

4.500047e+01
4.500047e+01
4.500047e+01
4.500048e+01
4.500049e+01
4.500049e+01
4.500050e+01
4.500050e+01
4.500048e+01
4.500043e+01
4.500035e+01
4.500024e+01
4.500012e+01
4.500000e+01
4.499989e+01
4.499980e+01
4.499973e+01
4.499968e+01
4.499964e+01
4.499961e+01
4.499959e+01
4.499958e+01
4.499957e+01
4.499956e+01
4.499956e+01
4.499955e+01
4.499955e+01
4.499954e+01
4.499954e+01
4.499954e+01
4.499954e+01
4.499954e+01
4.499953e+01
4.499953e+01
4.499954e+01
4.499954e+01
4.499954e+01
4.499954e+01
4.499954e+01
4.499955e+01
4.499955e+01
4.499956e+01
4.499956e+01
4.499957e+01
4.499958e+01
4.499959e+01
4.499961e+01
4.499964e+01
4.499967e+01
4.499972e+01
4.499979e+01
4.499988e+01
4.499999e+01
4.500012e+01
4.500024e+01
4.500035e+01
4.500043e+01
4.500048e+01
4.500050e+01
4.500050e+01
4.500049e+01
4.500049e+01
4.500048e+01
4.500047e+01
4.500047e+01
4.500047e+01

4.500047e+01
4.500047e+01
4.500047e+01
4.500048e+01
4.500048e+01
4.500049e+01
4.500049e+01
4.500048e+01
4.500045e+01
4.500040e+01
4.500033e+01
4.500025e+01
4.500017e+01
4.500010e+01
4.500004e+01
4.500000e+01
4.499996e+01
4.499994e+01
4.499992e+01
4.499991e+01
4.499990e+01
4.499990e+01
4.499989e+01
4.499989e+01
4.499989e+01
4.499989e+01
4.499988e+01
4.499988e+01
4.499988e+01
4.499988e+01
4.499988e+01
4.499988e+01
4.499988e+01
4.499988e+01
4.499988e+01
4.499988e+01
4.499988e+01
4.499988e+01
4.499988e+01
4.499988e+01
4.499989e+01
4.499989e+01
4.499989e+01
4.499989e+01
4.499990e+01
4.499990e+01
4.499991e+01
4.499992e+01
4.499994e+01
4.499996e+01
4.499999e+01
4.500004e+01
4.500010e+01
4.500017e+01
4.500025e+01
4.500033e+01
4.500040e+01
4.500045e+01
4.500048e+01
4.500049e+01
4.500049e+01
4.500048e+01
4.500048e+01
4.500047e+01
4.500047e+01
4.500047e+01

4.500047e+01
4.500047e+01
4.500047e+01
4.500048e+01
4.500048e+01
4.500048e+01
4.500048e+01
4.500046e+01
4.500043e+01
4.500039e+01
4.500034e+01
4.500029e+01
4.500024e+01
4.500021e+01
4.500018e+01
4.500016e+01
4.500014e+01
4.500013e+01
4.500013e+01
4.500012e+01
4.500012e+01
4.500012e+01
4.500011e+01
4.500011e+01
4.500011e+01
4.500011e+01
4.500011e+01
4.500011e+01
4.500011e+01
4.500011e+01
4.500011e+01
4.500011e+01
4.500011e+01
4.500011e+01
4.500011e+01
4.500011e+01
4.500011e+01
4.500011e+01
4.500011e+01
4.500011e+01
4.500011e+01
4.500011e+01
4.500011e+01
4.500012e+01
4.500012e+01
4.500012e+01
4.500012e+01
4.500013e+01
4.500013e+01
4.500014e+01
4.500016e+01
4.500018e+01
4.500021e+01
4.500024e+01
4.500029e+01
4.500034e+01
4.500039e+01
4.500044e+01
4.500047e+01
4.500048e+01
4.500048e+01
4.500048e+01
4.500048e+01
4.500047e+01
4.500047e+01
4.500047e+01

4.500047e+01
4.500047e+01
4.500047e+01
4.500048e+01
4.500048e+01
4.500048e+01
4.500047e+01
4.500045e+01
4.500043e+01
4.500040e+01
4.500037e+01
4.500034e+01
4.500032e+01
4.500030e+01
4.500029e+01
4.500028e+01
4.500028e+01
4.500027e+01
4.500027e+01
4.500027e+01
4.500027e+01
4.500026e+01
4.500026e+01
4.500026e+01
4.500026e+01
4.500026e+01
4.500026e+01
4.500026e+01
4.500026e+01
4.500026e+01
4.500026e+01
4.500026e+01
4.500026e+01
4.500026e+01
4.500026e+01
4.500026e+01
4.500026e+01
4.500026e+01
4.500026e+01
4.500026e+01
4.500026e+01
4.500026e+01
4.500026e+01
4.500026e+01
4.500026e+01
4.500027e+01
4.500027e+01
4.500027e+01
4.500027e+01
4.500028e+01
4.500028e+01
4.500029e+01
4.500030e+01
4.500032e+01
4.500034e+01
4.500037e+01
4.500040e+01
4.500043e+01
4.500046e+01
4.500047e+01
4.500048e+01
4.500048e+01
4.500048e+01
4.500047e+01
4.500047e+01
4.500047e+01

4.500047e+01
4.500047e+01
4.500047e+01
4.500047e+01
4.500048e+01
4.500047e+01
4.500047e+01
4.500045e+01
4.500044e+01
4.500042e+01
4.500040e+01
4.500039e+01
4.500038e+01
4.500037e+01
4.500037e+01
4.500037e+01
4.500036e+01
4.500036e+01
4.500036e+01
4.500036e+01
4.500036e+01
4.500036e+01
4.500036e+01
4.500036e+01
4.500036e+01
4.500036e+01
4.500036e+01
4.500036e+01
4.500036e+01
4.500036e+01
4.500036e+01
4.500036e+01
4.500036e+01
4.500036e+01
4.500036e+01
4.500036e+01
4.500036e+01
4.500036e+01
4.500036e+01
4.500036e+01
4.500036e+01
4.500036e+01
4.500036e+01
4.500036e+01
4.500036e+01
4.500036e+01
4.500036e+01
4.500036e+01
4.500036e+01
4.500036e+01
4.500037e+01
4.500037e+01
4.500038e+01
4.500038e+01
4.500039e+01
4.500041e+01
4.500042e+01
4.500044e+01
4.500046e+01
4.500047e+01
4.500047e+01
4.500048e+01
4.500048e+01
4.500047e+01
4.500047e+01
4.500047e+01

4.500047e+01
4.500047e+01
4.500047e+01
4.500047e+01
4.500047e+01
4.500047e+01
4.500047e+01
4.500046e+01
4.500045e+01
4.500044e+01
4.500043e+01
4.500043e+01
4.500043e+01
4.500042e+01
4.500042e+01
4.500042e+01
4.500042e+01
4.500042e+01
4.500042e+01
4.500042e+01
4.500042e+01
4.500042e+01
4.500042e+01
4.500042e+01
4.500042e+01
4.500042e+01
4.500042e+01
4.500042e+01
4.500042e+01
4.500042e+01
4.500042e+01
4.500042e+01
4.500042e+01
4.500042e+01
4.500042e+01
4.500042e+01
4.500042e+01
4.500042e+01
4.500042e+01
4.500042e+01
4.500042e+01
4.500042e+01
4.500042e+01
4.500042e+01
4.500042e+01
4.500042e+01
4.500042e+01
4.500042e+01
4.500042e+01
4.500042e+01
4.500042e+01
4.500042e+01
4.500042e+01
4.500043e+01
4.500043e+01
4.500044e+01
4.500044e+01
4.500045e+01
4.500046e+01
4.500047e+01
4.500047e+01
4.500047e+01
4.500047e+01
4.500047e+01
4.500047e+01
4.500047e+01

4.500047e+01
4.500047e+01
4.500047e+01
4.500047e+01
4.500047e+01
4.500047e+01
4.500047e+01
4.500046e+01
4.500046e+01
4.500046e+01
4.500046e+01
4.500045e+01
4.500045e+01
4.500045e+01
4.500045e+01
4.500045e+01
4.500045e+01
4.500045e+01
4.500045e+01
4.500045e+01
4.500045e+01
4.500045e+01
4.500045e+01
4.500045e+01
4.500045e+01
4.500045e+01
4.500045e+01
4.500045e+01
4.500045e+01
4.500045e+01
4.500045e+01
4.500045e+01
4.500045e+01
4.500045e+01
4.500045e+01
4.500045e+01
4.500045e+01
4.500045e+01
4.500045e+01
4.500045e+01
4.500045e+01
4.500045e+01
4.500045e+01
4.500045e+01
4.500045e+01
4.500045e+01
4.500045e+01
4.500045e+01
4.500045e+01
4.500045e+01
4.500045e+01
4.500045e+01
4.500045e+01
4.500045e+01
4.500045e+01
4.500046e+01
4.500046e+01
4.500046e+01
4.500046e+01
4.500047e+01
4.500047e+01
4.500047e+01
4.500047e+01
4.500047e+01
4.500047e+01
4.500047e+01

4.500047e+01
4.500047e+01
4.500047e+01
4.500047e+01
4.500047e+01
4.500047e+01
4.500047e+01
4.500047e+01
4.500047e+01
4.500047e+01
4.500047e+01
4.500047e+01
4.500047e+01
4.500047e+01
4.500047e+01
4.500047e+01
4.500047e+01
4.500047e+01
4.500046e+01
4.500046e+01
4.500046e+01
4.500046e+01
4.500046e+01
4.500046e+01
4.500046e+01
4.500046e+01
4.500046e+01
4.500046e+01
4.500046e+01
4.500046e+01
4.500046e+01
4.500046e+01
4.500046e+01
4.500046e+01
4.500046e+01
4.500046e+01
4.500046e+01
4.500046e+01
4.500046e+01
4.500046e+01
4.500046e+01
4.500046e+01
4.500046e+01
4.500046e+01
4.500046e+01
4.500047e+01
4.500047e+01
4.500047e+01
4.500047e+01
4.500047e+01
4.500047e+01
4.500047e+01
4.500047e+01
4.500047e+01
4.500047e+01
4.500047e+01
4.500047e+01
4.500047e+01
4.500047e+01
4.500047e+01
4.500047e+01
4.500047e+01
4.500047e+01
4.500047e+01
4.500047e+01
4.500047e+01

4.500047e+01
4.500047e+01
4.500047e+01
4.500047e+01
4.500047e+01
4.500047e+01
4.500047e+01
4.500047e+01
4.500047e+01
4.500047e+01
4.500047e+01
4.500047e+01
4.500047e+01
4.500047e+01
4.500047e+01
4.500047e+01
4.500047e+01
4.500047e+01
4.500047e+01
4.500047e+01
4.500047e+01
4.500047e+01
4.500047e+01
4.500047e+01
4.500047e+01
4.500047e+01
4.500047e+01
4.500047e+01
4.500047e+01
4.500047e+01
4.500047e+01
4.500047e+01
4.500047e+01
4.500047e+01
4.500047e+01
4.500047e+01
4.500047e+01
4.500047e+01
4.500047e+01
4.500047e+01
4.500047e+01
4.500047e+01
4.500047e+01
4.500047e+01
4.500047e+01
4.500047e+01
4.500047e+01
4.500047e+01
4.500047e+01
4.500047e+01
4.500047e+01
4.500047e+01
4.500047e+01
4.500047e+01
4.500047e+01
4.500047e+01
4.500047e+01
4.500047e+01
4.500047e+01
4.500047e+01
4.500047e+01
4.500047e+01
4.500047e+01
4.500047e+01
4.500047e+01
4.500047e+01

4.500047e+01
4.500047e+01
4.500047e+01
4.500047e+01
4.500047e+01
4.500047e+01
4.500047e+01
4.500047e+01
4.500047e+01
4.500047e+01
4.500047e+01
4.500047e+01
4.500047e+01
4.500047e+01
4.500047e+01
4.500047e+01
4.500047e+01
4.500047e+01
4.500047e+01
4.500047e+01
4.500047e+01
4.500047e+01
4.500047e+01
4.500047e+01
4.500047e+01
4.500047e+01
4.500047e+01
4.500047e+01
4.500047e+01
4.500047e+01
4.500047e+01
4.500047e+01
4.500047e+01
4.500047e+01
4.500047e+01
4.500047e+01
4.500047e+01
4.500047e+01
4.500047e+01
4.500047e+01
4.500047e+01
4.500047e+01
4.500047e+01
4.500047e+01
4.500047e+01
4.500047e+01
4.500047e+01
4.500047e+01
4.500047e+01
4.500047e+01
4.500047e+01
4.500047e+01
4.500047e+01
4.500047e+01
4.500047e+01
4.500047e+01
4.500047e+01
4.500047e+01
4.500047e+01
4.500047e+01
4.500047e+01
4.500047e+01
4.500047e+01
4.500047e+01
4.500047e+01
4.500047e+01

4.500047e+01
4.500047e+01
4.500047e+01
4.500047e+01
4.500047e+01
4.500047e+01
4.500047e+01
4.500047e+01
4.500047e+01
4.500047e+01
4.500047e+01
4.500047e+01
4.500047e+01
4.500047e+01
4.500047e+01
4.500047e+01
4.500047e+01
4.500047e+01
4.500047e+01
4.500047e+01
4.500047e+01
4.500047e+01
4.500047e+01
4.500047e+01
4.500047e+01
4.500047e+01
4.500047e+01
4.500047e+01
4.500047e+01
4.500047e+01
4.500047e+01
4.500047e+01
4.500047e+01
4.500047e+01
4.500047e+01
4.500047e+01
4.500047e+01
4.500047e+01
4.500047e+01
4.500047e+01
4.500047e+01
4.500047e+01
4.500047e+01
4.500047e+01
4.500047e+01
4.500047e+01
4.500047e+01
4.500047e+01
4.500047e+01
4.500047e+01
4.500047e+01
4.500047e+01
4.500047e+01
4.500047e+01
4.500047e+01
4.500047e+01
4.500047e+01
4.500047e+01
4.500047e+01
4.500047e+01
4.500047e+01
4.500047e+01
4.500047e+01
4.500047e+01
4.500047e+01
4.500047e+01

