1.000000e+02 
1.000000e+02 
1.000000e+02 
1.000000e+02 
1.000000e+02 
1.000000e+02 
1.000000e+02 
1.000000e+02 
1.000000e+02 
1.000000e+02 
1.000000e+02 
1.000000e+02 
1.000000e+02 
1.000000e+02 
1.000000e+02 
1.000000e+02 
1.000000e+02 
1.000000e+02 
1.000000e+02 
1.000000e+02 
1.000000e+02 
1.000000e+02 
1.000000e+02 
1.000000e+02 
1.000000e+02 
1.000000e+02 
1.000000e+02 
1.000000e+02 
1.000000e+02 
1.000000e+02 
1.000000e+02 
1.000000e+02 
1.000000e+02 
1.000000e+02 
1.000000e+02 
1.000000e+02 
1.000000e+02 
1.000000e+02 
1.000000e+02 
1.000000e+02 
1.000000e+02 
1.000000e+02 
1.000000e+02 
1.000000e+02 
1.000000e+02 
1.000000e+02 
1.000000e+02 
1.000000e+02 
1.000000e+02 
1.000000e+02 
1.000000e+02 
1.000000e+02 
1.000000e+02 
1.000000e+02 
1.000000e+02 
1.000000e+02 
1.000000e+02 
1.000000e+02 
1.000000e+02 
1.000000e+02 
1.000000e+02 
1.000000e+02 
1.000000e+02 
1.000000e+02 
1.000000e+02 
1.000000e+02 

1.000000e+02 
1.000000e+02 
1.000000e+02 
1.000000e+02 
1.000000e+02 
1.000000e+02 
1.000000e+02 
1.000000e+02 
1.000000e+02 
1.000000e+02 
1.000000e+02 
1.000000e+02 
1.000000e+02 
1.000000e+02 
1.000000e+02 
1.000000e+02 
1.000000e+02 
1.000000e+02 
1.000000e+02 
1.000000e+02 
1.000000e+02 
1.000000e+02 
1.000000e+02 
1.000000e+02 
1.000000e+02 
1.000000e+02 
1.000000e+02 
1.000000e+02 
1.000000e+02 
1.000000e+02 
1.000000e+02 
1.000000e+02 
1.000000e+02 
1.000000e+02 
1.000000e+02 
1.000000e+02 
1.000000e+02 
1.000000e+02 
1.000000e+02 
1.000000e+02 
1.000000e+02 
1.000000e+02 
1.000000e+02 
1.000000e+02 
1.000000e+02 
1.000000e+02 
1.000000e+02 
1.000000e+02 
1.000000e+02 
1.000000e+02 
1.000000e+02 
1.000000e+02 
1.000000e+02 
1.000000e+02 
1.000000e+02 
1.000000e+02 
1.000000e+02 
1.000000e+02 
1.000000e+02 
1.000000e+02 
1.000000e+02 
1.000000e+02 
1.000000e+02 
1.000000e+02 
1.000000e+02 
1.000000e+02 

1.000000e+02 
1.000000e+02 
1.000000e+02 
1.000000e+02 
1.000000e+02 
1.000000e+02 
1.000000e+02 
1.000000e+02 
1.000000e+02 
1.000000e+02 
1.000000e+02 
1.000000e+02 
1.000000e+02 
1.000000e+02 
1.000000e+02 
1.000000e+02 
1.000000e+02 
1.000000e+02 
1.000000e+02 
1.000000e+02 
1.000000e+02 
1.000000e+02 
1.000000e+02 
1.000000e+02 
1.000000e+02 
1.000000e+02 
1.000000e+02 
1.000000e+02 
1.000000e+02 
1.000000e+02 
1.000000e+02 
1.000000e+02 
1.000000e+02 
1.000000e+02 
1.000000e+02 
1.000000e+02 
1.000000e+02 
1.000000e+02 
1.000000e+02 
1.000000e+02 
1.000000e+02 
1.000000e+02 
1.000000e+02 
1.000000e+02 
1.000000e+02 
1.000000e+02 
1.000000e+02 
1.000000e+02 
1.000000e+02 
1.000000e+02 
1.000000e+02 
1.000000e+02 
1.000000e+02 
1.000000e+02 
1.000000e+02 
1.000000e+02 
1.000000e+02 
1.000000e+02 
1.000000e+02 
1.000000e+02 
1.000000e+02 
1.000000e+02 
1.000000e+02 
1.000000e+02 
1.000000e+02 
1.000000e+02 

1.000000e+02 
1.000000e+02 
1.000000e+02 
1.000000e+02 
1.000000e+02 
1.000000e+02 
1.000000e+02 
1.000000e+02 
1.000000e+02 
1.000000e+02 
1.000000e+02 
1.000000e+02 
1.000000e+02 
1.000000e+02 
1.000000e+02 
1.000000e+02 
1.000000e+02 
1.000000e+02 
1.000000e+02 
1.000000e+02 
1.000000e+02 
1.000000e+02 
1.000000e+02 
1.000000e+02 
1.000000e+02 
1.000000e+02 
1.000000e+02 
1.000000e+02 
1.000000e+02 
1.000000e+02 
1.000000e+02 
1.000000e+02 
1.000000e+02 
1.000000e+02 
1.000000e+02 
1.000000e+02 
1.000000e+02 
1.000000e+02 
1.000000e+02 
1.000000e+02 
1.000000e+02 
1.000000e+02 
1.000000e+02 
1.000000e+02 
1.000000e+02 
1.000000e+02 
1.000000e+02 
1.000000e+02 
1.000000e+02 
1.000000e+02 
1.000000e+02 
1.000000e+02 
1.000000e+02 
1.000000e+02 
1.000000e+02 
1.000000e+02 
1.000000e+02 
1.000000e+02 
1.000000e+02 
1.000000e+02 
1.000000e+02 
1.000000e+02 
1.000000e+02 
1.000000e+02 
1.000000e+02 
1.000000e+02 

1.000000e+02 
1.000000e+02 
1.000000e+02 
1.000000e+02 
1.000000e+02 
1.000000e+02 
9.999999e+01 
9.999999e+01 
9.999999e+01 
9.999999e+01 
9.999998e+01 
9.999998e+01 
9.999998e+01 
9.999998e+01 
9.999998e+01 
9.999998e+01 
9.999998e+01 
9.999998e+01 
9.999998e+01 
9.999998e+01 
9.999998e+01 
9.999998e+01 
9.999998e+01 
9.999998e+01 
9.999998e+01 
9.999998e+01 
9.999998e+01 
9.999998e+01 
9.999998e+01 
9.999998e+01 
9.999998e+01 
9.999998e+01 
9.999998e+01 
9.999998e+01 
9.999998e+01 
9.999998e+01 
9.999998e+01 
9.999998e+01 
9.999998e+01 
9.999998e+01 
9.999998e+01 
9.999998e+01 
9.999998e+01 
9.999998e+01 
9.999998e+01 
9.999998e+01 
9.999998e+01 
9.999998e+01 
9.999998e+01 
9.999998e+01 
9.999998e+01 
9.999998e+01 
9.999998e+01 
9.999998e+01 
9.999998e+01 
9.999998e+01 
9.999999e+01 
9.999999e+01 
9.999999e+01 
1.000000e+02 
1.000000e+02 
1.000000e+02 
1.000000e+02 
1.000000e+02 
1.000000e+02 
1.000000e+02 

1.000000e+02 
1.000000e+02 
1.000000e+02 
1.000000e+02 
9.999999e+01 
9.999999e+01 
9.999999e+01 
9.999998e+01 
9.999997e+01 
9.999996e+01 
9.999995e+01 
9.999994e+01 
9.999993e+01 
9.999993e+01 
9.999993e+01 
9.999992e+01 
9.999992e+01 
9.999992e+01 
9.999992e+01 
9.999992e+01 
9.999992e+01 
9.999992e+01 
9.999992e+01 
9.999992e+01 
9.999992e+01 
9.999992e+01 
9.999992e+01 
9.999992e+01 
9.999992e+01 
9.999992e+01 
9.999992e+01 
9.999992e+01 
9.999992e+01 
9.999992e+01 
9.999992e+01 
9.999992e+01 
9.999992e+01 
9.999992e+01 
9.999992e+01 
9.999992e+01 
9.999992e+01 
9.999992e+01 
9.999992e+01 
9.999992e+01 
9.999992e+01 
9.999992e+01 
9.999992e+01 
9.999992e+01 
9.999992e+01 
9.999992e+01 
9.999992e+01 
9.999993e+01 
9.999993e+01 
9.999993e+01 
9.999994e+01 
9.999995e+01 
9.999996e+01 
9.999997e+01 
9.999998e+01 
9.999999e+01 
9.999999e+01 
1.000000e+02 
1.000000e+02 
1.000000e+02 
1.000000e+02 
1.000000e+02 

1.000000e+02 
1.000000e+02 
1.000000e+02 
9.999999e+01 
9.999999e+01 
9.999999e+01 
9.999998e+01 
9.999997e+01 
9.999995e+01 
9.999992e+01 
9.999988e+01 
9.999986e+01 
9.999984e+01 
9.999982e+01 
9.999981e+01 
9.999980e+01 
9.999979e+01 
9.999979e+01 
9.999979e+01 
9.999979e+01 
9.999978e+01 
9.999978e+01 
9.999978e+01 
9.999978e+01 
9.999978e+01 
9.999978e+01 
9.999978e+01 
9.999978e+01 
9.999978e+01 
9.999978e+01 
9.999978e+01 
9.999978e+01 
9.999978e+01 
9.999978e+01 
9.999978e+01 
9.999978e+01 
9.999978e+01 
9.999978e+01 
9.999978e+01 
9.999978e+01 
9.999978e+01 
9.999978e+01 
9.999978e+01 
9.999978e+01 
9.999978e+01 
9.999978e+01 
9.999979e+01 
9.999979e+01 
9.999979e+01 
9.999979e+01 
9.999980e+01 
9.999981e+01 
9.999982e+01 
9.999984e+01 
9.999986e+01 
9.999989e+01 
9.999992e+01 
9.999995e+01 
9.999997e+01 
9.999999e+01 
9.999999e+01 
9.999999e+01 
9.999999e+01 
1.000000e+02 
1.000000e+02 
1.000000e+02 

1.000000e+02 
1.000000e+02 
1.000000e+02 
9.999999e+01 
9.999999e+01 
9.999999e+01 
9.999999e+01 
9.999998e+01 
9.999995e+01 
9.999989e+01 
9.999981e+01 
9.999974e+01 
9.999967e+01 
9.999962e+01 
9.999958e+01 
9.999955e+01 
9.999953e+01 
9.999951e+01 
9.999950e+01 
9.999950e+01 
9.999949e+01 
9.999949e+01 
9.999949e+01 
9.999949e+01 
9.999948e+01 
9.999948e+01 
9.999948e+01 
9.999948e+01 
9.999948e+01 
9.999948e+01 
9.999948e+01 
9.999948e+01 
9.999948e+01 
9.999948e+01 
9.999948e+01 
9.999948e+01 
9.999948e+01 
9.999948e+01 
9.999948e+01 
9.999948e+01 
9.999948e+01 
9.999948e+01 
9.999949e+01 
9.999949e+01 
9.999949e+01 
9.999949e+01 
9.999950e+01 
9.999950e+01 
9.999951e+01 
9.999953e+01 
9.999955e+01 
9.999958e+01 
9.999962e+01 
9.999967e+01 
9.999974e+01 
9.999981e+01 
9.999989e+01 
9.999995e+01 
9.999998e+01 
9.999999e+01 
9.999999e+01 
9.999999e+01 
9.999999e+01 
1.000000e+02 
1.000000e+02 
1.000000e+02 

1.000000e+02 
1.000000e+02 
1.000000e+02 
9.999999e+01 
9.999999e+01 
1.000000e+02 
1.000000e+02 
1.000000e+02 
1.000000e+02 
9.999992e+01 
9.999978e+01 
9.999962e+01 
9.999945e+01 
9.999930e+01 
9.999918e+01 
9.999909e+01 
9.999902e+01 
9.999897e+01 
9.999894e+01 
9.999892e+01 
9.999890e+01 
9.999889e+01 
9.999888e+01 
9.999888e+01 
9.999887e+01 
9.999887e+01 
9.999886e+01 
9.999886e+01 
9.999886e+01 
9.999886e+01 
9.999885e+01 
9.999885e+01 
9.999885e+01 
9.999885e+01 
9.999885e+01 
9.999885e+01 
9.999885e+01 
9.999886e+01 
9.999886e+01 
9.999886e+01 
9.999887e+01 
9.999887e+01 
9.999887e+01 
9.999888e+01 
9.999889e+01 
9.999890e+01 
9.999891e+01 
9.999894e+01 
9.999897e+01 
9.999901e+01 
9.999908e+01 
9.999917e+01 
9.999929e+01 
9.999944e+01 
9.999961e+01 
9.999978e+01 
9.999991e+01 
1.000000e+02 
1.000000e+02 
1.000000e+02 
1.000000e+02 
9.999999e+01 
9.999999e+01 
1.000000e+02 
1.000000e+02 
1.000000e+02 

1.000000e+02 
1.000000e+02 
1.000000e+02 
9.999999e+01 
9.999999e+01 
1.000000e+02 
1.000000e+02 
1.000001e+02 
1.000001e+02 
1.000001e+02 
9.999989e+01 
9.999960e+01 
9.999924e+01 
9.999888e+01 
9.999856e+01 
9.999831e+01 
9.999811e+01 
9.999797e+01 
9.999787e+01 
9.999780e+01 
9.999775e+01 
9.999771e+01 
9.999768e+01 
9.999766e+01 
9.999765e+01 
9.999764e+01 
9.999762e+01 
9.999761e+01 
9.999760e+01 
9.999760e+01 
9.999759e+01 
9.999759e+01 
9.999758e+01 
9.999758e+01 
9.999759e+01 
9.999759e+01 
9.999759e+01 
9.999760e+01 
9.999761e+01 
9.999762e+01 
9.999763e+01 
9.999764e+01 
9.999765e+01 
9.999767e+01 
9.999769e+01 
9.999773e+01 
9.999778e+01 
9.999785e+01 
9.999795e+01 
9.999809e+01 
9.999828e+01 
9.999853e+01 
9.999885e+01 
9.999920e+01 
9.999956e+01 
9.999986e+01 
1.000000e+02 
1.000001e+02 
1.000001e+02 
1.000000e+02 
1.000000e+02 
9.999999e+01 
9.999999e+01 
1.000000e+02 
1.000000e+02 
1.000000e+02 

1.000000e+02 
1.000000e+02 
1.000000e+02 
9.999999e+01 
9.999999e+01 
1.000000e+02 
1.000001e+02 
1.000002e+02 
1.000003e+02 
1.000004e+02 
1.000002e+02 
9.999987e+01 
9.999927e+01 
9.999854e+01 
9.999781e+01 
9.999717e+01 
9.999664e+01 
9.999624e+01 
9.999595e+01 
9.999573e+01 
9.999558e+01 
9.999546e+01 
9.999538e+01 
9.999533e+01 
9.999528e+01 
9.999524e+01 
9.999520e+01 
9.999517e+01 
9.999514e+01 
9.999512e+01 
9.999510e+01 
9.999508e+01 
9.999508e+01 
9.999508e+01 
9.999508e+01 
9.999509e+01 
9.999510e+01 
9.999512e+01 
9.999514e+01 
9.999517e+01 
9.999520e+01 
9.999524e+01 
9.999528e+01 
9.999534e+01 
9.999541e+01 
9.999552e+01 
9.999566e+01 
9.999587e+01 
9.999615e+01 
9.999655e+01 
9.999706e+01 
9.999770e+01 
9.999843e+01 
9.999916e+01 
9.999978e+01 
1.000002e+02 
1.000003e+02 
1.000003e+02 
1.000002e+02 
1.000001e+02 
1.000000e+02 
9.999999e+01 
9.999999e+01 
1.000000e+02 
1.000000e+02 
1.000000e+02 

1.000000e+02 
1.000000e+02 
9.999999e+01 
9.999999e+01 
9.999999e+01 
1.000000e+02 
1.000001e+02 
1.000003e+02 
1.000005e+02 
1.000008e+02 
1.000009e+02 
1.000006e+02 
9.999988e+01 
9.999870e+01 
9.999728e+01 
9.999586e+01 
9.999459e+01 
9.999356e+01 
9.999276e+01 
9.999216e+01 
9.999172e+01 
9.999140e+01 
9.999116e+01 
9.999099e+01 
9.999085e+01 
9.999073e+01 
9.999061e+01 
9.999052e+01 
9.999043e+01 
9.999036e+01 
9.999031e+01 
9.999027e+01 
9.999024e+01 
9.999024e+01 
9.999024e+01 
9.999027e+01 
9.999031e+01 
9.999036e+01 
9.999043e+01 
9.999051e+01 
9.999061e+01 
9.999072e+01 
9.999085e+01 
9.999100e+01 
9.999122e+01 
9.999152e+01 
9.999193e+01 
9.999251e+01 
9.999328e+01 
9.999429e+01 
9.999553e+01 
9.999696e+01 
9.999840e+01 
9.999963e+01 
1.000004e+02 
1.000007e+02 
1.000007e+02 
1.000005e+02 
1.000003e+02 
1.000001e+02 
1.000000e+02 
9.999999e+01 
9.999999e+01 
1.000000e+02 
1.000000e+02 
1.000000e+02 

1.000000e+02 
1.000000e+02 
9.999999e+01 
9.999999e+01 
9.999999e+01 
1.000000e+02 
1.000001e+02 
1.000003e+02 
1.000007e+02 
1.000012e+02 
1.000017e+02 
1.000019e+02 
1.000014e+02 
9.999997e+01 
9.999774e+01 
9.999507e+01 
9.999239e+01 
9.999001e+01 
9.998803e+01 
9.998649e+01 
9.998531e+01 
9.998444e+01 
9.998379e+01 
9.998331e+01 
9.998292e+01 
9.998256e+01 
9.998224e+01 
9.998195e+01 
9.998171e+01 
9.998151e+01 
9.998135e+01 
9.998123e+01 
9.998116e+01 
9.998114e+01 
9.998116e+01 
9.998122e+01 
9.998133e+01 
9.998149e+01 
9.998168e+01 
9.998192e+01 
9.998220e+01 
9.998252e+01 
9.998287e+01 
9.998330e+01 
9.998390e+01 
9.998471e+01 
9.998582e+01 
9.998730e+01 
9.998921e+01 
9.999157e+01 
9.999425e+01 
9.999697e+01 
9.999932e+01 
1.000009e+02 
1.000016e+02 
1.000015e+02 
1.000011e+02 
1.000007e+02 
1.000003e+02 
1.000001e+02 
1.000000e+02 
9.999999e+01 
9.999999e+01 
9.999999e+01 
1.000000e+02 
1.000000e+02 

1.000000e+02 
1.000000e+02 
9.999999e+01 
9.999999e+01 
9.999999e+01 
1.000000e+02 
1.000001e+02 
1.000004e+02 
1.000009e+02 
1.000017e+02 
1.000027e+02 
1.000036e+02 
1.000039e+02 
1.000029e+02 
1.000003e+02 
9.999621e+01 
9.999139e+01 
9.998653e+01 
9.998216e+01 
9.997851e+01 
9.997561e+01 
9.997337e+01 
9.997168e+01 
9.997041e+01 
9.996935e+01 
9.996838e+01 
9.996749e+01 
9.996671e+01 
9.996602e+01 
9.996546e+01 
9.996500e+01 
9.996468e+01 
9.996447e+01 
9.996440e+01 
9.996445e+01 
9.996463e+01 
9.996494e+01 
9.996537e+01 
9.996591e+01 
9.996657e+01 
9.996733e+01 
9.996818e+01 
9.996912e+01 
9.997028e+01 
9.997184e+01 
9.997393e+01 
9.997668e+01 
9.998022e+01 
9.998452e+01 
9.998940e+01 
9.999436e+01 
9.999869e+01 
1.000017e+02 
1.000031e+02 
1.000031e+02 
1.000024e+02 
1.000015e+02 
1.000008e+02 
1.000004e+02 
1.000001e+02 
1.000000e+02 
9.999999e+01 
9.999999e+01 
9.999999e+01 
1.000000e+02 
1.000000e+02 

1.000000e+02 
1.000000e+02 
9.999999e+01 
9.999999e+01 
9.999999e+01 
1.000000e+02 
1.000002e+02 
1.000005e+02 
1.000010e+02 
1.000021e+02 
1.000036e+02 
1.000055e+02 
1.000072e+02 
1.000077e+02 
1.000058e+02 
1.000011e+02 
9.999403e+01 
9.998563e+01 
9.997713e+01 
9.996940e+01 
9.996287e+01 
9.995761e+01 
9.995349e+01 
9.995032e+01 
9.994764e+01 
9.994513e+01 
9.994281e+01 
9.994073e+01 
9.993891e+01 
9.993737e+01 
9.993615e+01 
9.993525e+01 
9.993469e+01 
9.993448e+01 
9.993462e+01 
9.993510e+01 
9.993592e+01 
9.993706e+01 
9.993851e+01 
9.994024e+01 
9.994223e+01 
9.994443e+01 
9.994684e+01 
9.994973e+01 
9.995356e+01 
9.995853e+01 
9.996483e+01 
9.997245e+01 
9.998103e+01 
9.998977e+01 
9.999747e+01 
1.000030e+02 
1.000057e+02 
1.000059e+02 
1.000048e+02 
1.000032e+02 
1.000019e+02 
1.000010e+02 
1.000004e+02 
1.000001e+02 
1.000000e+02 
9.999999e+01 
9.999999e+01 
9.999999e+01 
1.000000e+02 
1.000000e+02 

1.000000e+02 
1.000000e+02 
9.999999e+01 
9.999999e+01 
9.999999e+01 
1.000000e+02 
1.000002e+02 
1.000005e+02 
1.000011e+02 
1.000024e+02 
1.000044e+02 
1.000073e+02 
1.000108e+02 
1.000137e+02 
1.000145e+02 
1.000112e+02 
1.000032e+02 
9.999136e+01 
9.997732e+01 
9.996304e+01 
9.994995e+01 
9.993874e+01 
9.992956e+01 
9.992226e+01 
9.991593e+01 
9.990986e+01 
9.990417e+01 
9.989896e+01 
9.989433e+01 
9.989038e+01 
9.988719e+01 
9.988483e+01 
9.988335e+01 
9.988278e+01 
9.988313e+01 
9.988437e+01 
9.988649e+01 
9.988942e+01 
9.989310e+01 
9.989744e+01 
9.990234e+01 
9.990771e+01 
9.991345e+01 
9.992020e+01 
9.992886e+01 
9.993967e+01 
9.995262e+01 
9.996715e+01 
9.998196e+01 
9.999515e+01 
1.000048e+02 
1.000099e+02 
1.000108e+02 
1.000091e+02 
1.000064e+02 
1.000039e+02 
1.000022e+02 
1.000011e+02 
1.000004e+02 
1.000002e+02 
1.000000e+02 
9.999999e+01 
9.999999e+01 
9.999999e+01 
1.000000e+02 
1.000000e+02 

1.000000e+02 
1.000000e+02 
9.999999e+01 
9.999999e+01 
9.999999e+01 
1.000000e+02 
1.000002e+02 
1.000005e+02 
1.000012e+02 
1.000026e+02 
1.000050e+02 
1.000089e+02 
1.000142e+02 
1.000203e+02 
1.000252e+02 
1.000263e+02 
1.000208e+02 
1.000080e+02 
9.998900e+01 
9.996664e+01 
9.994381e+01 
9.992268e+01 
9.990432e+01 
9.988905e+01 
9.987536e+01 
9.986186e+01 
9.984884e+01 
9.983664e+01 
9.982558e+01 
9.981598e+01 
9.980812e+01 
9.980223e+01 
9.979849e+01 
9.979702e+01 
9.979784e+01 
9.980091e+01 
9.980610e+01 
9.981323e+01 
9.982206e+01 
9.983229e+01 
9.984364e+01 
9.985577e+01 
9.986839e+01 
9.988280e+01 
9.990058e+01 
9.992163e+01 
9.994514e+01 
9.996919e+01 
9.999088e+01 
1.000072e+02 
1.000164e+02 
1.000187e+02 
1.000163e+02 
1.000120e+02 
1.000078e+02 
1.000045e+02 
1.000024e+02 
1.000011e+02 
1.000005e+02 
1.000002e+02 
1.000000e+02 
9.999999e+01 
9.999999e+01 
9.999999e+01 
1.000000e+02 
1.000000e+02 

1.000000e+02 
1.000000e+02 
9.999999e+01 
9.999999e+01 
9.999999e+01 
1.000000e+02 
1.000002e+02 
1.000005e+02 
1.000013e+02 
1.000028e+02 
1.000055e+02 
1.000101e+02 
1.000171e+02 
1.000264e+02 
1.000367e+02 
1.000448e+02 
1.000463e+02 
1.000377e+02 
1.000179e+02 
9.998908e+01 
9.995533e+01 
9.992078e+01 
9.988844e+01 
9.986000e+01 
9.983332e+01 
9.980597e+01 
9.977867e+01 
9.975226e+01 
9.972765e+01 
9.970577e+01 
9.968751e+01 
9.967362e+01 
9.966470e+01 
9.966113e+01 
9.966299e+01 
9.967015e+01 
9.968220e+01 
9.969851e+01 
9.971833e+01 
9.974080e+01 
9.976503e+01 
9.979018e+01 
9.981547e+01 
9.984324e+01 
9.987584e+01 
9.991207e+01 
9.994926e+01 
9.998335e+01 
1.000098e+02 
1.000257e+02 
1.000309e+02 
1.000282e+02 
1.000216e+02 
1.000146e+02 
1.000088e+02 
1.000049e+02 
1.000025e+02 
1.000012e+02 
1.000005e+02 
1.000002e+02 
1.000000e+02 
9.999999e+01 
9.999999e+01 
9.999999e+01 
1.000000e+02 
1.000000e+02 

1.000000e+02 
1.000000e+02 
9.999999e+01 
9.999999e+01 
9.999999e+01 
1.000000e+02 
1.000002e+02 
1.000005e+02 
1.000013e+02 
1.000029e+02 
1.000058e+02 
1.000110e+02 
1.000194e+02 
1.000317e+02 
1.000476e+02 
1.000643e+02 
1.000768e+02 
1.000788e+02 
1.000658e+02 
1.000370e+02 
9.999582e+01 
9.994780e+01 
9.989847e+01 
9.985196e+01 
9.980580e+01 
9.975613e+01 
9.970429e+01 
9.965205e+01 
9.960161e+01 
9.955536e+01 
9.951577e+01 
9.948507e+01 
9.946506e+01 
9.945689e+01 
9.946090e+01 
9.947660e+01 
9.950276e+01 
9.953757e+01 
9.957883e+01 
9.962423e+01 
9.967154e+01 
9.971880e+01 
9.976442e+01 
9.981220e+01 
9.986516e+01 
9.991978e+01 
9.997070e+01 
1.000117e+02 
1.000380e+02 
1.000486e+02 
1.000465e+02 
1.000372e+02 
1.000262e+02 
1.000166e+02 
1.000097e+02 
1.000052e+02 
1.000026e+02 
1.000012e+02 
1.000005e+02 
1.000002e+02 
1.000000e+02 
9.999999e+01 
9.999999e+01 
9.999999e+01 
1.000000e+02 
1.000000e+02 

1.000000e+02 
1.000000e+02 
9.999999e+01 
9.999999e+01 
9.999999e+01 
1.000000e+02 
1.000002e+02 
1.000005e+02 
1.000013e+02 
1.000030e+02 
1.000061e+02 
1.000117e+02 
1.000212e+02 
1.000360e+02 
1.000570e+02 
1.000827e+02 
1.001085e+02 
1.001268e+02 
1.001293e+02 
1.001108e+02 
1.000713e+02 
1.000159e+02 
9.995168e+01 
9.988574e+01 
9.981568e+01 
9.973569e+01 
9.964751e+01 
9.955413e+01 
9.945985e+01 
9.937007e+01 
9.929074e+01 
9.922772e+01 
9.918591e+01 
9.916851e+01 
9.917652e+01 
9.920858e+01 
9.926131e+01 
9.932985e+01 
9.940869e+01 
9.949235e+01 
9.957604e+01 
9.965598e+01 
9.972954e+01 
9.980258e+01 
9.987849e+01 
9.995057e+01 
1.000108e+02 
1.000523e+02 
1.000720e+02 
1.000727e+02 
1.000612e+02 
1.000450e+02 
1.000298e+02 
1.000182e+02 
1.000103e+02 
1.000054e+02 
1.000027e+02 
1.000012e+02 
1.000005e+02 
1.000002e+02 
1.000000e+02 
9.999999e+01 
9.999999e+01 
9.999999e+01 
1.000000e+02 
1.000000e+02 

1.000000e+02 
1.000000e+02 
9.999999e+01 
9.999999e+01 
9.999999e+01 
1.000000e+02 
1.000002e+02 
1.000005e+02 
1.000014e+02 
1.000030e+02 
1.000063e+02 
1.000122e+02 
1.000225e+02 
1.000394e+02 
1.000647e+02 
1.000987e+02 
1.001383e+02 
1.001760e+02 
1.002011e+02 
1.002037e+02 
1.001788e+02 
1.001278e+02 
1.000578e+02 
9.997745e+01 
9.988476e+01 
9.977120e+01 
9.963767e+01 
9.948772e+01 
9.932819e+01 
9.916922e+01 
9.902341e+01 
9.890418e+01 
9.882342e+01 
9.878915e+01 
9.880393e+01 
9.886441e+01 
9.896223e+01 
9.908597e+01 
9.922334e+01 
9.936321e+01 
9.949681e+01 
9.961826e+01 
9.972436e+01 
9.982378e+01 
9.992027e+01 
1.000040e+02 
1.000657e+02 
1.000999e+02 
1.001074e+02 
1.000955e+02 
1.000740e+02 
1.000514e+02 
1.000327e+02 
1.000193e+02 
1.000107e+02 
1.000056e+02 
1.000027e+02 
1.000012e+02 
1.000005e+02 
1.000002e+02 
1.000000e+02 
9.999999e+01 
9.999999e+01 
9.999999e+01 
1.000000e+02 
1.000000e+02 

1.000000e+02 
1.000000e+02 
9.999999e+01 
9.999999e+01 
9.999999e+01 
1.000000e+02 
1.000002e+02 
1.000006e+02 
1.000014e+02 
1.000031e+02 
1.000064e+02 
1.000126e+02 
1.000235e+02 
1.000419e+02 
1.000707e+02 
1.001119e+02 
1.001643e+02 
1.002218e+02 
1.002732e+02 
1.003052e+02 
1.003071e+02 
1.002752e+02 
1.002133e+02 
1.001302e+02 
1.000235e+02 
9.988142e+01 
9.970130e+01 
9.948501e+01 
9.924079e+01 
9.898458e+01 
9.873942e+01 
9.853229e+01 
9.838868e+01 
9.832652e+01 
9.835161e+01 
9.845650e+01 
9.862298e+01 
9.882722e+01 
9.904535e+01 
9.925770e+01 
9.945083e+01 
9.961748e+01 
9.975541e+01 
9.987721e+01 
9.998727e+01 
1.000739e+02 
1.001285e+02 
1.001489e+02 
1.001408e+02 
1.001155e+02 
1.000846e+02 
1.000564e+02 
1.000348e+02 
1.000202e+02 
1.000110e+02 
1.000057e+02 
1.000028e+02 
1.000013e+02 
1.000005e+02 
1.000002e+02 
1.000000e+02 
9.999999e+01 
9.999999e+01 
9.999999e+01 
1.000000e+02 
1.000000e+02 

1.000000e+02 
1.000000e+02 
9.999999e+01 
9.999999e+01 
9.999999e+01 
1.000000e+02 
1.000002e+02 
1.000006e+02 
1.000014e+02 
1.000031e+02 
1.000065e+02 
1.000128e+02 
1.000242e+02 
1.000438e+02 
1.000753e+02 
1.001223e+02 
1.001858e+02 
1.002618e+02 
1.003400e+02 
1.004053e+02 
1.004426e+02 
1.004424e+02 
1.004035e+02 
1.003323e+02 
1.002260e+02 
1.000685e+02 
9.985075e+01 
9.956883e+01 
9.922892e+01 
9.885172e+01 
9.847380e+01 
9.814308e+01 
9.790806e+01 
9.780423e+01 
9.784336e+01 
9.801065e+01 
9.827084e+01 
9.857994e+01 
9.889702e+01 
9.919182e+01 
9.944691e+01 
9.965591e+01 
9.981983e+01 
9.995622e+01 
1.000707e+02 
1.001513e+02 
1.001919e+02 
1.001948e+02 
1.001702e+02 
1.001321e+02 
1.000930e+02 
1.000603e+02 
1.000364e+02 
1.000208e+02 
1.000113e+02 
1.000058e+02 
1.000028e+02 
1.000013e+02 
1.000005e+02 
1.000002e+02 
1.000000e+02 
9.999999e+01 
9.999999e+01 
9.999999e+01 
1.000000e+02 
1.000000e+02 

1.000000e+02 
1.000000e+02 
9.999999e+01 
9.999999e+01 
9.999999e+01 
1.000000e+02 
1.000002e+02 
1.000006e+02 
1.000014e+02 
1.000031e+02 
1.000065e+02 
1.000130e+02 
1.000248e+02 
1.000452e+02 
1.000788e+02 
1.001304e+02 
1.002030e+02 
1.002951e+02 
1.003982e+02 
1.004970e+02 
1.005733e+02 
1.006126e+02 
1.006082e+02 
1.005626e+02 
1.004721e+02 
1.003168e+02 
1.000785e+02 
9.974306e+01 
9.930908e+01 
9.879814e+01 
9.826115e+01 
9.777390e+01 
9.741885e+01 
9.725879e+01 
9.731491e+01 
9.756101e+01 
9.793613e+01 
9.836771e+01 
9.879314e+01 
9.917129e+01 
9.948322e+01 
9.972639e+01 
9.990754e+01 
1.000497e+02 
1.001601e+02 
1.002281e+02 
1.002509e+02 
1.002351e+02 
1.001947e+02 
1.001455e+02 
1.000995e+02 
1.000631e+02 
1.000376e+02 
1.000212e+02 
1.000114e+02 
1.000058e+02 
1.000028e+02 
1.000013e+02 
1.000005e+02 
1.000002e+02 
1.000000e+02 
9.999999e+01 
9.999999e+01 
9.999999e+01 
1.000000e+02 
1.000000e+02 

1.000000e+02 
1.000000e+02 
9.999999e+01 
9.999999e+01 
9.999999e+01 
1.000000e+02 
1.000002e+02 
1.000006e+02 
1.000014e+02 
1.000031e+02 
1.000066e+02 
1.000132e+02 
1.000252e+02 
1.000463e+02 
1.000817e+02 
1.001373e+02 
1.002180e+02 
1.003250e+02 
1.004524e+02 
1.005858e+02 
1.007056e+02 
1.007929e+02 
1.008354e+02 
1.008303e+02 
1.007734e+02 
1.006421e+02 
1.004061e+02 
1.000355e+02 
9.951288e+01 
9.885274e+01 
9.811869e+01 
9.742400e+01 
9.690291e+01 
9.666234e+01 
9.673919e+01 
9.708892e+01 
9.761038e+01 
9.818945e+01 
9.873600e+01 
9.919901e+01 
9.956214e+01 
9.983086e+01 
1.000204e+02 
1.001597e+02 
1.002581e+02 
1.003074e+02 
1.003086e+02 
1.002728e+02 
1.002167e+02 
1.001570e+02 
1.001050e+02 
1.000655e+02 
1.000386e+02 
1.000216e+02 
1.000116e+02 
1.000059e+02 
1.000028e+02 
1.000013e+02 
1.000005e+02 
1.000002e+02 
1.000000e+02 
9.999999e+01 
9.999999e+01 
9.999999e+01 
1.000000e+02 
1.000000e+02 

1.000000e+02 
1.000000e+02 
9.999999e+01 
9.999999e+01 
9.999999e+01 
1.000000e+02 
1.000002e+02 
1.000006e+02 
1.000014e+02 
1.000031e+02 
1.000066e+02 
1.000133e+02 
1.000256e+02 
1.000474e+02 
1.000844e+02 
1.001438e+02 
1.002324e+02 
1.003545e+02 
1.005073e+02 
1.006789e+02 
1.008494e+02 
1.009963e+02 
1.011016e+02 
1.011561e+02 
1.011562e+02 
1.010777e+02 
1.008768e+02 
1.005008e+02 
9.990343e+01 
9.907718e+01 
9.809239e+01 
9.711124e+01 
9.634919e+01 
9.598634e+01 
9.608653e+01 
9.657583e+01 
9.728928e+01 
9.805131e+01 
9.873644e+01 
9.928645e+01 
9.969417e+01 
9.997862e+01 
1.001666e+02 
1.002937e+02 
1.003713e+02 
1.003946e+02 
1.003696e+02 
1.003111e+02 
1.002384e+02 
1.001681e+02 
1.001102e+02 
1.000677e+02 
1.000395e+02 
1.000219e+02 
1.000117e+02 
1.000059e+02 
1.000028e+02 
1.000013e+02 
1.000005e+02 
1.000002e+02 
1.000000e+02 
9.999999e+01 
9.999999e+01 
9.999999e+01 
1.000000e+02 
1.000000e+02 

1.000000e+02 
1.000000e+02 
9.999999e+01 
9.999999e+01 
9.999999e+01 
1.000000e+02 
1.000002e+02 
1.000006e+02 
1.000014e+02 
1.000032e+02 
1.000067e+02 
1.000134e+02 
1.000259e+02 
1.000483e+02 
1.000868e+02 
1.001497e+02 
1.002459e+02 
1.003827e+02 
1.005613e+02 
1.007735e+02 
1.010002e+02 
1.012170e+02 
1.014004e+02 
1.015343e+02 
1.016170e+02 
1.016270e+02 
1.015066e+02 
1.011749e+02 
1.005419e+02 
9.955515e+01 
9.827481e+01 
9.692489e+01 
9.583380e+01 
9.529384e+01 
9.541256e+01 
9.607213e+01 
9.701764e+01 
9.798865e+01 
9.881804e+01 
9.944637e+01 
9.988427e+01 
1.001699e+02 
1.003440e+02 
1.004482e+02 
1.004961e+02 
1.004870e+02 
1.004317e+02 
1.003489e+02 
1.002592e+02 
1.001785e+02 
1.001149e+02 
1.000697e+02 
1.000402e+02 
1.000222e+02 
1.000118e+02 
1.000060e+02 
1.000029e+02 
1.000013e+02 
1.000005e+02 
1.000002e+02 
1.000000e+02 
9.999999e+01 
9.999999e+01 
9.999999e+01 
1.000000e+02 
1.000000e+02 

1.000000e+02 
1.000000e+02 
9.999999e+01 
9.999999e+01 
9.999999e+01 
1.000000e+02 
1.000002e+02 
1.000006e+02 
1.000014e+02 
1.000032e+02 
1.000067e+02 
1.000135e+02 
1.000262e+02 
1.000492e+02 
1.000890e+02 
1.001550e+02 
1.002582e+02 
1.004089e+02 
1.006128e+02 
1.008658e+02 
1.011519e+02 
1.014455e+02 
1.017190e+02 
1.019492e+02 
1.021384e+02 
1.022723e+02 
1.022824e+02 
1.020577e+02 
1.014496e+02 
1.003324e+02 
9.873948e+01 
9.695162e+01 
9.545124e+01 
9.467729e+01 
9.479745e+01 
9.564398e+01 
9.684074e+01 
9.802797e+01 
9.899163e+01 
9.967898e+01 
1.001270e+02 
1.003970e+02 
1.005447e+02 
1.006163e+02 
1.006268e+02 
1.005804e+02 
1.004926e+02 
1.003848e+02 
1.002784e+02 
1.001879e+02 
1.001191e+02 
1.000715e+02 
1.000409e+02 
1.000225e+02 
1.000119e+02 
1.000060e+02 
1.000029e+02 
1.000013e+02 
1.000005e+02 
1.000002e+02 
1.000000e+02 
9.999999e+01 
9.999999e+01 
9.999999e+01 
1.000000e+02 
1.000000e+02 

1.000000e+02 
1.000000e+02 
9.999999e+01 
9.999999e+01 
9.999999e+01 
1.000000e+02 
1.000002e+02 
1.000006e+02 
1.000014e+02 
1.000032e+02 
1.000067e+02 
1.000136e+02 
1.000265e+02 
1.000499e+02 
1.000909e+02 
1.001596e+02 
1.002690e+02 
1.004323e+02 
1.006597e+02 
1.009520e+02 
1.012968e+02 
1.016694e+02 
1.020388e+02 
1.023752e+02 
1.026867e+02 
1.029706e+02 
1.031510e+02 
1.030891e+02 
1.025647e+02 
1.013640e+02 
9.946381e+01 
9.721176e+01 
9.525365e+01 
9.420539e+01 
9.430782e+01 
9.533243e+01 
9.677720e+01 
9.816563e+01 
9.924252e+01 
9.996508e+01 
1.004034e+02 
1.006434e+02 
1.007548e+02 
1.007870e+02 
1.007556e+02 
1.006699e+02 
1.005493e+02 
1.004175e+02 
1.002955e+02 
1.001961e+02 
1.001227e+02 
1.000730e+02 
1.000415e+02 
1.000227e+02 
1.000119e+02 
1.000060e+02 
1.000029e+02 
1.000013e+02 
1.000005e+02 
1.000002e+02 
1.000000e+02 
9.999999e+01 
9.999999e+01 
9.999999e+01 
1.000000e+02 
1.000000e+02 

1.000000e+02 
1.000000e+02 
9.999999e+01 
9.999999e+01 
9.999999e+01 
1.000000e+02 
1.000002e+02 
1.000006e+02 
1.000014e+02 
1.000032e+02 
1.000068e+02 
1.000137e+02 
1.000267e+02 
1.000504e+02 
1.000924e+02 
1.001634e+02 
1.002780e+02 
1.004521e+02 
1.007001e+02 
1.010277e+02 
1.014267e+02 
1.018740e+02 
1.023366e+02 
1.027787e+02 
1.032151e+02 
1.036563e+02 
1.040221e+02 
1.041477e+02 
1.037379e+02 
1.024904e+02 
1.003075e+02 
9.761306e+01 
9.520231e+01 
9.387720e+01 
9.394914e+01 
9.512919e+01 
9.679776e+01 
9.836015e+01 
9.952721e+01 
1.002663e+02 
1.006822e+02 
1.008845e+02 
1.009556e+02 
1.009466e+02 
1.008735e+02 
1.007499e+02 
1.005989e+02 
1.004455e+02 
1.003099e+02 
1.002028e+02 
1.001257e+02 
1.000742e+02 
1.000420e+02 
1.000229e+02 
1.000120e+02 
1.000060e+02 
1.000029e+02 
1.000013e+02 
1.000005e+02 
1.000002e+02 
1.000000e+02 
9.999999e+01 
9.999999e+01 
9.999999e+01 
1.000000e+02 
1.000000e+02 

1.000000e+02 
1.000000e+02 
9.999999e+01 
9.999999e+01 
9.999999e+01 
1.000000e+02 
1.000002e+02 
1.000006e+02 
1.000014e+02 
1.000032e+02 
1.000068e+02 
1.000138e+02 
1.000269e+02 
1.000509e+02 
1.000935e+02 
1.001664e+02 
1.002850e+02 
1.004677e+02 
1.007323e+02 
1.010889e+02 
1.015332e+02 
1.020443e+02 
1.025877e+02 
1.031230e+02 
1.036707e+02 
1.042537e+02 
1.047875e+02 
1.050830e+02 
1.047806e+02 
1.034933e+02 
1.010733e+02 
9.799597e+01 
9.520087e+01 
9.363885e+01 
9.367906e+01 
9.498911e+01 
9.684103e+01 
9.854831e+01 
9.978653e+01 
1.005345e+02 
1.009263e+02 
1.010924e+02 
1.011263e+02 
1.010804e+02 
1.009707e+02 
1.008149e+02 
1.006384e+02 
1.004674e+02 
1.003210e+02 
1.002080e+02 
1.001279e+02 
1.000751e+02 
1.000423e+02 
1.000230e+02 
1.000120e+02 
1.000060e+02 
1.000029e+02 
1.000013e+02 
1.000005e+02 
1.000002e+02 
1.000000e+02 
9.999999e+01 
9.999999e+01 
9.999999e+01 
1.000000e+02 
1.000000e+02 

1.000000e+02 
1.000000e+02 
9.999999e+01 
9.999999e+01 
9.999999e+01 
1.000000e+02 
1.000002e+02 
1.000006e+02 
1.000014e+02 
1.000032e+02 
1.000068e+02 
1.000138e+02 
1.000270e+02 
1.000512e+02 
1.000943e+02 
1.001684e+02 
1.002898e+02 
1.004785e+02 
1.007547e+02 
1.011319e+02 
1.016089e+02 
1.021664e+02 
1.027693e+02 
1.033736e+02 
1.040042e+02 
1.046923e+02 
1.053490e+02 
1.057643e+02 
1.055319e+02 
1.042028e+02 
1.016012e+02 
9.824312e+01 
9.517466e+01 
9.344526e+01 
9.346535e+01 
9.487010e+01 
9.685693e+01 
9.867398e+01 
9.996787e+01 
1.007254e+02 
1.011009e+02 
1.012409e+02 
1.012478e+02 
1.011750e+02 
1.010389e+02 
1.008599e+02 
1.006656e+02 
1.004823e+02 
1.003285e+02 
1.002114e+02 
1.001293e+02 
1.000756e+02 
1.000425e+02 
1.000231e+02 
1.000121e+02 
1.000061e+02 
1.000029e+02 
1.000013e+02 
1.000005e+02 
1.000002e+02 
1.000000e+02 
9.999999e+01 
9.999999e+01 
9.999999e+01 
1.000000e+02 
1.000000e+02 

1.000000e+02 
1.000000e+02 
9.999999e+01 
9.999999e+01 
9.999999e+01 
1.000000e+02 
1.000002e+02 
1.000006e+02 
1.000014e+02 
1.000032e+02 
1.000068e+02 
1.000138e+02 
1.000270e+02 
1.000513e+02 
1.000947e+02 
1.001694e+02 
1.002923e+02 
1.004841e+02 
1.007664e+02 
1.011542e+02 
1.016483e+02 
1.022300e+02 
1.028640e+02 
1.035044e+02 
1.041780e+02 
1.049200e+02 
1.056381e+02 
1.061093e+02 
1.059029e+02 
1.045410e+02 
1.018362e+02 
9.833074e+01 
9.512166e+01 
9.330697e+01 
9.331566e+01 
9.476840e+01 
9.682818e+01 
9.870878e+01 
1.000397e+02 
1.008093e+02 
1.011811e+02 
1.013107e+02 
1.013055e+02 
1.012202e+02 
1.010715e+02 
1.008815e+02 
1.006785e+02 
1.004894e+02 
1.003320e+02 
1.002130e+02 
1.001300e+02 
1.000759e+02 
1.000426e+02 
1.000231e+02 
1.000121e+02 
1.000061e+02 
1.000029e+02 
1.000013e+02 
1.000005e+02 
1.000002e+02 
1.000000e+02 
9.999999e+01 
9.999999e+01 
9.999999e+01 
1.000000e+02 
1.000000e+02 

1.000000e+02 
1.000000e+02 
9.999999e+01 
9.999999e+01 
9.999999e+01 
1.000000e+02 
1.000002e+02 
1.000006e+02 
1.000014e+02 
1.000032e+02 
1.000068e+02 
1.000138e+02 
1.000270e+02 
1.000513e+02 
1.000948e+02 
1.001695e+02 
1.002924e+02 
1.004842e+02 
1.007666e+02 
1.011544e+02 
1.016483e+02 
1.022295e+02 
1.028625e+02 
1.035013e+02 
1.041724e+02 
1.049104e+02 
1.056219e+02 
1.060839e+02 
1.058664e+02 
1.044946e+02 
1.017853e+02 
9.828096e+01 
9.507365e+01 
9.325555e+01 
9.325565e+01 
9.470096e+01 
9.676058e+01 
9.864922e+01 
9.999246e+01 
1.007742e+02 
1.011558e+02 
1.012925e+02 
1.012924e+02 
1.012111e+02 
1.010655e+02 
1.008778e+02 
1.006764e+02 
1.004882e+02 
1.003314e+02 
1.002127e+02 
1.001299e+02 
1.000758e+02 
1.000426e+02 
1.000231e+02 
1.000121e+02 
1.000061e+02 
1.000029e+02 
1.000013e+02 
1.000005e+02 
1.000002e+02 
1.000000e+02 
9.999999e+01 
9.999999e+01 
9.999999e+01 
1.000000e+02 
1.000000e+02 

1.000000e+02 
1.000000e+02 
9.999999e+01 
9.999999e+01 
9.999999e+01 
1.000000e+02 
1.000002e+02 
1.000006e+02 
1.000014e+02 
1.000032e+02 
1.000068e+02 
1.000138e+02 
1.000270e+02 
1.000512e+02 
1.000944e+02 
1.001685e+02 
1.002901e+02 
1.004790e+02 
1.007554e+02 
1.011325e+02 
1.016090e+02 
1.021650e+02 
1.027650e+02 
1.033648e+02 
1.039882e+02 
1.046646e+02 
1.053027e+02 
1.056911e+02 
1.054262e+02 
1.040682e+02 
1.014522e+02 
9.809581e+01 
9.503133e+01 
9.329269e+01 
9.328999e+01 
9.467525e+01 
9.666320e+01 
9.850390e+01 
9.983286e+01 
1.006249e+02 
1.010281e+02 
1.011885e+02 
1.012100e+02 
1.011484e+02 
1.010213e+02 
1.008491e+02 
1.006593e+02 
1.004789e+02 
1.003267e+02 
1.002105e+02 
1.001289e+02 
1.000754e+02 
1.000424e+02 
1.000230e+02 
1.000120e+02 
1.000060e+02 
1.000029e+02 
1.000013e+02 
1.000005e+02 
1.000002e+02 
1.000000e+02 
9.999999e+01 
9.999999e+01 
9.999999e+01 
1.000000e+02 
1.000000e+02 

1.000000e+02 
1.000000e+02 
9.999999e+01 
9.999999e+01 
9.999999e+01 
1.000000e+02 
1.000002e+02 
1.000006e+02 
1.000014e+02 
1.000032e+02 
1.000068e+02 
1.000138e+02 
1.000269e+02 
1.000509e+02 
1.000937e+02 
1.001667e+02 
1.002855e+02 
1.004685e+02 
1.007334e+02 
1.010899e+02 
1.015334e+02 
1.020421e+02 
1.025810e+02 
1.031093e+02 
1.036462e+02 
1.042113e+02 
1.047168e+02 
1.049713e+02 
1.046191e+02 
1.032859e+02 
1.008404e+02 
9.776104e+01 
9.496942e+01 
9.339436e+01 
9.340445e+01 
9.469082e+01 
9.654819e+01 
9.829249e+01 
9.958309e+01 
1.003821e+02 
1.008150e+02 
1.010116e+02 
1.010675e+02 
1.010387e+02 
1.009429e+02 
1.007975e+02 
1.006282e+02 
1.004618e+02 
1.003181e+02 
1.002065e+02 
1.001272e+02 
1.000747e+02 
1.000421e+02 
1.000229e+02 
1.000120e+02 
1.000060e+02 
1.000029e+02 
1.000013e+02 
1.000005e+02 
1.000002e+02 
1.000000e+02 
9.999999e+01 
9.999999e+01 
9.999999e+01 
1.000000e+02 
1.000000e+02 

1.000000e+02 
1.000000e+02 
9.999999e+01 
9.999999e+01 
9.999999e+01 
1.000000e+02 
1.000002e+02 
1.000006e+02 
1.000014e+02 
1.000032e+02 
1.000068e+02 
1.000137e+02 
1.000267e+02 
1.000505e+02 
1.000926e+02 
1.001638e+02 
1.002787e+02 
1.004532e+02 
1.007016e+02 
1.010292e+02 
1.014271e+02 
1.018713e+02 
1.023282e+02 
1.027616e+02 
1.031846e+02 
1.036042e+02 
1.039360e+02 
1.040126e+02 
1.035431e+02 
1.022385e+02 
1.000210e+02 
9.731700e+01 
9.490556e+01 
9.356553e+01 
9.360788e+01 
9.476764e+01 
9.644752e+01 
9.805508e+01 
9.928300e+01 
1.000812e+02 
1.005451e+02 
1.007836e+02 
1.008812e+02 
1.008931e+02 
1.008373e+02 
1.007270e+02 
1.005852e+02 
1.004378e+02 
1.003059e+02 
1.002008e+02 
1.001247e+02 
1.000737e+02 
1.000417e+02 
1.000228e+02 
1.000120e+02 
1.000060e+02 
1.000029e+02 
1.000013e+02 
1.000005e+02 
1.000002e+02 
1.000000e+02 
9.999999e+01 
9.999999e+01 
9.999999e+01 
1.000000e+02 
1.000000e+02 

1.000000e+02 
1.000000e+02 
9.999999e+01 
9.999999e+01 
9.999999e+01 
1.000000e+02 
1.000002e+02 
1.000006e+02 
1.000014e+02 
1.000032e+02 
1.000068e+02 
1.000137e+02 
1.000265e+02 
1.000500e+02 
1.000911e+02 
1.001601e+02 
1.002698e+02 
1.004337e+02 
1.006615e+02 
1.009538e+02 
1.012973e+02 
1.016664e+02 
1.020294e+02 
1.023563e+02 
1.026534e+02 
1.029144e+02 
1.030599e+02 
1.029483e+02 
1.023635e+02 
1.011041e+02 
9.916384e+01 
9.689486e+01 
9.492943e+01 
9.386564e+01 
9.394415e+01 
9.495557e+01 
9.641642e+01 
9.785039e+01 
9.898696e+01 
9.976765e+01 
1.002542e+02 
1.005316e+02 
1.006709e+02 
1.007256e+02 
1.007134e+02 
1.006427e+02 
1.005328e+02 
1.004082e+02 
1.002905e+02 
1.001935e+02 
1.001214e+02 
1.000724e+02 
1.000412e+02 
1.000226e+02 
1.000119e+02 
1.000060e+02 
1.000029e+02 
1.000013e+02 
1.000005e+02 
1.000002e+02 
1.000000e+02 
9.999999e+01 
9.999999e+01 
9.999999e+01 
1.000000e+02 
1.000000e+02 

1.000000e+02 
1.000000e+02 
9.999999e+01 
9.999999e+01 
9.999999e+01 
1.000000e+02 
1.000002e+02 
1.000006e+02 
1.000014e+02 
1.000032e+02 
1.000067e+02 
1.000136e+02 
1.000263e+02 
1.000493e+02 
1.000893e+02 
1.001556e+02 
1.002592e+02 
1.004105e+02 
1.006149e+02 
1.008679e+02 
1.011525e+02 
1.014424e+02 
1.017094e+02 
1.019300e+02 
1.021051e+02 
1.022174e+02 
1.021952e+02 
1.019264e+02 
1.012651e+02 
1.000956e+02 
9.846330e+01 
9.665345e+01 
9.513997e+01 
9.435070e+01 
9.445363e+01 
9.529392e+01 
9.650758e+01 
9.773412e+01 
9.874871e+01 
9.948651e+01 
9.997794e+01 
1.002827e+02 
1.004570e+02 
1.005509e+02 
1.005808e+02 
1.005502e+02 
1.004739e+02 
1.003741e+02 
1.002726e+02 
1.001848e+02 
1.001176e+02 
1.000708e+02 
1.000406e+02 
1.000223e+02 
1.000118e+02 
1.000060e+02 
1.000029e+02 
1.000013e+02 
1.000005e+02 
1.000002e+02 
1.000000e+02 
9.999999e+01 
9.999999e+01 
9.999999e+01 
1.000000e+02 
1.000000e+02 

1.000000e+02 
1.000000e+02 
9.999999e+01 
9.999999e+01 
9.999999e+01 
1.000000e+02 
1.000002e+02 
1.000006e+02 
1.000014e+02 
1.000032e+02 
1.000067e+02 
1.000135e+02 
1.000260e+02 
1.000485e+02 
1.000872e+02 
1.001504e+02 
1.002471e+02 
1.003845e+02 
1.005637e+02 
1.007757e+02 
1.010009e+02 
1.012140e+02 
1.013911e+02 
1.015160e+02 
1.015860e+02 
1.015770e+02 
1.014295e+02 
1.010622e+02 
1.003871e+02 
9.935844e+01 
9.804410e+01 
9.667096e+01 
9.556377e+01 
9.500941e+01 
9.511616e+01 
9.577351e+01 
9.673315e+01 
9.773415e+01 
9.860234e+01 
9.927047e+01 
9.974414e+01 
1.000595e+02 
1.002575e+02 
1.003822e+02 
1.004486e+02 
1.004550e+02 
1.004115e+02 
1.003370e+02 
1.002526e+02 
1.001750e+02 
1.001131e+02 
1.000689e+02 
1.000398e+02 
1.000220e+02 
1.000117e+02 
1.000059e+02 
1.000028e+02 
1.000013e+02 
1.000005e+02 
1.000002e+02 
1.000000e+02 
9.999999e+01 
9.999999e+01 
9.999999e+01 
1.000000e+02 
1.000000e+02 

1.000000e+02 
1.000000e+02 
9.999999e+01 
9.999999e+01 
9.999999e+01 
1.000000e+02 
1.000002e+02 
1.000006e+02 
1.000014e+02 
1.000032e+02 
1.000067e+02 
1.000133e+02 
1.000257e+02 
1.000476e+02 
1.000848e+02 
1.001445e+02 
1.002337e+02 
1.003564e+02 
1.005098e+02 
1.006813e+02 
1.008503e+02 
1.009937e+02 
1.010931e+02 
1.011397e+02 
1.011288e+02 
1.010346e+02 
1.008124e+02 
1.004092e+02 
9.978075e+01 
9.892322e+01 
9.791113e+01 
9.690881e+01 
9.613061e+01 
9.575484e+01 
9.584623e+01 
9.633464e+01 
9.705823e+01 
9.784092e+01 
9.855341e+01 
9.913272e+01 
9.956808e+01 
9.987662e+01 
1.000846e+02 
1.002296e+02 
1.003241e+02 
1.003620e+02 
1.003485e+02 
1.002984e+02 
1.002312e+02 
1.001643e+02 
1.001082e+02 
1.000668e+02 
1.000390e+02 
1.000217e+02 
1.000116e+02 
1.000059e+02 
1.000028e+02 
1.000013e+02 
1.000005e+02 
1.000002e+02 
1.000000e+02 
9.999999e+01 
9.999999e+01 
9.999999e+01 
1.000000e+02 
1.000000e+02 

1.000000e+02 
1.000000e+02 
9.999999e+01 
9.999999e+01 
9.999999e+01 
1.000000e+02 
1.000002e+02 
1.000006e+02 
1.000014e+02 
1.000031e+02 
1.000066e+02 
1.000132e+02 
1.000253e+02 
1.000466e+02 
1.000822e+02 
1.001381e+02 
1.002195e+02 
1.003271e+02 
1.004549e+02 
1.005882e+02 
1.007066e+02 
1.007906e+02 
1.008279e+02 
1.008160e+02 
1.007501e+02 
1.006063e+02 
1.003540e+02 
9.996344e+01 
9.941841e+01 
9.873546e+01 
9.798049e+01 
9.726804e+01 
9.673256e+01 
9.648086e+01 
9.655077e+01 
9.689951e+01 
9.742733e+01 
9.801984e+01 
9.858484e+01 
9.906850e+01 
9.945206e+01 
9.973944e+01 
9.994511e+01 
1.000995e+02 
1.002126e+02 
1.002750e+02 
1.002872e+02 
1.002595e+02 
1.002091e+02 
1.001529e+02 
1.001029e+02 
1.000645e+02 
1.000381e+02 
1.000214e+02 
1.000114e+02 
1.000058e+02 
1.000028e+02 
1.000013e+02 
1.000005e+02 
1.000002e+02 
1.000000e+02 
9.999999e+01 
9.999999e+01 
9.999999e+01 
1.000000e+02 
1.000000e+02 

1.000000e+02 
1.000000e+02 
9.999999e+01 
9.999999e+01 
9.999999e+01 
1.000000e+02 
1.000002e+02 
1.000006e+02 
1.000014e+02 
1.000031e+02 
1.000066e+02 
1.000131e+02 
1.000249e+02 
1.000454e+02 
1.000793e+02 
1.001313e+02 
1.002045e+02 
1.002973e+02 
1.004008e+02 
1.004994e+02 
1.005744e+02 
1.006107e+02 
1.006018e+02 
1.005505e+02 
1.004528e+02 
1.002879e+02 
1.000373e+02 
9.968719e+01 
9.923695e+01 
9.870930e+01 
9.815637e+01 
9.765490e+01 
9.728787e+01 
9.711854e+01 
9.716888e+01 
9.741360e+01 
9.779238e+01 
9.823242e+01 
9.866999e+01 
9.906235e+01 
9.938898e+01 
9.964617e+01 
9.983999e+01 
9.999438e+01 
1.001172e+02 
1.001968e+02 
1.002296e+02 
1.002216e+02 
1.001867e+02 
1.001410e+02 
1.000972e+02 
1.000620e+02 
1.000371e+02 
1.000210e+02 
1.000113e+02 
1.000058e+02 
1.000028e+02 
1.000013e+02 
1.000005e+02 
1.000002e+02 
1.000000e+02 
9.999999e+01 
9.999999e+01 
9.999999e+01 
1.000000e+02 
1.000000e+02 

1.000000e+02 
1.000000e+02 
9.999999e+01 
9.999999e+01 
9.999999e+01 
1.000000e+02 
1.000002e+02 
1.000006e+02 
1.000014e+02 
1.000031e+02 
1.000065e+02 
1.000129e+02 
1.000244e+02 
1.000441e+02 
1.000758e+02 
1.001233e+02 
1.001873e+02 
1.002640e+02 
1.003426e+02 
1.004078e+02 
1.004438e+02 
1.004409e+02 
1.003983e+02 
1.003225e+02 
1.002106e+02 
1.000458e+02 
9.981910e+01 
9.952667e+01 
9.917516e+01 
9.878590e+01 
9.839620e+01 
9.805460e+01 
9.781019e+01 
9.769898e+01 
9.773332e+01 
9.789892e+01 
9.816081e+01 
9.847486e+01 
9.879950e+01 
9.910358e+01 
9.936872e+01 
9.958771e+01 
9.976106e+01 
9.990693e+01 
1.000314e+02 
1.001218e+02 
1.001712e+02 
1.001813e+02 
1.001620e+02 
1.001275e+02 
1.000905e+02 
1.000590e+02 
1.000358e+02 
1.000205e+02 
1.000111e+02 
1.000057e+02 
1.000028e+02 
1.000012e+02 
1.000005e+02 
1.000002e+02 
1.000000e+02 
9.999999e+01 
9.999999e+01 
9.999999e+01 
1.000000e+02 
1.000000e+02 

1.000000e+02 
1.000000e+02 
9.999999e+01 
9.999999e+01 
9.999999e+01 
1.000000e+02 
1.000002e+02 
1.000006e+02 
1.000014e+02 
1.000031e+02 
1.000064e+02 
1.000126e+02 
1.000236e+02 
1.000422e+02 
1.000713e+02 
1.001129e+02 
1.001659e+02 
1.002240e+02 
1.002758e+02 
1.003075e+02 
1.003082e+02 
1.002742e+02 
1.002093e+02 
1.001227e+02 
1.000120e+02 
9.986470e+01 
9.967838e+01 
9.945495e+01 
9.920288e+01 
9.893846e+01 
9.868513e+01 
9.847030e+01 
9.831990e+01 
9.825225e+01 
9.827356e+01 
9.837664e+01 
9.854345e+01 
9.875006e+01 
9.897230e+01 
9.919006e+01 
9.938936e+01 
9.956248e+01 
9.970679e+01 
9.983532e+01 
9.995283e+01 
1.000472e+02 
1.001090e+02 
1.001357e+02 
1.001326e+02 
1.001107e+02 
1.000820e+02 
1.000551e+02 
1.000342e+02 
1.000198e+02 
1.000109e+02 
1.000056e+02 
1.000027e+02 
1.000012e+02 
1.000005e+02 
1.000002e+02 
1.000000e+02 
9.999999e+01 
9.999999e+01 
9.999999e+01 
1.000000e+02 
1.000000e+02 

1.000000e+02 
1.000000e+02 
9.999999e+01 
9.999999e+01 
9.999999e+01 
1.000000e+02 
1.000002e+02 
1.000005e+02 
1.000014e+02 
1.000030e+02 
1.000063e+02 
1.000123e+02 
1.000227e+02 
1.000397e+02 
1.000653e+02 
1.000998e+02 
1.001399e+02 
1.001781e+02 
1.002035e+02 
1.002058e+02 
1.001798e+02 
1.001272e+02 
1.000549e+02 
9.997210e+01 
9.987657e+01 
9.975957e+01 
9.962197e+01 
9.946743e+01 
9.930288e+01 
9.913865e+01 
9.898757e+01 
9.886330e+01 
9.877799e+01 
9.873994e+01 
9.875191e+01 
9.881073e+01 
9.890812e+01 
9.903261e+01 
9.917182e+01 
9.931439e+01 
9.945133e+01 
9.957648e+01 
9.968644e+01 
9.979015e+01 
9.989167e+01 
9.998095e+01 
1.000483e+02 
1.000876e+02 
1.000994e+02 
1.000907e+02 
1.000713e+02 
1.000500e+02 
1.000320e+02 
1.000190e+02 
1.000106e+02 
1.000055e+02 
1.000027e+02 
1.000012e+02 
1.000005e+02 
1.000002e+02 
1.000000e+02 
9.999999e+01 
9.999999e+01 
9.999999e+01 
1.000000e+02 
1.000000e+02 

1.000000e+02 
1.000000e+02 
9.999999e+01 
9.999999e+01 
9.999999e+01 
1.000000e+02 
1.000002e+02 
1.000005e+02 
1.000013e+02 
1.000030e+02 
1.000061e+02 
1.000118e+02 
1.000214e+02 
1.000364e+02 
1.000576e+02 
1.000838e+02 
1.001101e+02 
1.001288e+02 
1.001314e+02 
1.001126e+02 
1.000722e+02 
1.000155e+02 
9.994971e+01 
9.988207e+01 
9.981016e+01 
9.972798e+01 
9.963727e+01 
9.954109e+01 
9.944379e+01 
9.935084e+01 
9.926834e+01 
9.920226e+01 
9.915764e+01 
9.913782e+01 
9.914390e+01 
9.917464e+01 
9.922668e+01 
9.929517e+01 
9.937456e+01 
9.945930e+01 
9.954450e+01 
9.962627e+01 
9.970186e+01 
9.977729e+01 
9.985621e+01 
9.993183e+01 
9.999594e+01 
1.000412e+02 
1.000644e+02 
1.000679e+02 
1.000584e+02 
1.000435e+02 
1.000290e+02 
1.000178e+02 
1.000101e+02 
1.000054e+02 
1.000027e+02 
1.000012e+02 
1.000005e+02 
1.000002e+02 
1.000000e+02 
9.999999e+01 
9.999999e+01 
9.999999e+01 
1.000000e+02 
1.000000e+02 

1.000000e+02 
1.000000e+02 
9.999999e+01 
9.999999e+01 
9.999999e+01 
1.000000e+02 
1.000002e+02 
1.000005e+02 
1.000013e+02 
1.000029e+02 
1.000059e+02 
1.000111e+02 
1.000196e+02 
1.000321e+02 
1.000482e+02 
1.000653e+02 
1.000782e+02 
1.000805e+02 
1.000675e+02 
1.000384e+02 
9.999646e+01 
9.994750e+01 
9.989710e+01 
9.984950e+01 
9.980219e+01 
9.975119e+01 
9.969786e+01 
9.964401e+01 
9.959184e+01 
9.954381e+01 
9.950243e+01 
9.946999e+01 
9.944837e+01 
9.943876e+01 
9.944155e+01 
9.945632e+01 
9.948184e+01 
9.951632e+01 
9.955756e+01 
9.960323e+01 
9.965106e+01 
9.969905e+01 
9.974556e+01 
9.979449e+01 
9.984899e+01 
9.990559e+01 
9.995886e+01 
1.000024e+02 
1.000313e+02 
1.000440e+02 
1.000437e+02 
1.000356e+02 
1.000253e+02 
1.000162e+02 
1.000095e+02 
1.000051e+02 
1.000026e+02 
1.000012e+02 
1.000005e+02 
1.000002e+02 
1.000000e+02 
9.999999e+01 
9.999999e+01 
9.999999e+01 
1.000000e+02 
1.000000e+02 

1.000000e+02 
1.000000e+02 
9.999999e+01 
9.999999e+01 
9.999999e+01 
1.000000e+02 
1.000002e+02 
1.000005e+02 
1.000013e+02 
1.000028e+02 
1.000055e+02 
1.000102e+02 
1.000173e+02 
1.000268e+02 
1.000373e+02 
1.000457e+02 
1.000475e+02 
1.000390e+02 
1.000191e+02 
9.998996e+01 
9.995568e+01 
9.992047e+01 
9.988745e+01 
9.985834e+01 
9.983098e+01 
9.980287e+01 
9.977474e+01 
9.974744e+01 
9.972190e+01 
9.969907e+01 
9.967985e+01 
9.966503e+01 
9.965524e+01 
9.965086e+01 
9.965202e+01 
9.965859e+01 
9.967017e+01 
9.968616e+01 
9.970580e+01 
9.972822e+01 
9.975253e+01 
9.977787e+01 
9.980346e+01 
9.983167e+01 
9.986494e+01 
9.990210e+01 
9.994053e+01 
9.997610e+01 
1.000042e+02 
1.000217e+02 
1.000283e+02 
1.000266e+02 
1.000207e+02 
1.000141e+02 
1.000086e+02 
1.000048e+02 
1.000025e+02 
1.000011e+02 
1.000005e+02 
1.000002e+02 
1.000000e+02 
9.999999e+01 
9.999999e+01 
9.999999e+01 
1.000000e+02 
1.000000e+02 

1.000000e+02 
1.000000e+02 
9.999999e+01 
9.999999e+01 
9.999999e+01 
1.000000e+02 
1.000002e+02 
1.000005e+02 
1.000012e+02 
1.000026e+02 
1.000051e+02 
1.000090e+02 
1.000144e+02 
1.000206e+02 
1.000258e+02 
1.000271e+02 
1.000217e+02 
1.000089e+02 
9.998975e+01 
9.996710e+01 
9.994389e+01 
9.992233e+01 
9.990356e+01 
9.988790e+01 
9.987383e+01 
9.985991e+01 
9.984646e+01 
9.983380e+01 
9.982226e+01 
9.981217e+01 
9.980383e+01 
9.979746e+01 
9.979328e+01 
9.979138e+01 
9.979182e+01 
9.979455e+01 
9.979945e+01 
9.980635e+01 
9.981499e+01 
9.982511e+01 
9.983640e+01 
9.984853e+01 
9.986120e+01 
9.987573e+01 
9.989371e+01 
9.991512e+01 
9.993917e+01 
9.996395e+01 
9.998655e+01 
1.000039e+02 
1.000140e+02 
1.000172e+02 
1.000154e+02 
1.000115e+02 
1.000075e+02 
1.000044e+02 
1.000023e+02 
1.000011e+02 
1.000005e+02 
1.000002e+02 
1.000000e+02 
9.999999e+01 
9.999999e+01 
9.999999e+01 
1.000000e+02 
1.000000e+02 

1.000000e+02 
1.000000e+02 
9.999999e+01 
9.999999e+01 
9.999999e+01 
1.000000e+02 
1.000002e+02 
1.000005e+02 
1.000012e+02 
1.000024e+02 
1.000044e+02 
1.000074e+02 
1.000110e+02 
1.000141e+02 
1.000149e+02 
1.000117e+02 
1.000038e+02 
9.999189e+01 
9.997769e+01 
9.996320e+01 
9.994985e+01 
9.993838e+01 
9.992897e+01 
9.992145e+01 
9.991492e+01 
9.990864e+01 
9.990272e+01 
9.989728e+01 
9.989242e+01 
9.988824e+01 
9.988481e+01 
9.988222e+01 
9.988052e+01 
9.987973e+01 
9.987988e+01 
9.988094e+01 
9.988290e+01 
9.988569e+01 
9.988924e+01 
9.989349e+01 
9.989832e+01 
9.990364e+01 
9.990935e+01 
9.991610e+01 
9.992479e+01 
9.993570e+01 
9.994883e+01 
9.996365e+01 
9.997889e+01 
9.999261e+01 
1.000029e+02 
1.000085e+02 
1.000099e+02 
1.000085e+02 
1.000061e+02 
1.000038e+02 
1.000021e+02 
1.000010e+02 
1.000004e+02 
1.000001e+02 
1.000000e+02 
9.999999e+01 
9.999999e+01 
9.999999e+01 
1.000000e+02 
1.000000e+02 

1.000000e+02 
1.000000e+02 
9.999999e+01 
9.999999e+01 
9.999999e+01 
1.000000e+02 
1.000002e+02 
1.000005e+02 
1.000011e+02 
1.000021e+02 
1.000037e+02 
1.000056e+02 
1.000074e+02 
1.000079e+02 
1.000061e+02 
1.000015e+02 
9.999436e+01 
9.998587e+01 
9.997724e+01 
9.996936e+01 
9.996268e+01 
9.995728e+01 
9.995303e+01 
9.994975e+01 
9.994697e+01 
9.994435e+01 
9.994193e+01 
9.993974e+01 
9.993780e+01 
9.993616e+01 
9.993482e+01 
9.993381e+01 
9.993315e+01 
9.993283e+01 
9.993287e+01 
9.993327e+01 
9.993400e+01 
9.993507e+01 
9.993645e+01 
9.993812e+01 
9.994005e+01 
9.994221e+01 
9.994458e+01 
9.994745e+01 
9.995126e+01 
9.995624e+01 
9.996257e+01 
9.997028e+01 
9.997902e+01 
9.998799e+01 
9.999601e+01 
1.000018e+02 
1.000049e+02 
1.000054e+02 
1.000045e+02 
1.000031e+02 
1.000018e+02 
1.000009e+02 
1.000004e+02 
1.000001e+02 
1.000000e+02 
9.999999e+01 
9.999999e+01 
9.999999e+01 
1.000000e+02 
1.000000e+02 

1.000000e+02 
1.000000e+02 
9.999999e+01 
9.999999e+01 
9.999999e+01 
1.000000e+02 
1.000001e+02 
1.000004e+02 
1.000009e+02 
1.000017e+02 
1.000028e+02 
1.000037e+02 
1.000041e+02 
1.000031e+02 
1.000005e+02 
9.999640e+01 
9.999153e+01 
9.998660e+01 
9.998213e+01 
9.997839e+01 
9.997540e+01 
9.997310e+01 
9.997134e+01 
9.997001e+01 
9.996891e+01 
9.996788e+01 
9.996695e+01 
9.996611e+01 
9.996538e+01 
9.996476e+01 
9.996425e+01 
9.996388e+01 
9.996362e+01 
9.996350e+01 
9.996351e+01 
9.996365e+01 
9.996391e+01 
9.996430e+01 
9.996481e+01 
9.996543e+01 
9.996616e+01 
9.996699e+01 
9.996790e+01 
9.996904e+01 
9.997057e+01 
9.997265e+01 
9.997540e+01 
9.997894e+01 
9.998329e+01 
9.998825e+01 
9.999335e+01 
9.999786e+01 
1.000011e+02 
1.000026e+02 
1.000028e+02 
1.000022e+02 
1.000014e+02 
1.000008e+02 
1.000004e+02 
1.000001e+02 
1.000000e+02 
9.999999e+01 
9.999999e+01 
9.999999e+01 
1.000000e+02 
1.000000e+02 

1.000000e+02 
1.000000e+02 
9.999999e+01 
9.999999e+01 
9.999999e+01 
1.000000e+02 
1.000001e+02 
1.000003e+02 
1.000007e+02 
1.000013e+02 
1.000018e+02 
1.000020e+02 
1.000015e+02 
1.000001e+02 
9.999783e+01 
9.999513e+01 
9.999241e+01 
9.998997e+01 
9.998795e+01 
9.998635e+01 
9.998514e+01 
9.998422e+01 
9.998355e+01 
9.998304e+01 
9.998263e+01 
9.998224e+01 
9.998190e+01 
9.998159e+01 
9.998132e+01 
9.998110e+01 
9.998091e+01 
9.998078e+01 
9.998068e+01 
9.998064e+01 
9.998064e+01 
9.998068e+01 
9.998077e+01 
9.998091e+01 
9.998109e+01 
9.998131e+01 
9.998157e+01 
9.998187e+01 
9.998221e+01 
9.998263e+01 
9.998321e+01 
9.998401e+01 
9.998510e+01 
9.998658e+01 
9.998849e+01 
9.999087e+01 
9.999359e+01 
9.999639e+01 
9.999884e+01 
1.000005e+02 
1.000013e+02 
1.000014e+02 
1.000010e+02 
1.000006e+02 
1.000003e+02 
1.000001e+02 
1.000000e+02 
9.999999e+01 
9.999999e+01 
9.999999e+01 
1.000000e+02 
1.000000e+02 

1.000000e+02 
1.000000e+02 
9.999999e+01 
9.999999e+01 
9.999999e+01 
1.000000e+02 
1.000001e+02 
1.000003e+02 
1.000005e+02 
1.000008e+02 
1.000009e+02 
1.000007e+02 
9.999993e+01 
9.999874e+01 
9.999730e+01 
9.999585e+01 
9.999456e+01 
9.999349e+01 
9.999266e+01 
9.999204e+01 
9.999158e+01 
9.999124e+01 
9.999099e+01 
9.999081e+01 
9.999066e+01 
9.999052e+01 
9.999040e+01 
9.999029e+01 
9.999019e+01 
9.999011e+01 
9.999005e+01 
9.999000e+01 
9.998997e+01 
9.998995e+01 
9.998995e+01 
9.998996e+01 
9.998999e+01 
9.999004e+01 
9.999010e+01 
9.999017e+01 
9.999026e+01 
9.999037e+01 
9.999049e+01 
9.999063e+01 
9.999084e+01 
9.999113e+01 
9.999154e+01 
9.999210e+01 
9.999287e+01 
9.999388e+01 
9.999514e+01 
9.999659e+01 
9.999807e+01 
9.999935e+01 
1.000002e+02 
1.000006e+02 
1.000006e+02 
1.000004e+02 
1.000002e+02 
1.000001e+02 
1.000000e+02 
9.999999e+01 
9.999999e+01 
1.000000e+02 
1.000000e+02 
1.000000e+02 

1.000000e+02 
1.000000e+02 
1.000000e+02 
9.999999e+01 
9.999999e+01 
1.000000e+02 
1.000001e+02 
1.000002e+02 
1.000003e+02 
1.000004e+02 
1.000003e+02 
9.999989e+01 
9.999928e+01 
9.999855e+01 
9.999780e+01 
9.999714e+01 
9.999659e+01 
9.999618e+01 
9.999587e+01 
9.999564e+01 
9.999547e+01 
9.999535e+01 
9.999527e+01 
9.999520e+01 
9.999515e+01 
9.999510e+01 
9.999506e+01 
9.999503e+01 
9.999499e+01 
9.999497e+01 
9.999494e+01 
9.999493e+01 
9.999491e+01 
9.999491e+01 
9.999491e+01 
9.999491e+01 
9.999492e+01 
9.999493e+01 
9.999495e+01 
9.999498e+01 
9.999501e+01 
9.999504e+01 
9.999508e+01 
9.999513e+01 
9.999520e+01 
9.999530e+01 
9.999544e+01 
9.999564e+01 
9.999593e+01 
9.999631e+01 
9.999683e+01 
9.999747e+01 
9.999822e+01 
9.999898e+01 
9.999963e+01 
1.000001e+02 
1.000002e+02 
1.000002e+02 
1.000001e+02 
1.000001e+02 
1.000000e+02 
9.999999e+01 
9.999999e+01 
1.000000e+02 
1.000000e+02 
1.000000e+02 

1.000000e+02 
1.000000e+02 
1.000000e+02 
9.999999e+01 
9.999999e+01 
1.000000e+02 
1.000000e+02 
1.000001e+02 
1.000001e+02 
1.000001e+02 
9.999990e+01 
9.999960e+01 
9.999923e+01 
9.999887e+01 
9.999854e+01 
9.999827e+01 
9.999807e+01 
9.999792e+01 
9.999781e+01 
9.999773e+01 
9.999767e+01 
9.999763e+01 
9.999761e+01 
9.999758e+01 
9.999757e+01 
9.999755e+01 
9.999754e+01 
9.999752e+01 
9.999751e+01 
9.999750e+01 
9.999750e+01 
9.999749e+01 
9.999749e+01 
9.999749e+01 
9.999748e+01 
9.999749e+01 
9.999749e+01 
9.999749e+01 
9.999750e+01 
9.999751e+01 
9.999751e+01 
9.999753e+01 
9.999754e+01 
9.999755e+01 
9.999758e+01 
9.999761e+01 
9.999766e+01 
9.999772e+01 
9.999782e+01 
9.999796e+01 
9.999814e+01 
9.999840e+01 
9.999872e+01 
9.999908e+01 
9.999946e+01 
9.999978e+01 
9.999998e+01 
1.000001e+02 
1.000001e+02 
1.000000e+02 
1.000000e+02 
9.999999e+01 
9.999999e+01 
1.000000e+02 
1.000000e+02 
1.000000e+02 

1.000000e+02 
1.000000e+02 
1.000000e+02 
9.999999e+01 
9.999999e+01 
1.000000e+02 
1.000000e+02 
1.000000e+02 
1.000000e+02 
9.999992e+01 
9.999978e+01 
9.999961e+01 
9.999943e+01 
9.999928e+01 
9.999915e+01 
9.999905e+01 
9.999898e+01 
9.999893e+01 
9.999890e+01 
9.999887e+01 
9.999885e+01 
9.999884e+01 
9.999883e+01 
9.999883e+01 
9.999882e+01 
9.999881e+01 
9.999881e+01 
9.999881e+01 
9.999880e+01 
9.999880e+01 
9.999880e+01 
9.999880e+01 
9.999879e+01 
9.999879e+01 
9.999879e+01 
9.999879e+01 
9.999879e+01 
9.999879e+01 
9.999880e+01 
9.999880e+01 
9.999880e+01 
9.999880e+01 
9.999881e+01 
9.999881e+01 
9.999882e+01 
9.999883e+01 
9.999884e+01 
9.999887e+01 
9.999890e+01 
9.999894e+01 
9.999900e+01 
9.999909e+01 
9.999921e+01 
9.999937e+01 
9.999954e+01 
9.999972e+01 
9.999987e+01 
9.999996e+01 
1.000000e+02 
1.000000e+02 
9.999999e+01 
9.999999e+01 
9.999999e+01 
1.000000e+02 
1.000000e+02 
1.000000e+02 

1.000000e+02 
1.000000e+02 
1.000000e+02 
9.999999e+01 
9.999999e+01 
9.999999e+01 
9.999999e+01 
9.999998e+01 
9.999995e+01 
9.999988e+01 
9.999981e+01 
9.999973e+01 
9.999966e+01 
9.999960e+01 
9.999956e+01 
9.999953e+01 
9.999950e+01 
9.999949e+01 
9.999948e+01 
9.999947e+01 
9.999946e+01 
9.999946e+01 
9.999946e+01 
9.999946e+01 
9.999945e+01 
9.999945e+01 
9.999945e+01 
9.999945e+01 
9.999945e+01 
9.999945e+01 
9.999945e+01 
9.999945e+01 
9.999945e+01 
9.999945e+01 
9.999944e+01 
9.999944e+01 
9.999945e+01 
9.999945e+01 
9.999945e+01 
9.999945e+01 
9.999945e+01 
9.999945e+01 
9.999945e+01 
9.999945e+01 
9.999945e+01 
9.999946e+01 
9.999946e+01 
9.999947e+01 
9.999947e+01 
9.999949e+01 
9.999951e+01 
9.999954e+01 
9.999958e+01 
9.999963e+01 
9.999970e+01 
9.999978e+01 
9.999986e+01 
9.999992e+01 
9.999997e+01 
9.999998e+01 
9.999999e+01 
9.999999e+01 
9.999999e+01 
1.000000e+02 
1.000000e+02 
1.000000e+02 

1.000000e+02 
1.000000e+02 
1.000000e+02 
9.999999e+01 
9.999999e+01 
9.999999e+01 
9.999998e+01 
9.999997e+01 
9.999994e+01 
9.999991e+01 
9.999988e+01 
9.999985e+01 
9.999983e+01 
9.999981e+01 
9.999980e+01 
9.999979e+01 
9.999978e+01 
9.999977e+01 
9.999977e+01 
9.999977e+01 
9.999977e+01 
9.999977e+01 
9.999977e+01 
9.999977e+01 
9.999976e+01 
9.999976e+01 
9.999976e+01 
9.999976e+01 
9.999976e+01 
9.999976e+01 
9.999976e+01 
9.999976e+01 
9.999976e+01 
9.999976e+01 
9.999976e+01 
9.999976e+01 
9.999976e+01 
9.999976e+01 
9.999976e+01 
9.999976e+01 
9.999976e+01 
9.999976e+01 
9.999976e+01 
9.999976e+01 
9.999976e+01 
9.999976e+01 
9.999977e+01 
9.999977e+01 
9.999977e+01 
9.999977e+01 
9.999978e+01 
9.999979e+01 
9.999980e+01 
9.999982e+01 
9.999984e+01 
9.999987e+01 
9.999990e+01 
9.999993e+01 
9.999996e+01 
9.999998e+01 
9.999999e+01 
9.999999e+01 
9.999999e+01 
1.000000e+02 
1.000000e+02 
1.000000e+02 

1.000000e+02 
1.000000e+02 
1.000000e+02 
1.000000e+02 
9.999999e+01 
9.999999e+01 
9.999999e+01 
9.999998e+01 
9.999997e+01 
9.999995e+01 
9.999994e+01 
9.999993e+01 
9.999993e+01 
9.999992e+01 
9.999992e+01 
9.999992e+01 
9.999992e+01 
9.999991e+01 
9.999991e+01 
9.999991e+01 
9.999991e+01 
9.999991e+01 
9.999991e+01 
9.999991e+01 
9.999991e+01 
9.999991e+01 
9.999991e+01 
9.999991e+01 
9.999991e+01 
9.999991e+01 
9.999991e+01 
9.999991e+01 
9.999991e+01 
9.999991e+01 
9.999991e+01 
9.999991e+01 
9.999991e+01 
9.999991e+01 
9.999991e+01 
9.999991e+01 
9.999991e+01 
9.999991e+01 
9.999991e+01 
9.999991e+01 
9.999991e+01 
9.999991e+01 
9.999991e+01 
9.999991e+01 
9.999991e+01 
9.999991e+01 
9.999991e+01 
9.999992e+01 
9.999992e+01 
9.999992e+01 
9.999993e+01 
9.999994e+01 
9.999995e+01 
9.999996e+01 
9.999997e+01 
9.999998e+01 
9.999999e+01 
9.999999e+01 
1.000000e+02 
1.000000e+02 
1.000000e+02 
1.000000e+02 

1.000000e+02 
1.000000e+02 
1.000000e+02 
1.000000e+02 
1.000000e+02 
1.000000e+02 
9.999999e+01 
9.999999e+01 
9.999999e+01 
9.999998e+01 
9.999998e+01 
9.999998e+01 
9.999998e+01 
9.999998e+01 
9.999998e+01 
9.999998e+01 
9.999998e+01 
9.999998e+01 
9.999998e+01 
9.999998e+01 
9.999998e+01 
9.999998e+01 
9.999998e+01 
9.999998e+01 
9.999998e+01 
9.999998e+01 
9.999998e+01 
9.999998e+01 
9.999998e+01 
9.999998e+01 
9.999998e+01 
9.999998e+01 
9.999998e+01 
9.999998e+01 
9.999998e+01 
9.999998e+01 
9.999998e+01 
9.999998e+01 
9.999998e+01 
9.999998e+01 
9.999998e+01 
9.999998e+01 
9.999998e+01 
9.999998e+01 
9.999998e+01 
9.999998e+01 
9.999998e+01 
9.999998e+01 
9.999998e+01 
9.999998e+01 
9.999998e+01 
9.999998e+01 
9.999998e+01 
9.999998e+01 
9.999998e+01 
9.999998e+01 
9.999998e+01 
9.999999e+01 
9.999999e+01 
9.999999e+01 
1.000000e+02 
1.000000e+02 
1.000000e+02 
1.000000e+02 
1.000000e+02 
1.000000e+02 

1.000000e+02 
1.000000e+02 
1.000000e+02 
1.000000e+02 
1.000000e+02 
1.000000e+02 
1.000000e+02 
1.000000e+02 
1.000000e+02 
1.000000e+02 
1.000000e+02 
1.000000e+02 
1.000000e+02 
1.000000e+02 
1.000000e+02 
1.000000e+02 
1.000000e+02 
1.000000e+02 
1.000000e+02 
1.000000e+02 
1.000000e+02 
1.000000e+02 
1.000000e+02 
1.000000e+02 
1.000000e+02 
1.000000e+02 
1.000000e+02 
1.000000e+02 
1.000000e+02 
1.000000e+02 
1.000000e+02 
1.000000e+02 
1.000000e+02 
1.000000e+02 
1.000000e+02 
1.000000e+02 
1.000000e+02 
1.000000e+02 
1.000000e+02 
1.000000e+02 
1.000000e+02 
1.000000e+02 
1.000000e+02 
1.000000e+02 
1.000000e+02 
1.000000e+02 
1.000000e+02 
1.000000e+02 
1.000000e+02 
1.000000e+02 
1.000000e+02 
1.000000e+02 
1.000000e+02 
1.000000e+02 
1.000000e+02 
1.000000e+02 
1.000000e+02 
1.000000e+02 
1.000000e+02 
1.000000e+02 
1.000000e+02 
1.000000e+02 
1.000000e+02 
1.000000e+02 
1.000000e+02 
1.000000e+02 

1.000000e+02 
1.000000e+02 
1.000000e+02 
1.000000e+02 
1.000000e+02 
1.000000e+02 
1.000000e+02 
1.000000e+02 
1.000000e+02 
1.000000e+02 
1.000000e+02 
1.000000e+02 
1.000000e+02 
1.000000e+02 
1.000000e+02 
1.000000e+02 
1.000000e+02 
1.000000e+02 
1.000000e+02 
1.000000e+02 
1.000000e+02 
1.000000e+02 
1.000000e+02 
1.000000e+02 
1.000000e+02 
1.000000e+02 
1.000000e+02 
1.000000e+02 
1.000000e+02 
1.000000e+02 
1.000000e+02 
1.000000e+02 
1.000000e+02 
1.000000e+02 
1.000000e+02 
1.000000e+02 
1.000000e+02 
1.000000e+02 
1.000000e+02 
1.000000e+02 
1.000000e+02 
1.000000e+02 
1.000000e+02 
1.000000e+02 
1.000000e+02 
1.000000e+02 
1.000000e+02 
1.000000e+02 
1.000000e+02 
1.000000e+02 
1.000000e+02 
1.000000e+02 
1.000000e+02 
1.000000e+02 
1.000000e+02 
1.000000e+02 
1.000000e+02 
1.000000e+02 
1.000000e+02 
1.000000e+02 
1.000000e+02 
1.000000e+02 
1.000000e+02 
1.000000e+02 
1.000000e+02 
1.000000e+02 

1.000000e+02 
1.000000e+02 
1.000000e+02 
1.000000e+02 
1.000000e+02 
1.000000e+02 
1.000000e+02 
1.000000e+02 
1.000000e+02 
1.000000e+02 
1.000000e+02 
1.000000e+02 
1.000000e+02 
1.000000e+02 
1.000000e+02 
1.000000e+02 
1.000000e+02 
1.000000e+02 
1.000000e+02 
1.000000e+02 
1.000000e+02 
1.000000e+02 
1.000000e+02 
1.000000e+02 
1.000000e+02 
1.000000e+02 
1.000000e+02 
1.000000e+02 
1.000000e+02 
1.000000e+02 
1.000000e+02 
1.000000e+02 
1.000000e+02 
1.000000e+02 
1.000000e+02 
1.000000e+02 
1.000000e+02 
1.000000e+02 
1.000000e+02 
1.000000e+02 
1.000000e+02 
1.000000e+02 
1.000000e+02 
1.000000e+02 
1.000000e+02 
1.000000e+02 
1.000000e+02 
1.000000e+02 
1.000000e+02 
1.000000e+02 
1.000000e+02 
1.000000e+02 
1.000000e+02 
1.000000e+02 
1.000000e+02 
1.000000e+02 
1.000000e+02 
1.000000e+02 
1.000000e+02 
1.000000e+02 
1.000000e+02 
1.000000e+02 
1.000000e+02 
1.000000e+02 
1.000000e+02 
1.000000e+02 

1.000000e+02 
1.000000e+02 
1.000000e+02 
1.000000e+02 
1.000000e+02 
1.000000e+02 
1.000000e+02 
1.000000e+02 
1.000000e+02 
1.000000e+02 
1.000000e+02 
1.000000e+02 
1.000000e+02 
1.000000e+02 
1.000000e+02 
1.000000e+02 
1.000000e+02 
1.000000e+02 
1.000000e+02 
1.000000e+02 
1.000000e+02 
1.000000e+02 
1.000000e+02 
1.000000e+02 
1.000000e+02 
1.000000e+02 
1.000000e+02 
1.000000e+02 
1.000000e+02 
1.000000e+02 
1.000000e+02 
1.000000e+02 
1.000000e+02 
1.000000e+02 
1.000000e+02 
1.000000e+02 
1.000000e+02 
1.000000e+02 
1.000000e+02 
1.000000e+02 
1.000000e+02 
1.000000e+02 
1.000000e+02 
1.000000e+02 
1.000000e+02 
1.000000e+02 
1.000000e+02 
1.000000e+02 
1.000000e+02 
1.000000e+02 
1.000000e+02 
1.000000e+02 
1.000000e+02 
1.000000e+02 
1.000000e+02 
1.000000e+02 
1.000000e+02 
1.000000e+02 
1.000000e+02 
1.000000e+02 
1.000000e+02 
1.000000e+02 
1.000000e+02 
1.000000e+02 
1.000000e+02 
1.000000e+02 

