1.000000e+02 
1.000000e+02 
1.000000e+02 
1.000000e+02 
1.000000e+02 
1.000000e+02 
1.000000e+02 
1.000000e+02 
1.000000e+02 
1.000000e+02 
1.000000e+02 
1.000000e+02 
1.000000e+02 
1.000000e+02 
1.000000e+02 
1.000000e+02 
1.000000e+02 
1.000000e+02 
1.000000e+02 
1.000000e+02 
1.000000e+02 
1.000000e+02 
1.000000e+02 
1.000000e+02 
1.000000e+02 
1.000000e+02 
1.000000e+02 
1.000000e+02 
1.000000e+02 
1.000000e+02 
1.000000e+02 
1.000000e+02 
1.000000e+02 
1.000000e+02 
1.000000e+02 
1.000000e+02 
1.000000e+02 
1.000000e+02 
1.000000e+02 
1.000000e+02 
1.000000e+02 
1.000000e+02 
1.000000e+02 
1.000000e+02 
1.000000e+02 
1.000000e+02 
1.000000e+02 
1.000000e+02 
1.000000e+02 
1.000000e+02 
1.000000e+02 
1.000000e+02 
1.000000e+02 
1.000000e+02 
1.000000e+02 
1.000000e+02 
1.000000e+02 
1.000000e+02 
1.000000e+02 
1.000000e+02 
1.000000e+02 
1.000000e+02 
1.000000e+02 
1.000000e+02 
1.000000e+02 
1.000000e+02 

1.000000e+02 
1.000000e+02 
1.000000e+02 
1.000000e+02 
1.000000e+02 
1.000000e+02 
1.000000e+02 
1.000000e+02 
1.000000e+02 
1.000000e+02 
1.000000e+02 
1.000000e+02 
1.000000e+02 
1.000000e+02 
1.000000e+02 
1.000000e+02 
1.000000e+02 
1.000000e+02 
1.000000e+02 
1.000000e+02 
1.000000e+02 
1.000000e+02 
1.000000e+02 
1.000000e+02 
1.000000e+02 
1.000000e+02 
1.000000e+02 
1.000000e+02 
1.000000e+02 
1.000000e+02 
1.000000e+02 
1.000000e+02 
1.000000e+02 
1.000000e+02 
1.000000e+02 
1.000000e+02 
1.000000e+02 
1.000000e+02 
1.000000e+02 
1.000000e+02 
1.000000e+02 
1.000000e+02 
1.000000e+02 
1.000000e+02 
1.000000e+02 
1.000000e+02 
1.000000e+02 
1.000000e+02 
1.000000e+02 
1.000000e+02 
1.000000e+02 
1.000000e+02 
1.000000e+02 
1.000000e+02 
1.000000e+02 
1.000000e+02 
1.000000e+02 
1.000000e+02 
1.000000e+02 
1.000000e+02 
1.000000e+02 
1.000000e+02 
1.000000e+02 
1.000000e+02 
1.000000e+02 
1.000000e+02 

1.000000e+02 
1.000000e+02 
1.000000e+02 
1.000000e+02 
1.000000e+02 
1.000000e+02 
1.000000e+02 
1.000000e+02 
9.999999e+01 
9.999999e+01 
9.999999e+01 
9.999999e+01 
9.999999e+01 
9.999999e+01 
9.999999e+01 
9.999999e+01 
9.999999e+01 
9.999999e+01 
9.999999e+01 
9.999999e+01 
9.999999e+01 
9.999999e+01 
9.999999e+01 
9.999999e+01 
9.999999e+01 
9.999999e+01 
9.999999e+01 
9.999999e+01 
9.999999e+01 
9.999999e+01 
9.999999e+01 
9.999999e+01 
9.999999e+01 
9.999999e+01 
9.999999e+01 
9.999999e+01 
9.999999e+01 
9.999999e+01 
9.999999e+01 
9.999999e+01 
9.999999e+01 
9.999999e+01 
9.999999e+01 
9.999999e+01 
9.999999e+01 
9.999999e+01 
9.999999e+01 
9.999999e+01 
9.999999e+01 
9.999999e+01 
9.999999e+01 
9.999999e+01 
9.999999e+01 
9.999999e+01 
9.999999e+01 
9.999999e+01 
9.999999e+01 
9.999999e+01 
1.000000e+02 
1.000000e+02 
1.000000e+02 
1.000000e+02 
1.000000e+02 
1.000000e+02 
1.000000e+02 
1.000000e+02 

1.000000e+02 
1.000000e+02 
1.000000e+02 
1.000000e+02 
1.000000e+02 
9.999999e+01 
9.999999e+01 
9.999999e+01 
9.999999e+01 
9.999999e+01 
9.999999e+01 
9.999999e+01 
9.999999e+01 
9.999999e+01 
9.999999e+01 
9.999999e+01 
9.999999e+01 
9.999999e+01 
9.999999e+01 
9.999999e+01 
9.999999e+01 
9.999999e+01 
9.999999e+01 
9.999999e+01 
9.999999e+01 
9.999999e+01 
9.999999e+01 
9.999999e+01 
9.999999e+01 
9.999999e+01 
9.999999e+01 
9.999999e+01 
9.999999e+01 
9.999999e+01 
9.999999e+01 
9.999999e+01 
9.999999e+01 
9.999999e+01 
9.999999e+01 
9.999999e+01 
9.999999e+01 
9.999999e+01 
9.999999e+01 
9.999999e+01 
9.999999e+01 
9.999999e+01 
9.999999e+01 
9.999999e+01 
9.999999e+01 
9.999999e+01 
9.999999e+01 
9.999999e+01 
9.999999e+01 
9.999999e+01 
9.999999e+01 
9.999999e+01 
9.999999e+01 
9.999999e+01 
9.999999e+01 
9.999999e+01 
9.999999e+01 
1.000000e+02 
1.000000e+02 
1.000000e+02 
1.000000e+02 
1.000000e+02 

1.000000e+02 
1.000000e+02 
1.000000e+02 
1.000000e+02 
9.999999e+01 
9.999999e+01 
9.999999e+01 
9.999999e+01 
9.999999e+01 
9.999999e+01 
9.999999e+01 
9.999999e+01 
9.999999e+01 
9.999999e+01 
9.999999e+01 
9.999999e+01 
9.999999e+01 
9.999999e+01 
9.999999e+01 
9.999999e+01 
9.999999e+01 
9.999999e+01 
9.999999e+01 
9.999999e+01 
9.999999e+01 
9.999999e+01 
9.999999e+01 
9.999999e+01 
9.999999e+01 
9.999999e+01 
9.999999e+01 
9.999999e+01 
9.999999e+01 
9.999999e+01 
9.999999e+01 
9.999999e+01 
9.999999e+01 
9.999999e+01 
9.999999e+01 
9.999999e+01 
9.999999e+01 
9.999999e+01 
9.999999e+01 
9.999999e+01 
9.999999e+01 
9.999999e+01 
9.999999e+01 
9.999999e+01 
9.999999e+01 
9.999999e+01 
9.999999e+01 
9.999999e+01 
9.999999e+01 
9.999999e+01 
9.999999e+01 
9.999999e+01 
9.999999e+01 
9.999999e+01 
9.999999e+01 
9.999999e+01 
9.999999e+01 
9.999999e+01 
1.000000e+02 
1.000000e+02 
1.000000e+02 
1.000000e+02 

1.000000e+02 
1.000000e+02 
1.000000e+02 
1.000000e+02 
9.999999e+01 
9.999998e+01 
9.999998e+01 
9.999999e+01 
1.000000e+02 
1.000000e+02 
1.000000e+02 
1.000000e+02 
1.000000e+02 
1.000000e+02 
1.000001e+02 
1.000001e+02 
1.000001e+02 
1.000001e+02 
1.000001e+02 
1.000001e+02 
1.000001e+02 
1.000001e+02 
1.000001e+02 
1.000001e+02 
1.000001e+02 
1.000001e+02 
1.000001e+02 
1.000001e+02 
1.000001e+02 
1.000001e+02 
1.000001e+02 
1.000001e+02 
1.000001e+02 
1.000001e+02 
1.000001e+02 
1.000001e+02 
1.000001e+02 
1.000001e+02 
1.000001e+02 
1.000001e+02 
1.000001e+02 
1.000001e+02 
1.000001e+02 
1.000001e+02 
1.000001e+02 
1.000001e+02 
1.000001e+02 
1.000001e+02 
1.000001e+02 
1.000001e+02 
1.000001e+02 
1.000001e+02 
1.000000e+02 
1.000000e+02 
1.000000e+02 
1.000000e+02 
1.000000e+02 
1.000000e+02 
9.999999e+01 
9.999998e+01 
9.999998e+01 
9.999999e+01 
1.000000e+02 
1.000000e+02 
1.000000e+02 
1.000000e+02 

1.000000e+02 
1.000000e+02 
1.000000e+02 
1.000000e+02 
9.999999e+01 
9.999998e+01 
9.999997e+01 
9.999999e+01 
1.000000e+02 
1.000001e+02 
1.000001e+02 
1.000002e+02 
1.000002e+02 
1.000002e+02 
1.000002e+02 
1.000002e+02 
1.000003e+02 
1.000003e+02 
1.000003e+02 
1.000003e+02 
1.000003e+02 
1.000003e+02 
1.000003e+02 
1.000003e+02 
1.000003e+02 
1.000003e+02 
1.000003e+02 
1.000003e+02 
1.000003e+02 
1.000003e+02 
1.000003e+02 
1.000003e+02 
1.000003e+02 
1.000003e+02 
1.000003e+02 
1.000003e+02 
1.000003e+02 
1.000003e+02 
1.000003e+02 
1.000003e+02 
1.000003e+02 
1.000003e+02 
1.000003e+02 
1.000003e+02 
1.000003e+02 
1.000003e+02 
1.000003e+02 
1.000003e+02 
1.000003e+02 
1.000003e+02 
1.000002e+02 
1.000002e+02 
1.000002e+02 
1.000002e+02 
1.000002e+02 
1.000001e+02 
1.000001e+02 
1.000000e+02 
9.999999e+01 
9.999997e+01 
9.999998e+01 
9.999999e+01 
1.000000e+02 
1.000000e+02 
1.000000e+02 
1.000000e+02 

1.000000e+02 
1.000000e+02 
1.000000e+02 
1.000000e+02 
9.999998e+01 
9.999996e+01 
9.999995e+01 
9.999997e+01 
1.000000e+02 
1.000001e+02 
1.000003e+02 
1.000004e+02 
1.000005e+02 
1.000006e+02 
1.000007e+02 
1.000007e+02 
1.000007e+02 
1.000008e+02 
1.000008e+02 
1.000008e+02 
1.000008e+02 
1.000008e+02 
1.000008e+02 
1.000008e+02 
1.000008e+02 
1.000008e+02 
1.000008e+02 
1.000008e+02 
1.000008e+02 
1.000008e+02 
1.000008e+02 
1.000008e+02 
1.000008e+02 
1.000008e+02 
1.000008e+02 
1.000008e+02 
1.000008e+02 
1.000008e+02 
1.000008e+02 
1.000008e+02 
1.000008e+02 
1.000008e+02 
1.000008e+02 
1.000008e+02 
1.000008e+02 
1.000008e+02 
1.000008e+02 
1.000008e+02 
1.000008e+02 
1.000007e+02 
1.000007e+02 
1.000007e+02 
1.000006e+02 
1.000005e+02 
1.000004e+02 
1.000003e+02 
1.000001e+02 
1.000000e+02 
9.999997e+01 
9.999995e+01 
9.999996e+01 
9.999998e+01 
1.000000e+02 
1.000000e+02 
1.000000e+02 
1.000000e+02 

1.000000e+02 
1.000000e+02 
1.000000e+02 
9.999999e+01 
9.999998e+01 
9.999995e+01 
9.999992e+01 
9.999993e+01 
1.000000e+02 
1.000002e+02 
1.000004e+02 
1.000007e+02 
1.000010e+02 
1.000013e+02 
1.000015e+02 
1.000016e+02 
1.000017e+02 
1.000018e+02 
1.000019e+02 
1.000019e+02 
1.000019e+02 
1.000019e+02 
1.000020e+02 
1.000020e+02 
1.000020e+02 
1.000020e+02 
1.000020e+02 
1.000020e+02 
1.000020e+02 
1.000020e+02 
1.000020e+02 
1.000020e+02 
1.000020e+02 
1.000020e+02 
1.000020e+02 
1.000020e+02 
1.000020e+02 
1.000020e+02 
1.000020e+02 
1.000020e+02 
1.000020e+02 
1.000020e+02 
1.000020e+02 
1.000020e+02 
1.000019e+02 
1.000019e+02 
1.000019e+02 
1.000019e+02 
1.000018e+02 
1.000017e+02 
1.000016e+02 
1.000015e+02 
1.000013e+02 
1.000010e+02 
1.000008e+02 
1.000005e+02 
1.000002e+02 
1.000000e+02 
9.999992e+01 
9.999991e+01 
9.999994e+01 
9.999997e+01 
9.999999e+01 
1.000000e+02 
1.000000e+02 
1.000000e+02 

1.000000e+02 
1.000000e+02 
1.000000e+02 
9.999999e+01 
9.999997e+01 
9.999993e+01 
9.999988e+01 
9.999985e+01 
9.999990e+01 
1.000001e+02 
1.000005e+02 
1.000011e+02 
1.000018e+02 
1.000024e+02 
1.000029e+02 
1.000033e+02 
1.000037e+02 
1.000039e+02 
1.000040e+02 
1.000042e+02 
1.000042e+02 
1.000043e+02 
1.000043e+02 
1.000044e+02 
1.000044e+02 
1.000044e+02 
1.000044e+02 
1.000044e+02 
1.000045e+02 
1.000045e+02 
1.000045e+02 
1.000045e+02 
1.000045e+02 
1.000045e+02 
1.000045e+02 
1.000045e+02 
1.000045e+02 
1.000045e+02 
1.000044e+02 
1.000044e+02 
1.000044e+02 
1.000044e+02 
1.000044e+02 
1.000043e+02 
1.000043e+02 
1.000043e+02 
1.000042e+02 
1.000041e+02 
1.000039e+02 
1.000037e+02 
1.000034e+02 
1.000029e+02 
1.000024e+02 
1.000018e+02 
1.000011e+02 
1.000006e+02 
1.000001e+02 
9.999990e+01 
9.999984e+01 
9.999987e+01 
9.999993e+01 
9.999997e+01 
9.999999e+01 
1.000000e+02 
1.000000e+02 
1.000000e+02 

1.000000e+02 
1.000000e+02 
1.000000e+02 
9.999999e+01 
9.999997e+01 
9.999991e+01 
9.999983e+01 
9.999975e+01 
9.999973e+01 
9.999991e+01 
1.000004e+02 
1.000013e+02 
1.000025e+02 
1.000038e+02 
1.000051e+02 
1.000062e+02 
1.000070e+02 
1.000077e+02 
1.000081e+02 
1.000085e+02 
1.000087e+02 
1.000089e+02 
1.000090e+02 
1.000091e+02 
1.000092e+02 
1.000092e+02 
1.000093e+02 
1.000093e+02 
1.000094e+02 
1.000094e+02 
1.000094e+02 
1.000095e+02 
1.000095e+02 
1.000095e+02 
1.000095e+02 
1.000094e+02 
1.000094e+02 
1.000094e+02 
1.000093e+02 
1.000093e+02 
1.000092e+02 
1.000092e+02 
1.000091e+02 
1.000090e+02 
1.000089e+02 
1.000087e+02 
1.000085e+02 
1.000082e+02 
1.000077e+02 
1.000071e+02 
1.000062e+02 
1.000051e+02 
1.000039e+02 
1.000026e+02 
1.000013e+02 
1.000004e+02 
9.999990e+01 
9.999972e+01 
9.999974e+01 
9.999982e+01 
9.999991e+01 
9.999997e+01 
9.999999e+01 
1.000000e+02 
1.000000e+02 
1.000000e+02 

1.000000e+02 
1.000000e+02 
1.000000e+02 
9.999999e+01 
9.999996e+01 
9.999990e+01 
9.999979e+01 
9.999964e+01 
9.999951e+01 
9.999953e+01 
9.999996e+01 
1.000010e+02 
1.000028e+02 
1.000052e+02 
1.000078e+02 
1.000102e+02 
1.000123e+02 
1.000140e+02 
1.000153e+02 
1.000162e+02 
1.000169e+02 
1.000174e+02 
1.000177e+02 
1.000180e+02 
1.000182e+02 
1.000184e+02 
1.000186e+02 
1.000187e+02 
1.000188e+02 
1.000189e+02 
1.000190e+02 
1.000191e+02 
1.000191e+02 
1.000191e+02 
1.000191e+02 
1.000190e+02 
1.000190e+02 
1.000189e+02 
1.000187e+02 
1.000186e+02 
1.000184e+02 
1.000183e+02 
1.000180e+02 
1.000178e+02 
1.000174e+02 
1.000170e+02 
1.000163e+02 
1.000153e+02 
1.000141e+02 
1.000124e+02 
1.000103e+02 
1.000079e+02 
1.000053e+02 
1.000029e+02 
1.000011e+02 
9.999996e+01 
9.999952e+01 
9.999949e+01 
9.999963e+01 
9.999978e+01 
9.999990e+01 
9.999996e+01 
9.999999e+01 
1.000000e+02 
1.000000e+02 
1.000000e+02 

1.000000e+02 
1.000000e+02 
1.000000e+02 
9.999999e+01 
9.999996e+01 
9.999989e+01 
9.999976e+01 
9.999956e+01 
9.999929e+01 
9.999907e+01 
9.999919e+01 
1.000001e+02 
1.000022e+02 
1.000057e+02 
1.000102e+02 
1.000150e+02 
1.000196e+02 
1.000236e+02 
1.000268e+02 
1.000292e+02 
1.000310e+02 
1.000324e+02 
1.000334e+02 
1.000341e+02 
1.000347e+02 
1.000352e+02 
1.000357e+02 
1.000361e+02 
1.000365e+02 
1.000367e+02 
1.000370e+02 
1.000371e+02 
1.000372e+02 
1.000372e+02 
1.000371e+02 
1.000370e+02 
1.000368e+02 
1.000365e+02 
1.000362e+02 
1.000358e+02 
1.000353e+02 
1.000348e+02 
1.000342e+02 
1.000335e+02 
1.000325e+02 
1.000312e+02 
1.000294e+02 
1.000269e+02 
1.000237e+02 
1.000198e+02 
1.000152e+02 
1.000103e+02 
1.000058e+02 
1.000023e+02 
1.000001e+02 
9.999919e+01 
9.999905e+01 
9.999926e+01 
9.999954e+01 
9.999975e+01 
9.999989e+01 
9.999996e+01 
9.999999e+01 
1.000000e+02 
1.000000e+02 
1.000000e+02 

1.000000e+02 
1.000000e+02 
1.000000e+02 
9.999999e+01 
9.999996e+01 
9.999989e+01 
9.999974e+01 
9.999948e+01 
9.999909e+01 
9.999860e+01 
9.999826e+01 
9.999860e+01 
1.000004e+02 
1.000045e+02 
1.000109e+02 
1.000191e+02 
1.000279e+02 
1.000363e+02 
1.000435e+02 
1.000494e+02 
1.000540e+02 
1.000574e+02 
1.000600e+02 
1.000620e+02 
1.000636e+02 
1.000650e+02 
1.000663e+02 
1.000674e+02 
1.000684e+02 
1.000692e+02 
1.000698e+02 
1.000702e+02 
1.000704e+02 
1.000704e+02 
1.000702e+02 
1.000699e+02 
1.000693e+02 
1.000685e+02 
1.000676e+02 
1.000665e+02 
1.000652e+02 
1.000638e+02 
1.000622e+02 
1.000603e+02 
1.000577e+02 
1.000543e+02 
1.000497e+02 
1.000438e+02 
1.000366e+02 
1.000282e+02 
1.000194e+02 
1.000111e+02 
1.000046e+02 
1.000005e+02 
9.999862e+01 
9.999824e+01 
9.999857e+01 
9.999906e+01 
9.999946e+01 
9.999973e+01 
9.999988e+01 
9.999996e+01 
9.999999e+01 
1.000000e+02 
1.000000e+02 
1.000000e+02 

1.000000e+02 
1.000000e+02 
1.000000e+02 
9.999999e+01 
9.999996e+01 
9.999988e+01 
9.999972e+01 
9.999943e+01 
9.999893e+01 
9.999819e+01 
9.999732e+01 
9.999679e+01 
9.999759e+01 
1.000011e+02 
1.000086e+02 
1.000201e+02 
1.000345e+02 
1.000500e+02 
1.000647e+02 
1.000776e+02 
1.000881e+02 
1.000964e+02 
1.001028e+02 
1.001077e+02 
1.001117e+02 
1.001154e+02 
1.001188e+02 
1.001218e+02 
1.001244e+02 
1.001265e+02 
1.001281e+02 
1.001292e+02 
1.001298e+02 
1.001298e+02 
1.001293e+02 
1.001283e+02 
1.001267e+02 
1.001246e+02 
1.001221e+02 
1.001192e+02 
1.001158e+02 
1.001121e+02 
1.001081e+02 
1.001033e+02 
1.000969e+02 
1.000886e+02 
1.000781e+02 
1.000653e+02 
1.000505e+02 
1.000350e+02 
1.000205e+02 
1.000088e+02 
1.000013e+02 
9.999764e+01 
9.999678e+01 
9.999729e+01 
9.999815e+01 
9.999890e+01 
9.999941e+01 
9.999971e+01 
9.999988e+01 
9.999996e+01 
9.999999e+01 
1.000000e+02 
1.000000e+02 
1.000000e+02 

1.000000e+02 
1.000000e+02 
1.000000e+02 
9.999999e+01 
9.999996e+01 
9.999988e+01 
9.999971e+01 
9.999939e+01 
9.999881e+01 
9.999786e+01 
9.999649e+01 
9.999497e+01 
9.999420e+01 
9.999593e+01 
1.000025e+02 
1.000157e+02 
1.000355e+02 
1.000600e+02 
1.000862e+02 
1.001111e+02 
1.001331e+02 
1.001513e+02 
1.001658e+02 
1.001772e+02 
1.001868e+02 
1.001959e+02 
1.002043e+02 
1.002119e+02 
1.002184e+02 
1.002239e+02 
1.002280e+02 
1.002309e+02 
1.002323e+02 
1.002324e+02 
1.002310e+02 
1.002283e+02 
1.002242e+02 
1.002189e+02 
1.002124e+02 
1.002050e+02 
1.001966e+02 
1.001876e+02 
1.001780e+02 
1.001666e+02 
1.001521e+02 
1.001340e+02 
1.001121e+02 
1.000871e+02 
1.000608e+02 
1.000362e+02 
1.000161e+02 
1.000028e+02 
9.999605e+01 
9.999421e+01 
9.999493e+01 
9.999644e+01 
9.999781e+01 
9.999877e+01 
9.999936e+01 
9.999970e+01 
9.999987e+01 
9.999996e+01 
9.999999e+01 
1.000000e+02 
1.000000e+02 
1.000000e+02 

1.000000e+02 
1.000000e+02 
1.000000e+02 
9.999999e+01 
9.999996e+01 
9.999988e+01 
9.999971e+01 
9.999936e+01 
9.999873e+01 
9.999761e+01 
9.999582e+01 
9.999337e+01 
9.999081e+01 
9.998981e+01 
9.999338e+01 
1.000052e+02 
1.000276e+02 
1.000604e+02 
1.001004e+02 
1.001427e+02 
1.001831e+02 
1.002188e+02 
1.002489e+02 
1.002732e+02 
1.002945e+02 
1.003151e+02 
1.003346e+02 
1.003524e+02 
1.003681e+02 
1.003812e+02 
1.003915e+02 
1.003985e+02 
1.004021e+02 
1.004022e+02 
1.003988e+02 
1.003919e+02 
1.003818e+02 
1.003688e+02 
1.003532e+02 
1.003356e+02 
1.003162e+02 
1.002957e+02 
1.002744e+02 
1.002501e+02 
1.002201e+02 
1.001844e+02 
1.001439e+02 
1.001015e+02 
1.000614e+02 
1.000283e+02 
1.000056e+02 
9.999359e+01 
9.998986e+01 
9.999077e+01 
9.999329e+01 
9.999575e+01 
9.999755e+01 
9.999868e+01 
9.999933e+01 
9.999969e+01 
9.999987e+01 
9.999996e+01 
9.999999e+01 
1.000000e+02 
1.000000e+02 
1.000000e+02 

1.000000e+02 
1.000000e+02 
1.000000e+02 
9.999999e+01 
9.999996e+01 
9.999988e+01 
9.999970e+01 
9.999935e+01 
9.999867e+01 
9.999743e+01 
9.999531e+01 
9.999206e+01 
9.998779e+01 
9.998369e+01 
9.998272e+01 
9.998975e+01 
1.000101e+02 
1.000467e+02 
1.000986e+02 
1.001605e+02 
1.002256e+02 
1.002878e+02 
1.003432e+02 
1.003901e+02 
1.004330e+02 
1.004757e+02 
1.005171e+02 
1.005561e+02 
1.005912e+02 
1.006212e+02 
1.006449e+02 
1.006613e+02 
1.006698e+02 
1.006699e+02 
1.006616e+02 
1.006454e+02 
1.006219e+02 
1.005921e+02 
1.005571e+02 
1.005183e+02 
1.004770e+02 
1.004344e+02 
1.003917e+02 
1.003447e+02 
1.002893e+02 
1.002271e+02 
1.001619e+02 
1.000998e+02 
1.000476e+02 
1.000107e+02 
9.999006e+01 
9.998281e+01 
9.998365e+01 
9.998770e+01 
9.999195e+01 
9.999522e+01 
9.999736e+01 
9.999862e+01 
9.999931e+01 
9.999968e+01 
9.999987e+01 
9.999996e+01 
9.999999e+01 
1.000000e+02 
1.000000e+02 
1.000000e+02 

1.000000e+02 
1.000000e+02 
1.000000e+02 
9.999999e+01 
9.999996e+01 
9.999988e+01 
9.999970e+01 
9.999933e+01 
9.999862e+01 
9.999729e+01 
9.999493e+01 
9.999104e+01 
9.998531e+01 
9.997821e+01 
9.997205e+01 
9.997189e+01 
9.998502e+01 
1.000185e+02 
1.000756e+02 
1.001535e+02 
1.002446e+02 
1.003392e+02 
1.004296e+02 
1.005104e+02 
1.005876e+02 
1.006677e+02 
1.007482e+02 
1.008264e+02 
1.008989e+02 
1.009625e+02 
1.010136e+02 
1.010495e+02 
1.010681e+02 
1.010681e+02 
1.010497e+02 
1.010138e+02 
1.009628e+02 
1.008994e+02 
1.008270e+02 
1.007489e+02 
1.006685e+02 
1.005886e+02 
1.005116e+02 
1.004307e+02 
1.003405e+02 
1.002458e+02 
1.001547e+02 
1.000765e+02 
1.000191e+02 
9.998537e+01 
9.997199e+01 
9.997199e+01 
9.997807e+01 
9.998516e+01 
9.999091e+01 
9.999482e+01 
9.999722e+01 
9.999857e+01 
9.999930e+01 
9.999968e+01 
9.999987e+01 
9.999996e+01 
9.999999e+01 
1.000000e+02 
1.000000e+02 
1.000000e+02 

1.000000e+02 
1.000000e+02 
1.000000e+02 
9.999999e+01 
9.999996e+01 
9.999988e+01 
9.999969e+01 
9.999932e+01 
9.999859e+01 
9.999720e+01 
9.999466e+01 
9.999029e+01 
9.998338e+01 
9.997367e+01 
9.996247e+01 
9.995406e+01 
9.995640e+01 
9.997963e+01 
1.000322e+02 
1.001164e+02 
1.002270e+02 
1.003531e+02 
1.004827e+02 
1.006059e+02 
1.007298e+02 
1.008642e+02 
1.010053e+02 
1.011479e+02 
1.012850e+02 
1.014086e+02 
1.015106e+02 
1.015833e+02 
1.016211e+02 
1.016208e+02 
1.015824e+02 
1.015092e+02 
1.014069e+02 
1.012832e+02 
1.011462e+02 
1.010038e+02 
1.008629e+02 
1.007288e+02 
1.006053e+02 
1.004824e+02 
1.003531e+02 
1.002272e+02 
1.001167e+02 
1.000325e+02 
9.997978e+01 
9.995638e+01 
9.995390e+01 
9.996224e+01 
9.997343e+01 
9.998317e+01 
9.999012e+01 
9.999454e+01 
9.999712e+01 
9.999854e+01 
9.999929e+01 
9.999967e+01 
9.999987e+01 
9.999995e+01 
9.999999e+01 
1.000000e+02 
1.000000e+02 
1.000000e+02 

1.000000e+02 
1.000000e+02 
1.000000e+02 
9.999999e+01 
9.999996e+01 
9.999988e+01 
9.999969e+01 
9.999932e+01 
9.999857e+01 
9.999713e+01 
9.999446e+01 
9.998973e+01 
9.998191e+01 
9.997009e+01 
9.995445e+01 
9.993798e+01 
9.992798e+01 
9.993599e+01 
9.997471e+01 
1.000527e+02 
1.001699e+02 
1.003175e+02 
1.004816e+02 
1.006478e+02 
1.008245e+02 
1.010259e+02 
1.012480e+02 
1.014825e+02 
1.017174e+02 
1.019369e+02 
1.021232e+02 
1.022587e+02 
1.023296e+02 
1.023283e+02 
1.022549e+02 
1.021173e+02 
1.019298e+02 
1.017097e+02 
1.014749e+02 
1.012409e+02 
1.010197e+02 
1.008192e+02 
1.006435e+02 
1.004783e+02 
1.003151e+02 
1.001683e+02 
1.000517e+02 
9.997405e+01 
9.993547e+01 
9.992751e+01 
9.993753e+01 
9.995405e+01 
9.996976e+01 
9.998166e+01 
9.998955e+01 
9.999433e+01 
9.999705e+01 
9.999852e+01 
9.999928e+01 
9.999967e+01 
9.999987e+01 
9.999995e+01 
9.999999e+01 
1.000000e+02 
1.000000e+02 
1.000000e+02 

1.000000e+02 
1.000000e+02 
1.000000e+02 
9.999999e+01 
9.999996e+01 
9.999987e+01 
9.999969e+01 
9.999931e+01 
9.999856e+01 
9.999709e+01 
9.999432e+01 
9.998933e+01 
9.998083e+01 
9.996734e+01 
9.994804e+01 
9.992440e+01 
9.990225e+01 
9.989291e+01 
9.991151e+01 
9.997198e+01 
1.000809e+02 
1.002341e+02 
1.004192e+02 
1.006192e+02 
1.008446e+02 
1.011153e+02 
1.014292e+02 
1.017774e+02 
1.021421e+02 
1.024965e+02 
1.028069e+02 
1.030379e+02 
1.031600e+02 
1.031564e+02 
1.030276e+02 
1.027915e+02 
1.024780e+02 
1.021227e+02 
1.017587e+02 
1.014123e+02 
1.011008e+02 
1.008325e+02 
1.006093e+02 
1.004115e+02 
1.002284e+02 
1.000769e+02 
9.996932e+01 
9.990971e+01 
9.989164e+01 
9.990131e+01 
9.992368e+01 
9.994749e+01 
9.996693e+01 
9.998054e+01 
9.998912e+01 
9.999418e+01 
9.999700e+01 
9.999850e+01 
9.999928e+01 
9.999967e+01 
9.999986e+01 
9.999995e+01 
9.999999e+01 
1.000000e+02 
1.000000e+02 
1.000000e+02 

1.000000e+02 
1.000000e+02 
1.000000e+02 
9.999999e+01 
9.999996e+01 
9.999987e+01 
9.999969e+01 
9.999931e+01 
9.999855e+01 
9.999705e+01 
9.999422e+01 
9.998903e+01 
9.998002e+01 
9.996527e+01 
9.994306e+01 
9.991341e+01 
9.988033e+01 
9.985381e+01 
9.984960e+01 
9.988521e+01 
9.997320e+01 
1.001158e+02 
1.003042e+02 
1.005218e+02 
1.007819e+02 
1.011112e+02 
1.015135e+02 
1.019826e+02 
1.024976e+02 
1.030193e+02 
1.034919e+02 
1.038524e+02 
1.040448e+02 
1.040370e+02 
1.038304e+02 
1.034597e+02 
1.029817e+02 
1.024593e+02 
1.019470e+02 
1.014825e+02 
1.010853e+02 
1.007609e+02 
1.005050e+02 
1.002911e+02 
1.001062e+02 
9.996652e+01 
9.988072e+01 
9.984661e+01 
9.985179e+01 
9.987893e+01 
9.991243e+01 
9.994238e+01 
9.996479e+01 
9.997970e+01 
9.998882e+01 
9.999407e+01 
9.999696e+01 
9.999849e+01 
9.999927e+01 
9.999967e+01 
9.999986e+01 
9.999995e+01 
9.999999e+01 
1.000000e+02 
1.000000e+02 
1.000000e+02 

1.000000e+02 
1.000000e+02 
1.000000e+02 
9.999999e+01 
9.999996e+01 
9.999987e+01 
9.999969e+01 
9.999931e+01 
9.999854e+01 
9.999703e+01 
9.999414e+01 
9.998882e+01 
9.997943e+01 
9.996371e+01 
9.993924e+01 
9.990474e+01 
9.986238e+01 
9.982029e+01 
9.979347e+01 
9.980120e+01 
9.986057e+01 
9.997975e+01 
1.001551e+02 
1.003725e+02 
1.006483e+02 
1.010160e+02 
1.014887e+02 
1.020682e+02 
1.027350e+02 
1.034394e+02 
1.041001e+02 
1.046164e+02 
1.048951e+02 
1.048808e+02 
1.045766e+02 
1.040428e+02 
1.033746e+02 
1.026712e+02 
1.020110e+02 
1.014405e+02 
1.009769e+02 
1.006173e+02 
1.003481e+02 
1.001364e+02 
9.996617e+01 
9.985116e+01 
9.979490e+01 
9.978932e+01 
9.981756e+01 
9.986058e+01 
9.990354e+01 
9.993845e+01 
9.996318e+01 
9.997908e+01 
9.998859e+01 
9.999399e+01 
9.999693e+01 
9.999848e+01 
9.999927e+01 
9.999967e+01 
9.999986e+01 
9.999995e+01 
9.999999e+01 
1.000000e+02 
1.000000e+02 
1.000000e+02 

1.000000e+02 
1.000000e+02 
1.000000e+02 
9.999999e+01 
9.999996e+01 
9.999987e+01 
9.999969e+01 
9.999931e+01 
9.999853e+01 
9.999701e+01 
9.999408e+01 
9.998865e+01 
9.997895e+01 
9.996243e+01 
9.993603e+01 
9.989729e+01 
9.984650e+01 
9.978951e+01 
9.973966e+01 
9.971647e+01 
9.974016e+01 
9.982426e+01 
9.997086e+01 
1.001702e+02 
1.004410e+02 
1.008236e+02 
1.013435e+02 
1.020161e+02 
1.028306e+02 
1.037316e+02 
1.046095e+02 
1.053146e+02 
1.056997e+02 
1.056752e+02 
1.052474e+02 
1.045152e+02 
1.036283e+02 
1.027327e+02 
1.019315e+02 
1.012746e+02 
1.007694e+02 
1.003989e+02 
1.001376e+02 
9.994615e+01 
9.980643e+01 
9.972786e+01 
9.970829e+01 
9.973433e+01 
9.978609e+01 
9.984430e+01 
9.989588e+01 
9.993513e+01 
9.996185e+01 
9.997857e+01 
9.998841e+01 
9.999393e+01 
9.999691e+01 
9.999847e+01 
9.999927e+01 
9.999967e+01 
9.999986e+01 
9.999995e+01 
9.999999e+01 
1.000000e+02 
1.000000e+02 
1.000000e+02 

1.000000e+02 
1.000000e+02 
1.000000e+02 
9.999999e+01 
9.999996e+01 
9.999987e+01 
9.999969e+01 
9.999930e+01 
9.999853e+01 
9.999699e+01 
9.999403e+01 
9.998849e+01 
9.997851e+01 
9.996125e+01 
9.993304e+01 
9.989020e+01 
9.983102e+01 
9.975860e+01 
9.968358e+01 
9.962434e+01 
9.960281e+01 
9.963719e+01 
9.973579e+01 
9.989463e+01 
1.001340e+02 
1.004993e+02 
1.010310e+02 
1.017650e+02 
1.027095e+02 
1.038127e+02 
1.049371e+02 
1.058696e+02 
1.063852e+02 
1.063446e+02 
1.057597e+02 
1.047872e+02 
1.036544e+02 
1.025654e+02 
1.016453e+02 
1.009368e+02 
1.004269e+02 
1.000790e+02 
9.985253e+01 
9.970415e+01 
9.961450e+01 
9.958723e+01 
9.961403e+01 
9.967695e+01 
9.975441e+01 
9.982840e+01 
9.988858e+01 
9.993203e+01 
9.996062e+01 
9.997811e+01 
9.998824e+01 
9.999387e+01 
9.999689e+01 
9.999847e+01 
9.999927e+01 
9.999967e+01 
9.999986e+01 
9.999995e+01 
9.999999e+01 
1.000000e+02 
1.000000e+02 
1.000000e+02 

1.000000e+02 
1.000000e+02 
1.000000e+02 
9.999999e+01 
9.999996e+01 
9.999987e+01 
9.999969e+01 
9.999930e+01 
9.999852e+01 
9.999698e+01 
9.999398e+01 
9.998835e+01 
9.997811e+01 
9.996018e+01 
9.993030e+01 
9.988360e+01 
9.981628e+01 
9.972835e+01 
9.962686e+01 
9.952758e+01 
9.945235e+01 
9.942269e+01 
9.945277e+01 
9.954532e+01 
9.971978e+01 
1.000221e+02 
1.005072e+02 
1.012343e+02 
1.022400e+02 
1.034889e+02 
1.048219e+02 
1.059613e+02 
1.065998e+02 
1.065379e+02 
1.057958e+02 
1.046005e+02 
1.032620e+02 
1.020405e+02 
1.010742e+02 
1.003846e+02 
9.992990e+01 
9.965052e+01 
9.949281e+01 
9.941348e+01 
9.939461e+01 
9.943313e+01 
9.951492e+01 
9.961881e+01 
9.972334e+01 
9.981322e+01 
9.988175e+01 
9.992918e+01 
9.995950e+01 
9.997769e+01 
9.998809e+01 
9.999382e+01 
9.999688e+01 
9.999846e+01 
9.999927e+01 
9.999967e+01 
9.999986e+01 
9.999995e+01 
9.999999e+01 
1.000000e+02 
1.000000e+02 
1.000000e+02 

1.000000e+02 
1.000000e+02 
1.000000e+02 
9.999999e+01 
9.999996e+01 
9.999987e+01 
9.999969e+01 
9.999930e+01 
9.999852e+01 
9.999696e+01 
9.999394e+01 
9.998823e+01 
9.997776e+01 
9.995923e+01 
9.992785e+01 
9.987761e+01 
9.980264e+01 
9.969965e+01 
9.957147e+01 
9.942986e+01 
9.929477e+01 
9.918917e+01 
9.913201e+01 
9.913292e+01 
9.920680e+01 
9.939325e+01 
9.975568e+01 
1.003728e+02 
1.013119e+02 
1.025632e+02 
1.039737e+02 
1.052242e+02 
1.059297e+02 
1.058455e+02 
1.050002e+02 
1.036791e+02 
1.022673e+02 
1.010571e+02 
1.001727e+02 
9.960504e+01 
9.928114e+01 
9.912297e+01 
9.906949e+01 
9.908457e+01 
9.915527e+01 
9.927159e+01 
9.941467e+01 
9.956189e+01 
9.969378e+01 
9.979912e+01 
9.987553e+01 
9.992662e+01 
9.995850e+01 
9.997732e+01 
9.998795e+01 
9.999377e+01 
9.999686e+01 
9.999846e+01 
9.999926e+01 
9.999967e+01 
9.999986e+01 
9.999995e+01 
9.999999e+01 
1.000000e+02 
1.000000e+02 
1.000000e+02 

1.000000e+02 
1.000000e+02 
1.000000e+02 
9.999999e+01 
9.999996e+01 
9.999987e+01 
9.999969e+01 
9.999930e+01 
9.999852e+01 
9.999695e+01 
9.999391e+01 
9.998812e+01 
9.997747e+01 
9.995842e+01 
9.992572e+01 
9.987234e+01 
9.979043e+01 
9.967342e+01 
9.951956e+01 
9.933563e+01 
9.913802e+01 
9.894928e+01 
9.879162e+01 
9.868106e+01 
9.862420e+01 
9.864664e+01 
9.881089e+01 
9.920534e+01 
9.991994e+01 
1.009842e+02 
1.022659e+02 
1.034453e+02 
1.041238e+02 
1.040238e+02 
1.031807e+02 
1.019184e+02 
1.006364e+02 
9.962235e+01 
9.897224e+01 
9.863570e+01 
9.851603e+01 
9.852621e+01 
9.860663e+01 
9.873576e+01 
9.890926e+01 
9.911066e+01 
9.931776e+01 
9.950837e+01 
9.966666e+01 
9.978645e+01 
9.987003e+01 
9.992437e+01 
9.995763e+01 
9.997700e+01 
9.998784e+01 
9.999373e+01 
9.999685e+01 
9.999845e+01 
9.999926e+01 
9.999967e+01 
9.999986e+01 
9.999995e+01 
9.999999e+01 
1.000000e+02 
1.000000e+02 
1.000000e+02 

1.000000e+02 
1.000000e+02 
1.000000e+02 
9.999999e+01 
9.999996e+01 
9.999987e+01 
9.999969e+01 
9.999930e+01 
9.999851e+01 
9.999694e+01 
9.999388e+01 
9.998804e+01 
9.997722e+01 
9.995774e+01 
9.992394e+01 
9.986789e+01 
9.977998e+01 
9.965057e+01 
9.947335e+01 
9.924971e+01 
9.899142e+01 
9.871899e+01 
9.845642e+01 
9.822521e+01 
9.802099e+01 
9.784977e+01 
9.776537e+01 
9.785484e+01 
9.822563e+01 
9.893983e+01 
9.992161e+01 
1.008925e+02 
1.014601e+02 
1.013551e+02 
1.006139e+02 
9.955395e+01 
9.856847e+01 
9.790379e+01 
9.759939e+01 
9.757078e+01 
9.770292e+01 
9.790968e+01 
9.814000e+01 
9.839210e+01 
9.867272e+01 
9.895975e+01 
9.922909e+01 
9.946053e+01 
9.964290e+01 
9.977552e+01 
9.986534e+01 
9.992248e+01 
9.995691e+01 
9.997673e+01 
9.998775e+01 
9.999370e+01 
9.999684e+01 
9.999845e+01 
9.999926e+01 
9.999967e+01 
9.999986e+01 
9.999995e+01 
9.999999e+01 
1.000000e+02 
1.000000e+02 
1.000000e+02 

1.000000e+02 
1.000000e+02 
1.000000e+02 
9.999999e+01 
9.999996e+01 
9.999987e+01 
9.999969e+01 
9.999930e+01 
9.999851e+01 
9.999694e+01 
9.999386e+01 
9.998797e+01 
9.997703e+01 
9.995722e+01 
9.992254e+01 
9.986436e+01 
9.977157e+01 
9.963191e+01 
9.943497e+01 
9.917697e+01 
9.886473e+01 
9.851590e+01 
9.815500e+01 
9.780798e+01 
9.745883e+01 
9.709258e+01 
9.675132e+01 
9.651668e+01 
9.650717e+01 
9.682199e+01 
9.743634e+01 
9.812739e+01 
9.855176e+01 
9.845067e+01 
9.785675e+01 
9.707392e+01 
9.644861e+01 
9.617587e+01 
9.624736e+01 
9.654161e+01 
9.693148e+01 
9.733507e+01 
9.771233e+01 
9.808232e+01 
9.846339e+01 
9.882875e+01 
9.915360e+01 
9.942052e+01 
9.962335e+01 
9.976665e+01 
9.986158e+01 
9.992097e+01 
9.995633e+01 
9.997652e+01 
9.998767e+01 
9.999367e+01 
9.999683e+01 
9.999844e+01 
9.999926e+01 
9.999967e+01 
9.999986e+01 
9.999995e+01 
9.999999e+01 
1.000000e+02 
1.000000e+02 
1.000000e+02 

1.000000e+02 
1.000000e+02 
1.000000e+02 
9.999999e+01 
9.999996e+01 
9.999987e+01 
9.999969e+01 
9.999930e+01 
9.999851e+01 
9.999693e+01 
9.999384e+01 
9.998793e+01 
9.997690e+01 
9.995684e+01 
9.992154e+01 
9.986180e+01 
9.976545e+01 
9.961815e+01 
9.940628e+01 
9.912176e+01 
9.876704e+01 
9.835683e+01 
9.791547e+01 
9.747212e+01 
9.700062e+01 
9.646769e+01 
9.590510e+01 
9.538998e+01 
9.505030e+01 
9.501465e+01 
9.530748e+01 
9.575807e+01 
9.605596e+01 
9.595997e+01 
9.549937e+01 
9.495563e+01 
9.464426e+01 
9.471362e+01 
9.510950e+01 
9.568198e+01 
9.629337e+01 
9.686506e+01 
9.736648e+01 
9.783474e+01 
9.829829e+01 
9.872689e+01 
9.909572e+01 
9.939025e+01 
9.960872e+01 
9.976007e+01 
9.985880e+01 
9.991986e+01 
9.995590e+01 
9.997636e+01 
9.998761e+01 
9.999366e+01 
9.999682e+01 
9.999844e+01 
9.999926e+01 
9.999967e+01 
9.999986e+01 
9.999995e+01 
9.999999e+01 
1.000000e+02 
1.000000e+02 
1.000000e+02 

1.000000e+02 
1.000000e+02 
1.000000e+02 
9.999999e+01 
9.999996e+01 
9.999987e+01 
9.999969e+01 
9.999930e+01 
9.999851e+01 
9.999693e+01 
9.999383e+01 
9.998790e+01 
9.997682e+01 
9.995662e+01 
9.992095e+01 
9.986029e+01 
9.976177e+01 
9.960981e+01 
9.938868e+01 
9.908748e+01 
9.870560e+01 
9.825550e+01 
9.776103e+01 
9.725320e+01 
9.669867e+01 
9.605122e+01 
9.533488e+01 
9.462302e+01 
9.404917e+01 
9.376090e+01 
9.381401e+01 
9.407598e+01 
9.427158e+01 
9.417739e+01 
9.382043e+01 
9.346246e+01 
9.338529e+01 
9.370200e+01 
9.432913e+01 
9.509781e+01 
9.586396e+01 
9.655188e+01 
9.713818e+01 
9.767281e+01 
9.819138e+01 
9.866158e+01 
9.905896e+01 
9.937118e+01 
9.959955e+01 
9.975596e+01 
9.985706e+01 
9.991917e+01 
9.995564e+01 
9.997626e+01 
9.998758e+01 
9.999364e+01 
9.999682e+01 
9.999844e+01 
9.999926e+01 
9.999967e+01 
9.999986e+01 
9.999995e+01 
9.999999e+01 
1.000000e+02 
1.000000e+02 
1.000000e+02 

1.000000e+02 
1.000000e+02 
1.000000e+02 
9.999999e+01 
9.999996e+01 
9.999987e+01 
9.999969e+01 
9.999930e+01 
9.999851e+01 
9.999693e+01 
9.999383e+01 
9.998789e+01 
9.997680e+01 
9.995656e+01 
9.992077e+01 
9.985983e+01 
9.976064e+01 
9.960719e+01 
9.938302e+01 
9.907618e+01 
9.868486e+01 
9.822044e+01 
9.770627e+01 
9.717369e+01 
9.658600e+01 
9.589059e+01 
9.510572e+01 
9.429874e+01 
9.359967e+01 
9.315996e+01 
9.305165e+01 
9.317244e+01 
9.328311e+01 
9.318559e+01 
9.290724e+01 
9.268533e+01 
9.276659e+01 
9.323415e+01 
9.398768e+01 
9.485364e+01 
9.569072e+01 
9.642888e+01 
9.705032e+01 
9.761149e+01 
9.815146e+01 
9.863747e+01 
9.904548e+01 
9.936420e+01 
9.959618e+01 
9.975443e+01 
9.985640e+01 
9.991890e+01 
9.995553e+01 
9.997622e+01 
9.998756e+01 
9.999364e+01 
9.999681e+01 
9.999844e+01 
9.999926e+01 
9.999967e+01 
9.999986e+01 
9.999995e+01 
9.999999e+01 
1.000000e+02 
1.000000e+02 
1.000000e+02 

1.000000e+02 
1.000000e+02 
1.000000e+02 
9.999999e+01 
9.999996e+01 
9.999987e+01 
9.999969e+01 
9.999930e+01 
9.999851e+01 
9.999693e+01 
9.999384e+01 
9.998791e+01 
9.997684e+01 
9.995666e+01 
9.992102e+01 
9.986045e+01 
9.976209e+01 
9.961036e+01 
9.938949e+01 
9.908836e+01 
9.870589e+01 
9.825377e+01 
9.775491e+01 
9.723949e+01 
9.667157e+01 
9.599925e+01 
9.523724e+01 
9.444434e+01 
9.373707e+01 
9.325440e+01 
9.306924e+01 
9.310042e+01 
9.314557e+01 
9.304032e+01 
9.281476e+01 
9.267586e+01 
9.283371e+01 
9.334796e+01 
9.411454e+01 
9.497076e+01 
9.578838e+01 
9.650595e+01 
9.710945e+01 
9.765495e+01 
9.818095e+01 
9.865579e+01 
9.905585e+01 
9.936953e+01 
9.959869e+01 
9.975551e+01 
9.985683e+01 
9.991905e+01 
9.995558e+01 
9.997624e+01 
9.998756e+01 
9.999364e+01 
9.999681e+01 
9.999844e+01 
9.999926e+01 
9.999967e+01 
9.999986e+01 
9.999995e+01 
9.999999e+01 
1.000000e+02 
1.000000e+02 
1.000000e+02 

1.000000e+02 
1.000000e+02 
1.000000e+02 
9.999999e+01 
9.999996e+01 
9.999987e+01 
9.999969e+01 
9.999930e+01 
9.999851e+01 
9.999694e+01 
9.999385e+01 
9.998794e+01 
9.997693e+01 
9.995691e+01 
9.992169e+01 
9.986212e+01 
9.976604e+01 
9.961914e+01 
9.940761e+01 
9.912286e+01 
9.876627e+01 
9.835094e+01 
9.789936e+01 
9.743923e+01 
9.693933e+01 
9.635556e+01 
9.570290e+01 
9.503262e+01 
9.444270e+01 
9.404736e+01 
9.389881e+01 
9.392009e+01 
9.394158e+01 
9.382700e+01 
9.360991e+01 
9.347483e+01 
9.359854e+01 
9.403187e+01 
9.468767e+01 
9.542605e+01 
9.613741e+01 
9.676833e+01 
9.730502e+01 
9.779612e+01 
9.827559e+01 
9.871428e+01 
9.908900e+01 
9.938675e+01 
9.960691e+01 
9.975914e+01 
9.985833e+01 
9.991963e+01 
9.995579e+01 
9.997631e+01 
9.998759e+01 
9.999364e+01 
9.999682e+01 
9.999844e+01 
9.999926e+01 
9.999967e+01 
9.999986e+01 
9.999995e+01 
9.999999e+01 
1.000000e+02 
1.000000e+02 
1.000000e+02 

1.000000e+02 
1.000000e+02 
1.000000e+02 
9.999999e+01 
9.999996e+01 
9.999987e+01 
9.999969e+01 
9.999930e+01 
9.999851e+01 
9.999694e+01 
9.999387e+01 
9.998799e+01 
9.997708e+01 
9.995732e+01 
9.992276e+01 
9.986480e+01 
9.977238e+01 
9.963313e+01 
9.943629e+01 
9.917709e+01 
9.886048e+01 
9.850155e+01 
9.812215e+01 
9.774639e+01 
9.735084e+01 
9.690503e+01 
9.642872e+01 
9.596970e+01 
9.560817e+01 
9.542375e+01 
9.543840e+01 
9.555867e+01 
9.561569e+01 
9.549456e+01 
9.523278e+01 
9.499662e+01 
9.496066e+01 
9.518859e+01 
9.562017e+01 
9.614966e+01 
9.668565e+01 
9.717891e+01 
9.761126e+01 
9.801794e+01 
9.842520e+01 
9.880752e+01 
9.914240e+01 
9.941480e+01 
9.962046e+01 
9.976521e+01 
9.986086e+01 
9.992062e+01 
9.995616e+01 
9.997644e+01 
9.998763e+01 
9.999366e+01 
9.999682e+01 
9.999844e+01 
9.999926e+01 
9.999967e+01 
9.999986e+01 
9.999995e+01 
9.999999e+01 
1.000000e+02 
1.000000e+02 
1.000000e+02 

1.000000e+02 
1.000000e+02 
1.000000e+02 
9.999999e+01 
9.999996e+01 
9.999987e+01 
9.999969e+01 
9.999930e+01 
9.999851e+01 
9.999695e+01 
9.999389e+01 
9.998807e+01 
9.997728e+01 
9.995788e+01 
9.992422e+01 
9.986843e+01 
9.978089e+01 
9.965174e+01 
9.947397e+01 
9.924730e+01 
9.898068e+01 
9.869104e+01 
9.839893e+01 
9.812399e+01 
9.785201e+01 
9.756886e+01 
9.730120e+01 
9.709615e+01 
9.701615e+01 
9.710993e+01 
9.735293e+01 
9.762500e+01 
9.775897e+01 
9.764130e+01 
9.730848e+01 
9.692458e+01 
9.666220e+01 
9.661128e+01 
9.675880e+01 
9.703128e+01 
9.735592e+01 
9.768441e+01 
9.799163e+01 
9.829630e+01 
9.861532e+01 
9.892774e+01 
9.921232e+01 
9.945211e+01 
9.963876e+01 
9.977350e+01 
9.986436e+01 
9.992201e+01 
9.995668e+01 
9.997663e+01 
9.998770e+01 
9.999368e+01 
9.999683e+01 
9.999844e+01 
9.999926e+01 
9.999967e+01 
9.999986e+01 
9.999995e+01 
9.999999e+01 
1.000000e+02 
1.000000e+02 
1.000000e+02 

1.000000e+02 
1.000000e+02 
1.000000e+02 
9.999999e+01 
9.999996e+01 
9.999987e+01 
9.999969e+01 
9.999930e+01 
9.999852e+01 
9.999696e+01 
9.999392e+01 
9.998816e+01 
9.997754e+01 
9.995858e+01 
9.992605e+01 
9.987294e+01 
9.979133e+01 
9.967423e+01 
9.951869e+01 
9.932904e+01 
9.911779e+01 
9.890288e+01 
9.870259e+01 
9.853127e+01 
9.838340e+01 
9.826000e+01 
9.819227e+01 
9.822408e+01 
9.840129e+01 
9.873912e+01 
9.918430e+01 
9.959783e+01 
9.980510e+01 
9.970227e+01 
9.932024e+01 
9.880707e+01 
9.834154e+01 
9.803741e+01 
9.791702e+01 
9.794331e+01 
9.806131e+01 
9.822539e+01 
9.840532e+01 
9.860402e+01 
9.882940e+01 
9.906584e+01 
9.929432e+01 
9.949675e+01 
9.966107e+01 
9.978378e+01 
9.986875e+01 
9.992377e+01 
9.995735e+01 
9.997687e+01 
9.998778e+01 
9.999371e+01 
9.999684e+01 
9.999845e+01 
9.999926e+01 
9.999967e+01 
9.999986e+01 
9.999995e+01 
9.999999e+01 
1.000000e+02 
1.000000e+02 
1.000000e+02 

1.000000e+02 
1.000000e+02 
1.000000e+02 
9.999999e+01 
9.999996e+01 
9.999987e+01 
9.999969e+01 
9.999930e+01 
9.999852e+01 
9.999697e+01 
9.999396e+01 
9.998827e+01 
9.997785e+01 
9.995942e+01 
9.992821e+01 
9.987823e+01 
9.980339e+01 
9.969974e+01 
9.956835e+01 
9.941761e+01 
9.926261e+01 
9.912094e+01 
9.900745e+01 
9.893069e+01 
9.889172e+01 
9.890239e+01 
9.899309e+01 
9.919924e+01 
9.954780e+01 
1.000303e+02 
1.005736e+02 
1.010412e+02 
1.012815e+02 
1.012013e+02 
1.008233e+02 
1.002725e+02 
9.970600e+01 
9.924356e+01 
9.893564e+01 
9.877422e+01 
9.872420e+01 
9.874763e+01 
9.881420e+01 
9.891508e+01 
9.905112e+01 
9.921253e+01 
9.938366e+01 
9.954659e+01 
9.968653e+01 
9.979574e+01 
9.987395e+01 
9.992588e+01 
9.995815e+01 
9.997716e+01 
9.998788e+01 
9.999374e+01 
9.999685e+01 
9.999845e+01 
9.999926e+01 
9.999967e+01 
9.999986e+01 
9.999995e+01 
9.999999e+01 
1.000000e+02 
1.000000e+02 
1.000000e+02 

1.000000e+02 
1.000000e+02 
1.000000e+02 
9.999999e+01 
9.999996e+01 
9.999987e+01 
9.999969e+01 
9.999930e+01 
9.999853e+01 
9.999699e+01 
9.999400e+01 
9.998839e+01 
9.997821e+01 
9.996038e+01 
9.993068e+01 
9.988418e+01 
9.981676e+01 
9.972740e+01 
9.962081e+01 
9.950855e+01 
9.940681e+01 
9.933139e+01 
9.929270e+01 
9.929341e+01 
9.933852e+01 
9.944543e+01 
9.963880e+01 
9.994184e+01 
1.003636e+02 
1.008798e+02 
1.014177e+02 
1.018616e+02 
1.020906e+02 
1.020334e+02 
1.017042e+02 
1.011955e+02 
1.006331e+02 
1.001238e+02 
9.972662e+01 
9.945438e+01 
9.929126e+01 
9.921110e+01 
9.918850e+01 
9.920811e+01 
9.926634e+01 
9.935933e+01 
9.947580e+01 
9.959949e+01 
9.971426e+01 
9.980906e+01 
9.987984e+01 
9.992830e+01 
9.995909e+01 
9.997750e+01 
9.998800e+01 
9.999378e+01 
9.999686e+01 
9.999845e+01 
9.999926e+01 
9.999967e+01 
9.999986e+01 
9.999995e+01 
9.999999e+01 
1.000000e+02 
1.000000e+02 
1.000000e+02 

1.000000e+02 
1.000000e+02 
1.000000e+02 
9.999999e+01 
9.999996e+01 
9.999987e+01 
9.999969e+01 
9.999931e+01 
9.999853e+01 
9.999700e+01 
9.999405e+01 
9.998854e+01 
9.997861e+01 
9.996146e+01 
9.993342e+01 
9.989070e+01 
9.983108e+01 
9.975632e+01 
9.967409e+01 
9.959792e+01 
9.954363e+01 
9.952392e+01 
9.954425e+01 
9.960194e+01 
9.970362e+01 
9.986801e+01 
1.001118e+02 
1.004462e+02 
1.008672e+02 
1.013437e+02 
1.018122e+02 
1.021849e+02 
1.023767e+02 
1.023380e+02 
1.020770e+02 
1.016557e+02 
1.011638e+02 
1.006855e+02 
1.002768e+02 
9.996151e+01 
9.973852e+01 
9.959386e+01 
9.950963e+01 
9.946835e+01 
9.946438e+01 
9.949930e+01 
9.956674e+01 
9.965341e+01 
9.974337e+01 
9.982339e+01 
9.988632e+01 
9.993100e+01 
9.996015e+01 
9.997789e+01 
9.998814e+01 
9.999383e+01 
9.999687e+01 
9.999846e+01 
9.999926e+01 
9.999967e+01 
9.999986e+01 
9.999995e+01 
9.999999e+01 
1.000000e+02 
1.000000e+02 
1.000000e+02 

1.000000e+02 
1.000000e+02 
1.000000e+02 
9.999999e+01 
9.999996e+01 
9.999987e+01 
9.999969e+01 
9.999931e+01 
9.999854e+01 
9.999702e+01 
9.999411e+01 
9.998870e+01 
9.997906e+01 
9.996266e+01 
9.993640e+01 
9.989764e+01 
9.984603e+01 
9.978568e+01 
9.972645e+01 
9.968259e+01 
9.966823e+01 
9.969214e+01 
9.975492e+01 
9.984965e+01 
9.998313e+01 
1.001729e+02 
1.004283e+02 
1.007514e+02 
1.011312e+02 
1.015372e+02 
1.019189e+02 
1.022139e+02 
1.023647e+02 
1.023387e+02 
1.021406e+02 
1.018102e+02 
1.014083e+02 
1.009963e+02 
1.006209e+02 
1.003085e+02 
1.000665e+02 
9.989051e+01 
9.976995e+01 
9.968800e+01 
9.963847e+01 
9.962739e+01 
9.965324e+01 
9.970659e+01 
9.977302e+01 
9.983839e+01 
9.989325e+01 
9.993395e+01 
9.996132e+01 
9.997833e+01 
9.998830e+01 
9.999388e+01 
9.999689e+01 
9.999846e+01 
9.999927e+01 
9.999967e+01 
9.999986e+01 
9.999995e+01 
9.999999e+01 
1.000000e+02 
1.000000e+02 
1.000000e+02 

1.000000e+02 
1.000000e+02 
1.000000e+02 
9.999999e+01 
9.999996e+01 
9.999987e+01 
9.999969e+01 
9.999931e+01 
9.999854e+01 
9.999704e+01 
9.999418e+01 
9.998890e+01 
9.997962e+01 
9.996411e+01 
9.993999e+01 
9.990584e+01 
9.986318e+01 
9.981828e+01 
9.978239e+01 
9.976921e+01 
9.978985e+01 
9.984838e+01 
9.994079e+01 
1.000570e+02 
1.002035e+02 
1.003953e+02 
1.006355e+02 
1.009207e+02 
1.012375e+02 
1.015601e+02 
1.018520e+02 
1.020718e+02 
1.021833e+02 
1.021665e+02 
1.020238e+02 
1.017793e+02 
1.014713e+02 
1.011414e+02 
1.008245e+02 
1.005440e+02 
1.003113e+02 
1.001282e+02 
9.999062e+01 
9.988363e+01 
9.980136e+01 
9.975312e+01 
9.974214e+01 
9.976362e+01 
9.980606e+01 
9.985567e+01 
9.990145e+01 
9.993752e+01 
9.996275e+01 
9.997887e+01 
9.998849e+01 
9.999395e+01 
9.999691e+01 
9.999847e+01 
9.999927e+01 
9.999967e+01 
9.999986e+01 
9.999995e+01 
9.999999e+01 
1.000000e+02 
1.000000e+02 
1.000000e+02 

1.000000e+02 
1.000000e+02 
1.000000e+02 
9.999999e+01 
9.999996e+01 
9.999988e+01 
9.999969e+01 
9.999931e+01 
9.999856e+01 
9.999708e+01 
9.999428e+01 
9.998918e+01 
9.998038e+01 
9.996607e+01 
9.994472e+01 
9.991637e+01 
9.988448e+01 
9.985708e+01 
9.984578e+01 
9.986214e+01 
9.991273e+01 
9.999640e+01 
1.001052e+02 
1.002278e+02 
1.003696e+02 
1.005431e+02 
1.007470e+02 
1.009753e+02 
1.012157e+02 
1.014496e+02 
1.016537e+02 
1.018036e+02 
1.018789e+02 
1.018688e+02 
1.017744e+02 
1.016087e+02 
1.013931e+02 
1.011523e+02 
1.009094e+02 
1.006821e+02 
1.004813e+02 
1.003124e+02 
1.001757e+02 
1.000591e+02 
9.995719e+01 
9.988108e+01 
9.983803e+01 
9.982854e+01 
9.984552e+01 
9.987720e+01 
9.991203e+01 
9.994224e+01 
9.996470e+01 
9.997962e+01 
9.998876e+01 
9.999404e+01 
9.999694e+01 
9.999848e+01 
9.999927e+01 
9.999967e+01 
9.999986e+01 
9.999995e+01 
9.999999e+01 
1.000000e+02 
1.000000e+02 
1.000000e+02 

1.000000e+02 
1.000000e+02 
1.000000e+02 
9.999999e+01 
9.999996e+01 
9.999988e+01 
9.999969e+01 
9.999932e+01 
9.999857e+01 
9.999712e+01 
9.999441e+01 
9.998957e+01 
9.998142e+01 
9.996870e+01 
9.995088e+01 
9.992957e+01 
9.990995e+01 
9.990091e+01 
9.991280e+01 
9.995330e+01 
1.000236e+02 
1.001181e+02 
1.002269e+02 
1.003393e+02 
1.004605e+02 
1.006000e+02 
1.007547e+02 
1.009188e+02 
1.010836e+02 
1.012373e+02 
1.013670e+02 
1.014600e+02 
1.015063e+02 
1.015007e+02 
1.014435e+02 
1.013410e+02 
1.012039e+02 
1.010449e+02 
1.008773e+02 
1.007121e+02 
1.005579e+02 
1.004201e+02 
1.003013e+02 
1.001921e+02 
1.000874e+02 
9.999784e+01 
9.993283e+01 
9.989756e+01 
9.989030e+01 
9.990304e+01 
9.992534e+01 
9.994842e+01 
9.996731e+01 
9.998065e+01 
9.998914e+01 
9.999417e+01 
9.999699e+01 
9.999849e+01 
9.999927e+01 
9.999967e+01 
9.999986e+01 
9.999995e+01 
9.999999e+01 
1.000000e+02 
1.000000e+02 
1.000000e+02 

1.000000e+02 
1.000000e+02 
1.000000e+02 
9.999999e+01 
9.999996e+01 
9.999988e+01 
9.999969e+01 
9.999932e+01 
9.999859e+01 
9.999719e+01 
9.999460e+01 
9.999010e+01 
9.998283e+01 
9.997216e+01 
9.995869e+01 
9.994547e+01 
9.993870e+01 
9.994672e+01 
9.997683e+01 
1.000318e+02 
1.001080e+02 
1.001975e+02 
1.002910e+02 
1.003809e+02 
1.004718e+02 
1.005709e+02 
1.006752e+02 
1.007808e+02 
1.008822e+02 
1.009735e+02 
1.010482e+02 
1.011006e+02 
1.011265e+02 
1.011235e+02 
1.010919e+02 
1.010342e+02 
1.009550e+02 
1.008603e+02 
1.007564e+02 
1.006494e+02 
1.005445e+02 
1.004455e+02 
1.003553e+02 
1.002667e+02 
1.001751e+02 
1.000883e+02 
1.000154e+02 
9.996404e+01 
9.993738e+01 
9.993236e+01 
9.994143e+01 
9.995627e+01 
9.997077e+01 
9.998205e+01 
9.998967e+01 
9.999436e+01 
9.999705e+01 
9.999851e+01 
9.999928e+01 
9.999967e+01 
9.999986e+01 
9.999995e+01 
9.999999e+01 
1.000000e+02 
1.000000e+02 
1.000000e+02 

1.000000e+02 
1.000000e+02 
1.000000e+02 
9.999999e+01 
9.999996e+01 
9.999988e+01 
9.999970e+01 
9.999933e+01 
9.999862e+01 
9.999728e+01 
9.999487e+01 
9.999084e+01 
9.998471e+01 
9.997660e+01 
9.996816e+01 
9.996341e+01 
9.996845e+01 
9.998938e+01 
1.000294e+02 
1.000866e+02 
1.001551e+02 
1.002273e+02 
1.002968e+02 
1.003593e+02 
1.004191e+02 
1.004813e+02 
1.005438e+02 
1.006045e+02 
1.006608e+02 
1.007098e+02 
1.007489e+02 
1.007759e+02 
1.007890e+02 
1.007875e+02 
1.007714e+02 
1.007417e+02 
1.007001e+02 
1.006491e+02 
1.005912e+02 
1.005293e+02 
1.004659e+02 
1.004034e+02 
1.003435e+02 
1.002812e+02 
1.002124e+02 
1.001413e+02 
1.000745e+02 
1.000193e+02 
9.998162e+01 
9.996288e+01 
9.995970e+01 
9.996584e+01 
9.997523e+01 
9.998392e+01 
9.999039e+01 
9.999462e+01 
9.999714e+01 
9.999854e+01 
9.999929e+01 
9.999967e+01 
9.999987e+01 
9.999995e+01 
9.999999e+01 
1.000000e+02 
1.000000e+02 
1.000000e+02 

1.000000e+02 
1.000000e+02 
1.000000e+02 
9.999999e+01 
9.999996e+01 
9.999988e+01 
9.999970e+01 
9.999935e+01 
9.999866e+01 
9.999741e+01 
9.999524e+01 
9.999183e+01 
9.998714e+01 
9.998201e+01 
9.997886e+01 
9.998183e+01 
9.999553e+01 
1.000228e+02 
1.000630e+02 
1.001120e+02 
1.001641e+02 
1.002140e+02 
1.002588e+02 
1.002968e+02 
1.003314e+02 
1.003660e+02 
1.003995e+02 
1.004310e+02 
1.004592e+02 
1.004832e+02 
1.005020e+02 
1.005148e+02 
1.005209e+02 
1.005202e+02 
1.005126e+02 
1.004985e+02 
1.004784e+02 
1.004533e+02 
1.004240e+02 
1.003918e+02 
1.003576e+02 
1.003226e+02 
1.002877e+02 
1.002495e+02 
1.002048e+02 
1.001551e+02 
1.001037e+02 
1.000557e+02 
1.000168e+02 
9.999092e+01 
9.997857e+01 
9.997672e+01 
9.998069e+01 
9.998636e+01 
9.999138e+01 
9.999499e+01 
9.999726e+01 
9.999858e+01 
9.999930e+01 
9.999968e+01 
9.999987e+01 
9.999995e+01 
9.999999e+01 
1.000000e+02 
1.000000e+02 
1.000000e+02 

1.000000e+02 
1.000000e+02 
1.000000e+02 
9.999999e+01 
9.999996e+01 
9.999988e+01 
9.999971e+01 
9.999937e+01 
9.999872e+01 
9.999759e+01 
9.999574e+01 
9.999312e+01 
9.999012e+01 
9.998814e+01 
9.998978e+01 
9.999827e+01 
1.000159e+02 
1.000425e+02 
1.000754e+02 
1.001106e+02 
1.001443e+02 
1.001743e+02 
1.001994e+02 
1.002198e+02 
1.002377e+02 
1.002549e+02 
1.002712e+02 
1.002860e+02 
1.002990e+02 
1.003098e+02 
1.003182e+02 
1.003238e+02 
1.003264e+02 
1.003261e+02 
1.003227e+02 
1.003165e+02 
1.003075e+02 
1.002961e+02 
1.002825e+02 
1.002673e+02 
1.002506e+02 
1.002330e+02 
1.002149e+02 
1.001943e+02 
1.001690e+02 
1.001390e+02 
1.001053e+02 
1.000705e+02 
1.000382e+02 
1.000123e+02 
9.999558e+01 
9.998790e+01 
9.998691e+01 
9.998937e+01 
9.999267e+01 
9.999549e+01 
9.999744e+01 
9.999864e+01 
9.999932e+01 
9.999968e+01 
9.999987e+01 
9.999996e+01 
9.999999e+01 
1.000000e+02 
1.000000e+02 
1.000000e+02 

1.000000e+02 
1.000000e+02 
1.000000e+02 
9.999999e+01 
9.999996e+01 
9.999988e+01 
9.999972e+01 
9.999939e+01 
9.999881e+01 
9.999784e+01 
9.999641e+01 
9.999471e+01 
9.999351e+01 
9.999437e+01 
9.999938e+01 
1.000102e+02 
1.000269e+02 
1.000478e+02 
1.000703e+02 
1.000918e+02 
1.001107e+02 
1.001264e+02 
1.001389e+02 
1.001487e+02 
1.001570e+02 
1.001648e+02 
1.001720e+02 
1.001785e+02 
1.001840e+02 
1.001886e+02 
1.001920e+02 
1.001943e+02 
1.001954e+02 
1.001952e+02 
1.001938e+02 
1.001912e+02 
1.001875e+02 
1.001826e+02 
1.001768e+02 
1.001701e+02 
1.001627e+02 
1.001547e+02 
1.001462e+02 
1.001362e+02 
1.001235e+02 
1.001077e+02 
1.000887e+02 
1.000673e+02 
1.000450e+02 
1.000244e+02 
1.000081e+02 
9.999783e+01 
9.999329e+01 
9.999281e+01 
9.999428e+01 
9.999615e+01 
9.999769e+01 
9.999873e+01 
9.999935e+01 
9.999969e+01 
9.999987e+01 
9.999996e+01 
9.999999e+01 
1.000000e+02 
1.000000e+02 
1.000000e+02 

1.000000e+02 
1.000000e+02 
1.000000e+02 
9.999999e+01 
9.999996e+01 
9.999988e+01 
9.999973e+01 
9.999943e+01 
9.999893e+01 
9.999817e+01 
9.999723e+01 
9.999653e+01 
9.999695e+01 
9.999977e+01 
1.000061e+02 
1.000161e+02 
1.000288e+02 
1.000424e+02 
1.000554e+02 
1.000668e+02 
1.000761e+02 
1.000834e+02 
1.000891e+02 
1.000933e+02 
1.000969e+02 
1.001002e+02 
1.001031e+02 
1.001057e+02 
1.001079e+02 
1.001097e+02 
1.001111e+02 
1.001120e+02 
1.001124e+02 
1.001123e+02 
1.001118e+02 
1.001107e+02 
1.001092e+02 
1.001073e+02 
1.001049e+02 
1.001022e+02 
1.000991e+02 
1.000958e+02 
1.000921e+02 
1.000877e+02 
1.000820e+02 
1.000746e+02 
1.000651e+02 
1.000537e+02 
1.000407e+02 
1.000272e+02 
1.000147e+02 
1.000049e+02 
9.999889e+01 
9.999633e+01 
9.999613e+01 
9.999698e+01 
9.999802e+01 
9.999884e+01 
9.999939e+01 
9.999970e+01 
9.999987e+01 
9.999996e+01 
9.999999e+01 
1.000000e+02 
1.000000e+02 
1.000000e+02 

1.000000e+02 
1.000000e+02 
1.000000e+02 
9.999999e+01 
9.999996e+01 
9.999989e+01 
9.999974e+01 
9.999949e+01 
9.999909e+01 
9.999858e+01 
9.999817e+01 
9.999835e+01 
9.999988e+01 
1.000034e+02 
1.000092e+02 
1.000165e+02 
1.000245e+02 
1.000320e+02 
1.000385e+02 
1.000438e+02 
1.000480e+02 
1.000511e+02 
1.000534e+02 
1.000551e+02 
1.000565e+02 
1.000578e+02 
1.000589e+02 
1.000599e+02 
1.000608e+02 
1.000615e+02 
1.000620e+02 
1.000623e+02 
1.000624e+02 
1.000624e+02 
1.000622e+02 
1.000618e+02 
1.000612e+02 
1.000605e+02 
1.000596e+02 
1.000585e+02 
1.000573e+02 
1.000560e+02 
1.000545e+02 
1.000527e+02 
1.000504e+02 
1.000472e+02 
1.000430e+02 
1.000376e+02 
1.000310e+02 
1.000235e+02 
1.000156e+02 
1.000084e+02 
1.000028e+02 
9.999937e+01 
9.999800e+01 
9.999794e+01 
9.999844e+01 
9.999900e+01 
9.999944e+01 
9.999972e+01 
9.999988e+01 
9.999996e+01 
9.999999e+01 
1.000000e+02 
1.000000e+02 
1.000000e+02 

1.000000e+02 
1.000000e+02 
1.000000e+02 
9.999999e+01 
9.999996e+01 
9.999990e+01 
9.999977e+01 
9.999956e+01 
9.999928e+01 
9.999904e+01 
9.999911e+01 
9.999989e+01 
1.000018e+02 
1.000050e+02 
1.000091e+02 
1.000135e+02 
1.000177e+02 
1.000213e+02 
1.000243e+02 
1.000265e+02 
1.000282e+02 
1.000294e+02 
1.000303e+02 
1.000309e+02 
1.000315e+02 
1.000319e+02 
1.000323e+02 
1.000327e+02 
1.000330e+02 
1.000333e+02 
1.000334e+02 
1.000335e+02 
1.000336e+02 
1.000336e+02 
1.000335e+02 
1.000334e+02 
1.000331e+02 
1.000329e+02 
1.000325e+02 
1.000322e+02 
1.000317e+02 
1.000312e+02 
1.000306e+02 
1.000300e+02 
1.000290e+02 
1.000278e+02 
1.000261e+02 
1.000238e+02 
1.000208e+02 
1.000172e+02 
1.000130e+02 
1.000085e+02 
1.000045e+02 
1.000014e+02 
9.999960e+01 
9.999890e+01 
9.999891e+01 
9.999920e+01 
9.999951e+01 
9.999974e+01 
9.999988e+01 
9.999996e+01 
9.999999e+01 
1.000000e+02 
1.000000e+02 
1.000000e+02 

1.000000e+02 
1.000000e+02 
1.000000e+02 
9.999999e+01 
9.999997e+01 
9.999990e+01 
9.999980e+01 
9.999965e+01 
9.999950e+01 
9.999951e+01 
9.999988e+01 
1.000009e+02 
1.000025e+02 
1.000047e+02 
1.000071e+02 
1.000094e+02 
1.000114e+02 
1.000129e+02 
1.000141e+02 
1.000149e+02 
1.000156e+02 
1.000160e+02 
1.000163e+02 
1.000166e+02 
1.000168e+02 
1.000169e+02 
1.000171e+02 
1.000172e+02 
1.000173e+02 
1.000174e+02 
1.000175e+02 
1.000175e+02 
1.000175e+02 
1.000175e+02 
1.000175e+02 
1.000174e+02 
1.000173e+02 
1.000173e+02 
1.000171e+02 
1.000170e+02 
1.000168e+02 
1.000167e+02 
1.000165e+02 
1.000162e+02 
1.000159e+02 
1.000154e+02 
1.000147e+02 
1.000138e+02 
1.000126e+02 
1.000111e+02 
1.000091e+02 
1.000068e+02 
1.000044e+02 
1.000023e+02 
1.000007e+02 
9.999972e+01 
9.999939e+01 
9.999943e+01 
9.999960e+01 
9.999977e+01 
9.999989e+01 
9.999996e+01 
9.999999e+01 
1.000000e+02 
1.000000e+02 
1.000000e+02 

1.000000e+02 
1.000000e+02 
1.000000e+02 
9.999999e+01 
9.999997e+01 
9.999992e+01 
9.999984e+01 
9.999975e+01 
9.999972e+01 
9.999989e+01 
1.000004e+02 
1.000012e+02 
1.000023e+02 
1.000036e+02 
1.000048e+02 
1.000058e+02 
1.000066e+02 
1.000072e+02 
1.000076e+02 
1.000079e+02 
1.000081e+02 
1.000083e+02 
1.000084e+02 
1.000085e+02 
1.000085e+02 
1.000086e+02 
1.000086e+02 
1.000087e+02 
1.000087e+02 
1.000087e+02 
1.000088e+02 
1.000088e+02 
1.000088e+02 
1.000088e+02 
1.000088e+02 
1.000088e+02 
1.000087e+02 
1.000087e+02 
1.000087e+02 
1.000086e+02 
1.000085e+02 
1.000085e+02 
1.000084e+02 
1.000083e+02 
1.000082e+02 
1.000080e+02 
1.000078e+02 
1.000075e+02 
1.000070e+02 
1.000064e+02 
1.000056e+02 
1.000046e+02 
1.000034e+02 
1.000022e+02 
1.000011e+02 
1.000002e+02 
9.999979e+01 
9.999966e+01 
9.999971e+01 
9.999981e+01 
9.999990e+01 
9.999996e+01 
9.999999e+01 
1.000000e+02 
1.000000e+02 
1.000000e+02 

1.000000e+02 
1.000000e+02 
1.000000e+02 
9.999999e+01 
9.999997e+01 
9.999993e+01 
9.999988e+01 
9.999985e+01 
9.999990e+01 
1.000001e+02 
1.000005e+02 
1.000011e+02 
1.000017e+02 
1.000023e+02 
1.000028e+02 
1.000032e+02 
1.000035e+02 
1.000037e+02 
1.000038e+02 
1.000039e+02 
1.000040e+02 
1.000040e+02 
1.000041e+02 
1.000041e+02 
1.000041e+02 
1.000041e+02 
1.000042e+02 
1.000042e+02 
1.000042e+02 
1.000042e+02 
1.000042e+02 
1.000042e+02 
1.000042e+02 
1.000042e+02 
1.000042e+02 
1.000042e+02 
1.000042e+02 
1.000042e+02 
1.000042e+02 
1.000041e+02 
1.000041e+02 
1.000041e+02 
1.000041e+02 
1.000040e+02 
1.000040e+02 
1.000040e+02 
1.000039e+02 
1.000038e+02 
1.000036e+02 
1.000034e+02 
1.000031e+02 
1.000027e+02 
1.000022e+02 
1.000016e+02 
1.000010e+02 
1.000004e+02 
1.000000e+02 
9.999985e+01 
9.999981e+01 
9.999986e+01 
9.999992e+01 
9.999997e+01 
9.999999e+01 
1.000000e+02 
1.000000e+02 
1.000000e+02 

1.000000e+02 
1.000000e+02 
1.000000e+02 
1.000000e+02 
9.999998e+01 
9.999995e+01 
9.999992e+01 
9.999993e+01 
1.000000e+02 
1.000002e+02 
1.000004e+02 
1.000007e+02 
1.000010e+02 
1.000012e+02 
1.000014e+02 
1.000015e+02 
1.000016e+02 
1.000017e+02 
1.000018e+02 
1.000018e+02 
1.000018e+02 
1.000018e+02 
1.000018e+02 
1.000019e+02 
1.000019e+02 
1.000019e+02 
1.000019e+02 
1.000019e+02 
1.000019e+02 
1.000019e+02 
1.000019e+02 
1.000019e+02 
1.000019e+02 
1.000019e+02 
1.000019e+02 
1.000019e+02 
1.000019e+02 
1.000019e+02 
1.000019e+02 
1.000019e+02 
1.000019e+02 
1.000019e+02 
1.000018e+02 
1.000018e+02 
1.000018e+02 
1.000018e+02 
1.000018e+02 
1.000017e+02 
1.000017e+02 
1.000016e+02 
1.000015e+02 
1.000014e+02 
1.000012e+02 
1.000009e+02 
1.000007e+02 
1.000004e+02 
1.000001e+02 
9.999997e+01 
9.999990e+01 
9.999990e+01 
9.999994e+01 
9.999997e+01 
9.999999e+01 
1.000000e+02 
1.000000e+02 
1.000000e+02 

1.000000e+02 
1.000000e+02 
1.000000e+02 
1.000000e+02 
9.999998e+01 
9.999996e+01 
9.999996e+01 
9.999997e+01 
1.000000e+02 
1.000001e+02 
1.000003e+02 
1.000004e+02 
1.000005e+02 
1.000006e+02 
1.000006e+02 
1.000007e+02 
1.000007e+02 
1.000007e+02 
1.000007e+02 
1.000007e+02 
1.000007e+02 
1.000007e+02 
1.000008e+02 
1.000008e+02 
1.000008e+02 
1.000008e+02 
1.000008e+02 
1.000008e+02 
1.000008e+02 
1.000008e+02 
1.000008e+02 
1.000008e+02 
1.000008e+02 
1.000008e+02 
1.000008e+02 
1.000008e+02 
1.000008e+02 
1.000008e+02 
1.000008e+02 
1.000008e+02 
1.000008e+02 
1.000008e+02 
1.000007e+02 
1.000007e+02 
1.000007e+02 
1.000007e+02 
1.000007e+02 
1.000007e+02 
1.000007e+02 
1.000007e+02 
1.000006e+02 
1.000006e+02 
1.000005e+02 
1.000005e+02 
1.000004e+02 
1.000002e+02 
1.000001e+02 
1.000000e+02 
9.999996e+01 
9.999994e+01 
9.999996e+01 
9.999998e+01 
1.000000e+02 
1.000000e+02 
1.000000e+02 
1.000000e+02 

1.000000e+02 
1.000000e+02 
1.000000e+02 
1.000000e+02 
9.999999e+01 
9.999998e+01 
9.999998e+01 
9.999999e+01 
1.000000e+02 
1.000001e+02 
1.000001e+02 
1.000001e+02 
1.000002e+02 
1.000002e+02 
1.000002e+02 
1.000002e+02 
1.000002e+02 
1.000002e+02 
1.000002e+02 
1.000003e+02 
1.000003e+02 
1.000003e+02 
1.000003e+02 
1.000003e+02 
1.000003e+02 
1.000003e+02 
1.000003e+02 
1.000003e+02 
1.000003e+02 
1.000003e+02 
1.000003e+02 
1.000003e+02 
1.000003e+02 
1.000003e+02 
1.000003e+02 
1.000003e+02 
1.000003e+02 
1.000003e+02 
1.000003e+02 
1.000003e+02 
1.000003e+02 
1.000003e+02 
1.000003e+02 
1.000003e+02 
1.000003e+02 
1.000002e+02 
1.000002e+02 
1.000002e+02 
1.000002e+02 
1.000002e+02 
1.000002e+02 
1.000002e+02 
1.000002e+02 
1.000002e+02 
1.000001e+02 
1.000001e+02 
1.000001e+02 
1.000000e+02 
9.999998e+01 
9.999997e+01 
9.999997e+01 
9.999999e+01 
1.000000e+02 
1.000000e+02 
1.000000e+02 
1.000000e+02 

1.000000e+02 
1.000000e+02 
1.000000e+02 
1.000000e+02 
9.999999e+01 
9.999999e+01 
9.999998e+01 
9.999999e+01 
1.000000e+02 
1.000000e+02 
1.000000e+02 
1.000000e+02 
1.000000e+02 
1.000000e+02 
1.000000e+02 
1.000001e+02 
1.000001e+02 
1.000001e+02 
1.000001e+02 
1.000001e+02 
1.000001e+02 
1.000001e+02 
1.000001e+02 
1.000001e+02 
1.000001e+02 
1.000001e+02 
1.000001e+02 
1.000001e+02 
1.000001e+02 
1.000001e+02 
1.000001e+02 
1.000001e+02 
1.000001e+02 
1.000001e+02 
1.000001e+02 
1.000001e+02 
1.000001e+02 
1.000001e+02 
1.000001e+02 
1.000001e+02 
1.000001e+02 
1.000001e+02 
1.000001e+02 
1.000001e+02 
1.000001e+02 
1.000001e+02 
1.000001e+02 
1.000001e+02 
1.000001e+02 
1.000000e+02 
1.000000e+02 
1.000000e+02 
1.000000e+02 
1.000000e+02 
1.000000e+02 
1.000000e+02 
1.000000e+02 
9.999999e+01 
9.999998e+01 
9.999998e+01 
9.999998e+01 
9.999999e+01 
1.000000e+02 
1.000000e+02 
1.000000e+02 
1.000000e+02 

1.000000e+02 
1.000000e+02 
1.000000e+02 
1.000000e+02 
1.000000e+02 
9.999999e+01 
9.999999e+01 
9.999999e+01 
9.999999e+01 
9.999999e+01 
9.999999e+01 
9.999999e+01 
9.999999e+01 
9.999999e+01 
9.999999e+01 
9.999999e+01 
9.999999e+01 
9.999999e+01 
9.999999e+01 
9.999999e+01 
9.999999e+01 
9.999999e+01 
9.999999e+01 
9.999999e+01 
9.999999e+01 
9.999999e+01 
9.999999e+01 
9.999999e+01 
9.999999e+01 
9.999999e+01 
9.999999e+01 
9.999999e+01 
9.999999e+01 
9.999999e+01 
9.999999e+01 
9.999999e+01 
9.999999e+01 
9.999999e+01 
9.999999e+01 
9.999999e+01 
9.999999e+01 
9.999999e+01 
9.999999e+01 
9.999999e+01 
9.999999e+01 
9.999999e+01 
9.999999e+01 
9.999999e+01 
9.999999e+01 
9.999999e+01 
9.999999e+01 
9.999999e+01 
9.999999e+01 
9.999999e+01 
9.999999e+01 
9.999999e+01 
9.999999e+01 
9.999999e+01 
9.999998e+01 
9.999999e+01 
9.999999e+01 
9.999999e+01 
1.000000e+02 
1.000000e+02 
1.000000e+02 
1.000000e+02 

1.000000e+02 
1.000000e+02 
1.000000e+02 
1.000000e+02 
1.000000e+02 
9.999999e+01 
9.999999e+01 
9.999999e+01 
9.999999e+01 
9.999999e+01 
9.999999e+01 
9.999999e+01 
9.999999e+01 
9.999999e+01 
9.999999e+01 
9.999999e+01 
9.999999e+01 
9.999999e+01 
9.999999e+01 
9.999999e+01 
9.999999e+01 
9.999999e+01 
9.999999e+01 
9.999999e+01 
9.999999e+01 
9.999999e+01 
9.999999e+01 
9.999999e+01 
9.999999e+01 
9.999999e+01 
9.999999e+01 
9.999999e+01 
9.999999e+01 
9.999999e+01 
9.999999e+01 
9.999999e+01 
9.999999e+01 
9.999999e+01 
9.999999e+01 
9.999999e+01 
9.999999e+01 
9.999999e+01 
9.999999e+01 
9.999999e+01 
9.999999e+01 
9.999999e+01 
9.999999e+01 
9.999999e+01 
9.999999e+01 
9.999999e+01 
9.999999e+01 
9.999999e+01 
9.999999e+01 
9.999999e+01 
9.999999e+01 
9.999999e+01 
9.999999e+01 
9.999999e+01 
9.999999e+01 
9.999999e+01 
9.999999e+01 
1.000000e+02 
1.000000e+02 
1.000000e+02 
1.000000e+02 
1.000000e+02 

1.000000e+02 
1.000000e+02 
1.000000e+02 
1.000000e+02 
1.000000e+02 
1.000000e+02 
1.000000e+02 
1.000000e+02 
9.999999e+01 
9.999999e+01 
9.999999e+01 
9.999999e+01 
9.999999e+01 
9.999999e+01 
9.999999e+01 
9.999999e+01 
9.999999e+01 
9.999999e+01 
9.999999e+01 
9.999999e+01 
9.999999e+01 
9.999999e+01 
9.999999e+01 
9.999999e+01 
9.999999e+01 
9.999999e+01 
9.999999e+01 
9.999999e+01 
9.999999e+01 
9.999999e+01 
9.999999e+01 
9.999999e+01 
9.999999e+01 
9.999999e+01 
9.999999e+01 
9.999999e+01 
9.999999e+01 
9.999999e+01 
9.999999e+01 
9.999999e+01 
9.999999e+01 
9.999999e+01 
9.999999e+01 
9.999999e+01 
9.999999e+01 
9.999999e+01 
9.999999e+01 
9.999999e+01 
9.999999e+01 
9.999999e+01 
9.999999e+01 
9.999999e+01 
9.999999e+01 
9.999999e+01 
9.999999e+01 
9.999999e+01 
9.999999e+01 
9.999999e+01 
1.000000e+02 
1.000000e+02 
1.000000e+02 
1.000000e+02 
1.000000e+02 
1.000000e+02 
1.000000e+02 
1.000000e+02 

1.000000e+02 
1.000000e+02 
1.000000e+02 
1.000000e+02 
1.000000e+02 
1.000000e+02 
1.000000e+02 
1.000000e+02 
1.000000e+02 
1.000000e+02 
1.000000e+02 
1.000000e+02 
1.000000e+02 
1.000000e+02 
1.000000e+02 
1.000000e+02 
1.000000e+02 
1.000000e+02 
1.000000e+02 
1.000000e+02 
1.000000e+02 
1.000000e+02 
1.000000e+02 
1.000000e+02 
1.000000e+02 
1.000000e+02 
1.000000e+02 
1.000000e+02 
1.000000e+02 
1.000000e+02 
1.000000e+02 
1.000000e+02 
1.000000e+02 
1.000000e+02 
1.000000e+02 
1.000000e+02 
1.000000e+02 
1.000000e+02 
1.000000e+02 
1.000000e+02 
1.000000e+02 
1.000000e+02 
1.000000e+02 
1.000000e+02 
1.000000e+02 
1.000000e+02 
1.000000e+02 
1.000000e+02 
1.000000e+02 
1.000000e+02 
1.000000e+02 
1.000000e+02 
1.000000e+02 
1.000000e+02 
1.000000e+02 
1.000000e+02 
1.000000e+02 
1.000000e+02 
1.000000e+02 
1.000000e+02 
1.000000e+02 
1.000000e+02 
1.000000e+02 
1.000000e+02 
1.000000e+02 
1.000000e+02 

1.000000e+02 
1.000000e+02 
1.000000e+02 
1.000000e+02 
1.000000e+02 
1.000000e+02 
1.000000e+02 
1.000000e+02 
1.000000e+02 
1.000000e+02 
1.000000e+02 
1.000000e+02 
1.000000e+02 
1.000000e+02 
1.000000e+02 
1.000000e+02 
1.000000e+02 
1.000000e+02 
1.000000e+02 
1.000000e+02 
1.000000e+02 
1.000000e+02 
1.000000e+02 
1.000000e+02 
1.000000e+02 
1.000000e+02 
1.000000e+02 
1.000000e+02 
1.000000e+02 
1.000000e+02 
1.000000e+02 
1.000000e+02 
1.000000e+02 
1.000000e+02 
1.000000e+02 
1.000000e+02 
1.000000e+02 
1.000000e+02 
1.000000e+02 
1.000000e+02 
1.000000e+02 
1.000000e+02 
1.000000e+02 
1.000000e+02 
1.000000e+02 
1.000000e+02 
1.000000e+02 
1.000000e+02 
1.000000e+02 
1.000000e+02 
1.000000e+02 
1.000000e+02 
1.000000e+02 
1.000000e+02 
1.000000e+02 
1.000000e+02 
1.000000e+02 
1.000000e+02 
1.000000e+02 
1.000000e+02 
1.000000e+02 
1.000000e+02 
1.000000e+02 
1.000000e+02 
1.000000e+02 
1.000000e+02 

